0,146
1,142
2,404
3,51
4,198
5,179
6,99
7,156
8,282
9,212
10,389
11,406
12,199
13,305
14,181
15,161
16,405
17,338
18,362
19,213
20,138
21,225
22,281
23,126
24,118
25,220
26,67
27,357
28,68
29,42
30,74
31,318
32,312
33,75
34,395
35,139
36,106
37,244
38,402
39,404
40,253
41,71
42,380
43,149
44,282
45,389
46,226
47,402
48,112
49,222
50,398
51,230
52,142
53,383
54,321
55,18
56,255
57,48
58,356
59,89
60,380
61,136
62,136
63,188
64,265
65,223
66,345
67,202
68,292
69,175
70,98
71,403
72,378
73,323
74,32
75,97
76,55
77,390
78,201
79,319
80,121
81,389
82,146
83,335
84,258
85,380
86,251
87,390
88,252
89,406
90,399
91,382
92,355
93,202
94,336
95,414
96,156
97,205
98,408
99,386
100,137
101,72
102,116
103,247
104,409
105,382
106,72
107,385
108,138
109,133
110,118
111,75
112,32
113,348
114,364
115,415
116,228
117,264
118,144
119,129
120,348
121,162
122,89
123,179
124,93
125,160
126,182
127,404
128,267
129,50
130,140
131,288
132,224
133,341
134,138
135,369
136,305
137,295
138,191
139,171
140,68
141,373
142,206
143,138
144,185
145,209
146,252
147,366
148,173
149,56
150,421
151,390
152,274
153,342
154,176
155,190
156,217
157,260
158,56
159,120
160,195
161,167
162,95
163,348
164,164
165,187
166,163
167,170
168,278
169,55
170,82
171,173
172,224
173,76
174,206
175,168
176,407
177,157
178,288
179,367
180,255
181,371
182,142
183,52
184,108
185,335
186,398
187,273
188,131
189,383
190,227
191,230
192,395
193,58
194,70
195,148
196,323
197,337
198,94
199,102
200,400
201,331
202,391
203,388
204,371
205,412
206,413
207,150
208,269
209,408
210,414
211,108
212,377
213,196
214,110
215,203
216,408
217,271
218,308
219,174
220,339
221,353
222,228
223,394
224,68
225,404
226,334
227,179
228,160
229,49
230,404
231,169
232,107
233,265
234,358
235,77
236,372
237,136
238,293
239,300
240,120
241,401
242,42
243,184
244,407
245,39
246,165
247,269
248,343
249,48
250,416
251,68
252,68
253,65
254,166
255,212
256,222
257,195
258,277
259,144
260,230
261,392
262,225
263,246
264,381
265,411
266,99
267,184
268,303
269,127
270,345
271,322
272,350
273,197
274,106
275,269
276,47
277,346
278,116
279,322
280,340
281,413
282,132
283,251
284,389
285,391
286,142
287,284
288,381
289,225
290,246
291,380
292,84
293,136
294,405
295,403
296,142
297,414
298,341
299,47
300,381
301,206
302,280
303,106
304,294
305,202
306,296
307,313
308,347
309,155
310,255
311,65
312,394
313,165
314,400
315,396
316,413
317,381
318,166
319,416
320,271
321,140
322,392
323,408
324,335
325,260
326,320
327,226
328,399
329,261
330,343
331,358
332,400
333,60
334,120
335,106
336,139
337,91
338,312
339,70
340,22
341,410
342,232
343,188
344,415
345,307
346,218
347,105
348,89
349,162
350,356
351,120
352,132
353,263
354,130
355,212
356,51
357,409
358,171
359,66
360,393
361,414
362,410
363,122
364,126
365,103
366,380
367,63
368,250
369,416
370,148
371,387
372,407
373,94
374,136
375,78
376,181
377,285
378,103
379,226
380,181
381,151
382,386
383,103
384,218
385,86
386,195
387,54
388,69
389,120
390,172
391,95
392,380
393,99
394,161
395,179
396,398
397,203
398,72
399,370
400,150
401,1533
402,395
403,283
404,359
405,251
406,106
407,836
408,287
409,93
410,295
411,458
412,415
413,332
414,709
415,253
416,1110
417,571
418,400
419,322
420,267
421,59
422,138
423,164
424,443
425,254
426,213
427,223
428,864
429,252
430,963
431,280
432,327
433,318
434,398
435,403
436,78
437,364
438,793
439,203
440,585
441,335
442,264
443,337
444,418
445,843
446,389
447,504
448,139
449,110
450,208
451,138
452,445
453,245
454,484
455,63
456,89
457,411
458,165
459,414
460,186
461,411
462,74
463,141
464,160
465,98
466,299
467,228
468,316
469,115
470,91
471,333
472,254
473,404
474,181
475,176
476,365
477,295
478,118
479,366
480,299
481,144
482,206
483,78
484,402
485,308
486,114
487,112
488,154
489,356
490,386
491,235
492,238
493,227
494,184
495,289
496,363
497,243
498,321
499,176
500,241
501,242
502,393
503,383
504,411
505,391
506,407
507,195
508,335
509,213
510,54
511,260
512,315
513,138
514,406
515,215
516,278
517,350
518,295
519,85
520,403
521,158
522,148
523,169
524,143
525,172
526,165
527,364
528,184
529,414
530,366
531,386
532,411
533,384
534,405
535,101
536,263
537,136
538,37
539,133
540,326
541,401
542,147
543,119
544,347
545,257
546,183
547,414
548,415
549,77
550,225
551,415
552,416
553,234
554,330
555,140
556,186
557,315
558,264
559,320
560,161
561,81
562,125
563,193
564,139
565,23
566,235
567,222
568,404
569,378
570,231
571,217
572,390
573,213
574,342
575,128
576,142
577,57
578,23
579,152
580,385
581,478
582,182
583,111
584,332
585,403
586,352
587,232
588,46
589,214
590,262
591,252
592,60
593,384
594,400
595,152
596,417
597,131
598,270
599,81
600,379
601,188
602,101
603,176
604,397
605,97
606,335
607,133
608,328
609,207
610,69
611,234
612,106
613,311
614,71
615,156
616,7
617,108
618,220
619,90
620,221
621,273
622,407
623,297
624,124
625,407
626,218
627,10
628,226
629,127
630,399
631,189
632,156
633,42
634,415
635,365
636,404
637,324
638,75
639,171
640,403
641,253
642,38
643,127
644,400
645,30
646,294
647,203
648,104
649,254
650,133
651,408
652,135
653,186
654,280
655,108
656,186
657,166
658,25
659,145
660,212
661,76
662,396
663,143
664,416
665,383
666,326
667,246
668,111
669,110
670,65
671,82
672,407
673,252
674,398
675,242
676,174
677,414
678,220
679,356
680,375
681,312
682,124
683,229
684,152
685,265
686,113
687,33
688,394
689,180
690,361
691,335
692,189
693,133
694,398
695,372
696,157
697,146
698,394
699,185
700,298
701,388
702,231
703,76
704,316
705,240
706,414
707,150
708,237
709,161
710,404
711,369
712,49
713,312
714,267
715,409
716,402
717,386
718,156
719,267
720,164
721,62
722,13
723,226
724,251
725,241
726,229
727,52
728,391
729,325
730,238
731,205
732,333
733,330
734,146
735,396
736,276
737,113
738,235
739,330
740,71
741,84
742,125
743,206
744,406
745,404
746,253
747,359
748,310
749,135
750,102
751,362
752,91
753,81
754,395
755,396
756,87
757,144
758,280
759,200
760,259
761,398
762,108
763,183
764,195
765,411
766,198
767,310
768,414
769,300
770,277
771,291
772,28
773,314
774,374
775,31
776,273
777,347
778,403
779,232
780,395
781,51
782,289
783,312
784,108
785,130
786,217
787,60
788,394
789,165
790,242
791,188
792,164
793,391
794,220
795,133
796,406
797,141
798,200
799,114
800,378
801,167
802,222
803,414
804,178
805,194
806,76
807,395
808,175
809,389
810,198
811,248
812,405
813,177
814,31
815,219
816,61
817,205
818,321
819,284
820,410
821,168
822,58
823,237
824,184
825,386
826,302
827,169
828,386
829,250
830,232
831,318
832,150
833,365
834,132
835,468
836,50
837,355
838,210
839,229
840,77
841,128
842,209
843,369
844,238
845,109
846,83
847,344
848,83
849,156
850,213
851,362
852,311
853,405
854,40
855,458
856,406
857,401
858,141
859,391
860,406
861,120
862,260
863,149
864,190
865,261
866,64
867,405
868,80
869,32
870,116
871,297
872,335
873,160
874,30
875,198
876,53
877,328
878,152
879,386
880,178
881,376
882,171
883,107
884,264
885,226
886,322
887,167
888,94
889,176
890,290
891,402
892,182
893,372
894,106
895,262
896,327
897,398
898,373
899,254
900,398
901,39
902,161
903,334
904,225
905,404
906,268
907,28
908,377
909,194
910,124
911,405
912,82
913,233
914,99
915,170
916,106
917,393
918,44
919,343
920,108
921,243
922,227
923,411
924,260
925,216
926,394
927,139
928,406
929,144
930,351
931,126
932,390
933,241
934,410
935,121
936,401
937,404
938,325
939,146
940,78
941,393
942,264
943,187
944,175
945,145
946,207
947,351
948,405
949,189
950,333
951,256
952,136
953,95
954,284
955,141
956,350
957,81
958,197
959,400
960,340
961,145
962,72
963,382
964,118
965,144
966,103
967,246
968,174
969,36
970,412
971,333
972,126
973,401
974,287
975,300
976,161
977,129
978,359
979,142
980,408
981,373
982,375
983,139
984,117
985,148
986,180
987,93
988,255
989,300
990,379
991,404
992,92
993,114
994,253
995,68
996,98
997,129
998,396
999,171
1000,42
1001,94
1002,307
1003,148
1004,393
1005,233
1006,158
1007,369
1008,369
1009,47
1010,391
1011,235
1012,116
1013,37
1014,255
1015,97
1016,299
1017,51
1018,64
1019,263
1020,403
1021,120
1022,101
1023,175
1024,395
1025,197
1026,280
1027,192
1028,79
1029,168
1030,152
1031,229
1032,139
1033,187
1034,390
1035,244
1036,345
1037,400
1038,318
1039,207
1040,137
1041,68
1042,120
1043,149
1044,233
1045,142
1046,255
1047,304
1048,277
1049,306
1050,129
1051,217
1052,139
1053,67
1054,385
1055,204
1056,107
1057,407
1058,362
1059,191
1060,142
1061,60
1062,391
1063,288
1064,303
1065,341
1066,383
1067,199
1068,398
1069,377
1070,341
1071,45
1072,405
1073,413
1074,123
1075,407
1076,309
1077,372
1078,112
1079,349
1080,337
1081,297
1082,401
1083,208
1084,180
1085,162
1086,398
1087,410
1088,279
1089,158
1090,324
1091,331
1092,408
1093,203
1094,114
1095,205
1096,75
1097,153
1098,407
1099,168
1100,131
1101,283
1102,179
1103,161
1104,297
1105,117
1106,183
1107,404
1108,140
1109,164
1110,136
1111,264
1112,105
1113,104
1114,184
1115,95
1116,392
1117,32
1118,178
1119,412
1120,343
1121,412
1122,389
1123,166
1124,103
1125,298
1126,321
1127,68
1128,98
1129,330
1130,212
1131,402
1132,185
1133,144
1134,226
1135,229
1136,165
1137,154
1138,80
1139,407
1140,319
1141,7
1142,290
1143,123
1144,303
1145,164
1146,158
1147,410
1148,197
1149,299
1150,304
1151,349
1152,130
1153,335
1154,241
1155,296
1156,124
1157,283
1158,131
1159,386
1160,59
1161,229
1162,206
1163,192
1164,136
1165,286
1166,349
1167,361
1168,153
1169,412
1170,84
1171,408
1172,185
1173,206
1174,381
1175,408
1176,409
1177,241
1178,163
1179,343
1180,234
1181,406
1182,395
1183,382
1184,232
1185,220
1186,160
1187,137
1188,241
1189,150
1190,90
1191,408
1192,335
1193,36
1194,95
1195,27
1196,120
1197,407
1198,238
1199,213
1200,89
1201,196
1202,207
1203,376
1204,122
1205,270
1206,204
1207,144
1208,218
1209,96
1210,165
1211,260
1212,417
1213,290
1214,91
1215,179
1216,265
1217,217
1218,126
1219,402
1220,106
1221,241
1222,277
1223,78
1224,397
1225,235
1226,336
1227,26
1228,312
1229,350
1230,178
1231,396
1232,386
1233,159
1234,177
1235,401
1236,343
1237,403
1238,109
1239,278
1240,220
1241,120
1242,263
1243,186
1244,393
1245,205
1246,213
1247,171
1248,402
1249,132
1250,164
1251,114
1252,109
1253,101
1254,129
1255,201
1256,133
1257,184
1258,152
1259,264
1260,368
1261,128
1262,94
1263,412
1264,244
1265,300
1266,195
1267,60
1268,381
1269,301
1270,220
1271,304
1272,61
1273,5
1274,125
1275,266
1276,213
1277,161
1278,179
1279,118
1280,326
1281,47
1282,221
1283,282
1284,324
1285,407
1286,1012
1287,2084
1288,240
1289,344
1290,360
1291,191
1292,180
1293,1106
1294,864
1295,371
1296,78
1297,303
1298,320
1299,249
1300,318
1301,407
1302,459
1303,546
1304,190
1305,313
1306,512
1307,502
1308,408
1309,86
1310,569
1311,262
1312,230
1313,286
1314,402
1315,171
1316,407
1317,172
1318,288
1319,85
1320,412
1321,69
1322,499
1323,359
1324,212
1325,314
1326,232
1327,378
1328,61
1329,397
1330,233
1331,140
1332,90
1333,89
1334,88
1335,229
1336,60
1337,329
1338,62
1339,293
1340,292
1341,195
1342,235
1343,266
1344,88
1345,361
1346,147
1347,414
1348,410
1349,297
1350,201
1351,399
1352,289
1353,128
1354,396
1355,238
1356,272
1357,339
1358,271
1359,71
1360,411
1361,295
1362,74
1363,179
1364,229
1365,60
1366,116
1367,308
1368,323
1369,202
1370,403
1371,95
1372,229
1373,390
1374,386
1375,254
1376,243
1377,75
1378,403
1379,98
1380,247
1381,288
1382,236
1383,410
1384,325
1385,382
1386,216
1387,185
1388,170
1389,66
1390,411
1391,379
1392,251
1393,405
1394,275
1395,106
1396,404
1397,126
1398,46
1399,212
1400,247
1401,401
1402,252
1403,305
1404,128
1405,344
1406,218
1407,118
1408,369
1409,306
1410,184
1411,403
1412,120
1413,157
1414,142
1415,92
1416,151
1417,249
1418,295
1419,253
1420,255
1421,141
1422,158
1423,407
1424,285
1425,337
1426,401
1427,233
1428,261
1429,158
1430,402
1431,199
1432,350
1433,415
1434,227
1435,350
1436,198
1437,97
1438,300
1439,266
1440,264
1441,293
1442,264
1443,196
1444,157
1445,253
1446,306
1447,403
1448,231
1449,150
1450,213
1451,342
1452,239
1453,292
1454,287
1455,407
1456,184
1457,167
1458,54
1459,258
1460,232
1461,354
1462,394
1463,252
1464,194
1465,336
1466,295
1467,387
1468,117
1469,135
1470,389
1471,173
1472,295
1473,150
1474,382
1475,401
1476,281
1477,169
1478,101
1479,407
1480,164
1481,200
1482,411
1483,147
1484,147
1485,19
1486,47
1487,201
1488,406
1489,408
1490,406
1491,22
1492,275
1493,392
1494,399
1495,66
1496,365
1497,67
1498,252
1499,209
1500,284
1501,364
1502,413
1503,218
1504,76
1505,363
1506,195
1507,226
1508,149
1509,33
1510,403
1511,319
1512,82
1513,57
1514,226
1515,345
1516,137
1517,322
1518,249
1519,161
1520,403
1521,310
1522,123
1523,276
1524,218
1525,253
1526,209
1527,294
1528,81
1529,192
1530,254
1531,148
1532,52
1533,380
1534,255
1535,95
1536,383
1537,212
1538,282
1539,76
1540,347
1541,138
1542,190
1543,410
1544,254
1545,199
1546,91
1547,110
1548,105
1549,341
1550,320
1551,174
1552,239
1553,170
1554,299
1555,106
1556,375
1557,37
1558,434
1559,358
1560,407
1561,411
1562,267
1563,113
1564,394
1565,43
1566,85
1567,241
1568,194
1569,307
1570,201
1571,320
1572,310
1573,401
1574,231
1575,376
1576,301
1577,183
1578,125
1579,326
1580,206
1581,256
1582,248
1583,186
1584,395
1585,404
1586,49
1587,379
1588,243
1589,333
1590,83
1591,226
1592,267
1593,305
1594,55
1595,126
1596,140
1597,227
1598,328
1599,251
1600,164
1601,387
1602,405
1603,167
1604,70
1605,329
1606,405
1607,187
1608,251
1609,280
1610,410
1611,205
1612,238
1613,330
1614,417
1615,114
1616,333
1617,364
1618,383
1619,379
1620,251
1621,101
1622,295
1623,68
1624,218
1625,405
1626,165
1627,276
1628,409
1629,263
1630,270
1631,308
1632,295
1633,394
1634,258
1635,118
1636,162
1637,353
1638,316
1639,400
1640,55
1641,112
1642,252
1643,85
1644,218
1645,340
1646,242
1647,270
1648,389
1649,267
1650,310
1651,262
1652,260
1653,224
1654,246
1655,399
1656,301
1657,379
1658,299
1659,173
1660,133
1661,71
1662,372
1663,328
1664,262
1665,211
1666,128
1667,86
1668,355
1669,226
1670,113
1671,207
1672,350
1673,7
1674,341
1675,277
1676,91
1677,39
1678,354
1679,161
1680,27
1681,153
1682,148
1683,133
1684,88
1685,111
1686,200
1687,191
1688,342
1689,56
1690,371
1691,323
1692,95
1693,410
1694,136
1695,412
1696,259
1697,334
1698,21
1699,166
1700,133
1701,154
1702,249
1703,46
1704,491
1705,389
1706,267
1707,128
1708,410
1709,177
1710,140
1711,61
1712,411
1713,378
1714,285
1715,309
1716,118
1717,362
1718,113
1719,159
1720,54
1721,411
1722,117
1723,79
1724,408
1725,101
1726,224
1727,114
1728,221
1729,217
1730,358
1731,308
1732,327
1733,275
1734,82
1735,150
1736,115
1737,468
1738,279
1739,214
1740,125
1741,396
1742,234
1743,257
1744,404
1745,83
1746,398
1747,204
1748,220
1749,132
1750,68
1751,202
1752,149
1753,169
1754,106
1755,348
1756,407
1757,313
1758,255
1759,119
1760,111
1761,284
1762,134
1763,274
1764,384
1765,76
1766,146
1767,112
1768,389
1769,223
1770,178
1771,362
1772,69
1773,25
1774,373
1775,161
1776,121
1777,314
1778,117
1779,326
1780,176
1781,141
1782,47
1783,258
1784,162
1785,407
1786,404
1787,69
1788,413
1789,403
1790,392
1791,268
1792,277
1793,379
1794,189
1795,24
1796,220
1797,275
1798,102
1799,133
1800,110
1801,61
1802,175
1803,338
1804,70
1805,302
1806,92
1807,364
1808,371
1809,265
1810,197
1811,109
1812,121
1813,244
1814,325
1815,359
1816,18
1817,388
1818,403
1819,258
1820,409
1821,393
1822,228
1823,143
1824,93
1825,81
1826,382
1827,72
1828,164
1829,213
1830,395
1831,118
1832,332
1833,115
1834,246
1835,92
1836,412
1837,124
1838,258
1839,402
1840,183
1841,391
1842,74
1843,359
1844,408
1845,289
1846,339
1847,148
1848,290
1849,166
1850,109
1851,326
1852,294
1853,211
1854,387
1855,140
1856,227
1857,391
1858,140
1859,139
1860,74
1861,58
1862,234
1863,206
1864,181
1865,185
1866,284
1867,321
1868,163
1869,393
1870,256
1871,10
1872,338
1873,47
1874,79
1875,353
1876,286
1877,86
1878,308
1879,305
1880,73
1881,308
1882,263
1883,342
1884,408
1885,113
1886,360
1887,381
1888,113
1889,290
1890,198
1891,243
1892,70
1893,238
1894,249
1895,139
1896,140
1897,187
1898,177
1899,235
1900,378
1901,408
1902,387
1903,207
1904,137
1905,208
1906,68
1907,298
1908,135
1909,87
1910,131
1911,264
1912,269
1913,241
1914,102
1915,133
1916,244
1917,106
1918,145
1919,181
1920,57
1921,142
1922,341
1923,156
1924,335
1925,341
1926,58
1927,331
1928,219
1929,221
1930,262
1931,372
1932,227
1933,190
1934,388
1935,218
1936,217
1937,158
1938,196
1939,416
1940,219
1941,331
1942,203
1943,174
1944,176
1945,167
1946,316
1947,254
1948,168
1949,165
1950,143
1951,131
1952,187
1953,386
1954,283
1955,340
1956,223
1957,138
1958,391
1959,383
1960,158
1961,121
1962,377
1963,325
1964,64
1965,353
1966,222
1967,100
1968,39
1969,282
1970,121
1971,158
1972,68
1973,182
1974,40
1975,45
1976,209
1977,229
1978,377
1979,355
1980,185
1981,371
1982,203
1983,308
1984,35
1985,359
1986,252
1987,277
1988,57
1989,280
1990,305
1991,178
1992,91
1993,407
1994,45
1995,80
1996,399
1997,370
1998,141
1999,57
2000,109
2001,296
2002,127
2003,164
2004,345
2005,408
2006,72
2007,400
2008,367
2009,340
2010,81
2011,393
2012,134
2013,65
2014,142
2015,411
2016,389
2017,131
2018,59
2019,246
2020,406
2021,272
2022,61
2023,283
2024,201
2025,57
2026,38
2027,132
2028,103
2029,410
2030,247
2031,404
2032,399
2033,296
2034,220
2035,95
2036,303
2037,132
2038,234
2039,234
2040,413
2041,398
2042,407
2043,394
2044,356
2045,89
2046,395
2047,112
2048,398
2049,147
2050,161
2051,23
2052,278
2053,144
2054,235
2055,226
2056,74
2057,179
2058,269
2059,87
2060,296
2061,219
2062,396
2063,227
2064,171
2065,399
2066,91
2067,121
2068,490
2069,182
2070,157
2071,270
2072,190
2073,106
2074,80
2075,60
2076,277
2077,97
2078,227
2079,141
2080,157
2081,312
2082,338
2083,405
2084,398
2085,153
2086,148
2087,27
2088,396
2089,232
2090,363
2091,402
2092,125
2093,105
2094,329
2095,396
2096,81
2097,145
2098,120
2099,395
2100,406
2101,131
2102,206
2103,62
2104,299
2105,45
2106,53
2107,132
2108,104
2109,109
2110,20
2111,400
2112,39
2113,185
2114,405
2115,380
2116,412
2117,231
2118,253
2119,317
2120,415
2121,136
2122,144
2123,89
2124,122
2125,269
2126,406
2127,198
2128,386
2129,375
2130,63
2131,54
2132,174
2133,266
2134,123
2135,213
2136,161
2137,296
2138,249
2139,702
2140,234
2141,129
2142,788
2143,603
2144,215
2145,409
2146,721
2147,530
2148,955
2149,271
2150,331
2151,407
2152,882
2153,864
2154,935
2155,187
2156,396
2157,252
2158,364
2159,327
2160,1875
2161,459
2162,319
2163,327
2164,81
2165,421
2166,3446
2167,569
2168,533
2169,398
2170,407
2171,258
2172,380
2173,216
2174,1198
2175,371
2176,243
2177,191
2178,148
2179,80
2180,97
2181,296
2182,408
2183,141
2184,109
2185,403
2186,215
2187,397
2188,411
2189,210
2190,313
2191,282
2192,253
2193,108
2194,46
2195,412
2196,361
2197,158
2198,151
2199,403
2200,122
2201,140
2202,229
2203,148
2204,198
2205,241
2206,82
2207,326
2208,150
2209,293
2210,176
2211,281
2212,60
2213,121
2214,139
2215,77
2216,340
2217,204
2218,396
2219,35
2220,224
2221,225
2222,237
2223,398
2224,412
2225,63
2226,78
2227,407
2228,389
2229,151
2230,309
2231,116
2232,163
2233,349
2234,410
2235,251
2236,123
2237,213
2238,89
2239,150
2240,78
2241,133
2242,412
2243,278
2244,179
2245,143
2246,46
2247,147
2248,83
2249,120
2250,414
2251,291
2252,101
2253,197
2254,414
2255,141
2256,43
2257,389
2258,124
2259,239
2260,406
2261,168
2262,44
2263,114
2264,72
2265,208
2266,347
2267,343
2268,415
2269,71
2270,319
2271,330
2272,376
2273,155
2274,399
2275,299
2276,144
2277,300
2278,270
2279,125
2280,102
2281,306
2282,193
2283,370
2284,180
2285,306
2286,192
2287,150
2288,151
2289,353
2290,63
2291,119
2292,350
2293,241
2294,77
2295,142
2296,157
2297,179
2298,261
2299,182
2300,405
2301,403
2302,184
2303,396
2304,318
2305,266
2306,144
2307,303
2308,53
2309,87
2310,379
2311,139
2312,295
2313,264
2314,338
2315,105
2316,403
2317,172
2318,408
2319,312
2320,346
2321,83
2322,411
2323,147
2324,133
2325,252
2326,107
2327,147
2328,255
2329,321
2330,273
2331,107
2332,300
2333,395
2334,364
2335,282
2336,408
2337,284
2338,121
2339,81
2340,63
2341,195
2342,226
2343,212
2344,199
2345,325
2346,224
2347,289
2348,415
2349,414
2350,387
2351,79
2352,97
2353,305
2354,404
2355,200
2356,167
2357,395
2358,183
2359,130
2360,346
2361,143
2362,115
2363,292
2364,409
2365,371
2366,103
2367,384
2368,126
2369,162
2370,228
2371,242
2372,194
2373,280
2374,108
2375,186
2376,399
2377,279
2378,296
2379,174
2380,110
2381,205
2382,341
2383,384
2384,254
2385,103
2386,249
2387,100
2388,211
2389,377
2390,402
2391,131
2392,407
2393,146
2394,114
2395,400
2396,175
2397,375
2398,89
2399,363
2400,324
2401,164
2402,381
2403,180
2404,381
2405,81
2406,113
2407,102
2408,407
2409,251
2410,167
2411,408
2412,138
2413,119
2414,182
2415,79
2416,316
2417,266
2418,331
2419,70
2420,369
2421,409
2422,220
2423,240
2424,81
2425,234
2426,238
2427,389
2428,385
2429,243
2430,147
2431,419
2432,369
2433,409
2434,369
2435,119
2436,49
2437,153
2438,75
2439,379
2440,306
2441,366
2442,296
2443,409
2444,244
2445,398
2446,408
2447,96
2448,156
2449,101
2450,405
2451,184
2452,102
2453,375
2454,167
2455,135
2456,96
2457,190
2458,49
2459,393
2460,71
2461,286
2462,294
2463,251
2464,401
2465,133
2466,413
2467,389
2468,112
2469,142
2470,284
2471,359
2472,362
2473,118
2474,400
2475,200
2476,174
2477,97
2478,395
2479,54
2480,343
2481,144
2482,107
2483,70
2484,301
2485,381
2486,118
2487,358
2488,234
2489,374
2490,128
2491,275
2492,183
2493,198
2494,240
2495,400
2496,260
2497,414
2498,291
2499,60
2500,113
2501,291
2502,187
2503,381
2504,355
2505,245
2506,55
2507,329
2508,81
2509,165
2510,349
2511,155
2512,158
2513,213
2514,229
2515,202
2516,242
2517,302
2518,230
2519,375
2520,391
2521,347
2522,123
2523,137
2524,398
2525,141
2526,332
2527,410
2528,287
2529,171
2530,124
2531,76
2532,143
2533,255
2534,175
2535,359
2536,390
2537,131
2538,103
2539,201
2540,175
2541,142
2542,147
2543,105
2544,403
2545,219
2546,227
2547,407
2548,277
2549,260
2550,313
2551,73
2552,408
2553,157
2554,410
2555,401
2556,262
2557,167
2558,408
2559,282
2560,232
2561,174
2562,157
2563,308
2564,339
2565,245
2566,274
2567,110
2568,372
2569,313
2570,245
2571,210
2572,228
2573,172
2574,215
2575,383
2576,193
2577,369
2578,404
2579,131
2580,411
2581,333
2582,214
2583,146
2584,58
2585,401
2586,45
2587,288
2588,337
2589,244
2590,68
2591,376
2592,120
2593,233
2594,261
2595,139
2596,277
2597,276
2598,390
2599,227
2600,297
2601,275
2602,116
2603,183
2604,134
2605,314
2606,405
2607,246
2608,166
2609,203
2610,341
2611,264
2612,115
2613,326
2614,113
2615,40
2616,154
2617,57
2618,69
2619,341
2620,334
2621,242
2622,230
2623,164
2624,413
2625,204
2626,393
2627,406
2628,396
2629,408
2630,110
2631,165
2632,414
2633,345
2634,107
2635,368
2636,136
2637,143
2638,387
2639,283
2640,241
2641,165
2642,385
2643,121
2644,146
2645,329
2646,370
2647,296
2648,30
2649,145
2650,92
2651,139
2652,145
2653,200
2654,27
2655,337
2656,408
2657,106
2658,224
2659,169
2660,409
2661,52
2662,171
2663,40
2664,119
2665,81
2666,314
2667,311
2668,130
2669,125
2670,214
2671,23
2672,296
2673,413
2674,246
2675,164
2676,36
2677,149
2678,51
2679,232
2680,358
2681,250
2682,193
2683,124
2684,177
2685,148
2686,180
2687,93
2688,94
2689,126
2690,142
2691,403
2692,126
2693,66
2694,202
2695,407
2696,401
2697,285
2698,98
2699,100
2700,414
2701,171
2702,387
2703,206
2704,181
2705,163
2706,163
2707,408
2708,104
2709,389
2710,95
2711,162
2712,191
2713,332
2714,75
2715,259
2716,207
2717,239
2718,263
2719,409
2720,205
2721,295
2722,103
2723,255
2724,319
2725,229
2726,285
2727,107
2728,52
2729,78
2730,181
2731,415
2732,141
2733,410
2734,409
2735,309
2736,300
2737,125
2738,176
2739,73
2740,125
2741,224
2742,329
2743,168
2744,52
2745,202
2746,209
2747,368
2748,50
2749,233
2750,390
2751,135
2752,402
2753,377
2754,283
2755,55
2756,269
2757,211
2758,166
2759,263
2760,148
2761,151
2762,406
2763,106
2764,142
2765,323
2766,395
2767,131
2768,199
2769,53
2770,53
2771,152
2772,208
2773,205
2774,409
2775,250
2776,245
2777,75
2778,88
2779,75
2780,112
2781,253
2782,224
2783,207
2784,282
2785,311
2786,168
2787,337
2788,347
2789,190
2790,410
2791,243
2792,279
2793,118
2794,159
2795,414
2796,108
2797,63
2798,153
2799,260
2800,196
2801,166
2802,118
2803,66
2804,410
2805,96
2806,222
2807,409
2808,124
2809,397
2810,222
2811,140
2812,337
2813,15
2814,305
2815,104
2816,154
2817,62
2818,273
2819,210
2820,213
2821,375
2822,277
2823,399
2824,364
2825,408
2826,337
2827,325
2828,275
2829,123
2830,220
2831,68
2832,190
2833,212
2834,123
2835,411
2836,150
2837,158
2838,229
2839,230
2840,399
2841,120
2842,304
2843,278
2844,158
2845,345
2846,72
2847,336
2848,117
2849,367
2850,135
2851,119
2852,288
2853,137
2854,387
2855,412
2856,386
2857,229
2858,227
2859,61
2860,84
2861,406
2862,202
2863,234
2864,412
2865,160
2866,406
2867,349
2868,392
2869,401
2870,309
2871,238
2872,103
2873,283
2874,380
2875,23
2876,145
2877,394
2878,179
2879,407
2880,174
2881,64
2882,311
2883,409
2884,226
2885,179
2886,331
2887,231
2888,79
2889,199
2890,253
2891,268
2892,100
2893,259
2894,137
2895,396
2896,155
2897,192
2898,129
2899,362
2900,204
2901,232
2902,275
2903,406
2904,80
2905,288
2906,363
2907,377
2908,171
2909,408
2910,63
2911,356
2912,228
2913,166
2914,26
2915,213
2916,212
2917,146
2918,295
2919,218
2920,388
2921,206
2922,112
2923,145
2924,184
2925,362
2926,406
2927,242
2928,246
2929,110
2930,413
2931,321
2932,411
2933,243
2934,98
2935,179
2936,406
2937,163
2938,405
2939,95
2940,112
2941,136
2942,74
2943,211
2944,228
2945,161
2946,173
2947,244
2948,191
2949,519
2950,1342
2951,530
2952,437
2953,264
2954,363
2955,394
2956,413
2957,131
2958,117
2959,227
2960,346
2961,86
2962,407
2963,42
2964,2084
2965,89
2966,577
2967,586
2968,254
2969,336
2970,232
2971,48
2972,199
2973,365
2974,61
2975,187
2976,407
2977,694
2978,403
2979,344
2980,90
2981,159
2982,423
2983,137
2984,502
2985,132
2986,801
2987,402
2988,365
2989,273
2990,1038
2991,493
2992,314
2993,526
2994,97
2995,404
2996,199
2997,408
2998,79
2999,139
3000,395
3001,213
3002,372
3003,289
3004,239
3005,293
3006,282
3007,250
3008,386
3009,88
3010,46
3011,285
3012,227
3013,348
3014,253
3015,248
3016,85
3017,115
3018,171
3019,361
3020,415
3021,303
3022,357
3023,391
3024,410
3025,89
3026,159
3027,411
3028,127
3029,338
3030,118
3031,146
3032,180
3033,288
3034,206
3035,383
3036,177
3037,323
3038,327
3039,119
3040,197
3041,404
3042,327
3043,391
3044,252
3045,240
3046,273
3047,352
3048,216
3049,134
3050,407
3051,153
3052,98
3053,391
3054,376
3055,321
3056,325
3057,413
3058,255
3059,216
3060,159
3061,142
3062,186
3063,180
3064,89
3065,412
3066,330
3067,323
3068,324
3069,144
3070,236
3071,66
3072,306
3073,372
3074,66
3075,344
3076,232
3077,113
3078,248
3079,193
3080,136
3081,357
3082,43
3083,342
3084,413
3085,342
3086,271
3087,184
3088,257
3089,377
3090,403
3091,350
3092,183
3093,350
3094,207
3095,275
3096,148
3097,264
3098,293
3099,168
3100,90
3101,214
3102,270
3103,142
3104,370
3105,326
3106,412
3107,232
3108,264
3109,150
3110,320
3111,219
3112,204
3113,358
3114,77
3115,226
3116,157
3117,93
3118,238
3119,417
3120,307
3121,404
3122,235
3123,352
3124,225
3125,211
3126,139
3127,366
3128,320
3129,399
3130,79
3131,323
3132,178
3133,403
3134,407
3135,397
3136,97
3137,44
3138,151
3139,329
3140,289
3141,357
3142,96
3143,305
3144,205
3145,200
3146,108
3147,22
3148,38
3149,262
3150,68
3151,93
3152,201
3153,178
3154,284
3155,87
3156,124
3157,375
3158,260
3159,167
3160,69
3161,345
3162,185
3163,55
3164,236
3165,405
3166,407
3167,363
3168,127
3169,367
3170,108
3171,173
3172,57
3173,105
3174,79
3175,386
3176,365
3177,196
3178,316
3179,116
3180,378
3181,166
3182,151
3183,346
3184,117
3185,110
3186,226
3187,341
3188,212
3189,76
3190,279
3191,98
3192,286
3193,413
3194,151
3195,290
3196,403
3197,115
3198,159
3199,408
3200,340
3201,241
3202,251
3203,146
3204,115
3205,218
3206,411
3207,240
3208,389
3209,152
3210,332
3211,386
3212,229
3213,405
3214,174
3215,161
3216,99
3217,64
3218,404
3219,140
3220,251
3221,153
3222,229
3223,227
3224,202
3225,407
3226,98
3227,359
3228,49
3229,134
3230,401
3231,379
3232,253
3233,409
3234,151
3235,119
3236,408
3237,267
3238,378
3239,163
3240,407
3241,329
3242,107
3243,406
3244,229
3245,290
3246,46
3247,180
3248,96
3249,98
3250,143
3251,190
3252,209
3253,113
3254,281
3255,407
3256,399
3257,142
3258,404
3259,227
3260,274
3261,191
3262,59
3263,189
3264,408
3265,368
3266,418
3267,281
3268,328
3269,405
3270,306
3271,374
3272,353
3273,357
3274,233
3275,242
3276,108
3277,386
3278,270
3279,263
3280,410
3281,407
3282,207
3283,198
3284,226
3285,71
3286,192
3287,407
3288,113
3289,379
3290,243
3291,372
3292,7
3293,347
3294,331
3295,395
3296,143
3297,329
3298,400
3299,66
3300,39
3301,334
3302,354
3303,9
3304,386
3305,161
3306,102
3307,359
3308,144
3309,371
3310,36
3311,122
3312,136
3313,416
3314,394
3315,374
3316,86
3317,410
3318,21
3319,67
3320,78
3321,274
3322,118
3323,115
3324,150
3325,207
3326,115
3327,359
3328,189
3329,293
3330,291
3331,131
3332,179
3333,141
3334,177
3335,383
3336,389
3337,392
3338,290
3339,401
