0,3310
1,144927
2,814
3,11826
4,1494
5,3183
6,527
7,10787
8,1671
9,22537
10,39410
11,2370
12,20991
13,2480
14,42
15,646
16,1864
17,314
18,8336
19,329
20,77
21,550
22,7869
23,2207
24,16153
25,581
26,1934
27,6587
28,22537
29,3310
30,13246
31,22570
32,13246
33,7693
34,2753
35,2231
36,1862
37,1382
38,16670
39,4344
40,6899
41,5567
42,6096
43,600
44,9932
45,58
46,6587
47,542
48,3183
49,3066
50,5515
51,1394
52,2004
53,34173
54,13246
55,971
56,6899
57,14042
58,3230
59,2136
60,636
61,3310
62,4
63,39410
64,617
65,4239
66,2579
67,3443
68,2345
69,1832
70,2488
71,26793
72,893
73,13246
74,7693
75,1013
76,16052
77,112
78,17424
79,1953
80,19043
81,20
82,1198
83,4
84,1269
85,26793
86,22537
87,160
88,3981
89,22537
90,119
91,237
92,3443
93,21537
94,247
95,4215
96,6899
97,37206
98,1713
99,616
100,4774
101,13246
102,13246
103,5956
104,15661
105,103
106,443
107,4145
108,17424
109,87
110,228
111,1964
112,13246
113,16106
114,2007
115,17424
116,1
117,13508
118,51
119,5382
120,5477
121,252
122,6587
123,1422
124,61
125,1199
126,6582
127,351
128,94
129,351
130,1260
131,1
132,14750
133,189
134,
135,74
136,41
137,13246
138,756
139,221
140,2098
141,318
142,3038
143,10104
144,16052
145,965
146,34173
147,26793
148,15830
149,16052
150,22969
151,34173
152,5
153,636
154,140
155,515
156,60
157,128
158,37206
159,291
160,17424
161,6899
162,15830
163,3358
164,2692
165,4526
166,7869
167,7869
168,343
169,2004
170,4130
171,224
172,343
173,291
174,22570
175,338
176,158
177,1957
178,161
179,3322
180,7064
181,1084
182,248
183,29
184,695
185,14750
186,116
187,1129
188,14750
189,97
190,12373
191,4940
192,8333
193,1
194,4062
195,8333
196,5572
197,31
198,5065
199,1163
200,3100
201,3923
202,5429
203,78
204,39410
205,3373
206,1979
207,11665
208,4265
209,1069
210,3100
211,4062
212,13387
213,2978
214,91
215,
216,3676
217,201
218,9230
219,4196
220,7869
221,376
222,123
223,1363
224,816
225,7869
226,14750
227,432
228,1234
229,13246
230,6585
231,931
232,841
233,17116
234,1485
235,688
236,3814
237,18974
238,720
239,793
240,138
241,2106
242,957
243,3654
244,500
245,16052
246,338
247,6363
248,6714
249,16052
250,7159
251,13246
252,5567
253,5567
254,16052
255,12373
256,1252
257,5651
258,4940
259,2065
260,159
261,3100
262,5553
263,
264,34173
265,6142
266,1582
267,17116
268,58
269,1873
270,8
271,1494
272,6585
273,5438
274,12352
275,
276,2938
277,3460
278,1403
279,7869
280,411
281,3531
282,7869
283,7342
284,6
285,660
286,76
287,7049
288,1646
289,7869
290,421
291,807
292,449
293,2118
294,1683
295,4652
296,241
297,3856
298,764
299,
300,83
301,2480
302,2605
303,24325
304,244
305,3295
306,7869
307,23
308,764
309,2542
310,10708
311,6337
312,7869
313,129
314,5382
315,931
316,3024
317,8437
318,11942
319,2012
320,1448
321,2401
322,13246
323,12075
324,12940
325,6529
326,2256
327,4428
328,1243
329,4540
330,16
331,1260
332,2087
333,4196
334,39410
335,16746
336,1318
337,352
338,14750
339,6337
340,2806
341,2370
342,7481
343,4196
344,2012
345,580
346,1448
347,21934
348,16052
349,825
350,1940
351,14545
352,706
353,1407
354,13246
355,1659
356,26151
357,7693
358,3476
359,6337
360,17655
361,1979
362,16670
363,5923
364,806
365,1524
366,118
367,6337
368,107
369,2887
370,3230
371,5572
372,1979
373,797
374,3856
375,80
376,3259
377,100
378,2456
379,6587
380,
381,13246
382,929
383,1033
384,12943
385,
386,604
387,510
388,5475
389,1135
390,16052
391,1683
392,1683
393,314
394,2899
395,33517
396,21537
397,137
398,2133
399,4184
400,231
401,25
402,7869
403,7869
404,20
405,93
406,2231
407,1717
408,454
409,3310
410,142
411,298
412,159
413,3037
414,1620
415,260
416,1620
417,467
418,24
419,7693
420,362
421,609
422,2757
423,497
424,3
425,426
426,2306
427,12595
428,1938
429,3183
430,17116
431,3230
432,2819
433,109
434,1041
435,464
436,1640
437,161
438,267
439,10
440,412
441,7869
442,849
443,5382
444,3322
445,493
446,672
447,109
448,4526
449,23409
450,161
451,5515
452,766
453,766
454,462
455,23409
456,282
457,138
458,6190
459,181
460,837
461,16668
462,176
463,470
464,1480
465,2224
466,233
467,57
468,2174
469,16106
470,339
471,470
472,794
473,4871
474,7859
475,34173
476,15335
477,206
478,6190
479,9932
480,2955
481,588
482,
483,9705
484,2955
485,331
486,2956
487,11
488,50
489,230
490,1413
491,1959
492,2133
493,15830
494,7342
495,15335
496,2955
497,5073
498,731
499,3938
500,1610
501,1318
502,142
503,4196
504,1918
505,465
506,13508
507,437
508,739
509,
510,2384
511,2540
512,6267
513,6529
514,1069
515,54
516,5395
517,10787
518,3322
519,63
520,819
521,362
522,247
523,10104
524,4196
525,7693
526,898
527,18974
528,7869
529,365
530,186
531,447
532,2692
533,623
534,9136
535,133
536,711
537,549
538,1496
539,143
540,227
541,2955
542,6190
543,4196
544,7693
545,2287
546,10870
547,967
548,157
549,11942
550,211
551,931
552,904
553,3183
554,13016
555,244
556,2439
557,497
558,383
559,438
560,12465
561,4196
562,2635
563,7481
564,6
565,21
566,1723
567,1053
568,7693
569,1565
570,33
571,7869
572,520
573,1141
574,38
575,7869
576,768
577,329
578,19043
579,435
580,5602
581,329
582,1403
583,16419
584,550
585,1324
586,3377
587,1957
588,75
589,1422
590,13246
591,1290
592,1442
593,1160
594,3100
595,26
596,
597,3035
598,19752
599,4394
600,7380
601,34173
602,13246
603,710
604,1302
605,14545
606,4953
607,1183
608,17116
609,16419
610,16052
611,21439
612,57618
613,14750
614,4062
615,1106
616,2371
617,13246
618,5475
619,6899
620,454
621,10230
622,12373
623,10787
624,6002
625,3358
626,4953
627,1361
628,2441
629,244
630,6585
631,2091
632,17116
633,13246
634,24325
635,4620
636,101
637,113
638,1597
639,34173
640,412
641,1053
642,11942
643,1756
644,2456
645,1442
646,2480
647,1957
648,24325
649,5572
650,17116
651,2087
652,37
653,24325
654,1360
655,1012
656,773
657,1252
658,5395
659,275
660,1133
661,228
662,2753
663,198
664,2012
665,484
666,19
667,1017
668,608
669,944
670,7693
671,2859
672,1979
673,156
674,144927
675,17424
676,4179
677,1979
678,679
679,2087
680,2224
681,340
682,12465
683,359
684,6220
685,2701
686,21934
687,7994
688,204
689,842
690,1533
691,2231
692,20991
693,19043
694,1979
695,488
696,1099
697,4880
698,166
699,160
700,376
701,9
702,210
703,13246
704,22537
705,117
706,4721
707,417
708,55
709,21934
710,2540
711,1713
712,6646
713,1544
714,1070
715,932
716,156
717,64
718,4777
719,7295
720,5382
721,7472
722,6529
723,1306
724,212
725,88
726,39410
727,2456
728,3040
729,5126
730,2961
731,15335
732,284
733,21439
734,849
735,1141
736,120
737,4048
738,653
739,893
740,10870
741,36
742,12943
743,1129
744,15335
745,8336
746,1
747,7732
748,918
749,7859
750,651
751,417
752,92
753,6337
754,144927
755,416
756,19752
757,2793
758,7869
759,788
760,2345
761,1938
762,10870
763,1169
764,128
765,2813
766,34173
767,956
768,3133
769,17116
770,19
771,1912
772,625
773,1592
774,9431
775,625
776,385
777,2372
778,797
779,5706
780,1238
781,16668
782,376
783,1150
784,40
785,426
786,3
787,224
788,472
789,21537
790,1
791,679
792,2231
793,7693
794,985
795,51
796,1594
797,1428
798,82
799,57618
800,2887
801,2100
802,6453
803,1695
804,21
805,998
806,4179
807,893
808,450
809,345
810,2956
811,3772
812,2
813,816
814,5923
815,1695
816,16419
817,2825
818,1259
819,568
820,144927
821,73
822,456
823,251
824,3183
825,13078
826,1023
827,3322
828,794
829,13246
830,7247
831,96
832,154
833,398
834,183
835,666
836,1099
837,23228
838,21537
839,893
840,344
841,3
842,1997
843,37220
844,20991
845,13016
846,19
847,1879
848,3259
849,14750
850,329
851,
852,4344
853,518
854,42
855,290
856,39
857,5006
858,13246
859,405
860,2585
861,
862,9932
863,13246
864,1422
865,609
866,19
867,144927
868,517
869,13016
870,1211
871,37220
872,140
873,1277
874,2956
875,5991
876,13246
877,3377
878,14750
879,7693
880,2061
881,1600
882,980
883,980
884,98
885,2951
886,3377
887,5515
888,2819
889,517
890,14750
891,1482
892,816
893,33517
894,9705
895,1344
896,11382
897,10230
898,9932
899,2087
900,5515
901,2004
902,12465
903,33517
904,732
905,338
906,667
907,971
908,626
909,13246
910,3038
911,144927
912,10104
913,6646
914,23409
915,2631
916,362
917,1141
918,449
919,15335
920,3038
921,679
922,14750
923,8587
924,2579
925,1309
926,5572
927,8587
928,416
929,15335
930,27
931,2635
932,6587
933,2849
934,1659
935,19043
936,2436
937,
938,13246
939,1198
940,8250
941,34173
942,299
943,6587
944,297
945,26793
946,17424
947,22537
948,3232
949,1741
950,246
951,36
952,2540
953,1878
954,1265
955,1971
956,23228
957,706
958,103
959,2061
960,16
961,1074
962,443
963,754
964,7
965,4
966,2956
967,34173
968,
969,339
970,2951
971,572
972,13246
973,678
974,837
975,212
976,825
977,6646
978,32
979,13246
980,60
981,1476
982,3
983,7869
984,837
985,7467
986,5429
987,61
988,113
989,191
990,310
991,351
992,7159
993,14750
994,2758
995,15661
996,2105
997,12352
998,
999,221
1000,965
1001,7159
1002,13016
1003,17116
1004,23228
1005,8336
1006,8336
1007,11382
1008,17424
1009,40
1010,669
1011,5553
1012,16052
1013,16052
1014,190
1015,35
1016,3214
1017,318
1018,21934
1019,17424
1020,13387
1021,291
1022,482
1023,167
1024,3996
1025,2955
1026,34173
1027,37220
1028,3580
1029,1773
1030,39411
1031,7159
1032,11665
1033,4526
1034,3814
1035,17116
1036,11665
1037,4321
1038,14043
1039,860
1040,133
1041,307
1042,23409
1043,324
1044,312
1045,1290
1046,5515
1047,635
1048,2004
1049,898
1050,540
1051,816
1052,898
1053,778
1054,2756
1055,4173
1056,20
1057,8862
1058,8862
1059,17
1060,248
1061,19043
1062,307
1063,3814
1064,33517
1065,2422
1066,97
1067,156
1068,4428
1069,786
1070,10118
1071,1
1072,1252
1073,2701
1074,164
1075,4321
1076,14043
1077,12595
1078,364
1079,739
1080,31
1081,309
1082,3373
1083,309
1084,636
1085,4953
1086,17424
1087,13387
1088,8333
1089,26793
1090,6036
1091,2938
1092,37
1093,
1094,15661
1095,13160
1096,291
1097,1628
1098,4321
1099,11665
1100,1238
1101,1028
1102,432
1103,356
1104,475
1105,13160
1106,1628
1107,6585
1108,4953
1109,17116
1110,18974
1111,6220
1112,13246
1113,1487
1114,3654
1115,3654
1116,292
1117,5923
1118,931
1119,1379
1120,6714
1121,175
1122,26793
1123,6587
1124,210
1125,6587
1126,1363
1127,13246
1128,16052
1129,13508
1130,6587
1131,
1132,3183
1133,2065
1134,2021
1135,8862
1136,3923
1137,90
1138,5269
1139,8650
1140,3983
1141,13246
1142,1303
1143,
1144,58
1145,
1146,34173
1147,322
1148,5438
1149,17116
1150,3283
1151,2955
1152,125
1153,6876
1154,1601
1155,284
1156,764
1157,1476
1158,575
1159,1079
1160,1307
1161,5429
1162,1201
1163,1386
1164,2118
1165,1386
1166,312
1167,2083
1168,202
1169,38528
1170,7
1171,38528
1172,7869
1173,144
1174,83
1175,4239
1176,
1177,2169
1178,2290
1179,2907
1180,23228
1181,403
1182,5572
1183,604
1184,1262
1185,2974
1186,6337
1187,807
1188,611
1189,34
1190,292
1191,6394
1192,1026
1193,4196
1194,5659
1195,4196
1196,3460
1197,1979
1198,162
1199,7295
1200,
1201,23479
1202,298
1203,835
1204,13
1205,23228
1206,21934
1207,142
1208,312
1209,555
1210,1403
1211,6529
1212,3024
1213,2136
1214,6710
1215,14545
1216,790
1217,5
1218,6337
1219,1600
1220,16746
1221,6394
1222,1133
1223,6337
1224,7545
1225,2290
1226,14750
1227,479
1228,166
1229,4408
1230,6529
1231,992
1232,13078
1233,5126
1234,1388
1235,338
1236,264
1237,887
1238,696
1239,687
1240,53
1241,14545
1242,1407
1243,3183
1244,3102
1245,7295
1246,639
1247,3476
1248,2847
1249,6587
1250,3259
1251,6587
1252,19043
1253,497
1254,5923
1255,211
1256,5677
1257,3981
1258,8250
1259,1243
1260,52685
1261,85
1262,797
1263,57
1264,33517
1265,401
1266,604
1267,229
1268,252
1269,1067
1270,666
1271,665
1272,1683
1273,4196
1274,1958
1275,2109
1276,351
1277,2899
1278,33517
1279,9069
1280,4672
1281,41
1282,458
1283,1301
1284,436
1285,1979
1286,95
1287,3856
1288,362
1289,14750
1290,220
1291,4196
1292,12595
1293,3
1294,1938
1295,12595
1296,6587
1297,3183
1298,30
1299,12595
1300,1115
1301,1979
1302,2500
1303,40
1304,5515
1305,6453
1306,101
1307,1115
1308,2271
1309,3310
1310,16106
1311,2955
1312,849
1313,34173
1314,305
1315,305
1316,1979
1317,2605
1318,74
1319,18
1320,7491
1321,95
1322,797
1323,2271
1324,85
1325,766
1326,
1327,766
1328,5659
1329,1600
1330,9069
1331,2252
1332,13246
1333,282
1334,1282
1335,2602
1336,696
1337,709
1338,373
1339,23228
1340,2542
1341,1071
1342,16668
1343,1368
1344,7869
1345,86
1346,1198
1347,2955
1348,1983
1349,233
1350,2109
1351,3772
1352,5515
1353,816
1354,205
1355,237
1356,1173
1357,588
1358,34173
1359,13160
1360,
1361,206
1362,7933
1363,321
1364,163
1365,2542
1366,588
1367,331
1368,3377
1369,6710
1370,197
1371,21440
1372,835
1373,6587
1374,1413
1375,6710
1376,34173
1377,6529
1378,1243
1379,1597
1380,1411
1381,5572
1382,782
1383,3772
1384,5515
1385,91
1386,356
1387,2127
1388,604
1389,10
1390,1918
1391,726
1392,
1393,1367
1394,715
1395,1773
1396,396
1397,761
1398,280
1399,479
1400,3981
1401,16668
1402,319
1403,242
1404,457
1405,735
1406,1329
1407,121
1408,1005
1409,14750
1410,7869
1411,52685
1412,6587
1413,1538
1414,7693
1415,5659
1416,1940
1417,470
1418,1493
1419,1403
1420,386
1421,6374
1422,4375
1423,1945
1424,16668
1425,4557
1426,392
1427,1380
1428,3158
1429,33517
1430,335
1431,532
1432,3232
1433,931
1434,6
1435,3814
1436,3232
1437,7859
1438,2271
1439,1766
1440,383
1441,17424
1442,531
1443,8587
1444,8250
1445,877
1446,2384
1447,1200
1448,33
1449,711
1450,1141
1451,38
1452,6646
1453,371
1454,409
1455,12499
1456,4953
1457,5515
1458,695
1459,21934
1460,1957
1461,1068
1462,3306
1463,1290
1464,34173
1465,17116
1466,13246
1467,2091
1468,14043
1469,8333
1470,4990
1471,3977
1472,14
1473,2272
1474,34173
1475,682
1476,88
1477,8587
1478,13246
1479,226
1480,8336
1481,905
1482,17424
1483,13246
1484,101
1485,13016
1486,16052
1487,9069
1488,6899
1489,462
1490,18774
1491,2256
1492,98
1493,1461
1494,4620
1495,16052
1496,302
1497,8336
1498,3676
1499,166
1500,10118
1501,17424
1502,7045
1503,4953
1504,1361
1505,368
1506,670
1507,2441
1508,357
1509,535
1510,47
1511,990
1512,21934
1513,2151
1514,2326
1515,2091
1516,57618
1517,2820
1518,8333
1519,663
1520,412
1521,44
1522,23409
1523,14750
1524,311
1525,8650
1526,7712
1527,2480
1528,7859
1529,995
1530,5572
1531,13246
1532,101
1533,39411
1534,
1535,21934
1536,2436
1537,1133
1538,1717
1539,4196
1540,773
1541,6587
1542,7869
1543,38528
1544,1754
1545,85
1546,225
1547,944
1548,1387
1549,355
1550,1022
1551,
1552,1022
1553,980
1554,2443
1555,6190
1556,2224
1557,2434
1558,18918
1559,8049
1560,39411
1561,4557
1562,1940
1563,21934
1564,204
1565,1403
1566,2290
1567,877
1568,3133
1569,3811
1570,920
1571,289
1572,144
1573,31068
1574,210
1575,474
1576,5395
1577,1404
1578,860
1579,6529
1580,15
1581,9230
1582,983
1583,419
1584,17424
1585,2439
1586,6646
1587,2961
1588,1123
1589,1289
1590,1594
1591,1610
1592,7295
1593,33517
1594,10870
1595,508
1596,11013
1597,59
1598,1115
1599,212
1600,
1601,1610
1602,211
1603,4179
1604,5654
1605,4344
1606,21440
1607,39411
1608,2360
1609,481
1610,1482
1611,15335
1612,5477
1613,21440
1614,110
1615,22537
1616,2961
1617,1518
1618,6587
1619,10230
1620,3227
1621,48
1622,1620
1623,1387
1624,2847
1625,29
1626,1713
1627,23228
1628,7869
1629,770
1630,422
1631,1598
1632,14043
1633,9932
1634,144927
1635,13016
1636,20991
1637,17424
1638,24325
1639,6394
1640,10104
1641,164
1642,1133
1643,1133
1644,24325
1645,1015
1646,164
1647,2579
1648,2301
1649,144927
1650,956
1651,15335
1652,3814
1653,718
1654,1445
1655,1035
1656,744
1657,3385
1658,3772
1659,460
1660,5515
1661,1427
1662,5731
1663,2480
1664,286
1665,376
1666,1106
1667,89
1668,17116
1669,1106
1670,520
1671,376
1672,1600
1673,313
1674,2579
1675,1041
1676,40
1677,744
1678,3133
1679,2231
1680,57618
1681,716
1682,36
1683,567
1684,31
1685,2
1686,3443
1687,4774
1688,2849
1689,2514
1690,1723
1691,14043
1692,
1693,310
1694,37220
1695,3981
1696,481
1697,2990
1698,1366
1699,864
1700,2651
1701,299
1702,3227
1703,1403
1704,11
1705,345
1706,12940
1707,1101
1708,3322
1709,816
1710,183
1711,16419
1712,1615
1713,1106
1714,893
1715,975
1716,17424
1717,17424
1718,3007
1719,998
1720,120
1721,2631
1722,2826
1723,13246
1724,2345
1725,4740
1726,6759
1727,60
1728,327
1729,32
1730,327
1731,12494
1732,2
1733,443
1734,6587
1735,6587
1736,286
1737,666
1738,22570
1739,180
1740,1265
1741,121
1742,797
1743,1198
1744,15335
1745,19
1746,6587
1747,12940
1748,581
1749,1211
1750,22537
1751,1308
1752,13246
1753,34173
1754,13246
1755,104
1756,34173
1757,1394
1758,351
1759,5991
1760,1494
1761,12352
1762,19043
1763,34173
1764,6587
1765,4672
1766,4008
1767,129
1768,4215
1769,2499
1770,412
1771,1518
1772,726
1773,5567
1774,1442
1775,6899
1776,23
1777,6587
1778,15661
1779,1303
1780,517
1781,2239
1782,8042
1783,8972
1784,15661
1785,10230
1786,796
1787,2004
1788,144927
1789,7933
1790,2885
1791,270
1792,762
1793,8972
1794,96
1795,3972
1796,6114
1797,3289
1798,3038
1799,14750
1800,244
1801,13246
1802,1832
1803,37220
1804,104
1805,338
1806,5991
1807,7625
1808,1259
1809,3443
1810,14043
1811,16052
1812,19043
1813,127
1814,13246
1815,6587
1816,275
1817,1713
1818,173
1819,275
1820,1259
1821,169
1822,2756
1823,6899
1824,6646
1825,706
1826,103
1827,443
1828,600
1829,6587
1830,249
1831,7
1832,3
1833,19043
1834,34173
1835,6587
1836,2951
1837,
1838,4008
1839,119
1840,
1841,7918
1842,339
1843,32
1844,60
1845,3996
1846,3310
1847,16052
1848,113
1849,298
1850,93
1851,732
1852,188
1853,9705
1854,545
1855,1260
1856,438
1857,544
1858,9
1859,1387
1860,1221
1861,22537
1862,1290
1863,3038
1864,26793
1865,16052
1866,1838
1867,1
1868,15830
1869,167
1870,7
1871,16052
1872,34173
1873,40
1874,19043
1875,148
1876,959
1877,16052
1878,482
1879,34173
1880,13016
1881,2629
1882,17424
1883,268
1884,22537
1885,22537
1886,5928
1887,17424
1888,13078
1889,635
1890,453
1891,7869
1892,2004
1893,860
1894,1512
1895,4940
1896,312
1897,236
1898,16
1899,6714
1900,2695
1901,1634
1902,124
1903,860
1904,133
1905,161
1906,307
1907,3214
1908,219
1909,4940
1910,1075
1911,23228
1912,741
1913,1838
1914,451
1915,236
1916,816
1917,4265
1918,172
1919,19043
1920,248
1921,248
1922,2422
1923,336
1924,33517
1925,10118
1926,1
1927,1291
1928,1252
1929,1794
1930,1957
1931,12595
1932,6899
1933,6209
1934,78
1935,1163
1936,3814
1937,26793
1938,2978
1939,1528
1940,607
1941,2938
1942,
1943,3385
1944,2065
1945,841
1946,3814
1947,3814
1948,11665
1949,1118
1950,1211
1951,1238
1952,2692
1953,1628
1954,1028
1955,10883
1956,523
1957,11665
1958,6585
1959,449
1960,957
1961,1265
1962,1601
1963,6096
1964,1318
1965,2756
1966,1791
1967,66
1968,16052
1969,1363
1970,11665
1971,144927
1972,1363
1973,594
1974,144927
1975,16052
1976,17116
1977,8336
1978,4065
1979,6899
1980,6646
1981,39411
1982,2169
1983,4065
1984,2852
1985,3598
1986,256
1987,4940
1988,16052
1989,3214
1990,1084
1991,4130
1992,1103
1993,3227
1994,2004
1995,5269
1996,1628
1997,1751
1998,2443
1999,1361
2000,1238
2001,143
2002,1873
2003,
2004,8
2005,6714
2006,111
2007,2303
2008,1554
2009,411
2010,907
2011,995
2012,5768
2013,4219
2014,6267
2015,464
2016,12499
2017,5382
2018,1307
2019,421
2020,343
2021,7869
2022,11
2023,52685
2024,7342
2025,55
2026,1386
2027,241
2028,599
2029,2120
2030,2443
2031,
2032,4743
2033,7869
2034,2974
2035,4777
2036,825
2037,13160
2038,34
2039,23228
2040,1592
2041,12595
2042,2074
2043,7869
2044,10883
2045,
2046,2074
2047,1201
2048,298
2049,6337
2050,53
2051,2290
2052,519
2053,142
2054,2231
2055,1187
2056,14545
2057,8250
2058,278
2059,14545
2060,5768
2061,34173
2062,9230
2063,2961
2064,352
2065,1243
2066,1683
2067,420
2068,1172
2069,14750
2070,4375
2071,431
2072,3066
2073,16746
2074,1366
2075,2635
2076,5382
2077,28
2078,4284
2079,835
2080,2451
2081,3814
2082,12494
2083,24
2084,265
2085,479
2086,4048
2087,16052
2088,401
2089,4408
2090,153
2091,4408
2092,20991
2093,21934
2094,21934
2095,386
2096,1698
2097,2919
2098,14545
2099,399
2100,7693
2101,16746
2102,165
2103,81
2104,8
2105,22570
2106,2635
2107,6587
2108,4196
2109,19043
2110,6337
2111,2035
2112,3360
2113,327
2114,657
2115,118
2116,7693
2117,177
2118,5382
2119,7085
2120,837
2121,3856
2122,107
2123,175
2124,253
2125,4740
2126,301
2127,6587
2128,929
2129,1816
2130,21934
2131,510
2132,1958
2133,2109
2134,1345
2135,351
2136,2899
2137,4196
2138,22570
2139,10
2140,2
2141,19043
2142,1115
2143,3099
2144,4456
2145,6453
2146,7
2147,298
2148,22
2149,598
2150,142
2151,1425
2152,1247
2153,1938
2154,2106
2155,28
2156,12595
2157,3183
2158,17116
2159,2819
2160,1680
2161,2500
2162,125
2163,7693
2164,60
2165,101
2166,87
2167,16106
2168,849
2169,144927
2170,1979
2171,168
2172,4721
2173,1143
2174,1680
2175,45
2176,766
2177,265
2178,36
2179,2
2180,2252
2181,2887
2182,10292
2183,2951
2184,8587
2185,2955
2186,814
2187,3772
2188,16668
2189,5382
2190,398
2191,298
2192,2819
2193,207
2194,1892
2195,5602
2196,86
2197,16106
2198,1448
2199,13508
2200,2542
2201,1895
2202,397
2203,4740
2204,1918
2205,745
2206,2146
2207,814
2208,7481
2209,1303
2210,34173
2211,1173
2212,433
2213,16746
2214,50
2215,207
2216,5956
2217,34173
2218,8972
2219,282
2220,2500
2221,1344
2222,3183
2223,3772
2224,1776
2225,26151
2226,146
2227,1979
2228,83
2229,3040
2230,1156
2231,1143
2232,2
2233,2579
2234,2585
2235,
2236,109
2237,
2238,4196
2239,10245
2240,57618
2241,6529
2242,22969
2243,5395
2244,2231
2245,4048
2246,280
2247,920
2248,2388
2249,368
2250,365
2251,2252
2252,133
2253,12499
2254,24
2255,6374
2256,365
2257,300
2258,5175
2259,1344
2260,
2261,450
2262,4874
2263,4196
2264,426
2265,15
2266,57618
2267,31068
2268,931
2269,425
2270,1344
2271,13016
2272,7712
2273,726
2274,
2275,1680
2276,5991
2277,2757
2278,3227
2279,2635
2280,16419
2281,2384
2282,7481
2283,17424
2284,2231
2285,6710
2286,227
2287,711
2288,7869
2289,23228
2290,2484
2291,4196
2292,332
2293,171
2294,677
2295,768
2296,3007
2297,10245
2298,1723
2299,1403
2300,1683
2301,1324
2302,34173
2303,1363
2304,6905
2305,263
2306,1005
2307,1442
2308,721
2309,6582
2310,389
2311,17116
2312,14
2313,1498
2314,17424
2315,168
2316,512
2317,34173
2318,5515
2319,635
2320,24325
2321,102
2322,17424
2323,13246
2324,1183
2325,21537
2326,3580
2327,60
2328,5515
2329,1279
2330,10230
2331,1873
2332,3084
2333,18774
2334,204
2335,71
2336,1776
2337,10118
2338,670
2339,10118
2340,2151
2341,670
2342,2441
2343,3227
2344,16106
2345,238
2346,7509
2347,131
2348,24325
2349,7509
2350,5592
2351,1892
2352,15661
2353,947
2354,6582
2355,1628
2356,9069
2357,3999
2358,1957
2359,398
2360,2307
2361,17116
2362,326
2363,6220
2364,2436
2365,219
2366,14750
2367,3367
2368,48
2369,17116
2370,5567
2371,2356
2372,13
2373,1360
2374,16052
2375,773
2376,1243
2377,8336
2378,972
2379,7859
2380,16746
2381,154
2382,2055
2383,3938
2384,2770
2385,23
2386,2266
2387,2951
2388,16115
2389,4721
2390,
2391,115
2392,1979
2393,4179
2394,23409
2395,9932
2396,318
2397,2224
2398,49
2399,4859
2400,10708
2401,1017
2402,2055
2403,752
2404,6646
2405,13246
2406,21934
2407,10
2408,1773
2409,3377
2410,209
2411,2436
2412,13246
2413,19043
2414,33517
2415,825
2416,33517
2417,14043
2418,16106
2419,1380
2420,412
2421,155
2422,983
2423,433
2424,331
2425,1598
2426,390
2427,1953
2428,359
2429,61
2430,
2431,365
2432,300
2433,1773
2434,1713
2435,4777
2436,6646
2437,853
2438,1290
2439,2961
2440,39
2441,1404
2442,15830
2443,932
2444,1022
2445,342
2446,22969
2447,74
2448,1445
2449,12465
2450,211
2451,1017
2452,10870
2453,1291
2454,3310
2455,1854
2456,8042
2457,22537
2458,580
2459,23228
2460,10870
2461,267
2462,1013
2463,3227
2464,
2465,4179
2466,62
2467,956
2468,1622
2469,2320
2470,20991
2471,7732
2472,417
2473,302
2474,2847
2475,19752
2476,1151
2477,266
2478,3996
2479,5626
2480,6646
2481,7732
2482,1277
2483,3040
2484,5654
2485,2055
2486,13016
2487,649
2488,270
2489,2847
2490,2524
2491,447
2492,862
2493,34173
2494,17116
2495,14043
2496,3814
2497,3133
2498,10560
2499,2484
2500,6646
2501,1912
2502,7869
2503,4871
2504,17116
2505,408
2506,23409
2507,245
2508,19043
2509,2063
2510,2469
2511,2164
2512,202
2513,36
2514,3385
2515,1248
2516,1
2517,390
2518,681
2519,1069
2520,7085
2521,665
2522,21537
2523,15335
2524,9
2525,1428
2526,17424
2527,16668
2528,2849
2529,6114
2530,1031
2531,4179
2532,3310
2533,
2534,450
2535,295
2536,57
2537,1017
2538,517
2539,2651
2540,413
2541,4179
2542,4179
2543,1228
2544,978
2545,1695
2546,3772
2547,1643
2548,459
2549,1169
2550,9
2551,17116
2552,12595
2553,1031
2554,144927
2555,1169
2556,2345
2557,6587
2558,2345
2559,1671
2560,7247
2561,248
2562,37206
2563,12494
2564,39411
2565,766
2566,2388
2567,73
2568,196
2569,34173
2570,429
2571,21537
2572,15830
2573,5175
2574,345
2575,937
2576,13016
2577,37206
2578,15335
2579,1105
2580,1643
2581,3
2582,2776
2583,4313
2584,329
2585,5006
2586,13246
2587,13246
2588,3227
2589,37206
2590,22537
2591,38528
2592,
2593,595
2594,609
2595,23409
2596,34173
2597,1311
2598,527
2599,1832
2600,37206
2601,14750
2602,112
2603,497
2604,19043
2605,2826
2606,17655
2607,23228
2608,3075
2609,138
2610,142
2611,1394
2612,4526
2613,1303
2614,4864
2615,7933
2616,34173
2617,2919
2618,2004
2619,3227
2620,33517
2621,8587
2622,1394
2623,7869
2624,6142
2625,2665
2626,14999
2627,10560
2628,10883
2629,26793
2630,20991
2631,1106
2632,18918
2633,7064
2634,16052
2635,9678
2636,3289
2637,49
2638,3443
2639,108
2640,2849
2641,2826
2642,20991
2643,19043
2644,1198
2645,10787
2646,9230
2647,8250
2648,12352
2649,211
2650,16052
2651,16668
2652,26793
2653,1317
2654,22537
2655,34173
2656,13078
2657,33517
2658,327
2659,37
2660,9932
2661,541
2662,23228
2663,86
2664,148
2665,706
2666,443
2667,4953
2668,6582
2669,2990
2670,2990
2671,16115
2672,3
2673,3
2674,34173
2675,22
2676,339
2677,
2678,5567
2679,4672
2680,4
2681,687
2682,220
2683,2990
2684,7380
2685,7467
2686,5429
2687,61
2688,21
2689,16052
2690,19043
2691,5651
2692,477
2693,39
2694,51
2695,1547
2696,6
2697,46
2698,2105
2699,1889
2700,135
2701,221
2702,366
2703,3038
2704,26793
2705,15830
2706,6899
2707,13387
2708,1500
2709,11382
2710,3938
2711,247
2712,366
2713,2307
2714,1188
2715,13246
2716,
2717,897
2718,
2719,937
2720,
2721,11013
2722,
2723,464
2724,34173
2725,7159
2726,3814
2727,37206
2728,449
2729,157
2730,124
2731,142
2732,5553
2733,898
2734,90
2735,554
2736,7
2737,14750
2738,7
2739,2312
2740,324
2741,343
2742,2127
2743,133
2744,205
2745,727
2746,259
2747,908
2748,21934
2749,312
2750,2307
2751,219
2752,1340
2753,2307
2754,211
2755,2256
2756,741
2757,88
2758,1238
2759,128
2760,4940
2761,1634
2762,8862
2763,4265
2764,248
2765,364
2766,667
2767,14750
2768,156
2769,33517
2770,359
2771,146
2772,249
2773,
2774,10883
2775,4284
2776,5438
2777,3385
2778,307
2779,338
2780,364
2781,1188
2782,8333
2783,3227
2784,85
2785,10883
2786,5429
2787,31
2788,7
2789,6209
2790,13387
2791,23228
2792,8333
2793,816
2794,61
2795,3100
2796,4062
2797,180
2798,21934
2799,322
2800,2978
2801,2422
2802,5553
2803,1234
2804,5429
2805,10118
2806,681
2807,779
2808,21934
2809,1020
2810,99
2811,4953
2812,34173
2813,464
2814,3414
2815,1487
2816,453
2817,2982
2818,3214
2819,10
2820,2371
2821,3923
2822,149
2823,67
2824,11013
2825,1628
2826,17116
2827,13246
2828,6899
2829,6220
2830,4953
2831,13246
2832,3811
2833,12373
2834,957
2835,3214
2836,1103
2837,8333
2838,8862
2839,159
2840,1628
2841,3227
2842,327
2843,6714
2844,34173
2845,8
2846,111
2847,2867
2848,2806
2849,1554
2850,3053
2851,14545
2852,2648
2853,808
2854,16668
2855,329
2856,16106
2857,5429
2858,3972
2859,11
2860,7
2861,5651
2862,1787
2863,23228
2864,1134
2865,6337
2866,992
2867,1600
2868,
2869,4557
2870,5044
2871,162
2872,417
2873,21934
2874,5135
2875,2290
2876,21934
2877,810
2878,8250
2879,1979
2880,1949
2881,6337
2882,49
2883,6453
2884,4428
2885,14545
2886,5159
2887,497
2888,560
2889,549
2890,269
2891,394
2892,994
2893,862
2894,21934
2895,9932
2896,8250
2897,898
2898,2415
2899,3289
2900,9230
2901,7481
2902,4740
2903,2109
2904,1
2905,2951
2906,201
2907,810
2908,959
2909,1949
2910,12943
2911,1940
2912,440
2913,6710
2914,5602
2915,639
2916,2181
2917,16746
2918,305
2919,435
2920,3053
2921,21934
2922,6
2923,6710
2924,3981
2925,295
2926,1751
2927,85
2928,32
2929,4874
2930,165
2931,63
2932,1695
2933,137
2934,2146
2935,2898
2936,1056
2937,10787
2938,343
2939,327
2940,155
2941,2209
2942,3007
2943,959
2944,2231
2945,2899
2946,1152
2947,1020
2948,4740
2949,
2950,597
2951,59
2952,59
2953,1156
2954,141
2955,11665
2956,219
2957,4740
2958,142
2959,4740
2960,4740
2961,716
2962,1979
2963,2384
2964,3856
2965,142
2966,298
2967,597
2968,426
2969,3377
2970,841
2971,4196
2972,541
2973,12595
2974,19043
2975,28
2976,1979
2977,1717
2978,464
2979,7693
2980,47
2981,125
2982,144927
2983,917
2984,1115
2985,93
2986,1680
2987,305
2988,302
2989,3654
2990,1680
2991,462
2992,766
2993,423
2994,2252
2995,3856
2996,1572
2997,10292
2998,52685
2999,14545
3000,2692
3001,837
3002,9230
3003,4008
3004,31068
3005,23228
3006,146
3007,108
3008,1816
3009,9804
3010,1892
3011,21257
3012,21934
3013,55
3014,1816
3015,4740
3016,19752
3017,16106
3018,1953
3019,83
3020,1983
3021,9230
3022,3814
3023,12
3024,21440
3025,841
3026,19043
3027,1979
3028,21934
3029,307
3030,6190
3031,3955
3032,1422
3033,34173
3034,
3035,9230
3036,11
3037,3377
3038,3183
3039,176
3040,1329
3041,3772
3042,1152
3043,5065
3044,537
3045,640
3046,3299
3047,2955
3048,9136
3049,47
3050,1979
3051,383
3052,1597
3053,2951
3054,848
3055,731
3056,5515
3057,17655
3058,109
3059,356
3060,731
3061,717
3062,1553
3063,272
3064,4196
3065,22969
3066,5126
3067,709
3068,22570
3069,5923
3070,1501
3071,1345
3072,2631
3073,39411
3074,5626
3075,42
3076,10787
3077,314
3078,3053
3079,162
3080,549
3081,272
3082,365
3083,52685
3084,1244
3085,2165
3086,5572
3087,550
3088,2287
3089,23228
3090,532
3091,3232
3092,3053
3093,3814
3094,13016
3095,177
3096,537
3097,383
3098,17424
3099,39411
3100,11942
3101,16419
3102,12465
3103,399
3104,17424
3105,13246
3106,414
3107,537
3108,877
3109,711
3110,1005
3111,537
3112,2951
3113,144927
3114,677
3115,9069
3116,3007
3117,559
3118,23228
3119,18774
3120,600
3121,416
3122,14
3123,2902
3124,105
3125,2312
3126,3981
3127,2596
3128,5515
3129,4540
3130,7869
3131,17116
3132,34173
3133,512
3134,2398
3135,1302
3136,14545
3137,16052
3138,1142
3139,3465
3140,9069
3141,3977
3142,4672
3143,3977
3144,209
3145,4062
3146,13246
3147,2256
3148,144927
3149,678
3150,16052
3151,13016
3152,16419
3153,129
3154,10118
3155,2207
3156,6002
3157,7380
3158,12352
3159,3398
3160,2207
3161,2091
3162,154
3163,4350
3164,3214
3165,2958
3166,105
3167,11382
3168,1756
3169,1407
3170,1428
3171,8336
3172,6002
3173,16052
3174,17
3175,1344
3176,181
3177,2540
3178,803
3179,244
3180,1361
3181,1252
3182,2231
3183,2849
3184,484
3185,16746
3186,877
3187,2055
3188,390
3189,228
3190,959
3191,944
3192,210
3193,17655
3194,5269
3195,802
3196,358
3197,814
3198,1493
3199,576
3200,16106
3201,877
3202,3377
3203,4880
3204,545
3205,662
3206,2303
3207,579
3208,488
3209,52
3210,8336
3211,1717
3212,8049
3213,399
3214,9705
3215,103
3216,21934
3217,517
3218,312
3219,7387
3220,2020
3221,330
3222,617
3223,877
3224,177
3225,1228
3226,859
3227,155
3228,6646
3229,33517
3230,23228
3231,2961
3232,17424
3233,932
3234,6646
3235,57618
3236,22969
3237,7295
3238,398
3239,23409
3240,10104
3241,4344
3242,22537
3243,1027
3244,9971
3245,33517
3246,21
3247,4740
3248,8042
3249,21934
3250,125
3251,22537
3252,4864
3253,7933
3254,17424
3255,1766
3256,182
3257,2320
3258,8336
3259,7933
3260,2579
3261,470
3262,4579
3263,770
3264,4184
3265,266
3266,804
3267,2847
3268,7732
3269,873
3270,2847
3271,2847
3272,17424
3273,18774
3274,610
3275,1537
3276,10870
3277,2271
3278,2579
3279,223
3280,6646
3281,1034
3282,3509
3283,1785
3284,1133
3285,3035
3286,2231
3287,3133
3288,6646
3289,3385
3290,427
3291,336
3292,898
3293,2372
3294,26793
3295,1238
3296,1547
3297,245
3298,1169
3299,102
3300,744
3301,159
3302,3133
3303,52
3304,
3305,2231
3306,726
3307,902
3308,2514
3309,1723
3310,851
3311,2524
3312,37206
3313,1251
3314,9965
3315,1544
3316,1665
3317,16668
3318,1366
3319,2207
3320,6587
3321,735
3322,2651
3323,1273
3324,112
3325,1238
3326,1118
3327,295
3328,181
3329,1723
3330,37206
3331,1290
3332,1028
3333,144927
3334,816
3335,2202
3336,2202
3337,21257
3338,20991
3339,2540
