0,1
1,1
2,4
3,0
4,1
5,2
6,0
7,1
8,3
9,2
10,1
11,3
12,1
13,4
14,1
15,1
16,9
17,1
18,1
19,1
20,2
21,1
22,1
23,1
24,1
25,4
26,1
27,4
28,1
29,2
30,1
31,2
32,3
33,0
34,1
35,4
36,4
37,3
38,1
39,3
40,4
41,2
42,4
43,1
44,4
45,2
46,5
47,2
48,1
49,3
50,4
51,3
52,1
53,4
54,2
55,0
56,0
57,3
58,4
59,0
60,2
61,3
62,1
63,1
64,3
65,4
66,6
67,1
68,0
69,2
70,1
71,3
72,6
73,3
74,1
75,3
76,1
77,3
78,8
79,2
80,1
81,4
82,0
83,7
84,1
85,2
86,3
87,3
88,1
89,1
90,3
91,4
92,2
93,3
94,3
95,8
96,0
97,1
98,3
99,5
100,2
101,0
102,3
103,2
104,5
105,3
106,0
107,3
108,0
109,2
110,4
111,1
112,1
113,5
114,9
115,3
116,2
117,2
118,4
119,2
120,5
121,2
122,2
123,2
124,4
125,1
126,2
127,0
128,5
129,1
130,3
131,5
132,2
133,3
134,6
135,2
136,1
137,4
138,1
139,4
140,1
141,3
142,3
143,6
144,1
145,0
146,4
147,3
148,1
149,1
150,1
151,3
152,5
153,2
154,5
155,3
156,2
157,7
158,3
159,2
160,0
161,0
162,1
163,1
164,2
165,2
166,3
167,2
168,3
169,1
170,0
171,1
172,1
173,3
174,2
175,2
176,5
177,4
178,3
179,3
180,3
181,1
182,2
183,0
184,1
185,2
186,6
187,1
188,1
189,2
190,2
191,2
192,5
193,0
194,3
195,3
196,1
197,5
198,1
199,5
200,7
201,4
202,4
203,2
204,2
205,5
206,1
207,0
208,2
209,1
210,5
211,3
212,2
213,1
214,0
215,3
216,6
217,5
218,5
219,2
220,4
221,4
222,4
223,3
224,1
225,0
226,3
227,2
228,1
229,0
230,4
231,1
232,1
233,3
234,2
235,0
236,5
237,1
238,2
239,1
240,1
241,5
242,0
243,4
244,5
245,0
246,1
247,5
248,1
249,0
250,4
251,0
252,2
253,0
254,0
255,7
256,3
257,4
258,4
259,3
260,5
261,4
262,2
263,1
264,3
265,3
266,4
267,4
268,3
269,2
270,3
271,4
272,4
273,1
274,0
275,6
276,1
277,0
278,1
279,0
280,3
281,4
282,2
283,4
284,3
285,4
286,0
287,1
288,4
289,2
290,3
291,6
292,0
293,3
294,4
295,2
296,1
297,2
298,3
299,1
300,5
301,3
302,1
303,2
304,3
305,3
306,1
307,3
308,3
309,4
310,3
311,0
312,2
313,2
314,5
315,5
316,1
317,1
318,2
319,2
320,0
321,3
322,2
323,6
324,2
325,5
326,4
327,2
328,4
329,4
330,6
331,1
332,3
333,0
334,2
335,0
336,1
337,1
338,5
339,1
340,0
341,5
342,2
343,4
344,5
345,1
346,0
347,1
348,1
349,2
350,6
351,3
352,1
353,2
354,2
355,2
356,0
357,1
358,2
359,1
360,4
361,1
362,4
363,2
364,1
365,0
366,2
367,0
368,3
369,3
370,5
371,5
372,1
373,0
374,1
375,1
376,4
377,2
378,2
379,5
380,2
381,1
382,5
383,2
384,2
385,7
386,1
387,1
388,3
389,1
390,3
391,1
392,3
393,1
394,2
395,0
396,4
397,2
398,3
399,5
400,0
401,10
402,7
403,4
404,7
405,4
406,1
407,3
408,3
409,3
410,1
411,3
412,4
413,4
414,8
415,3
416,5
417,4
418,3
419,2
420,1
421,0
422,3
423,2
424,3
425,3
426,2
427,0
428,4
429,1
430,9
431,7
432,4
433,3
434,3
435,4
436,3
437,2
438,7
439,1
440,5
441,5
442,2
443,4
444,4
445,6
446,5
447,6
448,2
449,0
450,0
451,1
452,5
453,6
454,3
455,2
456,2
457,6
458,4
459,3
460,1
461,5
462,4
463,1
464,1
465,4
466,3
467,2
468,6
469,0
470,2
471,5
472,3
473,5
474,3
475,0
476,1
477,3
478,1
479,4
480,3
481,1
482,1
483,1
484,6
485,1
486,1
487,1
488,4
489,5
490,4
491,2
492,5
493,4
494,4
495,2
496,1
497,5
498,1
499,0
500,3
501,4
502,3
503,1
504,4
505,1
506,4
507,2
508,5
509,2
510,0
511,5
512,2
513,1
514,2
515,3
516,2
517,4
518,1
519,2
520,7
521,3
522,4
523,7
524,2
525,0
526,0
527,6
528,3
529,5
530,2
531,3
532,6
533,4
534,5
535,1
536,3
537,2
538,1
539,1
540,7
541,2
542,1
543,1
544,2
545,1
546,1
547,0
548,6
549,0
550,5
551,6
552,3
553,1
554,5
555,1
556,3
557,2
558,3
559,1
560,0
561,2
562,2
563,2
564,2
565,0
566,2
567,0
568,0
569,3
570,4
571,1
572,6
573,0
574,3
575,1
576,1
577,0
578,2
579,5
580,3
581,5
582,1
583,5
584,6
585,10
586,2
587,4
588,0
589,4
590,3
591,5
592,2
593,2
594,0
595,2
596,3
597,1
598,2
599,1
600,3
601,1
602,1
603,2
604,4
605,3
606,4
607,0
608,5
609,2
610,0
611,1
612,2
613,4
614,0
615,0
616,0
617,3
618,5
619,0
620,1
621,1
622,1
623,2
624,0
625,11
626,1
627,1
628,2
629,2
630,6
631,2
632,2
633,0
634,7
635,6
636,6
637,5
638,2
639,5
640,3
641,2
642,0
643,4
644,2
645,0
646,2
647,4
648,0
649,0
650,1
651,5
652,3
653,0
654,4
655,0
656,3
657,0
658,0
659,1
660,2
661,4
662,5
663,1
664,2
665,3
666,9
667,2
668,1
669,2
670,0
671,1
672,3
673,1
674,3
675,0
676,1
677,4
678,3
679,5
680,3
681,6
682,1
683,3
684,1
685,4
686,4
687,1
688,2
689,3
690,5
691,3
692,6
693,1
694,2
695,2
696,2
697,1
698,6
699,1
700,4
701,5
702,3
703,1
704,2
705,2
706,1
707,2
708,2
709,4
710,5
711,4
712,1
713,4
714,4
715,1
716,2
717,2
718,2
719,1
720,1
721,0
722,1
723,1
724,2
725,3
726,2
727,1
728,4
729,2
730,3
731,2
732,5
733,3
734,1
735,2
736,3
737,0
738,4
739,4
740,1
741,0
742,0
743,1
744,6
745,3
746,1
747,5
748,3
749,5
750,1
751,3
752,0
753,1
754,2
755,2
756,1
757,5
758,5
759,4
760,3
761,4
762,2
763,2
764,1
765,3
766,5
767,4
768,5
769,5
770,4
771,3
772,2
773,5
774,3
775,0
776,1
777,4
778,5
779,2
780,2
781,0
782,5
783,2
784,1
785,1
786,3
787,0
788,4
789,1
790,1
791,3
792,3
793,4
794,9
795,0
796,3
797,2
798,2
799,2
800,3
801,2
802,2
803,1
804,3
805,6
806,1
807,2
808,2
809,6
810,3
811,0
812,3
813,5
814,0
815,3
816,1
817,0
818,1
819,2
820,5
821,1
822,1
823,0
824,5
825,3
826,3
827,1
828,5
829,2
830,3
831,5
832,4
833,3
834,1
835,3
836,0
837,3
838,6
839,3
840,4
841,3
842,2
843,5
844,2
845,2
846,2
847,1
848,0
849,3
850,1
851,6
852,0
853,5
854,1
855,1
856,4
857,5
858,3
859,2
860,1
861,3
862,1
863,1
864,1
865,2
866,1
867,0
868,3
869,0
870,0
871,3
872,1
873,1
874,0
875,1
876,0
877,5
878,2
879,4
880,1
881,3
882,0
883,1
884,3
885,2
886,0
887,1
888,4
889,2
890,3
891,5
892,2
893,5
894,1
895,1
896,1
897,1
898,3
899,5
900,4
901,0
902,0
903,3
904,1
905,5
906,2
907,0
908,5
909,3
910,2
911,2
912,0
913,1
914,2
915,4
916,2
917,2
918,1
919,6
920,2
921,3
922,0
923,3
924,1
925,3
926,3
927,1
928,3
929,0
930,1
931,2
932,1
933,5
934,6
935,1
936,5
937,4
938,2
939,0
940,4
941,2
942,3
943,1
944,2
945,5
946,1
947,1
948,3
949,1
950,5
951,1
952,2
953,2
954,3
955,4
956,6
957,0
958,3
959,6
960,2
961,3
962,0
963,5
964,2
965,2
966,3
967,1
968,1
969,0
970,4
971,4
972,1
973,2
974,1
975,3
976,4
977,2
978,2
979,1
980,8
981,6
982,1
983,1
984,1
985,2
986,2
987,4
988,2
989,0
990,1
991,0
992,2
993,0
994,6
995,0
996,1
997,3
998,2
999,4
1000,2
1001,3
1002,1
1003,1
1004,3
1005,2
1006,4
1007,3
1008,3
1009,0
1010,7
1011,2
1012,0
1013,0
1014,1
1015,1
1016,0
1017,1
1018,4
1019,0
1020,3
1021,2
1022,0
1023,1
1024,4
1025,4
1026,2
1027,2
1028,1
1029,2
1030,1
1031,2
1032,0
1033,2
1034,3
1035,2
1036,2
1037,2
1038,3
1039,0
1040,1
1041,0
1042,1
1043,2
1044,6
1045,4
1046,3
1047,1
1048,0
1049,2
1050,0
1051,2
1052,1
1053,0
1054,3
1055,4
1056,2
1057,2
1058,1
1059,1
1060,2
1061,2
1062,3
1063,3
1064,1
1065,2
1066,2
1067,1
1068,1
1069,3
1070,3
1071,0
1072,3
1073,1
1074,0
1075,4
1076,3
1077,4
1078,0
1079,3
1080,5
1081,1
1082,3
1083,1
1084,1
1085,1
1086,3
1087,0
1088,4
1089,2
1090,1
1091,3
1092,7
1093,3
1094,1
1095,3
1096,2
1097,1
1098,3
1099,2
1100,2
1101,3
1102,2
1103,2
1104,1
1105,2
1106,6
1107,4
1108,0
1109,1
1110,1
1111,3
1112,2
1113,0
1114,4
1115,0
1116,3
1117,0
1118,6
1119,2
1120,1
1121,4
1122,3
1123,0
1124,1
1125,2
1126,4
1127,0
1128,1
1129,2
1130,1
1131,2
1132,2
1133,3
1134,3
1135,7
1136,3
1137,3
1138,3
1139,4
1140,3
1141,1
1142,5
1143,4
1144,3
1145,6
1146,1
1147,3
1148,1
1149,3
1150,6
1151,4
1152,0
1153,1
1154,4
1155,1
1156,5
1157,2
1158,2
1159,4
1160,1
1161,1
1162,0
1163,3
1164,3
1165,5
1166,3
1167,5
1168,2
1169,5
1170,3
1171,2
1172,4
1173,2
1174,5
1175,2
1176,2
1177,5
1178,1
1179,2
1180,3
1181,6
1182,4
1183,4
1184,1
1185,4
1186,7
1187,3
1188,1
1189,2
1190,2
1191,2
1192,3
1193,0
1194,1
1195,0
1196,1
1197,2
1198,2
1199,0
1200,2
1201,3
1202,3
1203,0
1204,0
1205,2
1206,3
1207,1
1208,1
1209,3
1210,0
1211,5
1212,5
1213,5
1214,0
1215,2
1216,3
1217,2
1218,2
1219,1
1220,0
1221,2
1222,4
1223,0
1224,6
1225,1
1226,4
1227,1
1228,5
1229,3
1230,0
1231,0
1232,2
1233,1
1234,2
1235,8
1236,2
1237,4
1238,3
1239,2
1240,3
1241,3
1242,2
1243,2
1244,5
1245,3
1246,6
1247,2
1248,5
1249,0
1250,3
1251,1
1252,2
1253,1
1254,2
1255,4
1256,4
1257,1
1258,4
1259,2
1260,8
1261,0
1262,0
1263,4
1264,2
1265,3
1266,1
1267,0
1268,5
1269,2
1270,3
1271,2
1272,0
1273,0
1274,4
1275,3
1276,2
1277,2
1278,0
1279,1
1280,4
1281,0
1282,5
1283,3
1284,5
1285,2
1286,3
1287,10
1288,2
1289,4
1290,2
1291,2
1292,0
1293,10
1294,4
1295,0
1296,1
1297,3
1298,3
1299,3
1300,4
1301,4
1302,3
1303,1
1304,1
1305,2
1306,3
1307,6
1308,4
1309,5
1310,2
1311,3
1312,2
1313,4
1314,7
1315,2
1316,2
1317,3
1318,3
1319,2
1320,2
1321,0
1322,3
1323,2
1324,3
1325,3
1326,2
1327,4
1328,1
1329,5
1330,1
1331,1
1332,1
1333,2
1334,0
1335,2
1336,2
1337,5
1338,0
1339,1
1340,6
1341,1
1342,4
1343,1
1344,0
1345,7
1346,1
1347,3
1348,7
1349,3
1350,3
1351,5
1352,3
1353,1
1354,2
1355,2
1356,4
1357,6
1358,4
1359,2
1360,3
1361,3
1362,0
1363,2
1364,3
1365,0
1366,1
1367,1
1368,1
1369,4
1370,6
1371,4
1372,2
1373,1
1374,4
1375,6
1376,3
1377,1
1378,6
1379,3
1380,1
1381,3
1382,3
1383,6
1384,2
1385,3
1386,3
1387,5
1388,3
1389,0
1390,4
1391,5
1392,2
1393,5
1394,3
1395,0
1396,2
1397,5
1398,0
1399,6
1400,2
1401,4
1402,6
1403,1
1404,2
1405,6
1406,1
1407,2
1408,6
1409,4
1410,3
1411,1
1412,1
1413,1
1414,3
1415,0
1416,4
1417,0
1418,4
1419,5
1420,3
1421,2
1422,3
1423,1
1424,3
1425,3
1426,8
1427,0
1428,3
1429,3
1430,4
1431,7
1432,4
1433,6
1434,1
1435,1
1436,4
1437,2
1438,0
1439,2
1440,3
1441,2
1442,5
1443,3
1444,5
1445,6
1446,0
1447,8
1448,4
1449,0
1450,0
1451,3
1452,4
1453,4
1454,5
1455,3
1456,3
1457,0
1458,0
1459,2
1460,4
1461,5
1462,5
1463,5
1464,3
1465,1
1466,0
1467,4
1468,1
1469,1
1470,4
1471,1
1472,4
1473,1
1474,1
1475,8
1476,5
1477,3
1478,1
1479,7
1480,4
1481,2
1482,5
1483,5
1484,2
1485,0
1486,2
1487,4
1488,3
1489,5
1490,6
1491,1
1492,8
1493,6
1494,4
1495,0
1496,5
1497,0
1498,3
1499,3
1500,5
1501,3
1502,6
1503,1
1504,1
1505,3
1506,6
1507,2
1508,0
1509,1
1510,5
1511,4
1512,0
1513,4
1514,0
1515,4
1516,3
1517,3
1518,0
1519,1
1520,3
1521,5
1522,2
1523,4
1524,1
1525,5
1526,5
1527,2
1528,0
1529,1
1530,0
1531,3
1532,0
1533,4
1534,4
1535,1
1536,4
1537,2
1538,3
1539,3
1540,2
1541,2
1542,2
1543,1
1544,2
1545,2
1546,1
1547,2
1548,1
1549,5
1550,3
1551,1
1552,3
1553,3
1554,3
1555,2
1556,3
1557,0
1558,2
1559,3
1560,3
1561,4
1562,5
1563,4
1564,2
1565,1
1566,2
1567,3
1568,2
1569,2
1570,3
1571,0
1572,5
1573,4
1574,3
1575,4
1576,1
1577,3
1578,2
1579,0
1580,2
1581,6
1582,2
1583,2
1584,3
1585,1
1586,1
1587,2
1588,0
1589,5
1590,2
1591,3
1592,1
1593,2
1594,3
1595,1
1596,1
1597,2
1598,7
1599,2
1600,0
1601,2
1602,3
1603,0
1604,2
1605,3
1606,7
1607,3
1608,2
1609,1
1610,4
1611,2
1612,1
1613,3
1614,5
1615,0
1616,3
1617,0
1618,1
1619,4
1620,3
1621,2
1622,6
1623,1
1624,6
1625,1
1626,2
1627,3
1628,2
1629,3
1630,2
1631,3
1632,5
1633,1
1634,2
1635,1
1636,2
1637,2
1638,7
1639,3
1640,3
1641,3
1642,1
1643,1
1644,7
1645,6
1646,2
1647,3
1648,2
1649,2
1650,4
1651,3
1652,5
1653,2
1654,2
1655,2
1656,4
1657,4
1658,1
1659,5
1660,1
1661,1
1662,3
1663,4
1664,3
1665,2
1666,1
1667,1
1668,3
1669,6
1670,4
1671,3
1672,6
1673,0
1674,3
1675,5
1676,1
1677,0
1678,4
1679,1
1680,1
1681,6
1682,3
1683,2
1684,1
1685,1
1686,0
1687,2
1688,9
1689,1
1690,2
1691,5
1692,2
1693,0
1694,4
1695,0
1696,1
1697,3
1698,0
1699,2
1700,1
1701,1
1702,7
1703,1
1704,5
1705,6
1706,2
1707,2
1708,5
1709,5
1710,5
1711,1
1712,4
1713,4
1714,3
1715,4
1716,3
1717,3
1718,2
1719,5
1720,4
1721,6
1722,1
1723,0
1724,1
1725,2
1726,1
1727,1
1728,2
1729,2
1730,6
1731,3
1732,4
1733,3
1734,2
1735,0
1736,3
1737,3
1738,1
1739,3
1740,3
1741,6
1742,1
1743,2
1744,7
1745,2
1746,5
1747,3
1748,4
1749,5
1750,1
1751,3
1752,1
1753,0
1754,2
1755,5
1756,3
1757,3
1758,1
1759,1
1760,0
1761,0
1762,3
1763,2
1764,6
1765,2
1766,1
1767,1
1768,3
1769,2
1770,1
1771,5
1772,1
1773,0
1774,0
1775,5
1776,2
1777,4
1778,1
1779,5
1780,2
1781,0
1782,1
1783,2
1784,2
1785,4
1786,8
1787,0
1788,4
1789,2
1790,2
1791,1
1792,4
1793,3
1794,1
1795,0
1796,1
1797,5
1798,1
1799,0
1800,0
1801,0
1802,2
1803,5
1804,0
1805,4
1806,1
1807,1
1808,3
1809,3
1810,1
1811,4
1812,1
1813,3
1814,2
1815,1
1816,1
1817,5
1818,10
1819,3
1820,6
1821,3
1822,1
1823,1
1824,1
1825,0
1826,3
1827,0
1828,1
1829,2
1830,8
1831,2
1832,3
1833,1
1834,1
1835,3
1836,4
1837,4
1838,3
1839,3
1840,1
1841,5
1842,1
1843,2
1844,8
1845,7
1846,6
1847,0
1848,2
1849,0
1850,1
1851,4
1852,3
1853,3
1854,7
1855,3
1856,1
1857,3
1858,4
1859,2
1860,1
1861,1
1862,9
1863,3
1864,5
1865,1
1866,1
1867,1
1868,2
1869,5
1870,3
1871,0
1872,1
1873,0
1874,4
1875,3
1876,3
1877,0
1878,3
1879,1
1880,1
1881,7
1882,0
1883,5
1884,3
1885,1
1886,4
1887,5
1888,1
1889,5
1890,3
1891,1
1892,0
1893,0
1894,2
1895,4
1896,3
1897,1
1898,2
1899,0
1900,3
1901,6
1902,3
1903,0
1904,1
1905,7
1906,0
1907,1
1908,1
1909,0
1910,2
1911,4
1912,2
1913,3
1914,1
1915,2
1916,2
1917,1
1918,2
1919,5
1920,0
1921,2
1922,2
1923,0
1924,4
1925,3
1926,0
1927,5
1928,1
1929,1
1930,1
1931,4
1932,3
1933,3
1934,2
1935,4
1936,3
1937,2
1938,1
1939,2
1940,5
1941,3
1942,3
1943,2
1944,5
1945,4
1946,5
1947,5
1948,2
1949,4
1950,3
1951,2
1952,2
1953,5
1954,3
1955,2
1956,4
1957,4
1958,6
1959,2
1960,3
1961,0
1962,2
1963,3
1964,2
1965,4
1966,4
1967,2
1968,0
1969,2
1970,0
1971,1
1972,0
1973,3
1974,1
1975,1
1976,5
1977,2
1978,5
1979,3
1980,1
1981,2
1982,5
1983,4
1984,0
1985,1
1986,3
1987,4
1988,3
1989,4
1990,4
1991,0
1992,2
1993,5
1994,0
1995,3
1996,1
1997,5
1998,1
1999,2
2000,1
2001,6
2002,2
2003,6
2004,3
2005,5
2006,1
2007,4
2008,5
2009,3
2010,1
2011,6
2012,2
2013,2
2014,2
2015,6
2016,6
2017,4
2018,1
2019,3
2020,2
2021,2
2022,2
2023,4
2024,4
2025,0
2026,2
2027,6
2028,3
2029,5
2030,4
2031,6
2032,2
2033,1
2034,4
2035,0
2036,1
2037,1
2038,3
2039,2
2040,5
2041,4
2042,5
2043,2
2044,5
2045,2
2046,4
2047,0
2048,0
2049,1
2050,0
2051,0
2052,3
2053,1
2054,6
2055,3
2056,0
2057,4
2058,4
2059,2
2060,0
2061,3
2062,3
2063,0
2064,0
2065,4
2066,2
2067,5
2068,1
2069,3
2070,6
2071,5
2072,4
2073,0
2074,1
2075,0
2076,2
2077,2
2078,1
2079,1
2080,0
2081,6
2082,1
2083,4
2084,4
2085,2
2086,4
2087,0
2088,0
2089,4
2090,6
2091,4
2092,3
2093,1
2094,2
2095,4
2096,0
2097,0
2098,3
2099,3
2100,5
2101,0
2102,1
2103,4
2104,2
2105,0
2106,0
2107,0
2108,2
2109,2
2110,0
2111,4
2112,0
2113,2
2114,2
2115,2
2116,4
2117,2
2118,5
2119,3
2120,2
2121,1
2122,0
2123,0
2124,2
2125,1
2126,4
2127,1
2128,5
2129,4
2130,1
2131,1
2132,2
2133,3
2134,1
2135,2
2136,2
2137,7
2138,3
2139,4
2140,0
2141,3
2142,4
2143,3
2144,5
2145,4
2146,6
2147,4
2148,6
2149,1
2150,2
2151,4
2152,6
2153,4
2154,4
2155,3
2156,4
2157,1
2158,3
2159,4
2160,12
2161,3
2162,6
2163,1
2164,1
2165,5
2166,6
2167,2
2168,6
2169,5
2170,2
2171,6
2172,7
2173,2
2174,6
2175,4
2176,3
2177,3
2178,1
2179,1
2180,3
2181,0
2182,3
2183,1
2184,1
2185,4
2186,2
2187,4
2188,5
2189,2
2190,4
2191,3
2192,5
2193,3
2194,0
2195,2
2196,7
2197,2
2198,2
2199,3
2200,1
2201,2
2202,1
2203,1
2204,2
2205,0
2206,1
2207,4
2208,0
2209,3
2210,0
2211,2
2212,2
2213,1
2214,0
2215,3
2216,5
2217,5
2218,1
2219,2
2220,4
2221,1
2222,2
2223,4
2224,5
2225,1
2226,1
2227,2
2228,2
2229,3
2230,4
2231,3
2232,1
2233,4
2234,4
2235,2
2236,3
2237,2
2238,0
2239,2
2240,2
2241,0
2242,1
2243,2
2244,4
2245,2
2246,0
2247,1
2248,2
2249,1
2250,5
2251,2
2252,1
2253,4
2254,5
2255,2
2256,0
2257,3
2258,4
2259,3
2260,2
2261,0
2262,0
2263,0
2264,0
2265,4
2266,3
2267,2
2268,6
2269,1
2270,7
2271,5
2272,4
2273,5
2274,2
2275,4
2276,3
2277,5
2278,4
2279,2
2280,1
2281,0
2282,2
2283,2
2284,3
2285,7
2286,1
2287,0
2288,4
2289,4
2290,1
2291,5
2292,4
2293,1
2294,0
2295,1
2296,1
2297,2
2298,2
2299,1
2300,4
2301,10
2302,1
2303,5
2304,3
2305,3
2306,1
2307,3
2308,0
2309,3
2310,2
2311,2
2312,4
2313,1
2314,2
2315,0
2316,6
2317,3
2318,5
2319,5
2320,6
2321,4
2322,5
2323,5
2324,0
2325,7
2326,1
2327,1
2328,0
2329,3
2330,1
2331,0
2332,2
2333,3
2334,0
2335,1
2336,4
2337,5
2338,1
2339,3
2340,4
2341,6
2342,2
2343,2
2344,6
2345,2
2346,0
2347,1
2348,7
2349,2
2350,7
2351,0
2352,0
2353,2
2354,2
2355,2
2356,3
2357,3
2358,5
2359,0
2360,0
2361,2
2362,3
2363,5
2364,1
2365,3
2366,0
2367,5
2368,0
2369,3
2370,2
2371,5
2372,1
2373,4
2374,0
2375,3
2376,1
2377,3
2378,2
2379,3
2380,0
2381,1
2382,3
2383,3
2384,1
2385,0
2386,6
2387,1
2388,3
2389,1
2390,0
2391,0
2392,3
2393,3
2394,3
2395,6
2396,4
2397,3
2398,1
2399,2
2400,1
2401,2
2402,5
2403,2
2404,3
2405,0
2406,4
2407,3
2408,6
2409,2
2410,2
2411,6
2412,2
2413,3
2414,2
2415,0
2416,3
2417,3
2418,4
2419,0
2420,6
2421,8
2422,2
2423,2
2424,1
2425,2
2426,7
2427,3
2428,3
2429,1
2430,0
2431,1
2432,1
2433,4
2434,4
2435,0
2436,1
2437,3
2438,0
2439,2
2440,3
2441,4
2442,3
2443,1
2444,3
2445,3
2446,1
2447,1
2448,2
2449,1
2450,3
2451,2
2452,1
2453,6
2454,3
2455,0
2456,4
2457,2
2458,3
2459,2
2460,1
2461,5
2462,2
2463,3
2464,6
2465,0
2466,4
2467,5
2468,1
2469,4
2470,4
2471,5
2472,3
2473,4
2474,3
2475,3
2476,2
2477,1
2478,2
2479,0
2480,5
2481,3
2482,1
2483,0
2484,4
2485,5
2486,1
2487,6
2488,2
2489,4
2490,8
2491,3
2492,4
2493,5
2494,3
2495,4
2496,5
2497,5
2498,1
2499,1
2500,2
2501,3
2502,2
2503,5
2504,3
2505,2
2506,2
2507,3
2508,0
2509,5
2510,6
2511,1
2512,0
2513,1
2514,1
2515,3
2516,1
2517,3
2518,2
2519,4
2520,1
2521,3
2522,3
2523,1
2524,2
2525,2
2526,2
2527,4
2528,1
2529,2
2530,1
2531,1
2532,3
2533,3
2534,2
2535,2
2536,3
2537,1
2538,5
2539,2
2540,3
2541,3
2542,1
2543,7
2544,3
2545,3
2546,3
2547,6
2548,3
2549,0
2550,1
2551,0
2552,4
2553,6
2554,5
2555,4
2556,6
2557,3
2558,1
2559,3
2560,3
2561,4
2562,4
2563,3
2564,0
2565,3
2566,7
2567,1
2568,5
2569,4
2570,6
2571,6
2572,3
2573,2
2574,5
2575,5
2576,3
2577,5
2578,7
2579,0
2580,6
2581,5
2582,3
2583,1
2584,3
2585,5
2586,0
2587,1
2588,6
2589,5
2590,1
2591,3
2592,3
2593,5
2594,2
2595,0
2596,4
2597,4
2598,6
2599,0
2600,3
2601,4
2602,3
2603,1
2604,3
2605,1
2606,2
2607,1
2608,3
2609,3
2610,7
2611,1
2612,2
2613,5
2614,4
2615,0
2616,2
2617,1
2618,0
2619,3
2620,3
2621,1
2622,3
2623,3
2624,1
2625,5
2626,4
2627,2
2628,1
2629,0
2630,2
2631,3
2632,2
2633,1
2634,3
2635,2
2636,3
2637,0
2638,2
2639,7
2640,5
2641,3
2642,3
2643,1
2644,0
2645,2
2646,2
2647,3
2648,1
2649,4
2650,3
2651,3
2652,5
2653,3
2654,1
2655,2
2656,2
2657,0
2658,2
2659,1
2660,4
2661,1
2662,0
2663,0
2664,1
2665,0
2666,6
2667,3
2668,2
2669,0
2670,3
2671,0
2672,4
2673,4
2674,1
2675,1
2676,0
2677,2
2678,1
2679,3
2680,4
2681,2
2682,0
2683,2
2684,0
2685,2
2686,2
2687,4
2688,1
2689,3
2690,5
2691,8
2692,2
2693,0
2694,3
2695,6
2696,1
2697,6
2698,1
2699,1
2700,2
2701,4
2702,5
2703,3
2704,5
2705,2
2706,0
2707,2
2708,3
2709,3
2710,2
2711,1
2712,3
2713,2
2714,0
2715,4
2716,1
2717,3
2718,4
2719,3
2720,4
2721,2
2722,2
2723,2
2724,3
2725,2
2726,5
2727,3
2728,2
2729,0
2730,1
2731,3
2732,1
2733,0
2734,3
2735,2
2736,3
2737,2
2738,6
2739,4
2740,1
2741,1
2742,2
2743,1
2744,0
2745,5
2746,2
2747,2
2748,3
2749,6
2750,3
2751,1
2752,1
2753,3
2754,5
2755,1
2756,2
2757,0
2758,1
2759,1
2760,4
2761,4
2762,2
2763,1
2764,2
2765,5
2766,5
2767,1
2768,1
2769,3
2770,1
2771,3
2772,9
2773,2
2774,2
2775,1
2776,3
2777,2
2778,2
2779,0
2780,0
2781,3
2782,4
2783,2
2784,2
2785,2
2786,2
2787,5
2788,5
2789,3
2790,0
2791,2
2792,4
2793,0
2794,1
2795,5
2796,3
2797,1
2798,3
2799,9
2800,1
2801,2
2802,2
2803,3
2804,3
2805,2
2806,5
2807,3
2808,1
2809,4
2810,2
2811,0
2812,3
2813,0
2814,3
2815,0
2816,0
2817,0
2818,5
2819,3
2820,3
2821,2
2822,6
2823,2
2824,2
2825,4
2826,2
2827,2
2828,4
2829,2
2830,2
2831,0
2832,3
2833,7
2834,3
2835,2
2836,3
2837,4
2838,7
2839,5
2840,1
2841,3
2842,2
2843,4
2844,1
2845,3
2846,1
2847,1
2848,5
2849,5
2850,2
2851,4
2852,3
2853,2
2854,2
2855,6
2856,0
2857,1
2858,2
2859,2
2860,3
2861,3
2862,2
2863,3
2864,4
2865,7
2866,2
2867,5
2868,3
2869,1
2870,1
2871,2
2872,0
2873,3
2874,7
2875,0
2876,1
2877,9
2878,4
2879,1
2880,1
2881,0
2882,2
2883,5
2884,2
2885,2
2886,2
2887,2
2888,0
2889,3
2890,6
2891,2
2892,2
2893,3
2894,1
2895,4
2896,3
2897,6
2898,2
2899,2
2900,1
2901,2
2902,5
2903,5
2904,1
2905,5
2906,4
2907,7
2908,2
2909,6
2910,1
2911,6
2912,3
2913,2
2914,2
2915,6
2916,2
2917,0
2918,8
2919,4
2920,5
2921,2
2922,1
2923,1
2924,1
2925,4
2926,4
2927,2
2928,4
2929,4
2930,3
2931,5
2932,5
2933,4
2934,1
2935,1
2936,4
2937,2
2938,4
2939,1
2940,1
2941,0
2942,1
2943,2
2944,3
2945,2
2946,2
2947,5
2948,4
2949,3
2950,9
2951,8
2952,6
2953,5
2954,3
2955,3
2956,5
2957,5
2958,1
2959,7
2960,6
2961,1
2962,2
2963,0
2964,10
2965,0
2966,5
2967,3
2968,3
2969,11
2970,0
2971,0
2972,4
2973,5
2974,2
2975,3
2976,4
2977,5
2978,4
2979,2
2980,0
2981,3
2982,6
2983,2
2984,6
2985,2
2986,6
2987,7
2988,4
2989,3
2990,6
2991,5
2992,3
2993,3
2994,3
2995,0
2996,2
2997,3
2998,1
2999,2
3000,4
3001,1
3002,7
3003,2
3004,2
3005,1
3006,1
3007,2
3008,2
3009,0
3010,0
3011,1
3012,3
3013,4
3014,5
3015,2
3016,0
3017,0
3018,4
3019,2
3020,4
3021,1
3022,3
3023,3
3024,5
3025,1
3026,1
3027,2
3028,1
3029,4
3030,1
3031,0
3032,3
3033,5
3034,1
3035,9
3036,3
3037,1
3038,0
3039,0
3040,1
3041,2
3042,2
3043,8
3044,3
3045,3
3046,3
3047,4
3048,1
3049,0
3050,2
3051,4
3052,3
3053,4
3054,2
3055,1
3056,2
3057,4
3058,1
3059,3
3060,4
3061,1
3062,6
3063,2
3064,0
3065,1
3066,4
3067,7
3068,4
3069,4
3070,3
3071,0
3072,1
3073,4
3074,2
3075,2
3076,3
3077,1
3078,3
3079,0
3080,2
3081,7
3082,0
3083,2
3084,4
3085,6
3086,4
3087,2
3088,1
3089,1
3090,3
3091,4
3092,0
3093,1
3094,2
3095,2
3096,1
3097,3
3098,2
3099,0
3100,0
3101,1
3102,1
3103,1
3104,2
3105,5
3106,6
3107,2
3108,3
3109,0
3110,5
3111,2
3112,1
3113,2
3114,0
3115,3
3116,1
3117,1
3118,5
3119,6
3120,6
3121,2
3122,5
3123,4
3124,4
3125,1
3126,0
3127,3
3128,5
3129,6
3130,2
3131,2
3132,3
3133,6
3134,2
3135,4
3136,3
3137,0
3138,2
3139,0
3140,3
3141,2
3142,1
3143,4
3144,4
3145,4
3146,3
3147,1
3148,0
3149,2
3150,1
3151,2
3152,2
3153,4
3154,5
3155,0
3156,0
3157,6
3158,4
3159,3
3160,0
3161,4
3162,6
3163,2
3164,3
3165,6
3166,4
3167,3
3168,4
3169,2
3170,0
3171,3
3172,0
3173,1
3174,1
3175,2
3176,6
3177,4
3178,0
3179,1
3180,1
3181,0
3182,3
3183,7
3184,0
3185,0
3186,3
3187,3
3188,1
3189,4
3190,4
3191,1
3192,1
3193,6
3194,1
3195,0
3196,4
3197,1
3198,1
3199,3
3200,5
3201,3
3202,2
3203,1
3204,1
3205,3
3206,6
3207,4
3208,3
3209,1
3210,3
3211,0
3212,2
3213,7
3214,2
3215,1
3216,2
3217,2
3218,2
3219,0
3220,3
3221,2
3222,2
3223,4
3224,1
3225,5
3226,1
3227,3
3228,1
3229,1
3230,3
3231,2
3232,2
3233,1
3234,1
3235,0
3236,1
3237,1
3238,5
3239,2
3240,2
3241,3
3242,2
3243,4
3244,0
3245,5
3246,0
3247,3
3248,4
3249,2
3250,5
3251,2
3252,4
3253,0
3254,1
3255,4
3256,6
3257,4
3258,3
3259,4
3260,1
3261,1
3262,1
3263,3
3264,3
3265,4
3266,9
3267,7
3268,4
3269,4
3270,4
3271,4
3272,2
3273,1
3274,4
3275,5
3276,2
3277,5
3278,3
3279,4
3280,4
3281,2
3282,4
3283,4
3284,1
3285,1
3286,3
3287,7
3288,2
3289,4
3290,3
3291,7
3292,0
3293,4
3294,3
3295,2
3296,2
3297,3
3298,7
3299,1
3300,0
3301,6
3302,4
3303,0
3304,8
3305,1
3306,3
3307,2
3308,1
3309,2
3310,0
3311,2
3312,4
3313,1
3314,5
3315,4
3316,1
3317,4
3318,0
3319,0
3320,1
3321,4
3322,4
3323,1
3324,2
3325,1
3326,2
3327,2
3328,4
3329,7
3330,4
3331,3
3332,3
3333,2
3334,5
3335,1
3336,2
3337,4
3338,1
3339,7
