0,0
1,0
2,1
3,0
4,0
5,2
6,1
7,0
8,0
9,2
10,1
11,3
12,0
13,1
14,0
15,1
16,1
17,2
18,0
19,0
20,0
21,0
22,2
23,0
24,0
25,2
26,0
27,0
28,0
29,1
30,0
31,1
32,4
33,0
34,1
35,0
36,0
37,2
38,1
39,0
40,0
41,0
42,0
43,0
44,0
45,0
46,3
47,0
48,2
49,0
50,0
51,0
52,0
53,1
54,4
55,0
56,0
57,0
58,1
59,0
60,1
61,4
62,1
63,0
64,0
65,1
66,0
67,0
68,2
69,0
70,0
71,0
72,3
73,4
74,0
75,3
76,0
77,0
78,2
79,0
80,0
81,0
82,0
83,0
84,0
85,0
86,1
87,1
88,0
89,1
90,0
91,3
92,0
93,0
94,1
95,0
96,0
97,0
98,2
99,3
100,1
101,0
102,2
103,0
104,1
105,0
106,0
107,0
108,0
109,0
110,0
111,0
112,1
113,2
114,0
115,0
116,0
117,0
118,0
119,1
120,0
121,0
122,0
123,0
124,0
125,0
126,1
127,0
128,0
129,0
130,0
131,0
132,4
133,0
134,0
135,2
136,3
137,2
138,1
139,2
140,0
141,0
142,2
143,1
144,0
145,0
146,0
147,0
148,0
149,0
150,0
151,4
152,0
153,1
154,0
155,1
156,0
157,0
158,0
159,0
160,0
161,0
162,0
163,1
164,0
165,0
166,1
167,0
168,0
169,0
170,0
171,0
172,0
173,0
174,0
175,0
176,0
177,0
178,0
179,0
180,0
181,0
182,0
183,0
184,0
185,2
186,0
187,0
188,1
189,1
190,0
191,0
192,0
193,0
194,0
195,0
196,0
197,0
198,0
199,0
200,0
201,0
202,0
203,0
204,0
205,1
206,3
207,0
208,0
209,0
210,0
211,0
212,0
213,0
214,0
215,0
216,0
217,0
218,0
219,1
220,2
221,2
222,1
223,1
224,0
225,2
226,3
227,0
228,0
229,3
230,1
231,0
232,0
233,0
234,0
235,0
236,1
237,0
238,0
239,3
240,0
241,2
242,0
243,0
244,0
245,0
246,0
247,0
248,1
249,0
250,4
251,0
252,0
253,0
254,0
255,0
256,0
257,0
258,0
259,0
260,1
261,0
262,0
263,0
264,0
265,1
266,0
267,1
268,0
269,0
270,1
271,1
272,0
273,0
274,0
275,0
276,0
277,2
278,0
279,1
280,1
281,0
282,2
283,0
284,0
285,0
286,0
287,0
288,1
289,3
290,0
291,0
292,0
293,0
294,3
295,0
296,1
297,2
298,1
299,0
300,2
301,3
302,1
303,0
304,1
305,2
306,2
307,0
308,2
309,0
310,3
311,0
312,1
313,0
314,2
315,2
316,3
317,0
318,0
319,2
320,2
321,2
322,4
323,1
324,2
325,0
326,1
327,0
328,2
329,0
330,2
331,1
332,4
333,0
334,0
335,0
336,1
337,0
338,5
339,0
340,0
341,0
342,2
343,2
344,2
345,1
346,1
347,0
348,0
349,0
350,2
351,0
352,0
353,2
354,1
355,1
356,0
357,0
358,1
359,0
360,2
361,3
362,1
363,1
364,0
365,1
366,4
367,0
368,0
369,0
370,0
371,0
372,1
373,0
374,1
375,1
376,0
377,0
378,1
379,1
380,0
381,4
382,2
383,0
384,2
385,0
386,0
387,0
388,2
389,0
390,0
391,1
392,2
393,0
394,0
395,0
396,2
397,0
398,0
399,0
400,0
401,4
402,3
403,3
404,1
405,0
406,0
407,0
408,1
409,2
410,0
411,0
412,2
413,0
414,0
415,2
416,0
417,0
418,0
419,0
420,1
421,0
422,2
423,0
424,0
425,1
426,2
427,1
428,1
429,1
430,3
431,2
432,2
433,0
434,1
435,0
436,2
437,0
438,0
439,0
440,0
441,2
442,0
443,2
444,5
445,1
446,1
447,3
448,0
449,1
450,0
451,1
452,1
453,1
454,1
455,0
456,1
457,1
458,2
459,0
460,0
461,1
462,0
463,0
464,0
465,1
466,0
467,0
468,2
469,0
470,0
471,1
472,1
473,0
474,0
475,1
476,1
477,1
478,2
479,1
480,1
481,0
482,0
483,0
484,4
485,2
486,0
487,1
488,2
489,0
490,3
491,1
492,3
493,1
494,0
495,0
496,0
497,2
498,0
499,0
500,1
501,1
502,3
503,1
504,2
505,0
506,3
507,4
508,2
509,0
510,0
511,3
512,0
513,0
514,3
515,0
516,1
517,4
518,0
519,0
520,0
521,0
522,0
523,2
524,0
525,0
526,1
527,1
528,1
529,1
530,0
531,0
532,0
533,0
534,0
535,0
536,0
537,2
538,0
539,0
540,0
541,2
542,1
543,0
544,0
545,3
546,0
547,1
548,2
549,0
550,1
551,3
552,0
553,1
554,0
555,0
556,2
557,3
558,2
559,0
560,0
561,1
562,1
563,0
564,0
565,0
566,0
567,1
568,3
569,1
570,0
571,0
572,1
573,1
574,0
575,2
576,0
577,0
578,0
579,0
580,3
581,1
582,1
583,0
584,0
585,4
586,0
587,0
588,0
589,1
590,4
591,0
592,0
593,1
594,0
595,0
596,2
597,2
598,1
599,0
600,0
601,1
602,2
603,2
604,0
605,0
606,0
607,2
608,3
609,0
610,0
611,2
612,0
613,3
614,0
615,0
616,0
617,1
618,0
619,0
620,0
621,0
622,0
623,2
624,0
625,1
626,0
627,0
628,1
629,0
630,0
631,2
632,0
633,0
634,1
635,1
636,0
637,0
638,0
639,3
640,0
641,0
642,0
643,1
644,0
645,0
646,2
647,0
648,0
649,0
650,1
651,2
652,0
653,0
654,0
655,1
656,0
657,0
658,0
659,0
660,1
661,1
662,0
663,0
664,2
665,0
666,3
667,0
668,0
669,0
670,1
671,0
672,1
673,0
674,1
675,1
676,0
677,3
678,0
679,1
680,2
681,0
682,0
683,3
684,1
685,1
686,0
687,0
688,0
689,0
690,0
691,0
692,0
693,0
694,0
695,0
696,1
697,0
698,1
699,0
700,2
701,0
702,1
703,0
704,1
705,0
706,2
707,0
708,1
709,0
710,2
711,0
712,0
713,1
714,1
715,1
716,1
717,2
718,0
719,0
720,0
721,0
722,0
723,1
724,1
725,0
726,0
727,0
728,1
729,2
730,1
731,1
732,1
733,0
734,0
735,2
736,0
737,0
738,0
739,1
740,0
741,0
742,0
743,0
744,1
745,1
746,0
747,0
748,3
749,0
750,1
751,2
752,0
753,0
754,1
755,1
756,0
757,1
758,3
759,2
760,3
761,1
762,0
763,1
764,0
765,4
766,0
767,0
768,0
769,1
770,0
771,5
772,0
773,2
774,1
775,1
776,1
777,1
778,0
779,1
780,0
781,0
782,2
783,1
784,0
785,0
786,1
787,1
788,0
789,0
790,0
791,2
792,2
793,2
794,2
795,0
796,1
797,0
798,0
799,1
800,0
801,0
802,0
803,1
804,0
805,0
806,0
807,2
808,0
809,0
810,0
811,0
812,0
813,0
814,1
815,0
816,2
817,0
818,2
819,1
820,1
821,0
822,0
823,0
824,2
825,4
826,1
827,1
828,2
829,4
830,0
831,0
832,0
833,1
834,1
835,0
836,0
837,1
838,2
839,1
840,0
841,0
842,1
843,1
844,1
845,0
846,0
847,0
848,0
849,0
850,0
851,1
852,0
853,1
854,0
855,0
856,0
857,3
858,1
859,2
860,1
861,0
862,0
863,3
864,0
865,0
866,0
867,4
868,1
869,0
870,0
871,1
872,0
873,0
874,0
875,1
876,0
877,4
878,2
879,1
880,0
881,2
882,0
883,0
884,0
885,2
886,0
887,1
888,0
889,2
890,3
891,1
892,0
893,1
894,0
895,0
896,1
897,1
898,3
899,3
900,0
901,0
902,0
903,1
904,1
905,0
906,0
907,0
908,1
909,3
910,0
911,1
912,0
913,0
914,0
915,0
916,0
917,0
918,0
919,1
920,0
921,2
922,2
923,0
924,0
925,1
926,0
927,0
928,1
929,0
930,1
931,1
932,3
933,0
934,2
935,0
936,1
937,0
938,4
939,0
940,0
941,0
942,0
943,1
944,0
945,0
946,1
947,0
948,1
949,0
950,1
951,0
952,0
953,0
954,1
955,1
956,1
957,0
958,0
959,0
960,1
961,0
962,0
963,0
964,0
965,0
966,0
967,0
968,0
969,0
970,3
971,0
972,1
973,1
974,0
975,0
976,0
977,0
978,0
979,1
980,0
981,1
982,0
983,2
984,1
985,0
986,0
987,0
988,0
989,0
990,0
991,0
992,2
993,0
994,0
995,0
996,0
997,1
998,0
999,2
1000,0
1001,1
1002,0
1003,0
1004,2
1005,0
1006,0
1007,1
1008,1
1009,0
1010,0
1011,0
1012,0
1013,0
1014,0
1015,0
1016,1
1017,0
1018,0
1019,1
1020,0
1021,0
1022,0
1023,0
1024,0
1025,0
1026,0
1027,0
1028,0
1029,0
1030,1
1031,2
1032,0
1033,0
1034,1
1035,0
1036,0
1037,0
1038,4
1039,0
1040,0
1041,0
1042,0
1043,2
1044,0
1045,0
1046,0
1047,1
1048,0
1049,2
1050,0
1051,0
1052,0
1053,0
1054,0
1055,0
1056,0
1057,0
1058,0
1059,0
1060,0
1061,0
1062,0
1063,0
1064,1
1065,0
1066,1
1067,0
1068,0
1069,1
1070,0
1071,0
1072,1
1073,0
1074,0
1075,1
1076,1
1077,1
1078,0
1079,0
1080,0
1081,0
1082,0
1083,0
1084,0
1085,0
1086,0
1087,1
1088,0
1089,0
1090,0
1091,2
1092,3
1093,0
1094,0
1095,0
1096,0
1097,0
1098,1
1099,0
1100,0
1101,1
1102,0
1103,2
1104,0
1105,0
1106,0
1107,1
1108,0
1109,1
1110,0
1111,1
1112,0
1113,0
1114,0
1115,0
1116,0
1117,0
1118,0
1119,0
1120,1
1121,0
1122,0
1123,0
1124,0
1125,1
1126,1
1127,0
1128,0
1129,1
1130,0
1131,0
1132,3
1133,0
1134,0
1135,0
1136,0
1137,0
1138,0
1139,3
1140,0
1141,1
1142,0
1143,0
1144,0
1145,0
1146,0
1147,1
1148,0
1149,0
1150,0
1151,2
1152,0
1153,2
1154,1
1155,0
1156,0
1157,2
1158,0
1159,0
1160,0
1161,0
1162,0
1163,2
1164,0
1165,0
1166,0
1167,0
1168,1
1169,1
1170,0
1171,0
1172,2
1173,0
1174,2
1175,0
1176,0
1177,0
1178,0
1179,2
1180,0
1181,1
1182,0
1183,1
1184,3
1185,0
1186,0
1187,0
1188,0
1189,0
1190,0
1191,1
1192,0
1193,0
1194,0
1195,0
1196,1
1197,1
1198,0
1199,3
1200,0
1201,0
1202,0
1203,0
1204,1
1205,1
1206,1
1207,0
1208,0
1209,0
1210,0
1211,0
1212,6
1213,2
1214,0
1215,0
1216,2
1217,0
1218,0
1219,3
1220,0
1221,1
1222,0
1223,0
1224,2
1225,1
1226,2
1227,0
1228,4
1229,0
1230,0
1231,0
1232,3
1233,2
1234,0
1235,1
1236,1
1237,1
1238,1
1239,0
1240,0
1241,0
1242,2
1243,1
1244,2
1245,3
1246,0
1247,1
1248,5
1249,0
1250,1
1251,0
1252,0
1253,0
1254,1
1255,0
1256,0
1257,0
1258,2
1259,1
1260,0
1261,0
1262,0
1263,2
1264,1
1265,2
1266,0
1267,0
1268,0
1269,0
1270,0
1271,1
1272,0
1273,0
1274,1
1275,1
1276,2
1277,0
1278,0
1279,0
1280,1
1281,0
1282,3
1283,1
1284,1
1285,1
1286,4
1287,9
1288,1
1289,4
1290,0
1291,2
1292,0
1293,2
1294,1
1295,0
1296,0
1297,1
1298,0
1299,2
1300,0
1301,1
1302,4
1303,1
1304,2
1305,1
1306,0
1307,0
1308,4
1309,1
1310,4
1311,2
1312,0
1313,0
1314,1
1315,0
1316,1
1317,1
1318,1
1319,0
1320,0
1321,0
1322,1
1323,0
1324,0
1325,3
1326,0
1327,2
1328,0
1329,2
1330,0
1331,0
1332,0
1333,1
1334,0
1335,1
1336,0
1337,2
1338,0
1339,0
1340,0
1341,1
1342,3
1343,3
1344,1
1345,0
1346,0
1347,3
1348,0
1349,0
1350,0
1351,1
1352,1
1353,1
1354,0
1355,2
1356,0
1357,0
1358,0
1359,0
1360,0
1361,1
1362,0
1363,0
1364,2
1365,0
1366,1
1367,2
1368,2
1369,1
1370,0
1371,1
1372,2
1373,3
1374,3
1375,1
1376,1
1377,0
1378,0
1379,0
1380,0
1381,0
1382,1
1383,2
1384,0
1385,1
1386,0
1387,2
1388,0
1389,0
1390,2
1391,0
1392,0
1393,1
1394,0
1395,0
1396,0
1397,0
1398,0
1399,0
1400,0
1401,0
1402,2
1403,0
1404,0
1405,0
1406,0
1407,0
1408,2
1409,3
1410,1
1411,1
1412,1
1413,0
1414,1
1415,0
1416,2
1417,0
1418,3
1419,1
1420,0
1421,0
1422,0
1423,3
1424,0
1425,1
1426,1
1427,0
1428,3
1429,0
1430,0
1431,0
1432,1
1433,3
1434,1
1435,0
1436,0
1437,0
1438,1
1439,1
1440,2
1441,0
1442,1
1443,1
1444,2
1445,4
1446,0
1447,6
1448,0
1449,0
1450,1
1451,0
1452,0
1453,1
1454,0
1455,1
1456,0
1457,1
1458,0
1459,0
1460,0
1461,1
1462,0
1463,0
1464,0
1465,0
1466,4
1467,4
1468,0
1469,0
1470,2
1471,0
1472,0
1473,0
1474,1
1475,0
1476,1
1477,1
1478,2
1479,1
1480,1
1481,0
1482,0
1483,1
1484,0
1485,0
1486,0
1487,1
1488,0
1489,0
1490,0
1491,0
1492,0
1493,0
1494,3
1495,0
1496,0
1497,0
1498,0
1499,3
1500,0
1501,4
1502,2
1503,0
1504,0
1505,1
1506,0
1507,1
1508,0
1509,0
1510,1
1511,1
1512,0
1513,0
1514,1
1515,1
1516,1
1517,0
1518,1
1519,3
1520,0
1521,3
1522,0
1523,3
1524,0
1525,0
1526,1
1527,2
1528,0
1529,1
1530,0
1531,1
1532,0
1533,0
1534,1
1535,0
1536,0
1537,1
1538,0
1539,0
1540,0
1541,1
1542,3
1543,0
1544,0
1545,0
1546,1
1547,0
1548,0
1549,2
1550,2
1551,0
1552,1
1553,1
1554,2
1555,3
1556,2
1557,0
1558,0
1559,0
1560,2
1561,3
1562,1
1563,0
1564,0
1565,0
1566,0
1567,1
1568,1
1569,2
1570,0
1571,0
1572,0
1573,2
1574,1
1575,1
1576,1
1577,1
1578,0
1579,0
1580,0
1581,0
1582,0
1583,2
1584,1
1585,2
1586,0
1587,3
1588,0
1589,2
1590,0
1591,0
1592,0
1593,0
1594,0
1595,0
1596,1
1597,1
1598,2
1599,1
1600,0
1601,2
1602,1
1603,1
1604,0
1605,0
1606,2
1607,0
1608,0
1609,0
1610,1
1611,1
1612,0
1613,0
1614,0
1615,0
1616,1
1617,0
1618,1
1619,0
1620,0
1621,0
1622,0
1623,0
1624,1
1625,0
1626,0
1627,0
1628,0
1629,1
1630,2
1631,0
1632,1
1633,1
1634,0
1635,0
1636,0
1637,0
1638,0
1639,0
1640,0
1641,0
1642,0
1643,0
1644,0
1645,1
1646,0
1647,0
1648,2
1649,0
1650,0
1651,0
1652,0
1653,0
1654,0
1655,0
1656,3
1657,0
1658,1
1659,0
1660,0
1661,0
1662,2
1663,1
1664,2
1665,1
1666,0
1667,0
1668,0
1669,1
1670,1
1671,1
1672,1
1673,0
1674,1
1675,2
1676,0
1677,0
1678,0
1679,1
1680,0
1681,1
1682,0
1683,0
1684,0
1685,0
1686,0
1687,0
1688,0
1689,0
1690,0
1691,0
1692,0
1693,0
1694,1
1695,1
1696,0
1697,0
1698,0
1699,1
1700,0
1701,0
1702,0
1703,0
1704,0
1705,0
1706,0
1707,0
1708,2
1709,0
1710,3
1711,2
1712,2
1713,1
1714,2
1715,1
1716,1
1717,1
1718,1
1719,0
1720,0
1721,1
1722,2
1723,1
1724,4
1725,1
1726,1
1727,0
1728,0
1729,0
1730,0
1731,1
1732,0
1733,0
1734,0
1735,0
1736,0
1737,0
1738,1
1739,0
1740,0
1741,2
1742,0
1743,0
1744,0
1745,0
1746,5
1747,0
1748,2
1749,0
1750,0
1751,0
1752,3
1753,0
1754,1
1755,0
1756,0
1757,0
1758,0
1759,0
1760,0
1761,0
1762,1
1763,1
1764,3
1765,2
1766,0
1767,0
1768,0
1769,0
1770,0
1771,4
1772,0
1773,0
1774,1
1775,0
1776,0
1777,4
1778,0
1779,0
1780,2
1781,0
1782,0
1783,0
1784,2
1785,0
1786,0
1787,0
1788,1
1789,0
1790,0
1791,1
1792,0
1793,1
1794,0
1795,0
1796,1
1797,2
1798,0
1799,1
1800,0
1801,1
1802,0
1803,1
1804,0
1805,0
1806,2
1807,1
1808,0
1809,0
1810,0
1811,0
1812,0
1813,0
1814,4
1815,2
1816,0
1817,0
1818,2
1819,0
1820,1
1821,0
1822,0
1823,0
1824,0
1825,0
1826,0
1827,0
1828,0
1829,1
1830,0
1831,0
1832,2
1833,2
1834,0
1835,2
1836,3
1837,0
1838,2
1839,0
1840,0
1841,0
1842,0
1843,0
1844,0
1845,0
1846,4
1847,0
1848,0
1849,0
1850,0
1851,1
1852,0
1853,0
1854,0
1855,0
1856,2
1857,2
1858,1
1859,0
1860,0
1861,1
1862,0
1863,2
1864,1
1865,0
1866,0
1867,0
1868,0
1869,0
1870,2
1871,0
1872,0
1873,0
1874,0
1875,0
1876,1
1877,0
1878,0
1879,0
1880,0
1881,0
1882,1
1883,0
1884,0
1885,1
1886,0
1887,0
1888,0
1889,2
1890,0
1891,0
1892,0
1893,0
1894,0
1895,0
1896,0
1897,0
1898,1
1899,0
1900,0
1901,0
1902,0
1903,0
1904,0
1905,0
1906,0
1907,0
1908,1
1909,0
1910,0
1911,3
1912,3
1913,0
1914,0
1915,0
1916,0
1917,0
1918,0
1919,0
1920,0
1921,0
1922,0
1923,0
1924,0
1925,0
1926,0
1927,0
1928,1
1929,0
1930,0
1931,1
1932,0
1933,0
1934,0
1935,0
1936,0
1937,0
1938,0
1939,0
1940,0
1941,2
1942,0
1943,0
1944,0
1945,0
1946,0
1947,0
1948,0
1949,0
1950,0
1951,0
1952,0
1953,0
1954,1
1955,0
1956,0
1957,0
1958,0
1959,2
1960,0
1961,0
1962,0
1963,1
1964,0
1965,1
1966,0
1967,0
1968,0
1969,0
1970,0
1971,0
1972,0
1973,2
1974,0
1975,0
1976,1
1977,1
1978,0
1979,0
1980,0
1981,1
1982,0
1983,0
1984,0
1985,0
1986,0
1987,0
1988,0
1989,0
1990,0
1991,0
1992,0
1993,0
1994,0
1995,0
1996,0
1997,6
1998,1
1999,0
2000,0
2001,0
2002,0
2003,0
2004,1
2005,1
2006,0
2007,5
2008,3
2009,1
2010,0
2011,0
2012,0
2013,2
2014,0
2015,2
2016,0
2017,0
2018,0
2019,0
2020,2
2021,3
2022,0
2023,0
2024,1
2025,0
2026,0
2027,4
2028,0
2029,2
2030,0
2031,0
2032,1
2033,2
2034,0
2035,0
2036,1
2037,0
2038,0
2039,1
2040,4
2041,2
2042,2
2043,1
2044,2
2045,0
2046,3
2047,0
2048,4
2049,0
2050,0
2051,0
2052,2
2053,0
2054,1
2055,0
2056,0
2057,2
2058,2
2059,0
2060,0
2061,1
2062,5
2063,0
2064,0
2065,2
2066,1
2067,0
2068,2
2069,4
2070,0
2071,1
2072,0
2073,0
2074,0
2075,0
2076,2
2077,1
2078,0
2079,1
2080,0
2081,0
2082,1
2083,0
2084,3
2085,0
2086,2
2087,0
2088,0
2089,0
2090,0
2091,0
2092,0
2093,0
2094,0
2095,2
2096,0
2097,0
2098,0
2099,1
2100,4
2101,0
2102,0
2103,2
2104,4
2105,0
2106,0
2107,0
2108,1
2109,0
2110,0
2111,0
2112,0
2113,0
2114,2
2115,4
2116,4
2117,1
2118,2
2119,0
2120,2
2121,1
2122,0
2123,0
2124,0
2125,0
2126,1
2127,1
2128,2
2129,4
2130,0
2131,0
2132,2
2133,1
2134,0
2135,2
2136,0
2137,2
2138,0
2139,3
2140,1
2141,2
2142,0
2143,0
2144,1
2145,0
2146,3
2147,2
2148,3
2149,0
2150,0
2151,0
2152,3
2153,1
2154,2
2155,0
2156,1
2157,1
2158,0
2159,2
2160,0
2161,4
2162,1
2163,1
2164,0
2165,0
2166,4
2167,4
2168,2
2169,0
2170,1
2171,0
2172,5
2173,0
2174,0
2175,2
2176,0
2177,0
2178,0
2179,0
2180,1
2181,0
2182,0
2183,0
2184,1
2185,3
2186,1
2187,1
2188,1
2189,3
2190,3
2191,1
2192,2
2193,2
2194,0
2195,1
2196,0
2197,1
2198,3
2199,0
2200,0
2201,0
2202,0
2203,1
2204,1
2205,0
2206,0
2207,1
2208,0
2209,0
2210,1
2211,0
2212,0
2213,0
2214,0
2215,0
2216,1
2217,1
2218,2
2219,0
2220,0
2221,0
2222,0
2223,2
2224,2
2225,0
2226,1
2227,1
2228,0
2229,0
2230,0
2231,0
2232,0
2233,0
2234,2
2235,0
2236,0
2237,0
2238,0
2239,0
2240,0
2241,0
2242,0
2243,1
2244,0
2245,0
2246,0
2247,0
2248,1
2249,0
2250,1
2251,0
2252,0
2253,0
2254,0
2255,0
2256,0
2257,2
2258,0
2259,0
2260,0
2261,0
2262,0
2263,0
2264,0
2265,0
2266,2
2267,1
2268,3
2269,0
2270,1
2271,0
2272,3
2273,0
2274,0
2275,0
2276,1
2277,0
2278,1
2279,1
2280,0
2281,0
2282,0
2283,0
2284,0
2285,4
2286,0
2287,0
2288,0
2289,1
2290,0
2291,2
2292,1
2293,1
2294,0
2295,0
2296,0
2297,1
2298,0
2299,1
2300,4
2301,4
2302,0
2303,0
2304,1
2305,0
2306,0
2307,1
2308,0
2309,0
2310,0
2311,1
2312,0
2313,0
2314,0
2315,0
2316,1
2317,1
2318,1
2319,1
2320,0
2321,0
2322,0
2323,1
2324,2
2325,1
2326,0
2327,0
2328,0
2329,0
2330,0
2331,0
2332,1
2333,0
2334,0
2335,0
2336,0
2337,0
2338,0
2339,0
2340,0
2341,0
2342,1
2343,0
2344,3
2345,0
2346,0
2347,1
2348,1
2349,0
2350,0
2351,0
2352,1
2353,0
2354,0
2355,0
2356,2
2357,1
2358,0
2359,0
2360,0
2361,0
2362,0
2363,0
2364,0
2365,1
2366,2
2367,1
2368,0
2369,1
2370,0
2371,1
2372,0
2373,0
2374,0
2375,0
2376,0
2377,1
2378,0
2379,0
2380,1
2381,0
2382,1
2383,0
2384,1
2385,1
2386,2
2387,3
2388,0
2389,4
2390,0
2391,0
2392,1
2393,2
2394,1
2395,0
2396,2
2397,2
2398,0
2399,1
2400,0
2401,0
2402,0
2403,2
2404,0
2405,1
2406,0
2407,0
2408,2
2409,2
2410,0
2411,2
2412,5
2413,0
2414,0
2415,0
2416,0
2417,0
2418,2
2419,0
2420,1
2421,0
2422,3
2423,1
2424,0
2425,0
2426,0
2427,0
2428,0
2429,2
2430,0
2431,1
2432,1
2433,0
2434,0
2435,0
2436,0
2437,0
2438,0
2439,3
2440,0
2441,1
2442,1
2443,1
2444,0
2445,3
2446,1
2447,0
2448,0
2449,1
2450,1
2451,0
2452,0
2453,0
2454,0
2455,0
2456,1
2457,1
2458,0
2459,2
2460,0
2461,0
2462,2
2463,0
2464,0
2465,0
2466,0
2467,0
2468,0
2469,0
2470,1
2471,0
2472,2
2473,0
2474,0
2475,1
2476,0
2477,0
2478,0
2479,0
2480,0
2481,0
2482,0
2483,0
2484,2
2485,0
2486,0
2487,1
2488,0
2489,3
2490,0
2491,0
2492,0
2493,0
2494,2
2495,3
2496,0
2497,0
2498,0
2499,0
2500,0
2501,5
2502,1
2503,1
2504,0
2505,1
2506,0
2507,0
2508,0
2509,0
2510,0
2511,0
2512,0
2513,0
2514,0
2515,0
2516,0
2517,0
2518,0
2519,0
2520,0
2521,0
2522,1
2523,1
2524,0
2525,0
2526,0
2527,2
2528,2
2529,0
2530,0
2531,0
2532,0
2533,2
2534,0
2535,0
2536,0
2537,2
2538,2
2539,0
2540,7
2541,1
2542,0
2543,2
2544,1
2545,0
2546,0
2547,0
2548,0
2549,0
2550,0
2551,1
2552,4
2553,0
2554,1
2555,0
2556,5
2557,1
2558,4
2559,0
2560,0
2561,0
2562,1
2563,1
2564,0
2565,3
2566,1
2567,0
2568,1
2569,4
2570,1
2571,2
2572,0
2573,1
2574,1
2575,2
2576,0
2577,1
2578,0
2579,0
2580,7
2581,0
2582,0
2583,0
2584,0
2585,3
2586,0
2587,5
2588,1
2589,1
2590,0
2591,0
2592,0
2593,0
2594,0
2595,0
2596,0
2597,1
2598,6
2599,0
2600,1
2601,1
2602,0
2603,0
2604,1
2605,0
2606,0
2607,0
2608,0
2609,1
2610,0
2611,0
2612,0
2613,0
2614,1
2615,0
2616,0
2617,0
2618,0
2619,1
2620,1
2621,0
2622,0
2623,2
2624,1
2625,2
2626,0
2627,0
2628,0
2629,0
2630,0
2631,0
2632,1
2633,0
2634,0
2635,0
2636,1
2637,0
2638,0
2639,0
2640,0
2641,0
2642,0
2643,0
2644,0
2645,0
2646,2
2647,0
2648,0
2649,2
2650,0
2651,0
2652,0
2653,0
2654,0
2655,4
2656,3
2657,0
2658,1
2659,0
2660,1
2661,0
2662,0
2663,0
2664,0
2665,0
2666,0
2667,0
2668,0
2669,0
2670,0
2671,0
2672,0
2673,2
2674,0
2675,0
2676,0
2677,0
2678,0
2679,1
2680,0
2681,0
2682,1
2683,0
2684,0
2685,0
2686,0
2687,0
2688,0
2689,0
2690,2
2691,0
2692,0
2693,0
2694,1
2695,3
2696,0
2697,2
2698,0
2699,0
2700,0
2701,2
2702,0
2703,2
2704,1
2705,0
2706,0
2707,0
2708,0
2709,0
2710,0
2711,0
2712,0
2713,0
2714,0
2715,4
2716,0
2717,0
2718,1
2719,2
2720,0
2721,2
2722,0
2723,0
2724,2
2725,2
2726,0
2727,0
2728,0
2729,0
2730,0
2731,0
2732,0
2733,1
2734,1
2735,0
2736,0
2737,2
2738,0
2739,0
2740,3
2741,0
2742,0
2743,0
2744,0
2745,0
2746,0
2747,0
2748,0
2749,0
2750,0
2751,1
2752,1
2753,0
2754,2
2755,0
2756,3
2757,0
2758,0
2759,0
2760,2
2761,0
2762,0
2763,0
2764,0
2765,0
2766,0
2767,1
2768,0
2769,0
2770,0
2771,0
2772,1
2773,0
2774,0
2775,1
2776,0
2777,1
2778,0
2779,0
2780,0
2781,0
2782,1
2783,1
2784,0
2785,0
2786,0
2787,0
2788,0
2789,0
2790,1
2791,0
2792,0
2793,0
2794,0
2795,0
2796,0
2797,0
2798,1
2799,1
2800,0
2801,1
2802,1
2803,0
2804,4
2805,0
2806,0
2807,0
2808,0
2809,0
2810,0
2811,0
2812,1
2813,0
2814,2
2815,0
2816,0
2817,0
2818,2
2819,0
2820,0
2821,0
2822,0
2823,0
2824,6
2825,0
2826,1
2827,4
2828,0
2829,1
2830,0
2831,0
2832,0
2833,0
2834,0
2835,1
2836,0
2837,0
2838,0
2839,1
2840,0
2841,1
2842,0
2843,1
2844,0
2845,1
2846,0
2847,0
2848,1
2849,3
2850,1
2851,0
2852,1
2853,1
2854,1
2855,0
2856,2
2857,0
2858,3
2859,0
2860,0
2861,0
2862,3
2863,0
2864,1
2865,0
2866,0
2867,2
2868,0
2869,2
2870,1
2871,0
2872,3
2873,0
2874,0
2875,0
2876,0
2877,5
2878,2
2879,1
2880,0
2881,0
2882,2
2883,0
2884,0
2885,0
2886,1
2887,0
2888,0
2889,1
2890,0
2891,1
2892,0
2893,0
2894,0
2895,3
2896,0
2897,2
2898,1
2899,0
2900,1
2901,2
2902,4
2903,1
2904,0
2905,3
2906,2
2907,5
2908,0
2909,0
2910,0
2911,2
2912,0
2913,4
2914,0
2915,0
2916,1
2917,0
2918,0
2919,1
2920,4
2921,1
2922,0
2923,0
2924,0
2925,2
2926,3
2927,2
2928,2
2929,1
2930,0
2931,0
2932,1
2933,0
2934,0
2935,0
2936,1
2937,0
2938,2
2939,0
2940,0
2941,1
2942,1
2943,1
2944,1
2945,0
2946,1
2947,2
2948,1
2949,3
2950,3
2951,0
2952,0
2953,2
2954,1
2955,0
2956,2
2957,4
2958,0
2959,3
2960,2
2961,1
2962,1
2963,0
2964,9
2965,0
2966,2
2967,2
2968,1
2969,1
2970,0
2971,0
2972,2
2973,1
2974,0
2975,0
2976,1
2977,0
2978,0
2979,2
2980,0
2981,1
2982,0
2983,3
2984,0
2985,0
2986,0
2987,1
2988,0
2989,0
2990,0
2991,1
2992,3
2993,0
2994,1
2995,3
2996,0
2997,0
2998,0
2999,0
3000,0
3001,2
3002,0
3003,2
3004,2
3005,0
3006,2
3007,0
3008,1
3009,0
3010,0
3011,0
3012,1
3013,0
3014,2
3015,1
3016,0
3017,0
3018,1
3019,0
3020,1
3021,0
3022,1
3023,3
3024,2
3025,0
3026,0
3027,1
3028,0
3029,0
3030,2
3031,0
3032,0
3033,1
3034,0
3035,1
3036,1
3037,2
3038,2
3039,0
3040,0
3041,1
3042,0
3043,3
3044,1
3045,1
3046,0
3047,1
3048,0
3049,0
3050,1
3051,0
3052,0
3053,2
3054,1
3055,0
3056,0
3057,0
3058,0
3059,0
3060,2
3061,1
3062,2
3063,0
3064,0
3065,0
3066,1
3067,2
3068,3
3069,3
3070,0
3071,0
3072,2
3073,1
3074,1
3075,1
3076,1
3077,0
3078,1
3079,0
3080,2
3081,2
3082,0
3083,0
3084,3
3085,1
3086,0
3087,0
3088,3
3089,1
3090,0
3091,1
3092,1
3093,0
3094,0
3095,0
3096,0
3097,2
3098,0
3099,0
3100,0
3101,0
3102,1
3103,0
3104,0
3105,4
3106,0
3107,1
3108,0
3109,0
3110,3
3111,0
3112,0
3113,6
3114,0
3115,1
3116,0
3117,0
3118,2
3119,0
3120,0
3121,0
3122,0
3123,0
3124,0
3125,0
3126,0
3127,1
3128,1
3129,0
3130,0
3131,1
3132,0
3133,1
3134,0
3135,0
3136,0
3137,0
3138,1
3139,0
3140,0
3141,1
3142,0
3143,0
3144,1
3145,0
3146,1
3147,0
3148,0
3149,1
3150,0
3151,0
3152,0
3153,1
3154,0
3155,0
3156,0
3157,0
3158,0
3159,0
3160,0
3161,1
3162,4
3163,1
3164,1
3165,0
3166,0
3167,1
3168,1
3169,2
3170,0
3171,3
3172,0
3173,0
3174,0
3175,0
3176,3
3177,1
3178,1
3179,1
3180,1
3181,0
3182,0
3183,0
3184,0
3185,1
3186,0
3187,1
3188,0
3189,1
3190,0
3191,0
3192,0
3193,1
3194,0
3195,1
3196,1
3197,0
3198,0
3199,1
3200,4
3201,1
3202,2
3203,0
3204,0
3205,2
3206,2
3207,0
3208,0
3209,0
3210,3
3211,0
3212,0
3213,1
3214,0
3215,1
3216,0
3217,0
3218,2
3219,0
3220,0
3221,1
3222,0
3223,3
3224,0
3225,0
3226,0
3227,1
3228,0
3229,0
3230,0
3231,3
3232,1
3233,1
3234,0
3235,0
3236,1
3237,0
3238,0
3239,0
3240,0
3241,0
3242,0
3243,1
3244,1
3245,1
3246,0
3247,2
3248,1
3249,0
3250,0
3251,1
3252,3
3253,0
3254,0
3255,3
3256,0
3257,0
3258,1
3259,2
3260,0
3261,0
3262,0
3263,0
3264,0
3265,0
3266,0
3267,1
3268,1
3269,1
3270,2
3271,3
3272,0
3273,1
3274,0
3275,0
3276,0
3277,2
3278,0
3279,1
3280,0
3281,2
3282,2
3283,0
3284,1
3285,0
3286,0
3287,0
3288,0
3289,0
3290,1
3291,0
3292,0
3293,1
3294,0
3295,0
3296,1
3297,0
3298,0
3299,0
3300,0
3301,0
3302,0
3303,0
3304,0
3305,1
3306,0
3307,0
3308,0
3309,0
3310,0
3311,1
3312,1
3313,3
3314,2
3315,1
3316,0
3317,2
3318,0
3319,0
3320,1
3321,0
3322,0
3323,0
3324,0
3325,0
3326,0
3327,0
3328,0
3329,0
3330,1
3331,0
3332,0
3333,0
3334,0
3335,2
3336,3
3337,0
3338,0
3339,4
