0,2
1,1
2,2
3,0
4,1
5,2
6,4
7,2
8,1
9,1
10,2
11,1
12,2
13,2
14,2
15,2
16,3
17,0
18,3
19,0
20,1
21,0
22,3
23,2
24,1
25,4
26,0
27,1
28,2
29,3
30,1
31,5
32,2
33,0
34,2
35,1
36,0
37,2
38,0
39,4
40,2
41,1
42,1
43,1
44,1
45,2
46,0
47,1
48,0
49,3
50,2
51,2
52,3
53,1
54,0
55,2
56,0
57,2
58,2
59,2
60,4
61,1
62,0
63,1
64,1
65,2
66,4
67,3
68,3
69,2
70,2
71,0
72,1
73,3
74,1
75,1
76,4
77,1
78,4
79,0
80,2
81,0
82,0
83,0
84,1
85,1
86,3
87,4
88,1
89,1
90,1
91,0
92,1
93,1
94,0
95,1
96,1
97,1
98,2
99,0
100,1
101,1
102,0
103,0
104,0
105,2
106,0
107,1
108,1
109,2
110,5
111,0
112,1
113,0
114,1
115,0
116,0
117,1
118,1
119,1
120,0
121,0
122,0
123,1
124,1
125,0
126,1
127,0
128,1
129,0
130,0
131,0
132,0
133,1
134,1
135,0
136,0
137,2
138,4
139,3
140,3
141,1
142,2
143,4
144,2
145,1
146,1
147,0
148,2
149,1
150,2
151,2
152,1
153,1
154,0
155,4
156,0
157,0
158,1
159,1
160,1
161,3
162,0
163,1
164,1
165,1
166,2
167,1
168,2
169,1
170,1
171,3
172,1
173,0
174,0
175,1
176,0
177,1
178,3
179,3
180,0
181,5
182,1
183,1
184,1
185,1
186,3
187,1
188,2
189,1
190,5
191,1
192,1
193,5
194,1
195,1
196,4
197,3
198,3
199,0
200,1
201,2
202,4
203,0
204,1
205,1
206,3
207,0
208,6
209,2
210,2
211,2
212,1
213,1
214,1
215,2
216,1
217,2
218,2
219,1
220,2
221,1
222,1
223,2
224,3
225,1
226,2
227,0
228,3
229,1
230,4
231,2
232,0
233,1
234,0
235,2
236,4
237,0
238,1
239,2
240,4
241,1
242,3
243,1
244,3
245,1
246,0
247,1
248,2
249,2
250,1
251,0
252,4
253,2
254,1
255,0
256,1
257,1
258,1
259,1
260,2
261,3
262,0
263,1
264,0
265,1
266,2
267,0
268,4
269,5
270,4
271,0
272,0
273,1
274,0
275,0
276,2
277,6
278,0
279,3
280,0
281,1
282,1
283,3
284,3
285,1
286,0
287,4
288,4
289,3
290,4
291,4
292,3
293,4
294,4
295,6
296,4
297,1
298,1
299,3
300,3
301,3
302,1
303,3
304,0
305,1
306,2
307,1
308,0
309,0
310,3
311,3
312,3
313,2
314,1
315,1
316,0
317,2
318,2
319,2
320,1
321,0
322,1
323,3
324,3
325,2
326,3
327,3
328,5
329,2
330,0
331,1
332,3
333,1
334,1
335,3
336,1
337,2
338,4
339,5
340,2
341,1
342,0
343,2
344,2
345,0
346,0
347,1
348,1
349,3
350,1
351,1
352,0
353,3
354,1
355,0
356,1
357,1
358,1
359,3
360,0
361,1
362,1
363,3
364,2
365,3
366,2
367,1
368,0
369,2
370,2
371,1
372,2
373,2
374,3
375,3
376,1
377,2
378,0
379,2
380,1
381,2
382,1
383,1
384,2
385,1
386,1
387,0
388,2
389,2
390,1
391,2
392,4
393,1
394,0
395,3
396,2
397,0
398,0
399,0
400,2
401,1
402,1
403,3
404,1
405,2
406,0
407,3
408,0
409,1
410,1
411,2
412,4
413,1
414,2
415,0
416,0
417,0
418,0
419,1
420,2
421,0
422,5
423,0
424,2
425,0
426,3
427,1
428,1
429,2
430,0
431,0
432,2
433,3
434,0
435,1
436,1
437,3
438,0
439,1
440,1
441,1
442,0
443,1
444,1
445,1
446,3
447,4
448,5
449,1
450,2
451,2
452,1
453,2
454,1
455,1
456,1
457,5
458,4
459,2
460,2
461,0
462,1
463,1
464,1
465,1
466,0
467,1
468,2
469,3
470,1
471,2
472,1
473,4
474,3
475,3
476,2
477,1
478,1
479,0
480,0
481,0
482,1
483,3
484,1
485,0
486,1
487,2
488,0
489,1
490,3
491,1
492,3
493,1
494,2
495,1
496,1
497,1
498,1
499,3
500,3
501,0
502,1
503,2
504,2
505,0
506,4
507,0
508,3
509,1
510,1
511,0
512,1
513,5
514,2
515,1
516,1
517,0
518,0
519,0
520,1
521,1
522,0
523,4
524,0
525,1
526,1
527,1
528,1
529,2
530,1
531,1
532,2
533,1
534,2
535,3
536,0
537,3
538,2
539,3
540,0
541,2
542,2
543,1
544,0
545,0
546,2
547,1
548,0
549,0
550,2
551,2
552,1
553,3
554,0
555,1
556,2
557,4
558,4
559,1
560,3
561,2
562,0
563,1
564,7
565,1
566,1
567,4
568,1
569,2
570,1
571,0
572,0
573,0
574,2
575,1
576,0
577,2
578,2
579,3
580,2
581,1
582,2
583,1
584,1
585,1
586,2
587,1
588,1
589,3
590,2
591,1
592,0
593,1
594,3
595,2
596,2
597,2
598,1
599,1
600,1
601,0
602,1
603,3
604,0
605,2
606,2
607,0
608,2
609,0
610,1
611,0
612,1
613,2
614,1
615,0
616,0
617,2
618,1
619,1
620,1
621,1
622,1
623,4
624,1
625,2
626,3
627,2
628,1
629,1
630,3
631,0
632,0
633,0
634,0
635,0
636,1
637,2
638,1
639,1
640,0
641,3
642,1
643,1
644,0
645,0
646,1
647,2
648,1
649,3
650,1
651,0
652,0
653,1
654,0
655,1
656,0
657,1
658,0
659,0
660,3
661,2
662,2
663,0
664,1
665,1
666,1
667,4
668,0
669,0
670,0
671,1
672,1
673,2
674,1
675,1
676,1
677,2
678,0
679,2
680,1
681,1
682,2
683,1
684,2
685,0
686,1
687,1
688,0
689,1
690,0
691,1
692,0
693,2
694,2
695,1
696,0
697,1
698,0
699,0
700,2
701,0
702,1
703,0
704,2
705,1
706,2
707,0
708,2
709,1
710,2
711,1
712,0
713,1
714,2
715,0
716,1
717,2
718,2
719,1
720,0
721,2
722,2
723,4
724,2
725,3
726,1
727,0
728,0
729,0
730,1
731,1
732,0
733,0
734,1
735,3
736,0
737,0
738,1
739,4
740,0
741,6
742,1
743,0
744,0
745,2
746,0
747,2
748,0
749,1
750,1
751,2
752,0
753,2
754,1
755,0
756,0
757,4
758,0
759,4
760,0
761,2
762,1
763,0
764,2
765,1
766,1
767,0
768,2
769,0
770,2
771,0
772,2
773,1
774,1
775,2
776,0
777,0
778,2
779,4
780,2
781,1
782,0
783,1
784,0
785,1
786,4
787,0
788,1
789,0
790,0
791,1
792,3
793,2
794,2
795,2
796,3
797,2
798,1
799,1
800,2
801,5
802,0
803,0
804,2
805,3
806,2
807,3
808,2
809,1
810,1
811,1
812,3
813,2
814,3
815,4
816,3
817,2
818,1
819,2
820,0
821,0
822,2
823,3
824,1
825,2
826,2
827,2
828,0
829,0
830,1
831,3
832,5
833,0
834,2
835,1
836,1
837,1
838,3
839,4
840,0
841,2
842,4
843,1
844,4
845,4
846,1
847,0
848,0
849,2
850,3
851,2
852,4
853,1
854,1
855,1
856,5
857,1
858,2
859,1
860,1
861,1
862,2
863,1
864,0
865,1
866,1
867,0
868,2
869,0
870,1
871,1
872,1
873,2
874,0
875,1
876,2
877,0
878,2
879,1
880,1
881,2
882,1
883,0
884,1
885,1
886,2
887,1
888,2
889,3
890,1
891,3
892,2
893,2
894,2
895,1
896,2
897,1
898,1
899,3
900,1
901,2
902,0
903,0
904,0
905,1
906,1
907,2
908,1
909,1
910,2
911,1
912,3
913,0
914,1
915,1
916,0
917,3
918,2
919,1
920,2
921,3
922,2
923,4
924,0
925,3
926,2
927,2
928,2
929,1
930,1
931,0
932,2
933,0
934,1
935,2
936,0
937,0
938,3
939,1
940,3
941,3
942,3
943,4
944,0
945,0
946,0
947,0
948,1
949,1
950,2
951,2
952,1
953,5
954,1
955,1
956,2
957,3
958,0
959,1
960,2
961,2
962,2
963,1
964,1
965,1
966,1
967,0
968,1
969,0
970,2
971,1
972,2
973,0
974,1
975,1
976,0
977,2
978,1
979,2
980,1
981,2
982,1
983,2
984,1
985,3
986,0
987,3
988,2
989,1
990,2
991,1
992,1
993,1
994,2
995,3
996,0
997,3
998,1
999,2
1000,2
1001,2
1002,3
1003,3
1004,1
1005,0
1006,0
1007,3
1008,4
1009,1
1010,3
1011,2
1012,3
1013,2
1014,0
1015,3
1016,1
1017,0
1018,1
1019,1
1020,3
1021,4
1022,2
1023,3
1024,2
1025,2
1026,3
1027,2
1028,0
1029,2
1030,2
1031,3
1032,3
1033,1
1034,0
1035,1
1036,1
1037,1
1038,1
1039,1
1040,1
1041,0
1042,1
1043,0
1044,2
1045,0
1046,0
1047,3
1048,2
1049,0
1050,1
1051,1
1052,1
1053,1
1054,1
1055,1
1056,1
1057,2
1058,1
1059,1
1060,2
1061,1
1062,2
1063,0
1064,1
1065,4
1066,2
1067,1
1068,2
1069,0
1070,1
1071,2
1072,1
1073,1
1074,1
1075,4
1076,0
1077,1
1078,2
1079,3
1080,3
1081,1
1082,2
1083,1
1084,2
1085,2
1086,1
1087,0
1088,0
1089,2
1090,2
1091,2
1092,0
1093,3
1094,0
1095,0
1096,3
1097,1
1098,0
1099,1
1100,5
1101,3
1102,3
1103,4
1104,0
1105,0
1106,1
1107,1
1108,2
1109,1
1110,3
1111,1
1112,0
1113,1
1114,1
1115,1
1116,3
1117,0
1118,5
1119,2
1120,0
1121,2
1122,0
1123,3
1124,3
1125,1
1126,3
1127,1
1128,1
1129,0
1130,2
1131,0
1132,0
1133,2
1134,1
1135,4
1136,5
1137,1
1138,0
1139,1
1140,1
1141,4
1142,0
1143,1
1144,4
1145,1
1146,1
1147,0
1148,1
1149,3
1150,1
1151,2
1152,2
1153,3
1154,5
1155,2
1156,0
1157,1
1158,1
1159,2
1160,1
1161,1
1162,3
1163,2
1164,3
1165,0
1166,0
1167,1
1168,0
1169,1
1170,3
1171,2
1172,4
1173,0
1174,3
1175,1
1176,1
1177,0
1178,3
1179,4
1180,0
1181,1
1182,1
1183,2
1184,3
1185,1
1186,0
1187,0
1188,0
1189,2
1190,2
1191,4
1192,3
1193,1
1194,0
1195,2
1196,0
1197,1
1198,0
1199,1
1200,1
1201,4
1202,4
1203,2
1204,0
1205,1
1206,0
1207,1
1208,2
1209,0
1210,1
1211,1
1212,3
1213,1
1214,4
1215,1
1216,2
1217,3
1218,0
1219,0
1220,1
1221,1
1222,0
1223,1
1224,1
1225,0
1226,0
1227,1
1228,1
1229,1
1230,1
1231,0
1232,1
1233,1
1234,1
1235,1
1236,1
1237,1
1238,0
1239,1
1240,2
1241,3
1242,1
1243,0
1244,0
1245,0
1246,1
1247,0
1248,2
1249,1
1250,1
1251,1
1252,1
1253,1
1254,0
1255,4
1256,3
1257,0
1258,2
1259,2
1260,1
1261,3
1262,2
1263,3
1264,2
1265,2
1266,2
1267,0
1268,0
1269,2
1270,0
1271,0
1272,6
1273,4
1274,1
1275,0
1276,1
1277,5
1278,2
1279,2
1280,3
1281,4
1282,1
1283,4
1284,3
1285,3
1286,2
1287,5
1288,7
1289,2
1290,2
1291,1
1292,3
1293,1
1294,3
1295,4
1296,1
1297,2
1298,3
1299,2
1300,1
1301,2
1302,2
1303,3
1304,1
1305,1
1306,3
1307,0
1308,2
1309,1
1310,0
1311,1
1312,1
1313,2
1314,5
1315,0
1316,1
1317,3
1318,1
1319,1
1320,2
1321,3
1322,3
1323,2
1324,0
1325,1
1326,3
1327,0
1328,3
1329,2
1330,3
1331,1
1332,3
1333,2
1334,2
1335,3
1336,1
1337,1
1338,2
1339,4
1340,0
1341,0
1342,1
1343,2
1344,0
1345,1
1346,2
1347,0
1348,0
1349,1
1350,0
1351,2
1352,2
1353,3
1354,2
1355,3
1356,2
1357,0
1358,2
1359,1
1360,2
1361,1
1362,2
1363,2
1364,2
1365,1
1366,2
1367,2
1368,1
1369,3
1370,2
1371,2
1372,1
1373,1
1374,1
1375,2
1376,1
1377,1
1378,2
1379,0
1380,0
1381,1
1382,2
1383,1
1384,4
1385,0
1386,3
1387,1
1388,1
1389,1
1390,2
1391,0
1392,1
1393,0
1394,0
1395,1
1396,1
1397,3
1398,0
1399,2
1400,4
1401,1
1402,1
1403,4
1404,1
1405,0
1406,2
1407,1
1408,1
1409,3
1410,2
1411,0
1412,1
1413,4
1414,1
1415,2
1416,2
1417,1
1418,1
1419,0
1420,3
1421,1
1422,1
1423,1
1424,2
1425,1
1426,0
1427,0
1428,0
1429,0
1430,1
1431,1
1432,0
1433,2
1434,1
1435,1
1436,1
1437,4
1438,0
1439,0
1440,1
1441,2
1442,0
1443,0
1444,0
1445,2
1446,0
1447,2
1448,3
1449,1
1450,2
1451,1
1452,2
1453,4
1454,1
1455,1
1456,2
1457,1
1458,0
1459,1
1460,2
1461,1
1462,1
1463,0
1464,3
1465,2
1466,1
1467,0
1468,1
1469,2
1470,2
1471,1
1472,3
1473,4
1474,2
1475,3
1476,2
1477,1
1478,3
1479,1
1480,1
1481,1
1482,1
1483,0
1484,2
1485,1
1486,0
1487,3
1488,0
1489,1
1490,2
1491,2
1492,0
1493,2
1494,3
1495,1
1496,4
1497,1
1498,0
1499,1
1500,3
1501,2
1502,1
1503,4
1504,0
1505,1
1506,1
1507,0
1508,2
1509,4
1510,2
1511,1
1512,1
1513,1
1514,1
1515,0
1516,1
1517,0
1518,0
1519,4
1520,0
1521,1
1522,2
1523,1
1524,3
1525,0
1526,1
1527,1
1528,2
1529,0
1530,1
1531,0
1532,0
1533,1
1534,1
1535,1
1536,2
1537,1
1538,2
1539,0
1540,1
1541,3
1542,0
1543,0
1544,1
1545,3
1546,0
1547,3
1548,3
1549,4
1550,1
1551,0
1552,1
1553,5
1554,0
1555,1
1556,2
1557,2
1558,0
1559,2
1560,1
1561,2
1562,3
1563,3
1564,1
1565,4
1566,1
1567,2
1568,1
1569,0
1570,1
1571,1
1572,4
1573,0
1574,0
1575,1
1576,1
1577,1
1578,1
1579,0
1580,2
1581,1
1582,3
1583,1
1584,0
1585,1
1586,3
1587,1
1588,0
1589,1
1590,0
1591,1
1592,1
1593,0
1594,1
1595,1
1596,2
1597,2
1598,1
1599,1
1600,3
1601,2
1602,1
1603,3
1604,1
1605,0
1606,0
1607,2
1608,4
1609,1
1610,1
1611,0
1612,2
1613,2
1614,0
1615,0
1616,1
1617,0
1618,0
1619,1
1620,1
1621,1
1622,2
1623,0
1624,0
1625,3
1626,1
1627,5
1628,3
1629,1
1630,0
1631,1
1632,0
1633,2
1634,0
1635,1
1636,0
1637,1
1638,0
1639,0
1640,2
1641,1
1642,0
1643,1
1644,1
1645,1
1646,1
1647,2
1648,3
1649,0
1650,0
1651,0
1652,1
1653,1
1654,0
1655,2
1656,2
1657,0
1658,0
1659,1
1660,0
1661,1
1662,0
1663,2
1664,0
1665,1
1666,0
1667,0
1668,0
1669,1
1670,0
1671,0
1672,1
1673,3
1674,1
1675,1
1676,0
1677,2
1678,1
1679,2
1680,1
1681,0
1682,2
1683,0
1684,1
1685,3
1686,0
1687,0
1688,0
1689,1
1690,1
1691,2
1692,0
1693,2
1694,2
1695,0
1696,3
1697,1
1698,1
1699,0
1700,2
1701,1
1702,1
1703,3
1704,0
1705,0
1706,3
1707,4
1708,3
1709,1
1710,0
1711,0
1712,1
1713,0
1714,3
1715,0
1716,2
1717,0
1718,2
1719,2
1720,1
1721,4
1722,0
1723,1
1724,0
1725,1
1726,0
1727,2
1728,1
1729,0
1730,0
1731,0
1732,2
1733,1
1734,1
1735,0
1736,4
1737,1
1738,3
1739,5
1740,5
1741,1
1742,1
1743,2
1744,3
1745,2
1746,1
1747,1
1748,1
1749,4
1750,2
1751,3
1752,1
1753,2
1754,0
1755,0
1756,1
1757,4
1758,3
1759,0
1760,1
1761,2
1762,3
1763,0
1764,2
1765,1
1766,3
1767,0
1768,4
1769,3
1770,2
1771,1
1772,0
1773,4
1774,1
1775,3
1776,1
1777,5
1778,2
1779,3
1780,1
1781,0
1782,0
1783,3
1784,0
1785,3
1786,1
1787,2
1788,1
1789,2
1790,1
1791,1
1792,1
1793,2
1794,1
1795,2
1796,2
1797,2
1798,1
1799,0
1800,1
1801,1
1802,1
1803,1
1804,1
1805,2
1806,3
1807,6
1808,1
1809,1
1810,3
1811,1
1812,2
1813,0
1814,3
1815,3
1816,2
1817,6
1818,0
1819,1
1820,1
1821,3
1822,1
1823,2
1824,2
1825,1
1826,1
1827,1
1828,1
1829,0
1830,0
1831,1
1832,0
1833,2
1834,0
1835,2
1836,0
1837,3
1838,1
1839,1
1840,2
1841,2
1842,2
1843,1
1844,1
1845,1
1846,2
1847,1
1848,1
1849,0
1850,2
1851,3
1852,1
1853,2
1854,0
1855,0
1856,0
1857,4
1858,1
1859,2
1860,1
1861,0
1862,0
1863,0
1864,1
1865,5
1866,1
1867,1
1868,0
1869,4
1870,0
1871,1
1872,4
1873,1
1874,4
1875,2
1876,0
1877,3
1878,1
1879,2
1880,0
1881,4
1882,2
1883,2
1884,3
1885,1
1886,2
1887,1
1888,0
1889,3
1890,1
1891,1
1892,2
1893,1
1894,2
1895,1
1896,1
1897,0
1898,1
1899,2
1900,2
1901,1
1902,0
1903,3
1904,1
1905,1
1906,0
1907,0
1908,1
1909,1
1910,1
1911,0
1912,4
1913,5
1914,3
1915,5
1916,0
1917,1
1918,1
1919,1
1920,1
1921,0
1922,1
1923,2
1924,1
1925,0
1926,3
1927,1
1928,3
1929,2
1930,1
1931,1
1932,3
1933,1
1934,0
1935,1
1936,2
1937,1
1938,0
1939,0
1940,1
1941,2
1942,0
1943,1
1944,3
1945,3
1946,0
1947,3
1948,0
1949,1
1950,2
1951,0
1952,0
1953,1
1954,1
1955,1
1956,2
1957,2
1958,2
