0,3
1,1
2,2
3,1
4,1
5,4
6,6
7,2
8,5
9,1
10,1
11,1
12,3
13,2
14,4
15,0
16,1
17,0
18,8
19,0
20,2
21,1
22,4
23,5
24,2
25,9
26,3
27,0
28,2
29,1
30,1
31,6
32,3
33,0
34,2
35,0
36,0
37,0
38,1
39,5
40,2
41,1
42,2
43,1
44,1
45,5
46,0
47,1
48,0
49,3
50,6
51,1
52,2
53,0
54,0
55,2
56,0
57,5
58,1
59,2
60,4
61,1
62,1
63,1
64,1
65,5
66,4
67,2
68,7
69,2
70,2
71,0
72,0
73,3
74,1
75,1
76,2
77,1
78,1
79,0
80,1
81,0
82,0
83,1
84,2
85,1
86,5
87,4
88,1
89,2
90,1
91,1
92,1
93,0
94,0
95,1
96,1
97,1
98,2
99,1
100,4
101,0
102,0
103,1
104,1
105,1
106,0
107,1
108,1
109,2
110,7
111,0
112,0
113,0
114,0
115,0
116,0
117,0
118,0
119,1
120,0
121,1
122,0
123,0
124,2
125,1
126,1
127,3
128,1
129,0
130,1
131,0
132,0
133,1
134,2
135,0
136,0
137,4
138,7
139,5
140,3
141,2
142,2
143,6
144,2
145,0
146,1
147,0
148,2
149,1
150,3
151,2
152,1
153,5
154,0
155,2
156,0
157,0
158,0
159,1
160,1
161,3
162,1
163,1
164,1
165,2
166,2
167,0
168,2
169,0
170,1
171,3
172,1
173,1
174,0
175,1
176,3
177,1
178,6
179,3
180,0
181,8
182,1
183,1
184,1
185,1
186,6
187,1
188,2
189,1
190,5
191,1
192,2
193,4
194,2
195,1
196,6
197,2
198,3
199,1
200,2
201,3
202,11
203,1
204,2
205,3
206,4
207,1
208,9
209,2
210,2
211,3
212,1
213,1
214,4
215,4
216,3
217,3
218,3
219,1
220,4
221,1
222,1
223,5
224,8
225,1
226,3
227,1
228,3
229,1
230,7
231,1
232,1
233,2
234,1
235,4
236,3
237,1
238,1
239,2
240,4
241,1
242,3
243,0
244,3
245,2
246,1
247,1
248,3
249,2
250,1
251,1
252,5
253,2
254,1
255,1
256,3
257,0
258,1
259,4
260,11
261,1
262,1
263,1
264,0
265,1
266,2
267,1
268,4
269,5
270,5
271,0
272,2
273,1
274,0
275,0
276,2
277,5
278,0
279,3
280,0
281,1
282,2
283,3
284,3
285,1
286,1
287,5
288,4
289,3
290,7
291,4
292,3
293,5
294,6
295,7
296,3
297,1
298,1
299,5
300,2
301,3
302,3
303,4
304,1
305,1
306,4
307,1
308,1
309,0
310,4
311,4
312,4
313,2
314,3
315,1
316,0
317,4
318,2
319,1
320,2
321,0
322,3
323,3
324,5
325,0
326,0
327,2
328,6
329,4
330,2
331,3
332,4
333,1
334,4
335,5
336,2
337,2
338,7
339,5
340,3
341,3
342,1
343,2
344,5
345,0
346,0
347,2
348,1
349,4
350,1
351,2
352,1
353,7
354,2
355,0
356,1
357,1
358,1
359,2
360,1
361,2
362,2
363,1
364,7
365,4
366,2
367,4
368,1
369,3
370,3
371,3
372,1
373,0
374,3
375,4
376,1
377,0
378,0
379,1
380,1
381,8
382,2
383,1
384,1
385,2
386,3
387,0
388,8
389,3
390,2
391,2
392,2
393,1
394,0
395,6
396,2
397,1
398,0
399,1
400,5
401,1
402,1
403,7
404,1
405,0
406,1
407,2
408,0
409,1
410,4
411,0
412,3
413,1
414,3
415,1
416,0
417,0
418,1
419,1
420,1
421,0
422,3
423,0
424,3
425,0
426,5
427,3
428,1
429,2
430,0
431,0
432,1
433,4
434,0
435,2
436,2
437,4
438,0
439,1
440,0
441,4
442,0
443,1
444,2
445,1
446,3
447,3
448,4
449,1
450,1
451,3
452,1
453,3
454,2
455,1
456,2
457,3
458,3
459,2
460,2
461,1
462,1
463,1
464,2
465,2
466,1
467,0
468,2
469,3
470,2
471,1
472,2
473,6
474,3
475,3
476,2
477,1
478,2
479,0
480,1
481,0
482,1
483,4
484,1
485,1
486,3
487,2
488,1
489,2
490,4
491,1
492,1
493,2
494,2
495,2
496,2
497,4
498,1
499,3
500,2
501,1
502,2
503,3
504,1
505,1
506,3
507,0
508,4
509,3
510,1
511,2
512,4
513,7
514,6
515,1
516,1
517,1
518,0
519,1
520,1
521,1
522,0
523,7
524,1
525,1
526,2
527,2
528,1
529,4
530,4
531,3
532,2
533,2
534,1
535,4
536,0
537,6
538,3
539,3
540,0
541,2
542,2
543,1
544,1
545,0
546,1
547,3
548,0
549,2
550,2
551,7
552,2
553,2
554,0
555,1
556,3
557,3
558,7
559,1
560,2
561,1
562,0
563,0
564,5
565,1
566,2
567,4
568,2
569,2
570,1
571,0
572,0
573,3
574,0
575,1
576,0
577,1
578,1
579,6
580,2
581,2
582,1
583,6
584,1
585,1
586,2
587,1
588,1
589,1
590,3
591,0
592,0
593,1
594,4
595,3
596,4
597,2
598,1
599,1
600,1
601,1
602,2
603,3
604,1
605,1
606,3
607,0
608,2
609,1
610,0
611,0
612,1
613,3
614,2
615,1
616,1
617,2
618,1
619,1
620,2
621,1
622,1
623,2
624,0
625,2
626,0
627,1
628,2
629,1
630,3
631,0
632,0
633,0
634,0
635,0
636,1
637,1
638,3
639,3
640,0
641,1
642,1
643,1
644,0
645,1
646,1
647,2
648,1
649,2
650,1
651,0
652,0
653,1
654,1
655,3
656,1
657,0
658,2
659,0
660,3
661,1
662,2
663,1
664,1
665,1
666,2
667,3
668,3
669,1
670,0
671,2
672,0
673,1
674,0
675,1
676,1
677,2
678,0
679,4
680,1
681,1
682,1
683,2
684,1
685,1
686,1
687,1
688,1
689,0
690,2
691,2
692,0
693,3
694,3
695,1
696,0
697,0
698,0
699,0
700,4
701,0
702,1
703,0
704,2
705,1
706,2
707,0
708,0
709,1
710,2
711,1
712,0
713,1
714,1
715,0
716,0
717,0
718,2
719,1
720,0
721,2
722,1
723,5
724,1
725,1
726,0
727,0
728,1
729,4
730,1
731,1
732,0
733,0
734,1
735,4
736,2
737,1
738,1
739,1
740,0
741,2
742,1
743,0
744,0
745,1
746,1
747,1
748,0
749,1
750,2
751,3
752,1
753,6
754,2
755,0
756,0
757,4
758,1
759,3
760,0
761,2
762,2
763,1
764,6
765,2
766,2
767,0
768,3
769,1
770,4
771,3
772,2
773,3
774,1
775,2
776,1
777,0
778,7
779,4
780,6
781,1
782,0
783,7
784,0
785,6
786,5
787,1
788,3
789,1
790,1
791,1
792,5
793,3
794,1
795,2
796,3
797,1
798,2
799,6
800,1
801,3
802,1
803,0
804,6
805,3
806,2
807,4
808,2
809,1
810,1
811,1
812,2
813,2
814,3
815,4
816,3
817,3
818,4
819,3
820,0
821,3
822,1
823,6
824,2
825,3
826,2
827,3
828,2
829,0
830,1
831,4
832,3
833,0
834,4
835,2
836,0
837,2
838,2
839,5
840,1
841,5
842,5
843,2
844,5
845,5
846,1
847,0
848,0
849,2
850,3
851,4
852,3
853,1
854,2
855,1
856,7
857,2
858,2
859,2
860,0
861,2
862,3
863,3
864,1
865,1
866,1
867,1
868,2
869,3
870,2
871,1
872,6
873,3
874,0
875,1
876,1
877,0
878,2
879,1
880,1
881,2
882,1
883,1
884,1
885,1
886,1
887,2
888,1
889,3
890,2
891,4
892,3
893,2
894,2
895,2
896,2
897,1
898,1
899,2
900,1
901,4
902,0
903,0
904,0
905,1
906,2
907,2
908,1
909,1
910,1
911,1
912,3
913,0
914,1
915,1
916,0
917,2
918,3
919,2
920,1
921,3
922,2
923,5
924,0
925,6
926,2
927,4
928,2
929,3
930,1
931,1
932,1
933,0
934,3
935,2
936,0
937,0
938,4
939,1
940,3
941,3
942,6
943,3
944,1
945,0
946,0
947,1
948,0
949,1
950,1
951,1
952,2
953,5
954,0
955,0
956,0
957,3
958,1
959,1
960,2
961,3
962,2
963,1
964,4
965,1
966,1
967,1
968,1
969,0
970,2
971,1
972,1
973,0
974,2
975,1
976,0
977,2
978,1
979,3
980,1
981,2
982,0
983,0
984,3
985,4
986,0
987,2
988,2
989,2
990,2
991,1
992,1
993,1
994,4
995,6
996,1
997,6
998,1
999,0
1000,1
1001,2
1002,5
1003,3
1004,2
1005,1
1006,1
1007,4
1008,4
1009,1
1010,3
1011,1
1012,3
1013,1
1014,3
1015,3
1016,2
1017,1
1018,1
1019,3
1020,3
1021,5
1022,1
1023,4
1024,1
1025,2
1026,3
1027,1
1028,0
1029,2
1030,3
1031,2
1032,4
1033,1
1034,0
1035,1
1036,2
1037,1
1038,5
1039,1
1040,1
1041,0
1042,2
1043,1
1044,2
1045,1
1046,4
1047,5
1048,3
1049,1
1050,1
1051,1
1052,2
1053,1
1054,0
1055,2
1056,1
1057,3
1058,1
1059,1
1060,2
1061,3
1062,2
1063,0
1064,1
1065,3
1066,2
1067,1
1068,2
1069,0
1070,2
1071,2
1072,2
1073,1
1074,1
1075,2
1076,1
1077,1
1078,2
1079,2
1080,2
1081,1
1082,3
1083,1
1084,3
1085,2
1086,1
1087,3
1088,1
1089,2
1090,1
1091,3
1092,0
1093,4
1094,1
1095,1
1096,3
1097,1
1098,0
1099,4
1100,5
1101,3
1102,3
1103,4
1104,2
1105,2
1106,2
1107,1
1108,2
1109,1
1110,2
1111,1
1112,0
1113,2
1114,2
1115,3
1116,5
1117,0
1118,4
1119,2
1120,0
1121,5
1122,1
1123,3
1124,2
1125,1
1126,3
1127,1
1128,1
1129,0
1130,0
1131,0
1132,0
1133,3
1134,0
1135,3
1136,1
1137,1
1138,0
1139,1
1140,1
1141,6
1142,1
1143,2
1144,4
1145,3
1146,1
1147,1
1148,1
1149,4
1150,2
1151,2
1152,3
1153,4
1154,3
1155,3
1156,0
1157,2
1158,1
1159,2
1160,1
1161,1
1162,7
1163,2
1164,3
1165,0
1166,0
1167,1
1168,0
1169,1
1170,3
1171,2
1172,4
1173,0
1174,4
1175,1
1176,1
1177,0
1178,2
1179,3
1180,0
1181,1
1182,1
1183,3
1184,3
1185,4
1186,0
1187,0
1188,0
1189,0
1190,2
1191,4
1192,3
1193,1
1194,1
1195,2
1196,0
1197,1
1198,4
1199,1
1200,1
1201,3
1202,1
1203,2
1204,1
1205,1
1206,1
1207,1
1208,1
1209,0
1210,1
1211,2
1212,3
1213,1
1214,1
1215,1
1216,4
1217,3
1218,0
1219,1
1220,1
1221,0
1222,0
1223,0
1224,3
1225,0
1226,0
1227,0
1228,3
1229,1
1230,3
1231,0
1232,1
1233,1
1234,1
1235,1
1236,1
1237,2
1238,0
1239,1
1240,0
1241,2
1242,1
1243,0
1244,0
1245,0
1246,1
1247,1
1248,2
1249,1
1250,1
1251,1
1252,2
1253,1
1254,1
1255,6
1256,2
1257,0
1258,1
1259,1
1260,1
1261,3
1262,3
1263,3
1264,1
1265,4
1266,6
1267,0
1268,2
1269,3
1270,0
1271,3
1272,6
1273,4
1274,2
1275,0
1276,1
1277,8
1278,3
1279,3
1280,4
1281,5
1282,1
1283,3
1284,2
1285,2
1286,3
1287,6
1288,9
1289,1
1290,2
1291,1
1292,8
1293,2
1294,5
1295,5
1296,1
1297,2
1298,5
1299,1
1300,2
1301,2
1302,2
1303,4
1304,3
1305,3
1306,3
1307,0
1308,3
1309,1
1310,0
1311,1
1312,1
1313,3
1314,5
1315,0
1316,2
1317,4
1318,1
1319,1
1320,3
1321,3
1322,6
1323,1
1324,1
1325,2
1326,2
1327,0
1328,1
1329,3
1330,4
1331,1
1332,3
1333,4
1334,3
1335,7
1336,1
1337,1
1338,2
1339,6
1340,0
1341,0
1342,3
1343,2
1344,0
1345,1
1346,4
1347,0
1348,1
1349,2
1350,1
1351,4
1352,1
1353,1
1354,2
1355,3
1356,3
1357,1
1358,3
1359,4
1360,4
1361,2
1362,4
1363,1
1364,2
1365,1
1366,2
1367,4
1368,1
1369,2
1370,3
1371,4
1372,1
1373,1
1374,1
1375,2
1376,1
1377,2
1378,4
1379,0
1380,1
1381,0
1382,2
1383,1
1384,10
1385,0
1386,6
1387,1
1388,1
1389,2
1390,2
1391,3
1392,1
1393,0
1394,0
1395,1
1396,1
1397,4
1398,0
1399,3
1400,4
1401,1
1402,1
1403,7
1404,1
1405,0
1406,3
1407,1
1408,1
1409,4
1410,3
1411,1
1412,2
1413,4
1414,2
1415,2
1416,2
1417,1
1418,1
1419,0
1420,1
1421,1
1422,1
1423,1
1424,1
1425,1
1426,1
1427,0
1428,0
1429,0
1430,1
1431,1
1432,0
1433,1
1434,1
1435,1
1436,1
1437,5
1438,0
1439,0
1440,1
1441,2
1442,0
1443,1
1444,0
1445,2
1446,0
1447,2
1448,0
1449,1
1450,2
1451,3
1452,2
1453,4
1454,3
1455,2
1456,0
1457,1
1458,0
1459,2
1460,2
1461,1
1462,2
1463,1
1464,5
1465,4
1466,2
1467,0
1468,1
1469,2
1470,2
1471,1
1472,5
1473,3
1474,3
1475,4
1476,2
1477,1
1478,3
1479,1
1480,1
1481,1
1482,2
1483,1
1484,2
1485,1
1486,1
1487,2
1488,0
1489,3
1490,2
1491,2
1492,0
1493,1
1494,3
1495,1
1496,11
1497,2
1498,0
1499,4
1500,3
1501,2
1502,1
1503,3
1504,0
1505,4
1506,2
1507,0
1508,4
1509,4
1510,1
1511,1
1512,1
1513,2
1514,1
1515,1
1516,1
1517,1
1518,0
1519,3
1520,0
1521,1
1522,2
1523,2
1524,3
1525,3
1526,1
1527,1
1528,4
1529,0
1530,1
1531,0
1532,1
1533,3
1534,1
1535,1
1536,1
1537,2
1538,1
1539,0
1540,2
1541,5
1542,1
1543,0
1544,3
1545,3
1546,0
1547,2
1548,2
1549,2
1550,2
1551,0
1552,2
1553,5
1554,0
1555,1
1556,2
1557,4
1558,1
1559,3
1560,1
1561,3
1562,3
1563,3
1564,3
1565,7
1566,1
1567,2
1568,2
1569,2
1570,1
1571,1
1572,2
1573,0
1574,0
1575,1
1576,0
1577,1
1578,3
1579,1
1580,2
1581,1
1582,6
1583,1
1584,0
1585,1
1586,3
1587,1
1588,0
1589,1
1590,0
1591,1
1592,3
1593,1
1594,2
1595,2
1596,0
1597,1
1598,1
1599,1
1600,4
1601,0
1602,1
1603,2
1604,3
1605,2
1606,0
1607,2
1608,5
1609,1
1610,1
1611,0
1612,2
1613,2
1614,0
1615,1
1616,1
1617,0
1618,0
1619,1
1620,1
1621,1
1622,1
1623,0
1624,0
1625,4
1626,2
1627,5
1628,4
1629,1
1630,1
1631,1
1632,0
1633,2
1634,2
1635,1
1636,1
1637,1
1638,0
1639,0
1640,1
1641,2
1642,0
1643,4
1644,1
1645,1
1646,3
1647,1
1648,2
1649,1
1650,0
1651,0
1652,1
1653,1
1654,0
1655,2
1656,1
1657,0
1658,0
1659,1
1660,1
1661,4
1662,0
1663,1
1664,0
1665,1
1666,0
1667,0
1668,2
1669,1
1670,0
1671,1
1672,1
1673,3
1674,1
1675,1
1676,0
1677,2
1678,1
1679,2
1680,1
1681,1
1682,1
1683,0
1684,0
1685,1
1686,2
1687,0
1688,0
1689,0
1690,1
1691,3
1692,0
1693,1
1694,3
1695,0
1696,1
1697,0
1698,1
1699,1
1700,4
1701,1
1702,1
1703,1
1704,1
1705,0
1706,3
1707,5
1708,4
1709,2
1710,1
1711,2
1712,4
1713,0
1714,3
1715,0
1716,3
1717,0
1718,3
1719,3
1720,1
1721,4
1722,1
1723,1
1724,1
1725,2
1726,1
1727,5
1728,1
1729,1
1730,0
1731,1
1732,1
1733,2
1734,1
1735,8
1736,3
1737,2
1738,6
1739,4
1740,5
1741,1
1742,1
1743,2
1744,5
1745,3
1746,1
1747,1
1748,1
1749,2
1750,3
1751,3
1752,2
1753,3
1754,0
1755,0
1756,2
1757,5
1758,4
1759,1
1760,1
1761,3
1762,5
1763,0
1764,3
1765,2
1766,3
1767,0
1768,4
1769,3
1770,3
1771,1
1772,0
1773,7
1774,1
1775,4
1776,1
1777,6
1778,2
1779,7
1780,1
1781,0
1782,0
1783,4
1784,1
1785,3
1786,1
1787,2
1788,7
1789,4
1790,1
1791,2
1792,2
1793,2
1794,1
1795,1
1796,8
1797,6
1798,1
1799,0
1800,1
1801,2
1802,2
1803,3
1804,3
1805,3
1806,4
1807,8
1808,1
1809,1
1810,3
1811,1
1812,0
1813,0
1814,2
1815,3
1816,3
1817,4
1818,1
1819,2
1820,2
1821,3
1822,1
1823,5
1824,3
1825,1
1826,2
1827,2
1828,1
1829,0
1830,1
1831,1
1832,0
1833,1
1834,1
1835,1
1836,0
1837,2
1838,1
1839,1
1840,2
1841,2
1842,2
1843,1
1844,5
1845,1
1846,6
1847,2
1848,1
1849,0
1850,2
1851,4
1852,0
1853,2
1854,1
1855,1
1856,0
1857,6
1858,1
1859,2
1860,1
1861,1
1862,0
1863,0
1864,1
1865,8
1866,1
1867,2
1868,0
1869,6
1870,0
1871,0
1872,9
1873,1
1874,4
1875,1
1876,2
1877,3
1878,1
1879,2
1880,2
1881,4
1882,2
1883,3
1884,3
1885,2
1886,1
1887,1
1888,0
1889,5
1890,1
1891,1
1892,2
1893,1
1894,2
1895,1
1896,1
1897,1
1898,6
1899,4
1900,1
1901,2
1902,0
1903,2
1904,3
1905,2
1906,0
1907,1
1908,1
1909,2
1910,1
1911,0
1912,3
1913,3
1914,1
1915,7
1916,0
1917,1
1918,3
1919,1
1920,1
1921,0
1922,1
1923,1
1924,1
1925,0
1926,6
1927,4
1928,3
1929,5
1930,2
1931,1
1932,2
1933,2
1934,0
1935,1
1936,1
1937,2
1938,0
1939,0
1940,1
1941,1
1942,0
1943,4
1944,8
1945,1
1946,0
1947,3
1948,1
1949,1
1950,2
1951,0
1952,0
1953,1
1954,2
1955,1
1956,2
1957,4
1958,2
