0,190.0
1,1782.0
2,749.0
3,286.0
4,401.0
5,462.0
6,449.0
7,343.0
8,53.0
9,877.0
10,837.0
11,320.0
12,150.0
13,266.0
14,
15,417.0
16,787.0
17,77.0
18,
19,
20,
21,
22,791.0
23,1853.0
24,2051.0
25,
26,301.0
27,28.0
28,877.0
29,190.0
30,564.0
31,2525.0
32,564.0
33,729.0
34,313.0
35,233.0
36,1122.0
37,
38,790.0
39,1032.0
40,
41,235.0
42,442.0
43,99.0
44,208.0
45,242.0
46,28.0
47,290.0
48,462.0
49,
50,717.0
51,
52,149.0
53,272.0
54,564.0
55,86.0
56,
57,
58,
59,136.0
60,53.0
61,190.0
62,
63,837.0
64,
65,626.0
66,763.0
67,694.0
68,783.0
69,441.0
70,716.0
71,575.0
72,1280.0
73,564.0
74,729.0
75,283.0
76,51.0
77,
78,465.0
79,296.0
80,228.0
81,456.0
82,791.0
83,
84,267.0
85,575.0
86,877.0
87,286.0
88,246.0
89,877.0
90,298.0
91,
92,694.0
93,361.0
94,517.0
95,149.0
96,
97,772.0
98,787.0
99,40.0
100,
101,564.0
102,564.0
103,402.0
104,1355.0
105,439.0
106,
107,641.0
108,465.0
109,187.0
110,
111,39.0
112,564.0
113,895.0
114,779.0
115,465.0
116,
117,800.0
118,50.0
119,482.0
120,568.0
121,
122,28.0
123,47.0
124,216.0
125,80.0
126,
127,789.0
128,
129,298.0
130,781.0
131,734.0
132,276.0
133,249.0
134,
135,588.0
136,478.0
137,564.0
138,2473.0
139,
140,
141,289.0
142,128.0
143,178.0
144,51.0
145,34.0
146,272.0
147,575.0
148,806.0
149,51.0
150,1429.0
151,272.0
152,
153,53.0
154,
155,593.0
156,
157,429.0
158,772.0
159,464.0
160,465.0
161,
162,806.0
163,
164,113.0
165,445.0
166,791.0
167,791.0
168,145.0
169,149.0
170,172.0
171,149.0
172,145.0
173,294.0
174,2525.0
175,324.0
176,982.0
177,
178,217.0
179,793.0
180,176.0
181,643.0
182,333.0
183,
184,30.0
185,276.0
186,
187,734.0
188,276.0
189,287.0
190,279.0
191,444.0
192,339.0
193,
194,228.0
195,339.0
196,
197,
198,689.0
199,359.0
200,270.0
201,511.0
202,788.0
203,781.0
204,837.0
205,765.0
206,592.0
207,80.0
208,784.0
209,1272.0
210,270.0
211,228.0
212,795.0
213,753.0
214,
215,
216,213.0
217,534.0
218,908.0
219,2214.0
220,791.0
221,
222,
223,489.0
224,35.0
225,791.0
226,276.0
227,
228,240.0
229,564.0
230,229.0
231,
232,345.0
233,396.0
234,186.0
235,505.0
236,449.0
237,913.0
238,336.0
239,1152.0
240,
241,346.0
242,51.0
243,103.0
244,449.0
245,51.0
246,324.0
247,470.0
248,873.0
249,51.0
250,842.0
251,564.0
252,235.0
253,235.0
254,51.0
255,279.0
256,790.0
257,355.0
258,444.0
259,634.0
260,276.0
261,270.0
262,778.0
263,
264,272.0
265,790.0
266,799.0
267,396.0
268,1967.0
269,
270,384.0
271,401.0
272,229.0
273,749.0
274,387.0
275,
276,289.0
277,223.0
278,
279,791.0
280,794.0
281,1834.0
282,791.0
283,517.0
284,471.0
285,292.0
286,535.0
287,724.0
288,702.0
289,791.0
290,
291,311.0
292,254.0
293,
294,1243.0
295,814.0
296,12.0
297,780.0
298,
299,
300,595.0
301,266.0
302,648.0
303,1177.0
304,281.0
305,
306,791.0
307,443.0
308,
309,3986.0
310,1120.0
311,266.0
312,791.0
313,737.0
314,482.0
315,876.0
316,580.0
317,292.0
318,351.0
319,828.0
320,535.0
321,327.0
322,564.0
323,1459.0
324,196.0
325,313.0
326,624.0
327,611.0
328,27.0
329,
330,
331,478.0
332,270.0
333,2214.0
334,837.0
335,1604.0
336,
337,354.0
338,276.0
339,266.0
340,1939.0
341,320.0
342,1111.0
343,2214.0
344,828.0
345,205.0
346,535.0
347,1042.0
348,51.0
349,277.0
350,720.0
351,628.0
352,
353,296.0
354,564.0
355,
356,428.0
357,729.0
358,798.0
359,266.0
360,808.0
361,592.0
362,790.0
363,257.0
364,273.0
365,534.0
366,379.0
367,266.0
368,289.0
369,682.0
370,
371,
372,592.0
373,517.0
374,780.0
375,
376,391.0
377,338.0
378,1852.0
379,28.0
380,
381,564.0
382,571.0
383,845.0
384,976.0
385,
386,287.0
387,
388,939.0
389,
390,51.0
391,672.0
392,1243.0
393,77.0
394,656.0
395,311.0
396,361.0
397,
398,322.0
399,171.0
400,392.0
401,74.0
402,791.0
403,791.0
404,1328.0
405,
406,233.0
407,
408,677.0
409,190.0
410,1901.0
411,
412,256.0
413,450.0
414,
415,
416,
417,2296.0
418,19.0
419,729.0
420,1137.0
421,139.0
422,954.0
423,440.0
424,
425,1369.0
426,794.0
427,429.0
428,517.0
429,462.0
430,396.0
431,
432,558.0
433,
434,311.0
435,
436,220.0
437,335.0
438,488.0
439,
440,489.0
441,791.0
442,2703.0
443,482.0
444,793.0
445,
446,503.0
447,
448,445.0
449,114.0
450,335.0
451,717.0
452,3543.0
453,3543.0
454,689.0
455,114.0
456,
457,
458,180.0
459,269.0
460,118.0
461,
462,
463,
464,
465,740.0
466,
467,
468,767.0
469,895.0
470,65.0
471,
472,553.0
473,
474,469.0
475,272.0
476,742.0
477,1275.0
478,180.0
479,208.0
480,1234.0
481,1144.0
482,
483,52.0
484,1234.0
485,
486,145.0
487,
488,534.0
489,104.0
490,345.0
491,852.0
492,322.0
493,806.0
494,517.0
495,742.0
496,1234.0
497,580.0
498,
499,710.0
500,611.0
501,
502,685.0
503,2214.0
504,686.0
505,421.0
506,800.0
507,84.0
508,1190.0
509,
510,
511,483.0
512,647.0
513,313.0
514,246.0
515,
516,139.0
517,343.0
518,793.0
519,
520,601.0
521,
522,
523,178.0
524,2214.0
525,729.0
526,1352.0
527,913.0
528,791.0
529,
530,
531,
532,113.0
533,
534,727.0
535,416.0
536,
537,212.0
538,240.0
539,278.0
540,2286.0
541,1234.0
542,180.0
543,2214.0
544,729.0
545,2815.0
546,817.0
547,159.0
548,289.0
549,351.0
550,107.0
551,876.0
552,835.0
553,462.0
554,341.0
555,
556,285.0
557,687.0
558,
559,426.0
560,3536.0
561,2214.0
562,90.0
563,1111.0
564,
565,
566,507.0
567,1278.0
568,729.0
569,180.0
570,
571,791.0
572,281.0
573,926.0
574,
575,791.0
576,715.0
577,247.0
578,228.0
579,
580,400.0
581,247.0
582,418.0
583,289.0
584,21.0
585,
586,501.0
587,
588,
589,47.0
590,564.0
591,649.0
592,2940.0
593,223.0
594,270.0
595,
596,
597,572.0
598,369.0
599,120.0
600,277.0
601,272.0
602,564.0
603,3523.0
604,551.0
605,628.0
606,358.0
607,251.0
608,396.0
609,289.0
610,51.0
611,798.0
612,471.0
613,276.0
614,228.0
615,20.0
616,
617,564.0
618,939.0
619,
620,
621,1427.0
622,279.0
623,343.0
624,
625,
626,358.0
627,289.0
628,382.0
629,
630,229.0
631,
632,396.0
633,564.0
634,1177.0
635,1105.0
636,191.0
637,216.0
638,335.0
639,272.0
640,
641,1278.0
642,351.0
643,318.0
644,827.0
645,2940.0
646,266.0
647,
648,1177.0
649,
650,396.0
651,270.0
652,
653,1177.0
654,3359.0
655,316.0
656,95.0
657,1.0
658,139.0
659,
660,
661,1448.0
662,313.0
663,428.0
664,828.0
665,652.0
666,871.0
667,919.0
668,
669,262.0
670,729.0
671,160.0
672,592.0
673,120.0
674,1782.0
675,465.0
676,
677,592.0
678,1184.0
679,270.0
680,740.0
681,
682,3536.0
683,1186.0
684,1289.0
685,568.0
686,1042.0
687,793.0
688,
689,
690,
691,233.0
692,150.0
693,228.0
694,592.0
695,372.0
696,2165.0
697,792.0
698,743.0
699,9.0
700,
701,127.0
702,227.0
703,564.0
704,877.0
705,361.0
706,738.0
707,
708,52.0
709,1042.0
710,483.0
711,787.0
712,687.0
713,837.0
714,274.0
715,
716,53.0
717,284.0
718,312.0
719,
720,482.0
721,
722,313.0
723,1773.0
724,207.0
725,
726,837.0
727,1852.0
728,2012.0
729,82.0
730,1115.0
731,742.0
732,374.0
733,798.0
734,2703.0
735,
736,286.0
737,1215.0
738,738.0
739,1280.0
740,817.0
741,
742,976.0
743,734.0
744,742.0
745,
746,296.0
747,132.0
748,383.0
749,469.0
750,280.0
751,373.0
752,204.0
753,266.0
754,1782.0
755,409.0
756,369.0
757,88.0
758,791.0
759,440.0
760,783.0
761,517.0
762,817.0
763,253.0
764,
765,1010.0
766,272.0
767,719.0
768,74.0
769,396.0
770,
771,551.0
772,
773,79.0
774,310.0
775,
776,664.0
777,756.0
778,2607.0
779,373.0
780,53.0
781,
782,
783,280.0
784,338.0
785,1369.0
786,284.0
787,211.0
788,61.0
789,361.0
790,
791,173.0
792,233.0
793,729.0
794,482.0
795,
796,278.0
797,290.0
798,105.0
799,471.0
800,682.0
801,284.0
802,985.0
803,294.0
804,206.0
805,
806,
807,1280.0
808,1593.0
809,790.0
810,145.0
811,943.0
812,
813,591.0
814,257.0
815,
816,289.0
817,15.0
818,787.0
819,362.0
820,1782.0
821,
822,
823,1078.0
824,462.0
825,790.0
826,754.0
827,793.0
828,255.0
829,564.0
830,516.0
831,
832,116.0
833,808.0
834,497.0
835,
836,1078.0
837,675.0
838,361.0
839,1280.0
840,1535.0
841,753.0
842,69.0
843,772.0
844,150.0
845,341.0
846,
847,
848,391.0
849,276.0
850,
851,270.0
852,1032.0
853,
854,190.0
855,289.0
856,332.0
857,701.0
858,564.0
859,323.0
860,792.0
861,
862,208.0
863,564.0
864,47.0
865,
866,
867,1782.0
868,
869,341.0
870,109.0
871,772.0
872,
873,
874,221.0
875,781.0
876,564.0
877,501.0
878,276.0
879,729.0
880,163.0
881,751.0
882,126.0
883,126.0
884,
885,368.0
886,501.0
887,717.0
888,558.0
889,
890,276.0
891,653.0
892,591.0
893,311.0
894,52.0
895,270.0
896,1101.0
897,1427.0
898,208.0
899,270.0
900,717.0
901,149.0
902,3536.0
903,311.0
904,
905,
906,789.0
907,86.0
908,
909,564.0
910,128.0
911,1782.0
912,178.0
913,687.0
914,114.0
915,119.0
916,1036.0
917,
918,
919,742.0
920,128.0
921,2211.0
922,276.0
923,48.0
924,763.0
925,482.0
926,
927,48.0
928,830.0
929,742.0
930,397.0
931,90.0
932,28.0
933,293.0
934,
935,228.0
936,737.0
937,
938,564.0
939,791.0
940,274.0
941,272.0
942,31.0
943,28.0
944,
945,575.0
946,465.0
947,877.0
948,
949,215.0
950,104.0
951,
952,483.0
953,508.0
954,740.0
955,
956,675.0
957,
958,439.0
959,163.0
960,
961,556.0
962,
963,599.0
964,
965,
966,221.0
967,272.0
968,
969,130.0
970,368.0
971,
972,564.0
973,180.0
974,292.0
975,832.0
976,
977,687.0
978,
979,564.0
980,361.0
981,1424.0
982,
983,791.0
984,292.0
985,334.0
986,788.0
987,216.0
988,728.0
989,
990,
991,789.0
992,842.0
993,276.0
994,285.0
995,1355.0
996,
997,387.0
998,
999,
1000,34.0
1001,842.0
1002,341.0
1003,396.0
1004,675.0
1005,
1006,
1007,1101.0
1008,465.0
1009,
1010,264.0
1011,778.0
1012,51.0
1013,51.0
1014,718.0
1015,
1016,409.0
1017,287.0
1018,1042.0
1019,465.0
1020,795.0
1021,464.0
1022,
1023,792.0
1024,649.0
1025,1234.0
1026,272.0
1027,772.0
1028,767.0
1029,311.0
1030,837.0
1031,842.0
1032,80.0
1033,445.0
1034,449.0
1035,396.0
1036,80.0
1037,779.0
1038,
1039,
1040,416.0
1041,365.0
1042,114.0
1043,14.0
1044,770.0
1045,
1046,717.0
1047,743.0
1048,
1049,1476.0
1050,
1051,35.0
1052,305.0
1053,14.0
1054,303.0
1055,490.0
1056,77.0
1057,
1058,
1059,
1060,333.0
1061,228.0
1062,365.0
1063,449.0
1064,311.0
1065,795.0
1066,287.0
1067,354.0
1068,611.0
1069,1454.0
1070,363.0
1071,
1072,790.0
1073,568.0
1074,730.0
1075,779.0
1076,
1077,429.0
1078,517.0
1079,131.0
1080,
1081,
1082,765.0
1083,
1084,221.0
1085,358.0
1086,465.0
1087,795.0
1088,339.0
1089,575.0
1090,1742.0
1091,289.0
1092,948.0
1093,
1094,1355.0
1095,86.0
1096,464.0
1097,352.0
1098,779.0
1099,80.0
1100,
1101,195.0
1102,
1103,
1104,
1105,86.0
1106,352.0
1107,229.0
1108,358.0
1109,396.0
1110,913.0
1111,1289.0
1112,564.0
1113,1564.0
1114,103.0
1115,103.0
1116,341.0
1117,257.0
1118,
1119,
1120,873.0
1121,
1122,575.0
1123,28.0
1124,39.0
1125,28.0
1126,489.0
1127,564.0
1128,51.0
1129,800.0
1130,28.0
1131,
1132,462.0
1133,634.0
1134,161.0
1135,
1136,511.0
1137,158.0
1138,
1139,1945.0
1140,
1141,564.0
1142,255.0
1143,
1144,1967.0
1145,104.0
1146,272.0
1147,538.0
1148,749.0
1149,396.0
1150,2767.0
1151,1234.0
1152,
1153,198.0
1154,232.0
1155,374.0
1156,366.0
1157,1424.0
1158,460.0
1159,72.0
1160,21.0
1161,788.0
1162,410.0
1163,341.0
1164,
1165,341.0
1166,460.0
1167,661.0
1168,339.0
1169,888.0
1170,
1171,888.0
1172,791.0
1173,89.0
1174,595.0
1175,626.0
1176,
1177,
1178,
1179,457.0
1180,675.0
1181,320.0
1182,
1183,
1184,
1185,
1186,266.0
1187,365.0
1188,
1189,
1190,
1191,6298.0
1192,251.0
1193,2214.0
1194,776.0
1195,2214.0
1196,223.0
1197,592.0
1198,
1199,411.0
1200,
1201,823.0
1202,259.0
1203,
1204,
1205,675.0
1206,1042.0
1207,
1208,194.0
1209,1028.0
1210,
1211,313.0
1212,580.0
1213,136.0
1214,367.0
1215,628.0
1216,
1217,70.0
1218,266.0
1219,751.0
1220,1604.0
1221,6298.0
1222,268.0
1223,266.0
1224,1260.0
1225,
1226,276.0
1227,
1228,
1229,776.0
1230,313.0
1231,126.0
1232,790.0
1233,82.0
1234,293.0
1235,
1236,759.0
1237,320.0
1238,236.0
1239,178.0
1240,
1241,628.0
1242,296.0
1243,462.0
1244,
1245,411.0
1246,
1247,798.0
1248,635.0
1249,28.0
1250,391.0
1251,28.0
1252,228.0
1253,440.0
1254,257.0
1255,438.0
1256,601.0
1257,246.0
1258,274.0
1259,27.0
1260,484.0
1261,371.0
1262,517.0
1263,
1264,311.0
1265,632.0
1266,287.0
1267,
1268,294.0
1269,1817.0
1270,
1271,
1272,672.0
1273,2214.0
1274,229.0
1275,440.0
1276,1227.0
1277,656.0
1278,311.0
1279,655.0
1280,169.0
1281,
1282,2812.0
1283,735.0
1284,
1285,592.0
1286,71.0
1287,780.0
1288,1137.0
1289,276.0
1290,297.0
1291,2214.0
1292,429.0
1293,548.0
1294,517.0
1295,429.0
1296,28.0
1297,462.0
1298,431.0
1299,429.0
1300,
1301,592.0
1302,1334.0
1303,
1304,717.0
1305,985.0
1306,985.0
1307,
1308,466.0
1309,190.0
1310,895.0
1311,1234.0
1312,2703.0
1313,272.0
1314,372.0
1315,372.0
1316,592.0
1317,648.0
1318,
1319,
1320,272.0
1321,71.0
1322,517.0
1323,466.0
1324,371.0
1325,3543.0
1326,
1327,3543.0
1328,776.0
1329,751.0
1330,655.0
1331,43.0
1332,564.0
1333,
1334,751.0
1335,1345.0
1336,236.0
1337,
1338,621.0
1339,675.0
1340,3986.0
1341,293.0
1342,
1343,387.0
1344,791.0
1345,151.0
1346,791.0
1347,1234.0
1348,737.0
1349,
1350,440.0
1351,943.0
1352,717.0
1353,591.0
1354,
1355,
1356,86.0
1357,110.0
1358,272.0
1359,86.0
1360,
1361,1275.0
1362,49.0
1363,66.0
1364,
1365,3986.0
1366,1144.0
1367,
1368,501.0
1369,367.0
1370,
1371,798.0
1372,40.0
1373,28.0
1374,345.0
1375,367.0
1376,272.0
1377,313.0
1378,27.0
1379,335.0
1380,1253.0
1381,
1382,751.0
1383,943.0
1384,717.0
1385,
1386,267.0
1387,2234.0
1388,287.0
1389,
1390,686.0
1391,280.0
1392,
1393,1813.0
1394,
1395,441.0
1396,781.0
1397,
1398,
1399,
1400,246.0
1401,
1402,
1403,
1404,1049.0
1405,167.0
1406,
1407,
1408,954.0
1409,276.0
1410,791.0
1411,484.0
1412,28.0
1413,
1414,729.0
1415,776.0
1416,720.0
1417,
1418,2486.0
1419,418.0
1420,
1421,1278.0
1422,228.0
1423,1421.0
1424,
1425,1482.0
1426,401.0
1427,
1428,1393.0
1429,311.0
1430,
1431,192.0
1432,
1433,876.0
1434,279.0
1435,449.0
1436,
1437,469.0
1438,466.0
1439,617.0
1440,
1441,465.0
1442,265.0
1443,48.0
1444,274.0
1445,
1446,
1447,1913.0
1448,
1449,
1450,926.0
1451,
1452,687.0
1453,294.0
1454,34.0
1455,891.0
1456,358.0
1457,717.0
1458,30.0
1459,1042.0
1460,
1461,100.0
1462,767.0
1463,649.0
1464,272.0
1465,396.0
1466,564.0
1467,
1468,
1469,339.0
1470,759.0
1471,251.0
1472,
1473,316.0
1474,272.0
1475,845.0
1476,
1477,48.0
1478,564.0
1479,
1480,
1481,385.0
1482,465.0
1483,564.0
1484,312.0
1485,341.0
1486,51.0
1487,655.0
1488,
1489,593.0
1490,142.0
1491,213.0
1492,234.0
1493,
1494,1105.0
1495,51.0
1496,292.0
1497,
1498,213.0
1499,
1500,363.0
1501,465.0
1502,282.0
1503,358.0
1504,289.0
1505,777.0
1506,124.0
1507,382.0
1508,1912.0
1509,53.0
1510,
1511,576.0
1512,1042.0
1513,48.0
1514,754.0
1515,509.0
1516,471.0
1517,838.0
1518,339.0
1519,374.0
1520,
1521,1303.0
1522,114.0
1523,276.0
1524,187.0
1525,1945.0
1526,351.0
1527,266.0
1528,469.0
1529,1433.0
1530,
1531,564.0
1532,764.0
1533,837.0
1534,
1535,1042.0
1536,737.0
1537,
1538,825.0
1539,2214.0
1540,95.0
1541,28.0
1542,791.0
1543,888.0
1544,271.0
1545,142.0
1546,
1547,262.0
1548,773.0
1549,14.0
1550,200.0
1551,
1552,200.0
1553,175.0
1554,1285.0
1555,180.0
1556,740.0
1557,345.0
1558,657.0
1559,775.0
1560,837.0
1561,1482.0
1562,266.0
1563,1042.0
1564,
1565,
1566,
1567,
1568,74.0
1569,357.0
1570,
1571,
1572,89.0
1573,298.0
1574,227.0
1575,
1576,139.0
1577,746.0
1578,101.0
1579,313.0
1580,276.0
1581,908.0
1582,2403.0
1583,56.0
1584,465.0
1585,285.0
1586,687.0
1587,1115.0
1588,102.0
1589,53.0
1590,278.0
1591,611.0
1592,
1593,311.0
1594,817.0
1595,188.0
1596,415.0
1597,
1598,1945.0
1599,207.0
1600,
1601,611.0
1602,107.0
1603,
1604,307.0
1605,1032.0
1606,798.0
1607,837.0
1608,417.0
1609,271.0
1610,899.0
1611,742.0
1612,568.0
1613,798.0
1614,
1615,877.0
1616,1115.0
1617,287.0
1618,28.0
1619,1427.0
1620,
1621,
1622,678.0
1623,773.0
1624,635.0
1625,
1626,787.0
1627,675.0
1628,791.0
1629,267.0
1630,670.0
1631,572.0
1632,
1633,208.0
1634,1782.0
1635,341.0
1636,150.0
1637,465.0
1638,1177.0
1639,6298.0
1640,178.0
1641,211.0
1642,
1643,
1644,1177.0
1645,85.0
1646,
1647,763.0
1648,759.0
1649,1782.0
1650,719.0
1651,742.0
1652,449.0
1653,188.0
1654,141.0
1655,
1656,1721.0
1657,57.0
1658,943.0
1659,53.0
1660,717.0
1661,
1662,570.0
1663,266.0
1664,
1665,281.0
1666,391.0
1667,
1668,396.0
1669,391.0
1670,2115.0
1671,281.0
1672,751.0
1673,
1674,763.0
1675,311.0
1676,338.0
1677,1721.0
1678,74.0
1679,233.0
1680,471.0
1681,
1682,39.0
1683,610.0
1684,53.0
1685,1476.0
1686,694.0
1687,
1688,293.0
1689,20.0
1690,507.0
1691,
1692,
1693,
1694,772.0
1695,246.0
1696,
1697,388.0
1698,798.0
1699,1614.0
1700,1213.0
1701,31.0
1702,1220.0
1703,
1704,
1705,790.0
1706,196.0
1707,
1708,793.0
1709,591.0
1710,497.0
1711,289.0
1712,1195.0
1713,391.0
1714,1280.0
1715,264.0
1716,465.0
1717,465.0
1718,374.0
1719,
1720,
1721,119.0
1722,772.0
1723,564.0
1724,783.0
1725,269.0
1726,931.0
1727,
1728,642.0
1729,
1730,642.0
1731,368.0
1732,
1733,362.0
1734,28.0
1735,28.0
1736,
1737,
1738,2525.0
1739,241.0
1740,
1741,766.0
1742,2607.0
1743,791.0
1744,742.0
1745,
1746,28.0
1747,196.0
1748,
1749,109.0
1750,877.0
1751,1372.0
1752,564.0
1753,272.0
1754,564.0
1755,
1756,272.0
1757,
1758,789.0
1759,781.0
1760,401.0
1761,387.0
1762,228.0
1763,272.0
1764,28.0
1765,169.0
1766,770.0
1767,
1768,149.0
1769,64.0
1770,489.0
1771,287.0
1772,86.0
1773,235.0
1774,285.0
1775,
1776,285.0
1777,28.0
1778,1355.0
1779,255.0
1780,
1781,792.0
1782,1062.0
1783,
1784,1355.0
1785,1427.0
1786,764.0
1787,149.0
1788,1782.0
1789,49.0
1790,617.0
1791,776.0
1792,
1793,
1794,102.0
1795,274.0
1796,566.0
1797,563.0
1798,128.0
1799,276.0
1800,
1801,564.0
1802,441.0
1803,772.0
1804,172.0
1805,
1806,781.0
1807,186.0
1808,787.0
1809,694.0
1810,
1811,51.0
1812,228.0
1813,177.0
1814,564.0
1815,28.0
1816,
1817,787.0
1818,
1819,
1820,787.0
1821,
1822,303.0
1823,
1824,687.0
1825,
1826,439.0
1827,
1828,99.0
1829,28.0
1830,302.0
1831,
1832,
1833,228.0
1834,272.0
1835,28.0
1836,368.0
1837,
1838,770.0
1839,298.0
1840,
1841,748.0
1842,130.0
1843,
1844,361.0
1845,649.0
1846,190.0
1847,51.0
1848,728.0
1849,259.0
1850,
1851,707.0
1852,82.0
1853,52.0
1854,468.0
1855,781.0
1856,426.0
1857,677.0
1858,
1859,773.0
1860,106.0
1861,877.0
1862,649.0
1863,128.0
1864,575.0
1865,51.0
1866,362.0
1867,
1868,806.0
1869,792.0
1870,
1871,51.0
1872,272.0
1873,
1874,228.0
1875,
1876,799.0
1877,51.0
1878,163.0
1879,272.0
1880,341.0
1881,775.0
1882,465.0
1883,
1884,877.0
1885,877.0
1886,176.0
1887,465.0
1888,790.0
1889,743.0
1890,
1891,791.0
1892,149.0
1893,
1894,294.0
1895,444.0
1896,167.0
1897,115.0
1898,
1899,873.0
1900,787.0
1901,123.0
1902,633.0
1903,
1904,416.0
1905,217.0
1906,365.0
1907,409.0
1908,39.0
1909,444.0
1910,168.0
1911,675.0
1912,194.0
1913,362.0
1914,356.0
1915,115.0
1916,35.0
1917,784.0
1918,477.0
1919,228.0
1920,333.0
1921,333.0
1922,795.0
1923,
1924,311.0
1925,363.0
1926,
1927,243.0
1928,790.0
1929,278.0
1930,
1931,429.0
1932,
1933,785.0
1934,781.0
1935,359.0
1936,449.0
1937,575.0
1938,753.0
1939,
1940,757.0
1941,289.0
1942,
1943,57.0
1944,634.0
1945,345.0
1946,449.0
1947,449.0
1948,80.0
1949,216.0
1950,109.0
1951,
1952,113.0
1953,352.0
1954,195.0
1955,791.0
1956,357.0
1957,80.0
1958,229.0
1959,299.0
1960,51.0
1961,740.0
1962,1181.0
1963,442.0
1964,27.0
1965,303.0
1966,165.0
1967,14.0
1968,51.0
1969,489.0
1970,80.0
1971,1782.0
1972,489.0
1973,296.0
1974,1782.0
1975,51.0
1976,396.0
1977,
1978,816.0
1979,
1980,687.0
1981,837.0
1982,
1983,816.0
1984,289.0
1985,246.0
1986,737.0
1987,444.0
1988,51.0
1989,409.0
1990,643.0
1991,172.0
1992,72.0
1993,
1994,149.0
1995,
1996,352.0
1997,144.0
1998,1285.0
1999,289.0
2000,
2001,274.0
2002,
2003,104.0
2004,384.0
2005,873.0
2006,
2007,296.0
2008,
2009,794.0
2010,37.0
2011,1433.0
2012,811.0
2013,127.0
2014,647.0
2015,795.0
2016,891.0
2017,482.0
2018,21.0
2019,
2020,1154.0
2021,791.0
2022,
2023,484.0
2024,517.0
2025,
2026,150.0
2027,12.0
2028,665.0
2029,393.0
2030,1285.0
2031,
2032,
2033,791.0
2034,
2035,312.0
2036,
2037,86.0
2038,
2039,675.0
2040,79.0
2041,429.0
2042,813.0
2043,791.0
2044,791.0
2045,
2046,813.0
2047,410.0
2048,259.0
2049,266.0
2050,207.0
2051,
2052,296.0
2053,
2054,233.0
2055,68.0
2056,628.0
2057,274.0
2058,616.0
2059,628.0
2060,811.0
2061,272.0
2062,908.0
2063,1115.0
2064,
2065,27.0
2066,672.0
2067,772.0
2068,
2069,276.0
2070,228.0
2071,278.0
2072,
2073,1604.0
2074,798.0
2075,90.0
2076,482.0
2077,286.0
2078,846.0
2079,40.0
2080,871.0
2081,449.0
2082,368.0
2083,
2084,322.0
2085,
2086,1215.0
2087,51.0
2088,275.0
2089,776.0
2090,
2091,776.0
2092,150.0
2093,1042.0
2094,1042.0
2095,923.0
2096,817.0
2097,407.0
2098,628.0
2099,449.0
2100,729.0
2101,1604.0
2102,52.0
2103,795.0
2104,
2105,2525.0
2106,90.0
2107,28.0
2108,2214.0
2109,228.0
2110,266.0
2111,350.0
2112,223.0
2113,102.0
2114,49.0
2115,379.0
2116,729.0
2117,873.0
2118,482.0
2119,1281.0
2120,118.0
2121,780.0
2122,
2123,277.0
2124,214.0
2125,269.0
2126,
2127,28.0
2128,571.0
2129,1591.0
2130,1042.0
2131,
2132,229.0
2133,440.0
2134,290.0
2135,1227.0
2136,656.0
2137,2214.0
2138,2525.0
2139,1460.0
2140,
2141,228.0
2142,
2143,436.0
2144,537.0
2145,985.0
2146,
2147,
2148,184.0
2149,
2150,1901.0
2151,717.0
2152,1394.0
2153,517.0
2154,346.0
2155,1999.0
2156,429.0
2157,462.0
2158,396.0
2159,558.0
2160,522.0
2161,1334.0
2162,1093.0
2163,729.0
2164,
2165,985.0
2166,4194.0
2167,895.0
2168,2703.0
2169,1782.0
2170,592.0
2171,
2172,738.0
2173,
2174,522.0
2175,
2176,3543.0
2177,
2178,953.0
2179,62.0
2180,43.0
2181,682.0
2182,1938.0
2183,821.0
2184,48.0
2185,1234.0
2186,
2187,943.0
2188,
2189,482.0
2190,805.0
2191,341.0
2192,558.0
2193,127.0
2194,
2195,400.0
2196,151.0
2197,895.0
2198,535.0
2199,800.0
2200,3986.0
2201,389.0
2202,92.0
2203,269.0
2204,686.0
2205,817.0
2206,88.0
2207,
2208,1111.0
2209,255.0
2210,272.0
2211,86.0
2212,542.0
2213,1604.0
2214,534.0
2215,127.0
2216,402.0
2217,272.0
2218,
2219,
2220,1334.0
2221,270.0
2222,462.0
2223,943.0
2224,61.0
2225,428.0
2226,
2227,592.0
2228,702.0
2229,2012.0
2230,213.0
2231,
2232,1050.0
2233,763.0
2234,792.0
2235,
2236,
2237,
2238,2214.0
2239,326.0
2240,471.0
2241,313.0
2242,1429.0
2243,139.0
2244,233.0
2245,1215.0
2246,
2247,
2248,1172.0
2249,115.0
2250,
2251,43.0
2252,416.0
2253,891.0
2254,
2255,1278.0
2256,
2257,132.0
2258,1420.0
2259,270.0
2260,
2261,513.0
2262,2013.0
2263,2214.0
2264,
2265,
2266,471.0
2267,298.0
2268,876.0
2269,53.0
2270,270.0
2271,341.0
2272,351.0
2273,86.0
2274,9.0
2275,238.0
2276,781.0
2277,954.0
2278,1220.0
2279,90.0
2280,289.0
2281,
2282,1111.0
2283,465.0
2284,233.0
2285,367.0
2286,2286.0
2287,
2288,791.0
2289,675.0
2290,916.0
2291,2214.0
2292,3943.0
2293,638.0
2294,
2295,715.0
2296,374.0
2297,326.0
2298,507.0
2299,418.0
2300,1243.0
2301,
2302,272.0
2303,489.0
2304,569.0
2305,1085.0
2306,954.0
2307,2940.0
2308,
2309,
2310,408.0
2311,396.0
2312,
2313,
2314,465.0
2315,467.0
2316,1974.0
2317,272.0
2318,717.0
2319,743.0
2320,1177.0
2321,128.0
2322,465.0
2323,564.0
2324,251.0
2325,361.0
2326,767.0
2327,35.0
2328,717.0
2329,166.0
2330,1427.0
2331,
2332,786.0
2333,142.0
2334,111.0
2335,
2336,61.0
2337,363.0
2338,124.0
2339,363.0
2340,48.0
2341,124.0
2342,382.0
2343,
2344,895.0
2345,
2346,796.0
2347,581.0
2348,1177.0
2349,796.0
2350,1155.0
2351,
2352,1355.0
2353,1046.0
2354,
2355,352.0
2356,655.0
2357,501.0
2358,
2359,805.0
2360,842.0
2361,396.0
2362,1980.0
2363,1289.0
2364,737.0
2365,976.0
2366,276.0
2367,
2368,298.0
2369,396.0
2370,235.0
2371,376.0
2372,
2373,3359.0
2374,51.0
2375,95.0
2376,27.0
2377,
2378,1981.0
2379,469.0
2380,1604.0
2381,116.0
2382,355.0
2383,710.0
2384,293.0
2385,1100.0
2386,326.0
2387,368.0
2388,142.0
2389,738.0
2390,
2391,
2392,592.0
2393,
2394,114.0
2395,208.0
2396,
2397,740.0
2398,
2399,238.0
2400,1120.0
2401,919.0
2402,355.0
2403,83.0
2404,687.0
2405,564.0
2406,1042.0
2407,479.0
2408,1023.0
2409,501.0
2410,
2411,737.0
2412,564.0
2413,228.0
2414,311.0
2415,
2416,311.0
2417,
2418,895.0
2419,
2420,697.0
2421,2272.0
2422,2403.0
2423,
2424,27.0
2425,572.0
2426,1046.0
2427,296.0
2428,
2429,
2430,
2431,997.0
2432,
2433,1023.0
2434,787.0
2435,312.0
2436,687.0
2437,18.0
2438,188.0
2439,1115.0
2440,
2441,746.0
2442,806.0
2443,
2444,200.0
2445,
2446,1429.0
2447,53.0
2448,141.0
2449,3536.0
2450,107.0
2451,919.0
2452,817.0
2453,243.0
2454,190.0
2455,243.0
2456,1062.0
2457,877.0
2458,946.0
2459,675.0
2460,817.0
2461,488.0
2462,596.0
2463,
2464,296.0
2465,
2466,
2467,292.0
2468,483.0
2469,558.0
2470,150.0
2471,132.0
2472,373.0
2473,292.0
2474,635.0
2475,369.0
2476,856.0
2477,333.0
2478,649.0
2479,453.0
2480,687.0
2481,132.0
2482,
2483,2012.0
2484,307.0
2485,355.0
2486,341.0
2487,
2488,62.0
2489,635.0
2490,827.0
2491,1527.0
2492,355.0
2493,272.0
2494,396.0
2495,
2496,449.0
2497,74.0
2498,190.0
2499,916.0
2500,687.0
2501,551.0
2502,791.0
2503,
2504,396.0
2505,1537.0
2506,114.0
2507,
2508,228.0
2509,2600.0
2510,453.0
2511,
2512,111.0
2513,39.0
2514,57.0
2515,827.0
2516,
2517,202.0
2518,281.0
2519,1272.0
2520,1281.0
2521,
2522,361.0
2523,742.0
2524,
2525,290.0
2526,465.0
2527,
2528,293.0
2529,566.0
2530,
2531,
2532,190.0
2533,285.0
2534,1593.0
2535,261.0
2536,
2537,919.0
2538,
2539,1213.0
2540,1053.0
2541,
2542,
2543,113.0
2544,259.0
2545,
2546,943.0
2547,
2548,
2549,253.0
2550,
2551,396.0
2552,429.0
2553,
2554,1782.0
2555,253.0
2556,783.0
2557,28.0
2558,783.0
2559,53.0
2560,516.0
2561,
2562,772.0
2563,368.0
2564,837.0
2565,
2566,1172.0
2567,389.0
2568,511.0
2569,272.0
2570,211.0
2571,361.0
2572,806.0
2573,1420.0
2574,
2575,289.0
2576,341.0
2577,772.0
2578,742.0
2579,481.0
2580,
2581,753.0
2582,1761.0
2583,716.0
2584,
2585,701.0
2586,564.0
2587,564.0
2588,
2589,772.0
2590,877.0
2591,888.0
2592,
2593,
2594,
2595,114.0
2596,272.0
2597,
2598,2781.0
2599,441.0
2600,772.0
2601,276.0
2602,
2603,440.0
2604,228.0
2605,772.0
2606,808.0
2607,675.0
2608,284.0
2609,290.0
2610,
2611,
2612,445.0
2613,255.0
2614,578.0
2615,49.0
2616,272.0
2617,407.0
2618,149.0
2619,1220.0
2620,311.0
2621,48.0
2622,
2623,791.0
2624,790.0
2625,118.0
2626,421.0
2627,190.0
2628,791.0
2629,575.0
2630,150.0
2631,391.0
2632,657.0
2633,176.0
2634,51.0
2635,149.0
2636,563.0
2637,270.0
2638,694.0
2639,58.0
2640,293.0
2641,772.0
2642,150.0
2643,228.0
2644,791.0
2645,343.0
2646,908.0
2647,274.0
2648,387.0
2649,361.0
2650,51.0
2651,
2652,575.0
2653,14.0
2654,877.0
2655,272.0
2656,790.0
2657,311.0
2658,60.0
2659,
2660,208.0
2661,
2662,675.0
2663,
2664,
2665,
2666,
2667,358.0
2668,
2669,388.0
2670,388.0
2671,142.0
2672,211.0
2673,119.0
2674,272.0
2675,
2676,130.0
2677,
2678,235.0
2679,169.0
2680,
2681,696.0
2682,430.0
2683,388.0
2684,277.0
2685,334.0
2686,788.0
2687,216.0
2688,
2689,51.0
2690,228.0
2691,355.0
2692,387.0
2693,332.0
2694,
2695,1663.0
2696,
2697,337.0
2698,
2699,376.0
2700,328.0
2701,
2702,470.0
2703,128.0
2704,575.0
2705,806.0
2706,
2707,795.0
2708,1112.0
2709,1101.0
2710,710.0
2711,
2712,470.0
2713,842.0
2714,264.0
2715,564.0
2716,
2717,
2718,217.0
2719,289.0
2720,
2721,415.0
2722,14.0
2723,781.0
2724,272.0
2725,842.0
2726,449.0
2727,772.0
2728,254.0
2729,791.0
2730,694.0
2731,
2732,778.0
2733,305.0
2734,436.0
2735,495.0
2736,
2737,276.0
2738,
2739,579.0
2740,14.0
2741,145.0
2742,2234.0
2743,416.0
2744,1506.0
2745,14.0
2746,783.0
2747,782.0
2748,1042.0
2749,770.0
2750,842.0
2751,39.0
2752,483.0
2753,842.0
2754,361.0
2755,213.0
2756,194.0
2757,
2758,
2759,429.0
2760,444.0
2761,123.0
2762,
2763,784.0
2764,333.0
2765,517.0
2766,789.0
2767,276.0
2768,354.0
2769,311.0
2770,83.0
2771,293.0
2772,302.0
2773,
2774,791.0
2775,846.0
2776,749.0
2777,57.0
2778,365.0
2779,324.0
2780,517.0
2781,264.0
2782,339.0
2783,
2784,174.0
2785,791.0
2786,788.0
2787,
2788,
2789,785.0
2790,795.0
2791,675.0
2792,339.0
2793,35.0
2794,279.0
2795,270.0
2796,228.0
2797,779.0
2798,1042.0
2799,273.0
2800,753.0
2801,795.0
2802,778.0
2803,240.0
2804,788.0
2805,363.0
2806,130.0
2807,128.0
2808,1042.0
2809,51.0
2810,341.0
2811,358.0
2812,272.0
2813,208.0
2814,64.0
2815,1564.0
2816,
2817,263.0
2818,409.0
2819,
2820,
2821,511.0
2822,331.0
2823,
2824,415.0
2825,352.0
2826,396.0
2827,564.0
2828,
2829,1289.0
2830,358.0
2831,564.0
2832,357.0
2833,279.0
2834,51.0
2835,409.0
2836,72.0
2837,339.0
2838,
2839,276.0
2840,352.0
2841,
2842,298.0
2843,873.0
2844,272.0
2845,384.0
2846,
2847,46.0
2848,1939.0
2849,
2850,2189.0
2851,628.0
2852,945.0
2853,840.0
2854,
2855,
2856,895.0
2857,788.0
2858,274.0
2859,
2860,
2861,355.0
2862,109.0
2863,675.0
2864,
2865,266.0
2866,126.0
2867,751.0
2868,
2869,1482.0
2870,227.0
2871,
2872,
2873,1042.0
2874,637.0
2875,
2876,1042.0
2877,373.0
2878,274.0
2879,592.0
2880,340.0
2881,266.0
2882,277.0
2883,985.0
2884,611.0
2885,628.0
2886,406.0
2887,400.0
2888,
2889,212.0
2890,
2891,407.0
2892,265.0
2893,194.0
2894,1042.0
2895,208.0
2896,274.0
2897,1352.0
2898,563.0
2899,563.0
2900,908.0
2901,1111.0
2902,269.0
2903,440.0
2904,229.0
2905,368.0
2906,181.0
2907,373.0
2908,207.0
2909,340.0
2910,976.0
2911,720.0
2912,379.0
2913,367.0
2914,400.0
2915,
2916,764.0
2917,1604.0
2918,620.0
2919,
2920,2189.0
2921,1042.0
2922,
2923,367.0
2924,246.0
2925,1300.0
2926,144.0
2927,1789.0
2928,921.0
2929,2013.0
2930,302.0
2931,
2932,294.0
2933,
2934,88.0
2935,1204.0
2936,689.0
2937,343.0
2938,1154.0
2939,642.0
2940,
2941,194.0
2942,374.0
2943,207.0
2944,233.0
2945,656.0
2946,476.0
2947,
2948,269.0
2949,792.0
2950,766.0
2951,1430.0
2952,1430.0
2953,213.0
2954,549.0
2955,80.0
2956,
2957,269.0
2958,1901.0
2959,269.0
2960,269.0
2961,
2962,592.0
2963,
2964,780.0
2965,1901.0
2966,
2967,766.0
2968,1369.0
2969,501.0
2970,345.0
2971,2214.0
2972,782.0
2973,429.0
2974,228.0
2975,1999.0
2976,592.0
2977,
2978,
2979,729.0
2980,
2981,1093.0
2982,1782.0
2983,
2984,
2985,
2986,522.0
2987,372.0
2988,2145.0
2989,103.0
2990,522.0
2991,689.0
2992,3543.0
2993,
2994,43.0
2995,780.0
2996,588.0
2997,1938.0
2998,484.0
2999,628.0
3000,113.0
3001,118.0
3002,908.0
3003,770.0
3004,298.0
3005,675.0
3006,85.0
3007,14.0
3008,1591.0
3009,540.0
3010,
3011,372.0
3012,1042.0
3013,502.0
3014,1591.0
3015,269.0
3016,369.0
3017,895.0
3018,296.0
3019,702.0
3020,737.0
3021,908.0
3022,449.0
3023,582.0
3024,798.0
3025,345.0
3026,228.0
3027,592.0
3028,1042.0
3029,416.0
3030,180.0
3031,321.0
3032,47.0
3033,272.0
3034,
3035,908.0
3036,
3037,501.0
3038,462.0
3039,
3040,
3041,943.0
3042,476.0
3043,689.0
3044,
3045,1914.0
3046,
3047,1234.0
3048,727.0
3049,106.0
3050,592.0
3051,
3052,335.0
3053,821.0
3054,1878.0
3055,
3056,717.0
3057,808.0
3058,
3059,267.0
3060,340.0
3061,299.0
3062,
3063,2741.0
3064,2214.0
3065,1429.0
3066,82.0
3067,
3068,2525.0
3069,257.0
3070,
3071,290.0
3072,119.0
3073,837.0
3074,453.0
3075,
3076,343.0
3077,77.0
3078,2189.0
3079,
3080,212.0
3081,1558.0
3082,
3083,484.0
3084,1009.0
3085,
3086,
3087,21.0
3088,2815.0
3089,675.0
3090,192.0
3091,
3092,2189.0
3093,449.0
3094,341.0
3095,
3096,395.0
3097,
3098,465.0
3099,837.0
3100,351.0
3101,289.0
3102,3536.0
3103,
3104,465.0
3105,564.0
3106,1176.0
3107,395.0
3108,
3109,
3110,954.0
3111,395.0
3112,821.0
3113,1782.0
3114,
3115,655.0
3116,374.0
3117,810.0
3118,675.0
3119,142.0
3120,
3121,409.0
3122,
3123,796.0
3124,
3125,579.0
3126,246.0
3127,412.0
3128,717.0
3129,668.0
3130,791.0
3131,396.0
3132,272.0
3133,1974.0
3134,102.0
3135,551.0
3136,628.0
3137,51.0
3138,598.0
3139,781.0
3140,655.0
3141,251.0
3142,169.0
3143,251.0
3144,75.0
3145,228.0
3146,564.0
3147,213.0
3148,1782.0
3149,207.0
3150,51.0
3151,341.0
3152,289.0
3153,447.0
3154,363.0
3155,1853.0
3156,
3157,277.0
3158,387.0
3159,
3160,1853.0
3161,509.0
3162,
3163,881.0
3164,409.0
3165,647.0
3166,305.0
3167,1101.0
3168,318.0
3169,1992.0
3170,
3171,
3172,
3173,51.0
3174,280.0
3175,270.0
3176,311.0
3177,483.0
3178,53.0
3179,204.0
3180,571.0
3181,1.0
3182,233.0
3183,293.0
3184,
3185,1604.0
3186,
3187,355.0
3188,85.0
3189,1448.0
3190,207.0
3191,262.0
3192,1777.0
3193,808.0
3194,
3195,
3196,
3197,749.0
3198,205.0
3199,283.0
3200,895.0
3201,
3202,501.0
3203,792.0
3204,120.0
3205,1905.0
3206,296.0
3207,
3208,372.0
3209,
3210,
3211,825.0
3212,775.0
3213,449.0
3214,52.0
3215,
3216,1042.0
3217,
3218,
3219,
3220,596.0
3221,
3222,
3223,
3224,
3225,83.0
3226,299.0
3227,
3228,687.0
3229,311.0
3230,675.0
3231,1115.0
3232,465.0
3233,
3234,687.0
3235,471.0
3236,1429.0
3237,
3238,805.0
3239,114.0
3240,178.0
3241,1032.0
3242,877.0
3243,217.0
3244,
3245,311.0
3246,
3247,269.0
3248,1062.0
3249,1042.0
3250,951.0
3251,877.0
3252,578.0
3253,49.0
3254,465.0
3255,617.0
3256,
3257,558.0
3258,
3259,49.0
3260,763.0
3261,
3262,1027.0
3263,101.0
3264,171.0
3265,333.0
3266,283.0
3267,635.0
3268,132.0
3269,706.0
3270,635.0
3271,635.0
3272,465.0
3273,142.0
3274,
3275,188.0
3276,817.0
3277,466.0
3278,763.0
3279,395.0
3280,687.0
3281,342.0
3282,559.0
3283,242.0
3284,
3285,572.0
3286,233.0
3287,74.0
3288,687.0
3289,57.0
3290,482.0
3291,2071.0
3292,1352.0
3293,756.0
3294,575.0
3295,53.0
3296,1663.0
3297,
3298,253.0
3299,
3300,1721.0
3301,137.0
3302,74.0
3303,
3304,
3305,233.0
3306,86.0
3307,287.0
3308,20.0
3309,507.0
3310,
3311,827.0
3312,772.0
3313,472.0
3314,784.0
3315,837.0
3316,
3317,
3318,798.0
3319,1853.0
3320,28.0
3321,167.0
3322,1213.0
3323,1961.0
3324,
3325,53.0
3326,348.0
3327,261.0
3328,
3329,507.0
3330,772.0
3331,188.0
3332,497.0
3333,1782.0
3334,591.0
3335,503.0
3336,503.0
3337,372.0
3338,150.0
3339,483.0
