0,28
1,20
2,13
3,29
4,24
5,39
6,25
7,26
8,52
9,22
10,39
11,42
12,51
13,18
14,22
15,41
16,37
17,19
18,31
19,14
20,4
21,29
22,28
23,41
24,35
25,34
26,36
27,39
28,22
29,28
30,40
31,29
32,40
33,17
34,13
35,30
36,25
37,21
38,18
39,31
40,56
41,32
42,9
43,10
44,23
45,30
46,39
47,29
48,39
49,35
50,36
51,28
52,32
53,31
54,40
55,24
56,56
57,52
58,37
59,7
60,22
61,28
62,17
63,39
64,13
65,33
66,29
67,12
68,6
69,53
70,21
71,25
72,42
73,40
74,17
75,8
76,32
77,16
78,49
79,13
80,53
81,31
82,20
83,26
84,43
85,25
86,22
87,21
88,30
89,22
90,14
91,22
92,12
93,39
94,16
95,43
96,56
97,44
98,45
99,29
100,31
101,40
102,40
103,36
104,24
105,
106,
107,30
108,49
109,43
110,
111,32
112,40
113,34
114,39
115,49
116,13
117,45
118,14
119,17
120,22
121,22
122,39
123,4
124,27
125,37
126,52
127,36
128,10
129,14
130,37
131,16
132,48
133,19
134,
135,31
136,30
137,40
138,26
139,30
140,50
141,22
142,51
143,
144,32
145,37
146,31
147,25
148,23
149,32
150,34
151,31
152,
153,22
154,
155,41
156,7
157,25
158,44
159,14
160,49
161,56
162,23
163,
164,29
165,28
166,28
167,28
168,6
169,32
170,32
171,33
172,6
173,31
174,29
175,42
176,22
177,
178,22
179,33
180,38
181,24
182,43
183,
184,
185,48
186,14
187,18
188,48
189,26
190,20
191,30
192,40
193,26
194,46
195,40
196,31
197,
198,38
199,48
200,40
201,22
202,31
203,32
204,39
205,29
206,30
207,42
208,28
209,33
210,40
211,46
212,28
213,17
214,49
215,10
216,33
217,7
218,34
219,11
220,28
221,23
222,42
223,29
224,6
225,28
226,48
227,5
228,
229,40
230,10
231,12
232,39
233,35
234,20
235,43
236,14
237,
238,29
239,14
240,4
241,19
242,8
243,33
244,
245,32
246,42
247,27
248,47
249,32
250,24
251,40
252,32
253,32
254,32
255,20
256,22
257,47
258,30
259,29
260,9
261,40
262,20
263,26
264,31
265,36
266,17
267,35
268,41
269,56
270,28
271,24
272,10
273,
274,
275,
276,26
277,32
278,19
279,28
280,34
281,25
282,28
283,31
284,3
285,10
286,39
287,26
288,16
289,28
290,24
291,29
292,31
293,17
294,20
295,25
296,33
297,30
298,23
299,52
300,13
301,18
302,30
303,52
304,21
305,21
306,28
307,66
308,23
309,19
310,30
311,43
312,28
313,16
314,17
315,6
316,30
317,27
318,17
319,17
320,24
321,19
322,40
323,39
324,24
325,44
326,35
327,
328,33
329,23
330,42
331,40
332,17
333,11
334,39
335,32
336,30
337,25
338,48
339,43
340,48
341,42
342,29
343,11
344,17
345,41
346,24
347,23
348,32
349,32
350,36
351,36
352,30
353,25
354,40
355,33
356,43
357,17
358,25
359,43
360,35
361,30
362,18
363,28
364,26
365,34
366,15
367,43
368,32
369,44
370,37
371,31
372,30
373,43
374,30
375,
376,20
377,13
378,46
379,39
380,43
381,40
382,19
383,6
384,38
385,
386,53
387,
388,44
389,26
390,32
391,23
392,20
393,19
394,22
395,50
396,39
397,46
398,22
399,37
400,16
401,19
402,28
403,28
404,21
405,20
406,30
407,13
408,15
409,28
410,29
411,48
412,22
413,19
414,15
415,28
416,15
417,19
418,8
419,17
420,16
421,16
422,15
423,12
424,30
425,19
426,14
427,41
428,31
429,39
430,35
431,37
432,29
433,27
434,38
435,15
436,12
437,43
438,17
439,26
440,28
441,28
442,39
443,17
444,33
445,29
446,30
447,26
448,28
449,47
450,43
451,36
452,39
453,39
454,40
455,47
456,22
457,13
458,30
459,35
460,17
461,18
462,22
463,11
464,12
465,40
466,12
467,7
468,43
469,34
470,12
471,11
472,7
473,24
474,49
475,31
476,18
477,11
478,30
479,23
480,32
481,21
482,34
483,18
484,32
485,17
486,29
487,
488,11
489,24
490,20
491,38
492,22
493,23
494,31
495,18
496,32
497,
498,19
499,28
500,36
501,30
502,28
503,11
504,11
505,22
506,45
507,6
508,30
509,
510,39
511,24
512,12
513,44
514,
515,19
516,26
517,26
518,33
519,14
520,15
521,18
522,
523,
524,11
525,17
526,9
527,
528,28
529,12
530,11
531,20
532,29
533,15
534,27
535,29
536,3
537,45
538,30
539,19
540,11
541,32
542,30
543,11
544,17
545,16
546,22
547,23
548,18
549,17
550,27
551,6
552,34
553,39
554,25
555,40
556,34
557,17
558,28
559,27
560,51
561,11
562,18
563,29
564,43
565,19
566,52
567,41
568,17
569,43
570,19
571,28
572,23
573,24
574,25
575,28
576,20
577,23
578,53
579,14
580,29
581,23
582,17
583,46
584,15
585,31
586,28
587,
588,29
589,4
590,40
591,45
592,32
593,37
594,40
595,35
596,23
597,26
598,41
599,13
600,40
601,31
602,40
603,26
604,40
605,36
606,54
607,7
608,35
609,46
610,32
611,43
612,26
613,48
614,46
615,28
616,29
617,40
618,44
619,56
620,38
621,31
622,20
623,26
624,46
625,
626,54
627,46
628,45
629,33
630,10
631,33
632,35
633,40
634,52
635,39
636,20
637,13
638,41
639,31
640,18
641,41
642,17
643,29
644,
645,32
646,18
647,
648,52
649,31
650,35
651,17
652,40
653,52
654,37
655,22
656,39
657,30
658,26
659,30
660,54
661,28
662,13
663,17
664,17
665,35
666,24
667,17
668,29
669,56
670,17
671,4
672,30
673,5
674,20
675,49
676,32
677,30
678,15
679,17
680,40
681,
682,51
683,27
684,20
685,48
686,23
687,22
688,50
689,27
690,18
691,30
692,51
693,53
694,30
695,12
696,27
697,24
698,21
699,32
700,23
701,1
702,39
703,40
704,22
705,32
706,
707,22
708,45
709,23
710,24
711,45
712,32
713,23
714,30
715,51
716,36
717,26
718,38
719,10
720,17
721,19
722,44
723,24
724,23
725,9
726,39
727,46
728,35
729,24
730,9
731,18
732,22
733,43
734,39
735,7
736,12
737,27
738,9
739,42
740,22
741,35
742,38
743,18
744,18
745,31
746,39
747,16
748,34
749,49
750,9
751,8
752,21
753,43
754,20
755,43
756,41
757,
758,28
759,8
760,6
761,31
762,22
763,33
764,56
765,26
766,31
767,15
768,30
769,35
770,13
771,16
772,
773,18
774,22
775,
776,33
777,36
778,18
779,14
780,26
781,18
782,23
783,29
784,
785,19
786,33
787,23
788,20
789,39
790,39
791,17
792,30
793,17
794,25
795,36
796,31
797,28
798,11
799,26
800,44
801,35
802,13
803,40
804,43
805,15
806,32
807,42
808,21
809,9
810,29
811,16
812,16
813,25
814,28
815,10
816,46
817,15
818,32
819,12
820,20
821,27
822,
823,10
824,39
825,12
826,15
827,33
828,
829,40
830,31
831,27
832,40
833,19
834,2
835,25
836,30
837,47
838,39
839,42
840,23
841,17
842,27
843,44
844,51
845,25
846,29
847,26
848,20
849,48
850,14
851,14
852,31
853,44
854,16
855,32
856,50
857,16
858,40
859,20
860,24
861,31
862,23
863,40
864,4
865,12
866,27
867,20
868,26
869,25
870,4
871,44
872,
873,30
874,50
875,23
876,40
877,28
878,48
879,17
880,30
881,36
882,55
883,55
884,29
885,26
886,28
887,36
888,29
889,26
890,48
891,24
892,25
893,50
894,18
895,17
896,31
897,31
898,23
899,17
900,36
901,32
902,51
903,50
904,21
905,34
906,40
907,24
908,36
909,40
910,51
911,20
912,
913,32
914,47
915,35
916,49
917,7
918,10
919,18
920,51
921,10
922,48
923,45
924,29
925,32
926,31
927,45
928,9
929,18
930,33
931,18
932,39
933,24
934,33
935,53
936,37
937,3
938,40
939,20
940,41
941,31
942,38
943,39
944,
945,25
946,49
947,22
948,37
949,29
950,23
951,36
952,24
953,14
954,
955,
956,47
957,30
958,
959,30
960,
961,36
962,
963,20
964,28
965,47
966,50
967,31
968,17
969,25
970,26
971,30
972,40
973,20
974,31
975,
976,30
977,32
978,
979,40
980,39
981,14
982,
983,28
984,31
985,34
986,31
987,27
988,53
989,44
990,20
991,36
992,24
993,48
994,47
995,24
996,24
997,
998,11
999,30
1000,37
1001,24
1002,25
1003,35
1004,47
1005,31
1006,31
1007,31
1008,49
1009,
1010,6
1011,20
1012,32
1013,32
1014,40
1015,30
1016,31
1017,18
1018,23
1019,49
1020,28
1021,14
1022,18
1023,30
1024,59
1025,32
1026,31
1027,44
1028,24
1029,25
1030,39
1031,24
1032,42
1033,28
1034,14
1035,35
1036,42
1037,14
1038,52
1039,48
1040,29
1041,
1042,47
1043,15
1044,22
1045,25
1046,36
1047,31
1048,15
1049,16
1050,
1051,6
1052,38
1053,9
1054,16
1055,31
1056,16
1057,33
1058,33
1059,
1060,43
1061,53
1062,
1063,14
1064,50
1065,40
1066,26
1067,9
1068,
1069,12
1070,28
1071,26
1072,22
1073,48
1074,17
1075,14
1076,52
1077,41
1078,30
1079,35
1080,
1081,
1082,29
1083,
1084,17
1085,54
1086,49
1087,28
1088,40
1089,25
1090,21
1091,26
1092,6
1093,10
1094,24
1095,22
1096,14
1097,
1098,14
1099,42
1100,34
1101,27
1102,5
1103,23
1104,18
1105,22
1106,
1107,10
1108,54
1109,35
1110,
1111,20
1112,40
1113,28
1114,33
1115,33
1116,14
1117,28
1118,12
1119,33
1120,47
1121,
1122,25
1123,39
1124,43
1125,39
1126,29
1127,40
1128,32
1129,45
1130,39
1131,
1132,39
1133,29
1134,63
1135,33
1136,22
1137,60
1138,31
1139,48
1140,17
1141,40
1142,18
1143,
1144,41
1145,14
1146,31
1147,17
1148,
1149,35
1150,44
1151,32
1152,
1153,9
1154,24
1155,22
1156,9
1157,14
1158,13
1159,29
1160,18
1161,31
1162,39
1163,46
1164,17
1165,46
1166,11
1167,7
1168,26
1169,28
1170,34
1171,28
1172,28
1173,43
1174,13
1175,33
1176,
1177,33
1178,22
1179,30
1180,47
1181,26
1182,31
1183,8
1184,9
1185,42
1186,43
1187,9
1188,31
1189,36
1190,32
1191,27
1192,13
1193,11
1194,52
1195,11
1196,32
1197,30
1198,29
1199,35
1200,19
1201,
1202,15
1203,19
1204,31
1205,47
1206,23
1207,38
1208,40
1209,35
1210,19
1211,44
1212,30
1213,7
1214,12
1215,36
1216,9
1217,40
1218,43
1219,36
1220,32
1221,27
1222,12
1223,43
1224,20
1225,22
1226,48
1227,21
1228,15
1229,49
1230,44
1231,34
1232,12
1233,24
1234,18
1235,34
1236,43
1237,25
1238,20
1239,24
1240,46
1241,36
1242,25
1243,39
1244,42
1245,35
1246,48
1247,25
1248,23
1249,39
1250,20
1251,39
1252,53
1253,12
1254,28
1255,32
1256,50
1257,30
1258,41
1259,33
1260,41
1261,
1262,43
1263,27
1264,50
1265,14
1266,53
1267,
1268,4
1269,31
1270,34
1271,12
1272,23
1273,11
1274,22
1275,29
1276,
1277,22
1278,50
1279,46
1280,19
1281,48
1282,12
1283,21
1284,6
1285,30
1286,21
1287,30
1288,16
1289,48
1290,37
1291,11
1292,41
1293,
1294,31
1295,41
1296,39
1297,39
1298,21
1299,41
1300,26
1301,30
1302,12
1303,15
1304,36
1305,13
1306,23
1307,26
1308,38
1309,28
1310,34
1311,32
1312,39
1313,31
1314,23
1315,23
1316,30
1317,30
1318,
1319,
1320,22
1321,21
1322,43
1323,38
1324,
1325,39
1326,25
1327,39
1328,52
1329,36
1330,46
1331,20
1332,40
1333,22
1334,29
1335,
1336,20
1337,4
1338,20
1339,47
1340,19
1341,13
1342,18
1343,36
1344,28
1345,41
1346,20
1347,32
1348,27
1349,12
1350,29
1351,16
1352,36
1353,25
1354,19
1355,
1356,45
1357,35
1358,31
1359,22
1360,
1361,11
1362,24
1363,19
1364,30
1365,19
1366,21
1367,17
1368,28
1369,12
1370,16
1371,43
1372,33
1373,39
1374,20
1375,12
1376,31
1377,44
1378,33
1379,41
1380,27
1381,31
1382,27
1383,16
1384,36
1385,35
1386,18
1387,14
1388,53
1389,32
1390,11
1391,40
1392,28
1393,38
1394,25
1395,15
1396,11
1397,29
1398,17
1399,21
1400,30
1401,18
1402,17
1403,21
1404,46
1405,22
1406,26
1407,75
1408,21
1409,48
1410,28
1411,41
1412,39
1413,16
1414,17
1415,52
1416,36
1417,31
1418,23
1419,17
1420,35
1421,67
1422,54
1423,33
1424,18
1425,15
1426,18
1427,13
1428,22
1429,50
1430,38
1431,18
1432,37
1433,6
1434,40
1435,14
1436,37
1437,49
1438,38
1439,25
1440,28
1441,49
1442,40
1443,45
1444,41
1445,8
1446,39
1447,46
1448,19
1449,3
1450,24
1451,25
1452,32
1453,34
1454,12
1455,33
1456,54
1457,36
1458,
1459,23
1460,
1461,7
1462,34
1463,45
1464,31
1465,35
1466,40
1467,33
1468,52
1469,40
1470,5
1471,26
1472,38
1473,34
1474,31
1475,26
1476,27
1477,45
1478,40
1479,13
1480,31
1481,24
1482,49
1483,40
1484,39
1485,25
1486,32
1487,46
1488,56
1489,42
1490,25
1491,7
1492,
1493,35
1494,39
1495,32
1496,40
1497,31
1498,33
1499,38
1500,28
1501,49
1502,27
1503,54
1504,46
1505,16
1506,46
1507,45
1508,29
1509,50
1510,
1511,
1512,23
1513,65
1514,52
1515,41
1516,26
1517,39
1518,40
1519,13
1520,18
1521,6
1522,47
1523,48
1524,14
1525,48
1526,12
1527,18
1528,49
1529,15
1530,31
1531,40
1532,25
1533,39
1534,19
1535,23
1536,37
1537,54
1538,23
1539,11
1540,39
1541,39
1542,28
1543,28
1544,5
1545,29
1546,19
1547,56
1548,61
1549,21
1550,17
1551,18
1552,17
1553,3
1554,40
1555,30
1556,40
1557,34
1558,
1559,34
1560,39
1561,15
1562,5
1563,23
1564,50
1565,19
1566,22
1567,8
1568,30
1569,31
1570,36
1571,36
1572,43
1573,29
1574,39
1575,21
1576,26
1577,17
1578,19
1579,44
1580,34
1581,34
1582,33
1583,35
1584,49
1585,34
1586,32
1587,9
1588,23
1589,21
1590,31
1591,36
1592,10
1593,50
1594,22
1595,38
1596,36
1597,28
1598,32
1599,23
1600,
1601,36
1602,27
1603,32
1604,9
1605,31
1606,43
1607,39
1608,40
1609,19
1610,24
1611,18
1612,22
1613,43
1614,31
1615,22
1616,9
1617,15
1618,39
1619,31
1620,46
1621,25
1622,26
1623,61
1624,23
1625,17
1626,45
1627,47
1628,28
1629,13
1630,36
1631,14
1632,52
1633,23
1634,20
1635,25
1636,51
1637,49
1638,52
1639,27
1640,
1641,14
1642,54
1643,54
1644,52
1645,32
1646,3
1647,29
1648,20
1649,20
1650,15
1651,18
1652,14
1653,32
1654,35
1655,20
1656,10
1657,23
1658,16
1659,30
1660,36
1661,47
1662,28
1663,18
1664,
1665,42
1666,23
1667,38
1668,35
1669,23
1670,11
1671,42
1672,36
1673,49
1674,29
1675,38
1676,
1677,10
1678,30
1679,30
1680,26
1681,18
1682,12
1683,7
1684,28
1685,29
1686,12
1687,31
1688,24
1689,24
1690,52
1691,52
1692,
1693,31
1694,44
1695,30
1696,32
1697,35
1698,27
1699,47
1700,26
1701,38
1702,34
1703,19
1704,12
1705,9
1706,24
1707,14
1708,33
1709,25
1710,2
1711,46
1712,13
1713,23
1714,42
1715,12
1716,49
1717,49
1718,14
1719,15
1720,29
1721,35
1722,32
1723,40
1724,6
1725,12
1726,30
1727,17
1728,15
1729,20
1730,15
1731,24
1732,37
1733,30
1734,39
1735,39
1736,31
1737,25
1738,29
1739,34
1740,33
1741,11
1742,18
1743,20
1744,18
1745,29
1746,39
1747,24
1748,34
1749,4
1750,22
1751,
1752,40
1753,31
1754,40
1755,29
1756,31
1757,28
1758,36
1759,23
1760,24
1761,
1762,53
1763,31
1764,39
1765,19
1766,19
1767,26
1768,43
1769,16
1770,28
1771,15
1772,37
1773,32
1774,8
1775,56
1776,16
1777,39
1778,24
1779,18
1780,26
1781,37
1782,36
1783,
1784,24
1785,31
1786,21
1787,32
1788,20
1789,24
1790,6
1791,
1792,25
1793,
1794,36
1795,9
1796,33
1797,33
1798,51
1799,48
1800,53
1801,40
1802,53
1803,44
1804,20
1805,34
1806,23
1807,12
1808,32
1809,12
1810,52
1811,32
1812,53
1813,23
1814,40
1815,39
1816,57
1817,45
1818,11
1819,57
1820,32
1821,
1822,16
1823,56
1824,32
1825,30
1826,
1827,
1828,10
1829,39
1830,12
1831,28
1832,24
1833,53
1834,31
1835,39
1836,26
1837,
1838,19
1839,14
1840,25
1841,38
1842,25
1843,
1844,39
1845,59
1846,28
1847,32
1848,53
1849,15
1850,17
1851,27
1852,19
1853,18
1854,
1855,37
1856,27
1857,12
1858,47
1859,61
1860,31
1861,22
1862,45
1863,51
1864,25
1865,32
1866,41
1867,
1868,23
1869,30
1870,23
1871,32
1872,31
1873,
1874,53
1875,19
1876,
1877,32
1878,
1879,31
1880,25
1881,19
1882,49
1883,39
1884,22
1885,22
1886,16
1887,49
1888,12
1889,31
1890,33
1891,28
1892,32
1893,48
1894,29
1895,30
1896,38
1897,21
1898,8
1899,47
1900,15
1901,10
1902,11
1903,48
1904,29
1905,22
1906,
1907,31
1908,8
1909,30
1910,4
1911,47
1912,16
1913,41
1914,
1915,21
1916,6
1917,28
1918,
1919,53
1920,43
1921,43
1922,40
1923,17
1924,50
1925,28
1926,26
1927,30
1928,22
1929,15
1930,
1931,41
1932,56
1933,25
1934,32
1935,48
1936,14
1937,25
1938,17
1939,27
1940,33
1941,26
1942,10
1943,23
1944,29
1945,39
1946,14
1947,14
1948,42
1949,28
1950,4
1951,34
1952,29
1953,
1954,27
1955,46
1956,3
1957,42
1958,10
1959,30
1960,8
1961,
1962,20
1963,9
1964,
1965,16
1966,20
1967,23
1968,32
1969,29
1970,42
1971,20
1972,29
1973,13
1974,20
1975,32
1976,35
1977,31
1978,19
1979,56
1980,32
1981,39
1982,33
1983,19
1984,18
1985,18
1986,21
1987,30
1988,32
1989,31
1990,24
1991,32
1992,2
1993,22
1994,32
1995,31
1996,
1997,41
1998,40
1999,46
2000,34
2001,39
2002,56
2003,14
2004,28
2005,47
2006,18
2007,19
2008,40
2009,34
2010,41
2011,15
2012,25
2013,12
2014,12
2015,25
2016,33
2017,17
2018,18
2019,24
2020,19
2021,28
2022,30
2023,41
2024,31
2025,36
2026,3
2027,33
2028,29
2029,27
2030,40
2031,67
2032,25
2033,28
2034,42
2035,38
2036,30
2037,22
2038,36
2039,47
2040,18
2041,41
2042,35
2043,28
2044,46
2045,19
2046,35
2047,39
2048,15
2049,43
2050,32
2051,22
2052,21
2053,38
2054,30
2055,18
2056,36
2057,41
2058,16
2059,36
2060,25
2061,31
2062,34
2063,9
2064,31
2065,33
2066,23
2067,9
2068,41
2069,48
2070,54
2071,30
2072,35
2073,32
2074,27
2075,18
2076,17
2077,54
2078,49
2079,33
2080,34
2081,14
2082,24
2083,23
2084,16
2085,21
2086,27
2087,32
2088,27
2089,49
2090,
2091,49
2092,51
2093,23
2094,23
2095,18
2096,17
2097,53
2098,36
2099,
2100,17
2101,32
2102,19
2103,8
2104,24
2105,29
2106,18
2107,39
2108,11
2109,53
2110,43
2111,23
2112,16
2113,26
2114,39
2115,15
2116,17
2117,
2118,17
2119,26
2120,17
2121,30
2122,
2123,34
2124,6
2125,12
2126,48
2127,39
2128,19
2129,32
2130,23
2131,
2132,22
2133,29
2134,29
2135,
2136,22
2137,11
2138,29
2139,35
2140,43
2141,53
2142,26
2143,33
2144,
2145,13
2146,46
2147,48
2148,29
2149,24
2150,29
2151,45
2152,40
2153,31
2154,19
2155,13
2156,41
2157,39
2158,35
2159,29
2160,36
2161,12
2162,31
2163,17
2164,7
2165,23
2166,
2167,34
2168,39
2169,20
2170,30
2171,22
2172,
2173,50
2174,36
2175,24
2176,39
2177,
2178,31
2179,14
2180,20
2181,44
2182,45
2183,34
2184,45
2185,32
2186,14
2187,16
2188,18
2189,17
2190,18
2191,26
2192,29
2193,15
2194,32
2195,29
2196,41
2197,34
2198,24
2199,45
2200,19
2201,33
2202,
2203,12
2204,11
2205,20
2206,26
2207,14
2208,29
2209,18
2210,31
2211,45
2212,27
2213,32
2214,11
2215,15
2216,36
2217,31
2218,
2219,22
2220,12
2221,17
2222,39
2223,16
2224,41
2225,43
2226,31
2227,30
2228,4
2229,35
2230,35
2231,50
2232,17
2233,29
2234,24
2235,28
2236,27
2237,
2238,11
2239,18
2240,26
2241,44
2242,34
2243,26
2244,30
2245,27
2246,17
2247,36
2248,24
2249,19
2250,12
2251,20
2252,29
2253,33
2254,17
2255,67
2256,30
2257,9
2258,24
2259,17
2260,
2261,40
2262,28
2263,11
2264,
2265,12
2266,26
2267,29
2268,6
2269,17
2270,17
2271,25
2272,12
2273,37
2274,31
2275,20
2276,23
2277,15
2278,34
2279,18
2280,46
2281,39
2282,29
2283,49
2284,30
2285,12
2286,11
2287,3
2288,28
2289,47
2290,18
2291,11
2292,19
2293,32
2294,27
2295,20
2296,14
2297,18
2298,52
2299,17
2300,20
2301,31
2302,31
2303,29
2304,30
2305,21
2306,21
2307,32
2308,34
2309,52
2310,42
2311,35
2312,38
2313,34
2314,49
2315,9
2316,19
2317,31
2318,36
2319,38
2320,52
2321,36
2322,49
2323,40
2324,7
2325,39
2326,24
2327,23
2328,36
2329,17
2330,31
2331,56
2332,46
2333,25
2334,30
2335,52
2336,41
2337,28
2338,46
2339,28
2340,65
2341,46
2342,45
2343,22
2344,34
2345,23
2346,35
2347,12
2348,52
2349,35
2350,23
2351,32
2352,24
2353,20
2354,52
2355,
2356,46
2357,27
2358,
2359,18
2360,
2361,35
2362,26
2363,20
2364,37
2365,48
2366,48
2367,
2368,37
2369,35
2370,32
2371,32
2372,29
2373,37
2374,32
2375,39
2376,33
2377,31
2378,15
2379,49
2380,32
2381,40
2382,25
2383,28
2384,34
2385,11
2386,17
2387,26
2388,30
2389,
2390,
2391,41
2392,30
2393,32
2394,47
2395,23
2396,16
2397,40
2398,35
2399,24
2400,30
2401,17
2402,25
2403,19
2404,32
2405,40
2406,23
2407,29
2408,22
2409,28
2410,21
2411,37
2412,40
2413,53
2414,50
2415,30
2416,50
2417,52
2418,34
2419,18
2420,34
2421,32
2422,33
2423,23
2424,
2425,14
2426,29
2427,13
2428,8
2429,23
2430,19
2431,4
2432,
2433,22
2434,45
2435,38
2436,32
2437,28
2438,24
2439,9
2440,26
2441,17
2442,23
2443,51
2444,17
2445,41
2446,34
2447,44
2448,35
2449,51
2450,27
2451,17
2452,22
2453,30
2454,28
2455,39
2456,36
2457,22
2458,34
2459,47
2460,22
2461,17
2462,30
2463,46
2464,11
2465,32
2466,43
2467,30
2468,16
2469,24
2470,51
2471,16
2472,8
2473,40
2474,23
2475,41
2476,18
2477,46
2478,59
2479,19
2480,32
2481,16
2482,30
2483,35
2484,9
2485,25
2486,25
2487,15
2488,33
2489,23
2490,31
2491,14
2492,13
2493,31
2494,35
2495,52
2496,14
2497,30
2498,27
2499,18
2500,32
2501,16
2502,28
2503,24
2504,35
2505,27
2506,47
2507,9
2508,53
2509,22
2510,17
2511,22
2512,23
2513,12
2514,23
2515,24
2516,39
2517,33
2518,17
2519,33
2520,26
2521,12
2522,39
2523,18
2524,43
2525,28
2526,49
2527,18
2528,24
2529,33
2530,17
2531,32
2532,28
2533,21
2534,21
2535,12
2536,9
2537,17
2538,26
2539,26
2540,26
2541,32
2542,32
2543,13
2544,29
2545,10
2546,16
2547,8
2548,7
2549,33
2550,11
2551,35
2552,41
2553,17
2554,20
2555,33
2556,6
2557,39
2558,6
2559,52
2560,31
2561,32
2562,44
2563,24
2564,39
2565,19
2566,24
2567,28
2568,10
2569,31
2570,46
2571,39
2572,23
2573,24
2574,16
2575,46
2576,25
2577,44
2578,18
2579,
2580,8
2581,17
2582,36
2583,31
2584,14
2585,16
2586,40
2587,40
2588,46
2589,44
2590,22
2591,28
2592,31
2593,14
2594,12
2595,47
2596,31
2597,10
2598,25
2599,53
2600,44
2601,48
2602,39
2603,12
2604,53
2605,32
2606,35
2607,47
2608,13
2609,12
2610,21
2611,28
2612,28
2613,18
2614,25
2615,24
2616,31
2617,53
2618,32
2619,34
2620,50
2621,45
2622,28
2623,28
2624,36
2625,33
2626,55
2627,27
2628,46
2629,25
2630,51
2631,23
2632,
2633,38
2634,32
2635,13
2636,33
2637,14
2638,12
2639,31
2640,24
2641,32
2642,51
2643,53
2644,20
2645,26
2646,34
2647,41
2648,
2649,28
2650,32
2651,18
2652,25
2653,21
2654,22
2655,31
2656,12
2657,50
2658,32
2659,27
2660,23
2661,20
2662,47
2663,
2664,14
2665,30
2666,
2667,54
2668,52
2669,35
2670,35
2671,30
2672,7
2673,
2674,31
2675,46
2676,25
2677,
2678,32
2679,19
2680,47
2681,21
2682,5
2683,35
2684,40
2685,34
2686,31
2687,27
2688,
2689,32
2690,53
2691,47
2692,20
2693,50
2694,
2695,21
2696,13
2697,30
2698,24
2699,29
2700,20
2701,30
2702,29
2703,51
2704,25
2705,23
2706,56
2707,28
2708,12
2709,31
2710,28
2711,
2712,29
2713,
2714,26
2715,40
2716,5
2717,12
2718,13
2719,46
2720,23
2721,36
2722,28
2723,7
2724,31
2725,24
2726,14
2727,44
2728,31
2729,8
2730,7
2731,
2732,20
2733,38
2734,28
2735,60
2736,
2737,48
2738,
2739,34
2740,15
2741,6
2742,14
2743,29
2744,22
2745,28
2746,10
2747,43
2748,23
2749,22
2750,
2751,8
2752,
2753,
2754,28
2755,7
2756,16
2757,47
2758,34
2759,25
2760,30
2761,10
2762,33
2763,28
2764,43
2765,30
2766,40
2767,48
2768,9
2769,50
2770,3
2771,
2772,12
2773,32
2774,46
2775,49
2776,
2777,23
2778,
2779,42
2780,30
2781,26
2782,40
2783,46
2784,8
2785,46
2786,31
2787,
2788,25
2789,25
2790,28
2791,47
2792,40
2793,6
2794,5
2795,40
2796,46
2797,18
2798,23
2799,
2800,17
2801,40
2802,20
2803,
2804,31
2805,28
2806,34
2807,36
2808,23
2809,
2810,
2811,54
2812,31
2813,15
2814,14
2815,28
2816,33
2817,16
2818,31
2819,38
2820,29
2821,22
2822,16
2823,25
2824,36
2825,
2826,35
2827,40
2828,56
2829,20
2830,54
2831,40
2832,31
2833,20
2834,8
2835,31
2836,2
2837,40
2838,33
2839,9
2840,
2841,46
2842,
2843,47
2844,31
2845,28
2846,18
2847,19
2848,48
2849,40
2850,22
2851,36
2852,13
2853,9
2854,18
2855,29
2856,34
2857,31
2858,9
2859,30
2860,34
2861,47
2862,15
2863,47
2864,29
2865,43
2866,34
2867,36
2868,
2869,15
2870,42
2871,29
2872,22
2873,23
2874,11
2875,22
2876,23
2877,12
2878,41
2879,30
2880,10
2881,43
2882,51
2883,13
2884,
2885,36
2886,34
2887,19
2888,37
2889,45
2890,
2891,35
2892,35
2893,
2894,23
2895,23
2896,41
2897,9
2898,25
2899,33
2900,34
2901,29
2902,12
2903,29
2904,49
2905,26
2906,11
2907,12
2908,44
2909,10
2910,38
2911,36
2912,31
2913,12
2914,29
2915,48
2916,30
2917,32
2918,31
2919,16
2920,22
2921,23
2922,26
2923,12
2924,30
2925,14
2926,41
2927,23
2928,17
2929,28
2930,19
2931,16
2932,40
2933,29
2934,26
2935,27
2936,40
2937,26
2938,19
2939,15
2940,24
2941,21
2942,14
2943,44
2944,30
2945,22
2946,25
2947,43
2948,12
2949,17
2950,30
2951,14
2952,14
2953,35
2954,19
2955,42
2956,9
2957,12
2958,29
2959,12
2960,12
2961,18
2962,30
2963,39
2964,30
2965,29
2966,48
2967,30
2968,19
2969,28
2970,39
2971,11
2972,19
2973,41
2974,53
2975,13
2976,30
2977,13
2978,15
2979,17
2980,26
2981,31
2982,20
2983,39
2984,26
2985,34
2986,36
2987,23
2988,35
2989,33
2990,36
2991,40
2992,39
2993,31
2994,20
2995,30
2996,37
2997,45
2998,41
2999,36
3000,29
3001,17
3002,34
3003,19
3004,29
3005,47
3006,25
3007,21
3008,32
3009,30
3010,32
3011,47
3012,23
3013,34
3014,32
3015,12
3016,41
3017,34
3018,13
3019,4
3020,27
3021,34
3022,14
3023,12
3024,43
3025,39
3026,53
3027,30
3028,23
3029,12
3030,30
3031,24
3032,4
3033,31
3034,34
3035,34
3036,4
3037,28
3038,39
3039,40
3040,26
3041,16
3042,25
3043,38
3044,48
3045,15
3046,26
3047,32
3048,27
3049,40
3050,30
3051,9
3052,41
3053,34
3054,19
3055,19
3056,36
3057,35
3058,27
3059,18
3060,22
3061,38
3062,27
3063,44
3064,11
3065,34
3066,24
3067,4
3068,29
3069,28
3070,25
3071,29
3072,35
3073,39
3074,19
3075,22
3076,26
3077,19
3078,22
3079,14
3080,45
3081,13
3082,30
3083,41
3084,28
3085,8
3086,31
3087,15
3088,16
3089,47
3090,18
3091,37
3092,22
3093,14
3094,25
3095,42
3096,12
3097,28
3098,49
3099,39
3100,17
3101,46
3102,51
3103,33
3104,49
3105,40
3106,46
3107,12
3108,8
3109,3
3110,21
3111,12
3112,34
3113,20
3114,27
3115,46
3116,14
3117,13
3118,47
3119,25
3120,14
3121,43
3122,32
3123,18
3124,6
3125,34
3126,30
3127,7
3128,36
3129,30
3130,28
3131,35
3132,31
3133,19
3134,21
3135,40
3136,36
3137,32
3138,3
3139,40
3140,46
3141,26
3142,19
3143,26
3144,29
3145,46
3146,40
3147,7
3148,20
3149,16
3150,32
3151,25
3152,46
3153,21
3154,28
3155,41
3156,46
3157,40
3158,
3159,38
3160,41
3161,41
3162,32
3163,19
3164,31
3165,18
3166,5
3167,31
3168,29
3169,30
3170,16
3171,31
3172,46
3173,32
3174,30
3175,17
3176,19
3177,24
3178,17
3179,14
3180,32
3181,30
3182,30
3183,24
3184,4
3185,32
3186,8
3187,25
3188,8
3189,28
3190,44
3191,56
3192,12
3193,35
3194,31
3195,13
3196,11
3197,13
3198,25
3199,26
3200,34
3201,8
3202,28
3203,24
3204,27
3205,36
3206,19
3207,10
3208,12
3209,34
3210,31
3211,23
3212,34
3213,
3214,18
3215,18
3216,23
3217,26
3218,36
3219,24
3220,15
3221,13
3222,13
3223,8
3224,42
3225,10
3226,8
3227,30
3228,32
3229,50
3230,47
3231,9
3232,49
3233,51
3234,32
3235,26
3236,34
3237,10
3238,18
3239,47
3240,
3241,31
3242,22
3243,
3244,
3245,50
3246,10
3247,12
3248,36
3249,23
3250,30
3251,22
3252,25
3253,24
3254,49
3255,25
3256,30
3257,24
3258,31
3259,24
3260,29
3261,11
3262,8
3263,
3264,37
3265,46
3266,6
3267,23
3268,16
3269,15
3270,23
3271,23
3272,49
3273,25
3274,43
3275,26
3276,22
3277,38
3278,29
3279,26
3280,32
3281,29
3282,25
3283,27
3284,54
3285,26
3286,30
3287,30
3288,32
3289,23
3290,37
3291,20
3292,9
3293,36
3294,25
3295,26
3296,21
3297,9
3298,33
3299,
3300,10
3301,
3302,30
3303,26
3304,
3305,30
3306,37
3307,31
3308,24
3309,52
3310,21
3311,31
3312,44
3313,11
3314,16
3315,23
3316,46
3317,18
3318,27
3319,41
3320,39
3321,22
3322,26
3323,25
3324,39
3325,26
3326,25
3327,12
3328,31
3329,52
3330,44
3331,24
3332,35
3333,20
3334,25
3335,28
3336,28
3337,47
3338,51
3339,24
