0,184.0
1,336.0
2,51.0
3,311.0
4,30.0
5,164.0
6,265.0
7,254.0
8,57.0
9,249.0
10,271.0
11,97.0
12,48.0
13,133.0
14,297.0
15,94.0
16,341.0
17,110.0
18,205.0
19,
20,12.0
21,63.0
22,378.0
23,13.0
24,307.0
25,32.0
26,100.0
27,313.0
28,249.0
29,184.0
30,288.0
31,162.0
32,288.0
33,307.0
34,79.0
35,111.0
36,86.0
37,66.0
38,107.0
39,137.0
40,
41,30.0
42,117.0
43,
44,92.0
45,68.0
46,313.0
47,146.0
48,164.0
49,87.0
50,241.0
51,
52,29.0
53,97.0
54,288.0
55,45.0
56,
57,173.0
58,28.0
59,104.0
60,314.0
61,184.0
62,123.0
63,271.0
64,89.0
65,36.0
66,84.0
67,226.0
68,447.0
69,
70,181.0
71,29.0
72,56.0
73,288.0
74,307.0
75,437.0
76,66.0
77,
78,146.0
79,98.0
80,327.0
81,
82,32.0
83,
84,117.0
85,29.0
86,249.0
87,87.0
88,210.0
89,249.0
90,175.0
91,65.0
92,226.0
93,80.0
94,261.0
95,98.0
96,
97,64.0
98,186.0
99,318.0
100,347.0
101,288.0
102,288.0
103,316.0
104,144.0
105,22.0
106,
107,308.0
108,146.0
109,71.0
110,51.0
111,245.0
112,288.0
113,261.0
114,45.0
115,146.0
116,
117,326.0
118,32.0
119,314.0
120,
121,20.0
122,313.0
123,105.0
124,
125,13.0
126,56.0
127,31.0
128,85.0
129,340.0
130,114.0
131,237.0
132,332.0
133,50.0
134,
135,130.0
136,314.0
137,288.0
138,153.0
139,292.0
140,73.0
141,128.0
142,93.0
143,107.0
144,66.0
145,34.0
146,97.0
147,29.0
148,359.0
149,66.0
150,94.0
151,97.0
152,
153,314.0
154,113.0
155,35.0
156,86.0
157,23.0
158,64.0
159,97.0
160,146.0
161,
162,359.0
163,265.0
164,28.0
165,95.0
166,378.0
167,378.0
168,28.0
169,29.0
170,265.0
171,98.0
172,28.0
173,130.0
174,162.0
175,148.0
176,
177,
178,
179,354.0
180,209.0
181,98.0
182,
183,
184,
185,332.0
186,26.0
187,328.0
188,332.0
189,76.0
190,142.0
191,341.0
192,125.0
193,127.0
194,43.0
195,125.0
196,113.0
197,
198,313.0
199,66.0
200,
201,94.0
202,226.0
203,
204,271.0
205,165.0
206,252.0
207,281.0
208,
209,71.0
210,
211,43.0
212,309.0
213,11.0
214,
215,119.0
216,
217,97.0
218,283.0
219,208.0
220,378.0
221,88.0
222,76.0
223,190.0
224,59.0
225,378.0
226,332.0
227,85.0
228,
229,288.0
230,72.0
231,129.0
232,20.0
233,126.0
234,245.0
235,58.0
236,87.0
237,121.0
238,
239,160.0
240,
241,334.0
242,72.0
243,
244,
245,66.0
246,148.0
247,175.0
248,457.0
249,66.0
250,352.0
251,288.0
252,30.0
253,30.0
254,66.0
255,142.0
256,315.0
257,22.0
258,341.0
259,115.0
260,183.0
261,
262,161.0
263,
264,97.0
265,440.0
266,172.0
267,126.0
268,30.0
269,65.0
270,75.0
271,30.0
272,72.0
273,317.0
274,47.0
275,
276,84.0
277,262.0
278,93.0
279,378.0
280,97.0
281,11.0
282,378.0
283,52.0
284,74.0
285,141.0
286,39.0
287,103.0
288,104.0
289,378.0
290,78.0
291,179.0
292,305.0
293,48.0
294,289.0
295,424.0
296,183.0
297,373.0
298,192.0
299,120.0
300,150.0
301,133.0
302,348.0
303,108.0
304,249.0
305,103.0
306,378.0
307,53.0
308,192.0
309,223.0
310,314.0
311,133.0
312,378.0
313,68.0
314,314.0
315,184.0
316,319.0
317,39.0
318,275.0
319,395.0
320,319.0
321,149.0
322,288.0
323,53.0
324,369.0
325,102.0
326,261.0
327,60.0
328,72.0
329,231.0
330,225.0
331,34.0
332,216.0
333,208.0
334,271.0
335,107.0
336,110.0
337,85.0
338,332.0
339,133.0
340,157.0
341,97.0
342,388.0
343,208.0
344,395.0
345,81.0
346,319.0
347,52.0
348,66.0
349,197.0
350,203.0
351,119.0
352,34.0
353,215.0
354,288.0
355,119.0
356,14.0
357,307.0
358,65.0
359,133.0
360,389.0
361,252.0
362,107.0
363,165.0
364,72.0
365,83.0
366,276.0
367,133.0
368,88.0
369,181.0
370,28.0
371,113.0
372,252.0
373,60.0
374,373.0
375,71.0
376,306.0
377,61.0
378,380.0
379,313.0
380,
381,288.0
382,71.0
383,90.0
384,116.0
385,
386,
387,11.0
388,100.0
389,35.0
390,66.0
391,178.0
392,289.0
393,110.0
394,64.0
395,306.0
396,80.0
397,
398,412.0
399,22.0
400,81.0
401,302.0
402,378.0
403,378.0
404,102.0
405,93.0
406,111.0
407,
408,128.0
409,184.0
410,
411,327.0
412,284.0
413,297.0
414,
415,62.0
416,
417,342.0
418,33.0
419,307.0
420,67.0
421,238.0
422,196.0
423,152.0
424,29.0
425,123.0
426,98.0
427,65.0
428,188.0
429,164.0
430,126.0
431,28.0
432,210.0
433,20.0
434,105.0
435,103.0
436,207.0
437,353.0
438,152.0
439,48.0
440,43.0
441,378.0
442,128.0
443,314.0
444,354.0
445,286.0
446,360.0
447,366.0
448,95.0
449,90.0
450,353.0
451,241.0
452,290.0
453,290.0
454,163.0
455,90.0
456,49.0
457,49.0
458,371.0
459,41.0
460,210.0
461,361.0
462,43.0
463,71.0
464,99.0
465,56.0
466,
467,107.0
468,192.0
469,261.0
470,351.0
471,71.0
472,261.0
473,59.0
474,24.0
475,97.0
476,345.0
477,108.0
478,371.0
479,92.0
480,345.0
481,313.0
482,
483,159.0
484,345.0
485,130.0
486,88.0
487,99.0
488,225.0
489,45.0
490,322.0
491,318.0
492,412.0
493,359.0
494,52.0
495,345.0
496,345.0
497,77.0
498,183.0
499,89.0
500,355.0
501,110.0
502,98.0
503,208.0
504,115.0
505,312.0
506,326.0
507,286.0
508,264.0
509,
510,241.0
511,360.0
512,107.0
513,102.0
514,219.0
515,291.0
516,167.0
517,254.0
518,354.0
519,
520,
521,138.0
522,103.0
523,107.0
524,208.0
525,307.0
526,393.0
527,121.0
528,378.0
529,111.0
530,355.0
531,
532,28.0
533,108.0
534,256.0
535,199.0
536,
537,363.0
538,286.0
539,86.0
540,101.0
541,345.0
542,371.0
543,208.0
544,307.0
545,378.0
546,230.0
547,187.0
548,85.0
549,275.0
550,97.0
551,184.0
552,88.0
553,164.0
554,130.0
555,43.0
556,167.0
557,358.0
558,291.0
559,109.0
560,490.0
561,208.0
562,62.0
563,388.0
564,97.0
565,27.0
566,199.0
567,128.0
568,307.0
569,91.0
570,94.0
571,378.0
572,112.0
573,374.0
574,21.0
575,378.0
576,265.0
577,89.0
578,327.0
579,112.0
580,330.0
581,89.0
582,36.0
583,15.0
584,104.0
585,484.0
586,315.0
587,
588,
589,105.0
590,288.0
591,14.0
592,120.0
593,120.0
594,
595,
596,124.0
597,301.0
598,170.0
599,368.0
600,43.0
601,97.0
602,288.0
603,349.0
604,91.0
605,119.0
606,34.0
607,296.0
608,126.0
609,15.0
610,66.0
611,398.0
612,305.0
613,332.0
614,43.0
615,93.0
616,83.0
617,288.0
618,100.0
619,
620,14.0
621,361.0
622,142.0
623,254.0
624,28.0
625,265.0
626,34.0
627,
628,82.0
629,
630,72.0
631,363.0
632,126.0
633,288.0
634,108.0
635,125.0
636,
637,
638,86.0
639,97.0
640,
641,128.0
642,275.0
643,165.0
644,281.0
645,120.0
646,133.0
647,
648,108.0
649,113.0
650,126.0
651,216.0
652,
653,108.0
654,308.0
655,300.0
656,125.0
657,33.0
658,167.0
659,66.0
660,296.0
661,85.0
662,79.0
663,80.0
664,395.0
665,170.0
666,63.0
667,318.0
668,53.0
669,101.0
670,307.0
671,254.0
672,252.0
673,82.0
674,336.0
675,146.0
676,103.0
677,252.0
678,100.0
679,216.0
680,56.0
681,70.0
682,490.0
683,136.0
684,357.0
685,262.0
686,52.0
687,116.0
688,90.0
689,84.0
690,78.0
691,111.0
692,48.0
693,327.0
694,252.0
695,46.0
696,190.0
697,323.0
698,64.0
699,52.0
700,88.0
701,43.0
702,53.0
703,288.0
704,249.0
705,81.0
706,391.0
707,103.0
708,48.0
709,52.0
710,360.0
711,186.0
712,
713,217.0
714,299.0
715,68.0
716,75.0
717,116.0
718,
719,75.0
720,314.0
721,52.0
722,102.0
723,291.0
724,91.0
725,23.0
726,271.0
727,380.0
728,86.0
729,279.0
730,109.0
731,345.0
732,58.0
733,398.0
734,128.0
735,169.0
736,89.0
737,228.0
738,145.0
739,56.0
740,230.0
741,117.0
742,116.0
743,328.0
744,345.0
745,205.0
746,119.0
747,120.0
748,254.0
749,24.0
750,268.0
751,113.0
752,126.0
753,133.0
754,336.0
755,152.0
756,170.0
757,275.0
758,378.0
759,379.0
760,447.0
761,188.0
762,230.0
763,27.0
764,15.0
765,85.0
766,97.0
767,68.0
768,46.0
769,126.0
770,
771,304.0
772,41.0
773,148.0
774,316.0
775,41.0
776,86.0
777,68.0
778,66.0
779,107.0
780,70.0
781,361.0
782,88.0
783,181.0
784,343.0
785,123.0
786,89.0
787,344.0
788,202.0
789,80.0
790,
791,178.0
792,111.0
793,307.0
794,313.0
795,
796,108.0
797,87.0
798,80.0
799,305.0
800,181.0
801,117.0
802,276.0
803,194.0
804,
805,124.0
806,103.0
807,56.0
808,202.0
809,114.0
810,88.0
811,344.0
812,
813,144.0
814,165.0
815,69.0
816,15.0
817,335.0
818,361.0
819,109.0
820,336.0
821,
822,45.0
823,161.0
824,164.0
825,411.0
826,14.0
827,354.0
828,183.0
829,288.0
830,134.0
831,
832,81.0
833,101.0
834,185.0
835,32.0
836,63.0
837,343.0
838,80.0
839,56.0
840,372.0
841,
842,94.0
843,64.0
844,48.0
845,130.0
846,
847,
848,306.0
849,332.0
850,
851,103.0
852,137.0
853,132.0
854,122.0
855,92.0
856,
857,364.0
858,288.0
859,43.0
860,336.0
861,
862,92.0
863,288.0
864,105.0
865,109.0
866,
867,336.0
868,104.0
869,130.0
870,50.0
871,64.0
872,113.0
873,
874,155.0
875,255.0
876,288.0
877,315.0
878,332.0
879,307.0
880,117.0
881,123.0
882,
883,
884,76.0
885,328.0
886,315.0
887,241.0
888,210.0
889,104.0
890,332.0
891,257.0
892,144.0
893,306.0
894,159.0
895,87.0
896,182.0
897,361.0
898,92.0
899,216.0
900,241.0
901,29.0
902,490.0
903,306.0
904,68.0
905,73.0
906,7.0
907,45.0
908,38.0
909,288.0
910,93.0
911,336.0
912,107.0
913,
914,90.0
915,96.0
916,
917,169.0
918,171.0
919,345.0
920,93.0
921,90.0
922,332.0
923,54.0
924,84.0
925,463.0
926,113.0
927,54.0
928,207.0
929,345.0
930,72.0
931,62.0
932,313.0
933,377.0
934,119.0
935,327.0
936,111.0
937,48.0
938,288.0
939,32.0
940,228.0
941,97.0
942,
943,313.0
944,
945,29.0
946,146.0
947,249.0
948,28.0
949,313.0
950,63.0
951,28.0
952,360.0
953,232.0
954,87.0
955,77.0
956,343.0
957,34.0
958,22.0
959,117.0
960,107.0
961,163.0
962,
963,214.0
964,55.0
965,
966,155.0
967,97.0
968,82.0
969,87.0
970,328.0
971,50.0
972,288.0
973,113.0
974,100.0
975,
976,41.0
977,
978,
979,288.0
980,
981,173.0
982,40.0
983,378.0
984,100.0
985,81.0
986,226.0
987,
988,48.0
989,32.0
990,17.0
991,31.0
992,352.0
993,332.0
994,124.0
995,144.0
996,38.0
997,47.0
998,77.0
999,292.0
1000,34.0
1001,352.0
1002,130.0
1003,126.0
1004,343.0
1005,205.0
1006,205.0
1007,182.0
1008,146.0
1009,
1010,
1011,161.0
1012,66.0
1013,66.0
1014,
1015,37.0
1016,277.0
1017,103.0
1018,52.0
1019,146.0
1020,309.0
1021,97.0
1022,
1023,30.0
1024,
1025,345.0
1026,97.0
1027,64.0
1028,237.0
1029,133.0
1030,271.0
1031,352.0
1032,281.0
1033,95.0
1034,87.0
1035,126.0
1036,281.0
1037,320.0
1038,173.0
1039,
1040,199.0
1041,13.0
1042,90.0
1043,234.0
1044,
1045,
1046,241.0
1047,116.0
1048,94.0
1049,93.0
1050,
1051,59.0
1052,111.0
1053,
1054,188.0
1055,351.0
1056,
1057,
1058,
1059,
1060,
1061,327.0
1062,13.0
1063,87.0
1064,306.0
1065,90.0
1066,76.0
1067,
1068,60.0
1069,328.0
1070,130.0
1071,127.0
1072,315.0
1073,262.0
1074,
1075,320.0
1076,173.0
1077,65.0
1078,233.0
1079,57.0
1080,
1081,
1082,165.0
1083,
1084,145.0
1085,34.0
1086,146.0
1087,309.0
1088,125.0
1089,29.0
1090,252.0
1091,84.0
1092,110.0
1093,119.0
1094,144.0
1095,73.0
1096,97.0
1097,
1098,320.0
1099,281.0
1100,149.0
1101,192.0
1102,85.0
1103,50.0
1104,83.0
1105,73.0
1106,
1107,72.0
1108,34.0
1109,126.0
1110,121.0
1111,357.0
1112,288.0
1113,44.0
1114,
1115,
1116,86.0
1117,165.0
1118,129.0
1119,
1120,457.0
1121,
1122,29.0
1123,313.0
1124,33.0
1125,313.0
1126,190.0
1127,288.0
1128,66.0
1129,326.0
1130,313.0
1131,
1132,164.0
1133,115.0
1134,23.0
1135,
1136,94.0
1137,29.0
1138,148.0
1139,292.0
1140,
1141,288.0
1142,80.0
1143,
1144,30.0
1145,
1146,97.0
1147,97.0
1148,317.0
1149,126.0
1150,55.0
1151,345.0
1152,98.0
1153,503.0
1154,260.0
1155,58.0
1156,108.0
1157,173.0
1158,
1159,
1160,60.0
1161,226.0
1162,81.0
1163,277.0
1164,48.0
1165,277.0
1166,
1167,79.0
1168,113.0
1169,37.0
1170,
1171,37.0
1172,378.0
1173,138.0
1174,150.0
1175,36.0
1176,
1177,73.0
1178,88.0
1179,170.0
1180,343.0
1181,119.0
1182,113.0
1183,73.0
1184,122.0
1185,
1186,133.0
1187,98.0
1188,210.0
1189,38.0
1190,
1191,96.0
1192,165.0
1193,208.0
1194,72.0
1195,208.0
1196,262.0
1197,252.0
1198,
1199,294.0
1200,
1201,262.0
1202,125.0
1203,144.0
1204,56.0
1205,343.0
1206,52.0
1207,
1208,72.0
1209,89.0
1210,93.0
1211,102.0
1212,319.0
1213,104.0
1214,258.0
1215,119.0
1216,25.0
1217,82.0
1218,133.0
1219,123.0
1220,107.0
1221,96.0
1222,86.0
1223,133.0
1224,146.0
1225,88.0
1226,332.0
1227,39.0
1228,115.0
1229,51.0
1230,102.0
1231,18.0
1232,411.0
1233,279.0
1234,101.0
1235,73.0
1236,110.0
1237,207.0
1238,264.0
1239,106.0
1240,63.0
1241,119.0
1242,215.0
1243,164.0
1244,47.0
1245,294.0
1246,73.0
1247,65.0
1248,268.0
1249,313.0
1250,306.0
1251,313.0
1252,327.0
1253,152.0
1254,165.0
1255,18.0
1256,206.0
1257,210.0
1258,228.0
1259,72.0
1260,91.0
1261,339.0
1262,60.0
1263,36.0
1264,306.0
1265,112.0
1266,
1267,195.0
1268,57.0
1269,98.0
1270,
1271,112.0
1272,178.0
1273,208.0
1274,273.0
1275,376.0
1276,172.0
1277,64.0
1278,306.0
1279,306.0
1280,372.0
1281,
1282,146.0
1283,171.0
1284,278.0
1285,252.0
1286,151.0
1287,373.0
1288,67.0
1289,332.0
1290,72.0
1291,208.0
1292,65.0
1293,117.0
1294,188.0
1295,65.0
1296,313.0
1297,164.0
1298,247.0
1299,65.0
1300,
1301,252.0
1302,151.0
1303,275.0
1304,241.0
1305,276.0
1306,
1307,
1308,323.0
1309,184.0
1310,261.0
1311,345.0
1312,128.0
1313,97.0
1314,126.0
1315,126.0
1316,252.0
1317,348.0
1318,324.0
1319,181.0
1320,411.0
1321,151.0
1322,60.0
1323,323.0
1324,339.0
1325,290.0
1326,
1327,290.0
1328,72.0
1329,123.0
1330,306.0
1331,96.0
1332,288.0
1333,49.0
1334,
1335,96.0
1336,264.0
1337,89.0
1338,69.0
1339,343.0
1340,223.0
1341,224.0
1342,361.0
1343,336.0
1344,378.0
1345,
1346,32.0
1347,345.0
1348,209.0
1349,
1350,376.0
1351,344.0
1352,241.0
1353,144.0
1354,73.0
1355,325.0
1356,239.0
1357,
1358,97.0
1359,73.0
1360,
1361,108.0
1362,354.0
1363,119.0
1364,273.0
1365,223.0
1366,313.0
1367,130.0
1368,315.0
1369,258.0
1370,20.0
1371,398.0
1372,174.0
1373,313.0
1374,322.0
1375,258.0
1376,97.0
1377,102.0
1378,72.0
1379,86.0
1380,29.0
1381,113.0
1382,306.0
1383,344.0
1384,241.0
1385,330.0
1386,39.0
1387,180.0
1388,
1389,
1390,115.0
1391,77.0
1392,
1393,152.0
1394,146.0
1395,87.0
1396,139.0
1397,47.0
1398,318.0
1399,39.0
1400,210.0
1401,361.0
1402,95.0
1403,112.0
1404,22.0
1405,54.0
1406,382.0
1407,
1408,109.0
1409,332.0
1410,378.0
1411,91.0
1412,313.0
1413,50.0
1414,307.0
1415,72.0
1416,203.0
1417,
1418,284.0
1419,36.0
1420,
1421,28.0
1422,180.0
1423,400.0
1424,361.0
1425,113.0
1426,336.0
1427,32.0
1428,308.0
1429,306.0
1430,343.0
1431,
1432,28.0
1433,184.0
1434,83.0
1435,87.0
1436,28.0
1437,24.0
1438,323.0
1439,304.0
1440,291.0
1441,146.0
1442,71.0
1443,54.0
1444,228.0
1445,334.0
1446,241.0
1447,395.0
1448,94.0
1449,
1450,374.0
1451,21.0
1452,
1453,111.0
1454,
1455,326.0
1456,34.0
1457,241.0
1458,
1459,52.0
1460,
1461,41.0
1462,93.0
1463,14.0
1464,97.0
1465,126.0
1466,288.0
1467,363.0
1468,173.0
1469,125.0
1470,327.0
1471,297.0
1472,
1473,293.0
1474,97.0
1475,274.0
1476,20.0
1477,54.0
1478,288.0
1479,144.0
1480,205.0
1481,56.0
1482,146.0
1483,288.0
1484,25.0
1485,130.0
1486,66.0
1487,306.0
1488,
1489,
1490,320.0
1491,213.0
1492,153.0
1493,
1494,125.0
1495,66.0
1496,68.0
1497,205.0
1498,
1499,344.0
1500,130.0
1501,146.0
1502,215.0
1503,34.0
1504,
1505,272.0
1506,136.0
1507,82.0
1508,
1509,55.0
1510,146.0
1511,328.0
1512,52.0
1513,53.0
1514,155.0
1515,318.0
1516,305.0
1517,95.0
1518,125.0
1519,353.0
1520,
1521,118.0
1522,90.0
1523,332.0
1524,322.0
1525,292.0
1526,326.0
1527,133.0
1528,24.0
1529,114.0
1530,113.0
1531,288.0
1532,212.0
1533,271.0
1534,90.0
1535,52.0
1536,111.0
1537,296.0
1538,95.0
1539,208.0
1540,125.0
1541,313.0
1542,378.0
1543,37.0
1544,282.0
1545,63.0
1546,144.0
1547,101.0
1548,323.0
1549,174.0
1550,68.0
1551,
1552,68.0
1553,50.0
1554,146.0
1555,371.0
1556,56.0
1557,187.0
1558,140.0
1559,62.0
1560,271.0
1561,113.0
1562,47.0
1563,52.0
1564,90.0
1565,93.0
1566,88.0
1567,334.0
1568,46.0
1569,229.0
1570,16.0
1571,87.0
1572,138.0
1573,206.0
1574,53.0
1575,72.0
1576,167.0
1577,305.0
1578,177.0
1579,102.0
1580,
1581,283.0
1582,266.0
1583,341.0
1584,146.0
1585,167.0
1586,
1587,109.0
1588,
1589,97.0
1590,108.0
1591,355.0
1592,75.0
1593,306.0
1594,230.0
1595,49.0
1596,370.0
1597,177.0
1598,56.0
1599,91.0
1600,
1601,355.0
1602,97.0
1603,103.0
1604,386.0
1605,137.0
1606,398.0
1607,271.0
1608,379.0
1609,205.0
1610,226.0
1611,345.0
1612,
1613,398.0
1614,204.0
1615,249.0
1616,109.0
1617,408.0
1618,313.0
1619,361.0
1620,110.0
1621,
1622,72.0
1623,323.0
1624,268.0
1625,107.0
1626,186.0
1627,343.0
1628,378.0
1629,265.0
1630,126.0
1631,93.0
1632,173.0
1633,92.0
1634,336.0
1635,130.0
1636,48.0
1637,146.0
1638,108.0
1639,96.0
1640,107.0
1641,101.0
1642,296.0
1643,296.0
1644,108.0
1645,264.0
1646,
1647,84.0
1648,318.0
1649,336.0
1650,68.0
1651,345.0
1652,87.0
1653,50.0
1654,
1655,54.0
1656,103.0
1657,92.0
1658,344.0
1659,173.0
1660,241.0
1661,21.0
1662,149.0
1663,133.0
1664,326.0
1665,83.0
1666,101.0
1667,88.0
1668,126.0
1669,101.0
1670,416.0
1671,83.0
1672,123.0
1673,53.0
1674,84.0
1675,105.0
1676,343.0
1677,103.0
1678,46.0
1679,111.0
1680,305.0
1681,95.0
1682,146.0
1683,63.0
1684,114.0
1685,
1686,226.0
1687,347.0
1688,377.0
1689,158.0
1690,199.0
1691,173.0
1692,
1693,23.0
1694,64.0
1695,210.0
1696,54.0
1697,25.0
1698,73.0
1699,177.0
1700,167.0
1701,
1702,50.0
1703,93.0
1704,59.0
1705,114.0
1706,369.0
1707,
1708,354.0
1709,144.0
1710,185.0
1711,15.0
1712,292.0
1713,101.0
1714,56.0
1715,73.0
1716,146.0
1717,146.0
1718,128.0
1719,124.0
1720,359.0
1721,96.0
1722,89.0
1723,288.0
1724,447.0
1725,67.0
1726,311.0
1727,
1728,109.0
1729,99.0
1730,109.0
1731,206.0
1732,
1733,44.0
1734,313.0
1735,313.0
1736,18.0
1737,32.0
1738,162.0
1739,50.0
1740,140.0
1741,83.0
1742,66.0
1743,32.0
1744,345.0
1745,
1746,313.0
1747,369.0
1748,32.0
1749,50.0
1750,249.0
1751,77.0
1752,288.0
1753,97.0
1754,288.0
1755,49.0
1756,97.0
1757,
1758,31.0
1759,255.0
1760,30.0
1761,47.0
1762,327.0
1763,97.0
1764,313.0
1765,372.0
1766,415.0
1767,
1768,98.0
1769,113.0
1770,43.0
1771,408.0
1772,41.0
1773,30.0
1774,276.0
1775,
1776,89.0
1777,313.0
1778,144.0
1779,80.0
1780,104.0
1781,87.0
1782,206.0
1783,151.0
1784,144.0
1785,361.0
1786,107.0
1787,29.0
1788,336.0
1789,354.0
1790,313.0
1791,435.0
1792,139.0
1793,151.0
1794,222.0
1795,215.0
1796,241.0
1797,274.0
1798,93.0
1799,332.0
1800,
1801,288.0
1802,
1803,64.0
1804,83.0
1805,73.0
1806,255.0
1807,191.0
1808,361.0
1809,226.0
1810,173.0
1811,66.0
1812,327.0
1813,123.0
1814,288.0
1815,313.0
1816,
1817,186.0
1818,199.0
1819,
1820,361.0
1821,
1822,188.0
1823,
1824,
1825,34.0
1826,22.0
1827,
1828,
1829,313.0
1830,78.0
1831,55.0
1832,59.0
1833,327.0
1834,97.0
1835,313.0
1836,328.0
1837,
1838,415.0
1839,175.0
1840,
1841,81.0
1842,87.0
1843,
1844,
1845,
1846,184.0
1847,66.0
1848,48.0
1849,125.0
1850,
1851,87.0
1852,115.0
1853,159.0
1854,48.0
1855,114.0
1856,109.0
1857,59.0
1858,35.0
1859,323.0
1860,128.0
1861,249.0
1862,14.0
1863,93.0
1864,29.0
1865,66.0
1866,
1867,
1868,359.0
1869,30.0
1870,105.0
1871,66.0
1872,97.0
1873,
1874,327.0
1875,
1876,120.0
1877,66.0
1878,56.0
1879,97.0
1880,130.0
1881,197.0
1882,146.0
1883,
1884,249.0
1885,249.0
1886,102.0
1887,146.0
1888,411.0
1889,116.0
1890,285.0
1891,378.0
1892,29.0
1893,
1894,171.0
1895,341.0
1896,23.0
1897,
1898,87.0
1899,457.0
1900,50.0
1901,105.0
1902,271.0
1903,
1904,199.0
1905,
1906,13.0
1907,277.0
1908,80.0
1909,341.0
1910,115.0
1911,343.0
1912,195.0
1913,
1914,37.0
1915,
1916,59.0
1917,
1918,
1919,327.0
1920,
1921,
1922,90.0
1923,
1924,306.0
1925,130.0
1926,127.0
1927,37.0
1928,315.0
1929,284.0
1930,
1931,65.0
1932,
1933,
1934,
1935,66.0
1936,87.0
1937,29.0
1938,11.0
1939,
1940,
1941,84.0
1942,119.0
1943,92.0
1944,115.0
1945,20.0
1946,87.0
1947,87.0
1948,281.0
1949,256.0
1950,50.0
1951,149.0
1952,28.0
1953,
1954,192.0
1955,401.0
1956,122.0
1957,281.0
1958,72.0
1959,185.0
1960,72.0
1961,87.0
1962,191.0
1963,117.0
1964,61.0
1965,188.0
1966,
1967,
1968,66.0
1969,190.0
1970,281.0
1971,336.0
1972,190.0
1973,99.0
1974,336.0
1975,66.0
1976,126.0
1977,205.0
1978,14.0
1979,
1980,
1981,271.0
1982,73.0
1983,14.0
1984,179.0
1985,109.0
1986,99.0
1987,341.0
1988,66.0
1989,277.0
1990,98.0
1991,265.0
1992,160.0
1993,32.0
1994,29.0
1995,148.0
1996,
1997,337.0
1998,146.0
1999,
2000,149.0
2001,63.0
2002,65.0
2003,
2004,75.0
2005,457.0
2006,
2007,494.0
2008,90.0
2009,97.0
2010,36.0
2011,114.0
2012,86.0
2013,150.0
2014,107.0
2015,91.0
2016,326.0
2017,314.0
2018,60.0
2019,78.0
2020,288.0
2021,378.0
2022,
2023,91.0
2024,52.0
2025,
2026,267.0
2027,183.0
2028,59.0
2029,359.0
2030,146.0
2031,27.0
2032,47.0
2033,378.0
2034,
2035,
2036,41.0
2037,73.0
2038,38.0
2039,343.0
2040,148.0
2041,65.0
2042,83.0
2043,378.0
2044,401.0
2045,
2046,83.0
2047,81.0
2048,125.0
2049,133.0
2050,85.0
2051,88.0
2052,133.0
2053,
2054,111.0
2055,60.0
2056,119.0
2057,228.0
2058,260.0
2059,119.0
2060,86.0
2061,97.0
2062,283.0
2063,109.0
2064,138.0
2065,72.0
2066,178.0
2067,152.0
2068,147.0
2069,332.0
2070,180.0
2071,105.0
2072,87.0
2073,107.0
2074,73.0
2075,62.0
2076,314.0
2077,72.0
2078,347.0
2079,174.0
2080,342.0
2081,87.0
2082,206.0
2083,
2084,479.0
2085,39.0
2086,228.0
2087,66.0
2088,77.0
2089,51.0
2090,
2091,51.0
2092,48.0
2093,52.0
2094,52.0
2095,81.0
2096,94.0
2097,12.0
2098,119.0
2099,124.0
2100,307.0
2101,107.0
2102,28.0
2103,225.0
2104,89.0
2105,162.0
2106,62.0
2107,313.0
2108,208.0
2109,327.0
2110,133.0
2111,106.0
2112,377.0
2113,41.0
2114,62.0
2115,276.0
2116,307.0
2117,106.0
2118,314.0
2119,76.0
2120,210.0
2121,373.0
2122,30.0
2123,23.0
2124,46.0
2125,67.0
2126,79.0
2127,313.0
2128,71.0
2129,396.0
2130,52.0
2131,11.0
2132,273.0
2133,376.0
2134,333.0
2135,172.0
2136,64.0
2137,208.0
2138,162.0
2139,144.0
2140,77.0
2141,327.0
2142,
2143,106.0
2144,175.0
2145,276.0
2146,321.0
2147,327.0
2148,328.0
2149,107.0
2150,
2151,
2152,257.0
2153,188.0
2154,334.0
2155,330.0
2156,65.0
2157,164.0
2158,126.0
2159,210.0
2160,
2161,151.0
2162,352.0
2163,307.0
2164,350.0
2165,
2166,176.0
2167,261.0
2168,128.0
2169,336.0
2170,252.0
2171,137.0
2172,391.0
2173,214.0
2174,
2175,349.0
2176,290.0
2177,52.0
2178,325.0
2179,109.0
2180,96.0
2181,181.0
2182,111.0
2183,190.0
2184,54.0
2185,345.0
2186,80.0
2187,344.0
2188,361.0
2189,314.0
2190,67.0
2191,54.0
2192,210.0
2193,44.0
2194,74.0
2195,330.0
2196,
2197,261.0
2198,319.0
2199,326.0
2200,223.0
2201,119.0
2202,152.0
2203,67.0
2204,115.0
2205,173.0
2206,
2207,80.0
2208,388.0
2209,80.0
2210,97.0
2211,239.0
2212,133.0
2213,107.0
2214,225.0
2215,44.0
2216,316.0
2217,97.0
2218,151.0
2219,49.0
2220,151.0
2221,87.0
2222,164.0
2223,344.0
2224,430.0
2225,14.0
2226,354.0
2227,252.0
2228,58.0
2229,86.0
2230,291.0
2231,214.0
2232,57.0
2233,84.0
2234,336.0
2235,
2236,20.0
2237,
2238,208.0
2239,354.0
2240,305.0
2241,102.0
2242,94.0
2243,167.0
2244,111.0
2245,228.0
2246,318.0
2247,16.0
2248,290.0
2249,18.0
2250,111.0
2251,96.0
2252,199.0
2253,326.0
2254,
2255,28.0
2256,
2257,121.0
2258,164.0
2259,87.0
2260,
2261,95.0
2262,267.0
2263,208.0
2264,296.0
2265,
2266,305.0
2267,206.0
2268,184.0
2269,83.0
2270,87.0
2271,130.0
2272,326.0
2273,41.0
2274,
2275,87.0
2276,255.0
2277,196.0
2278,50.0
2279,62.0
2280,15.0
2281,241.0
2282,388.0
2283,146.0
2284,111.0
2285,258.0
2286,101.0
2287,
2288,378.0
2289,343.0
2290,49.0
2291,208.0
2292,35.0
2293,96.0
2294,234.0
2295,265.0
2296,128.0
2297,354.0
2298,199.0
2299,36.0
2300,289.0
2301,484.0
2302,97.0
2303,190.0
2304,74.0
2305,217.0
2306,109.0
2307,120.0
2308,91.0
2309,56.0
2310,
2311,126.0
2312,
2313,40.0
2314,146.0
2315,208.0
2316,106.0
2317,97.0
2318,241.0
2319,100.0
2320,108.0
2321,19.0
2322,146.0
2323,288.0
2324,296.0
2325,80.0
2326,237.0
2327,
2328,241.0
2329,
2330,361.0
2331,65.0
2332,319.0
2333,320.0
2334,76.0
2335,
2336,430.0
2337,130.0
2338,136.0
2339,130.0
2340,53.0
2341,136.0
2342,82.0
2343,32.0
2344,261.0
2345,
2346,
2347,49.0
2348,108.0
2349,
2350,124.0
2351,74.0
2352,144.0
2353,22.0
2354,56.0
2355,
2356,306.0
2357,183.0
2358,
2359,67.0
2360,73.0
2361,126.0
2362,110.0
2363,357.0
2364,111.0
2365,49.0
2366,332.0
2367,265.0
2368,91.0
2369,126.0
2370,30.0
2371,342.0
2372,
2373,308.0
2374,66.0
2375,125.0
2376,72.0
2377,205.0
2378,150.0
2379,24.0
2380,107.0
2381,81.0
2382,88.0
2383,89.0
2384,235.0
2385,91.0
2386,61.0
2387,328.0
2388,99.0
2389,391.0
2390,
2391,69.0
2392,252.0
2393,103.0
2394,90.0
2395,92.0
2396,287.0
2397,56.0
2398,
2399,246.0
2400,314.0
2401,318.0
2402,88.0
2403,313.0
2404,
2405,288.0
2406,52.0
2407,29.0
2408,295.0
2409,315.0
2410,61.0
2411,111.0
2412,288.0
2413,327.0
2414,306.0
2415,41.0
2416,306.0
2417,173.0
2418,261.0
2419,
2420,260.0
2421,148.0
2422,266.0
2423,240.0
2424,28.0
2425,93.0
2426,45.0
2427,98.0
2428,48.0
2429,147.0
2430,
2431,442.0
2432,307.0
2433,295.0
2434,186.0
2435,
2436,
2437,52.0
2438,72.0
2439,109.0
2440,93.0
2441,305.0
2442,359.0
2443,68.0
2444,68.0
2445,370.0
2446,94.0
2447,121.0
2448,
2449,490.0
2450,97.0
2451,318.0
2452,230.0
2453,37.0
2454,184.0
2455,26.0
2456,206.0
2457,249.0
2458,
2459,343.0
2460,230.0
2461,152.0
2462,394.0
2463,110.0
2464,110.0
2465,103.0
2466,84.0
2467,118.0
2468,149.0
2469,57.0
2470,48.0
2471,120.0
2472,113.0
2473,68.0
2474,268.0
2475,170.0
2476,92.0
2477,37.0
2478,
2479,152.0
2480,
2481,120.0
2482,
2483,86.0
2484,386.0
2485,88.0
2486,130.0
2487,45.0
2488,82.0
2489,268.0
2490,174.0
2491,190.0
2492,210.0
2493,97.0
2494,126.0
2495,173.0
2496,87.0
2497,46.0
2498,
2499,49.0
2500,
2501,304.0
2502,378.0
2503,59.0
2504,126.0
2505,123.0
2506,90.0
2507,178.0
2508,327.0
2509,220.0
2510,279.0
2511,102.0
2512,116.0
2513,146.0
2514,92.0
2515,274.0
2516,
2517,48.0
2518,112.0
2519,71.0
2520,76.0
2521,112.0
2522,80.0
2523,345.0
2524,
2525,87.0
2526,146.0
2527,361.0
2528,377.0
2529,241.0
2530,
2531,103.0
2532,184.0
2533,84.0
2534,202.0
2535,114.0
2536,
2537,318.0
2538,104.0
2539,167.0
2540,201.0
2541,103.0
2542,103.0
2543,196.0
2544,211.0
2545,69.0
2546,344.0
2547,221.0
2548,240.0
2549,27.0
2550,
2551,126.0
2552,65.0
2553,
2554,336.0
2555,27.0
2556,447.0
2557,313.0
2558,447.0
2559,57.0
2560,134.0
2561,
2562,64.0
2563,206.0
2564,271.0
2565,91.0
2566,290.0
2567,90.0
2568,153.0
2569,97.0
2570,91.0
2571,80.0
2572,359.0
2573,164.0
2574,91.0
2575,95.0
2576,130.0
2577,64.0
2578,345.0
2579,110.0
2580,221.0
2581,
2582,359.0
2583,434.0
2584,
2585,364.0
2586,288.0
2587,288.0
2588,110.0
2589,64.0
2590,249.0
2591,37.0
2592,
2593,59.0
2594,109.0
2595,90.0
2596,97.0
2597,150.0
2598,317.0
2599,
2600,64.0
2601,332.0
2602,
2603,152.0
2604,327.0
2605,89.0
2606,389.0
2607,343.0
2608,96.0
2609,107.0
2610,12.0
2611,
2612,95.0
2613,80.0
2614,288.0
2615,354.0
2616,97.0
2617,12.0
2618,29.0
2619,50.0
2620,306.0
2621,54.0
2622,
2623,378.0
2624,440.0
2625,98.0
2626,121.0
2627,
2628,401.0
2629,29.0
2630,48.0
2631,101.0
2632,140.0
2633,209.0
2634,66.0
2635,194.0
2636,274.0
2637,58.0
2638,226.0
2639,
2640,377.0
2641,89.0
2642,48.0
2643,327.0
2644,32.0
2645,254.0
2646,283.0
2647,228.0
2648,47.0
2649,82.0
2650,66.0
2651,361.0
2652,29.0
2653,15.0
2654,249.0
2655,97.0
2656,411.0
2657,306.0
2658,105.0
2659,
2660,92.0
2661,
2662,343.0
2663,
2664,54.0
2665,34.0
2666,
2667,34.0
2668,56.0
2669,25.0
2670,25.0
2671,99.0
2672,82.0
2673,95.0
2674,97.0
2675,
2676,87.0
2677,
2678,30.0
2679,372.0
2680,
2681,284.0
2682,147.0
2683,25.0
2684,43.0
2685,81.0
2686,226.0
2687,
2688,
2689,66.0
2690,327.0
2691,22.0
2692,63.0
2693,
2694,64.0
2695,323.0
2696,80.0
2697,307.0
2698,38.0
2699,197.0
2700,
2701,292.0
2702,91.0
2703,93.0
2704,29.0
2705,359.0
2706,
2707,309.0
2708,52.0
2709,182.0
2710,89.0
2711,103.0
2712,91.0
2713,73.0
2714,20.0
2715,288.0
2716,20.0
2717,15.0
2718,87.0
2719,95.0
2720,113.0
2721,370.0
2722,140.0
2723,68.0
2724,97.0
2725,352.0
2726,87.0
2727,64.0
2728,305.0
2729,157.0
2730,21.0
2731,
2732,161.0
2733,111.0
2734,247.0
2735,24.0
2736,
2737,332.0
2738,
2739,171.0
2740,234.0
2741,28.0
2742,180.0
2743,199.0
2744,
2745,
2746,292.0
2747,
2748,52.0
2749,
2750,73.0
2751,80.0
2752,359.0
2753,73.0
2754,82.0
2755,213.0
2756,195.0
2757,
2758,149.0
2759,23.0
2760,341.0
2761,105.0
2762,
2763,
2764,
2765,233.0
2766,7.0
2767,332.0
2768,
2769,306.0
2770,
2771,93.0
2772,78.0
2773,
2774,401.0
2775,347.0
2776,317.0
2777,92.0
2778,13.0
2779,148.0
2780,233.0
2781,20.0
2782,125.0
2783,110.0
2784,67.0
2785,401.0
2786,226.0
2787,
2788,
2789,
2790,309.0
2791,343.0
2792,125.0
2793,59.0
2794,83.0
2795,
2796,43.0
2797,41.0
2798,52.0
2799,228.0
2800,11.0
2801,90.0
2802,161.0
2803,
2804,226.0
2805,130.0
2806,101.0
2807,118.0
2808,52.0
2809,
2810,
2811,34.0
2812,97.0
2813,307.0
2814,135.0
2815,44.0
2816,285.0
2817,
2818,277.0
2819,
2820,83.0
2821,94.0
2822,146.0
2823,19.0
2824,370.0
2825,
2826,126.0
2827,288.0
2828,
2829,357.0
2830,34.0
2831,288.0
2832,229.0
2833,142.0
2834,72.0
2835,277.0
2836,160.0
2837,125.0
2838,
2839,183.0
2840,
2841,110.0
2842,66.0
2843,457.0
2844,97.0
2845,75.0
2846,
2847,12.0
2848,157.0
2849,90.0
2850,162.0
2851,119.0
2852,268.0
2853,181.0
2854,361.0
2855,60.0
2856,261.0
2857,226.0
2858,215.0
2859,
2860,
2861,22.0
2862,196.0
2863,343.0
2864,76.0
2865,133.0
2866,18.0
2867,123.0
2868,
2869,113.0
2870,116.0
2871,
2872,103.0
2873,52.0
2874,254.0
2875,88.0
2876,52.0
2877,198.0
2878,228.0
2879,252.0
2880,106.0
2881,133.0
2882,89.0
2883,276.0
2884,60.0
2885,119.0
2886,114.0
2887,316.0
2888,120.0
2889,363.0
2890,31.0
2891,50.0
2892,30.0
2893,41.0
2894,52.0
2895,92.0
2896,228.0
2897,393.0
2898,62.0
2899,274.0
2900,283.0
2901,388.0
2902,67.0
2903,376.0
2904,69.0
2905,328.0
2906,107.0
2907,198.0
2908,31.0
2909,106.0
2910,116.0
2911,203.0
2912,365.0
2913,258.0
2914,330.0
2915,73.0
2916,114.0
2917,107.0
2918,61.0
2919,104.0
2920,162.0
2921,52.0
2922,60.0
2923,258.0
2924,210.0
2925,154.0
2926,337.0
2927,146.0
2928,45.0
2929,267.0
2930,
2931,101.0
2932,194.0
2933,
2934,
2935,88.0
2936,61.0
2937,254.0
2938,288.0
2939,109.0
2940,31.0
2941,242.0
2942,128.0
2943,31.0
2944,111.0
2945,64.0
2946,190.0
2947,51.0
2948,67.0
2949,146.0
2950,297.0
2951,
2952,
2953,291.0
2954,73.0
2955,281.0
2956,83.0
2957,67.0
2958,
2959,67.0
2960,67.0
2961,95.0
2962,252.0
2963,241.0
2964,373.0
2965,
2966,327.0
2967,297.0
2968,123.0
2969,315.0
2970,20.0
2971,208.0
2972,162.0
2973,65.0
2974,327.0
2975,330.0
2976,252.0
2977,
2978,103.0
2979,307.0
2980,366.0
2981,352.0
2982,336.0
2983,305.0
2984,
2985,100.0
2986,
2987,126.0
2988,10.0
2989,
2990,
2991,163.0
2992,290.0
2993,
2994,96.0
2995,373.0
2996,49.0
2997,111.0
2998,91.0
2999,119.0
3000,28.0
3001,210.0
3002,283.0
3003,415.0
3004,206.0
3005,343.0
3006,225.0
3007,93.0
3008,396.0
3009,65.0
3010,74.0
3011,83.0
3012,52.0
3013,15.0
3014,396.0
3015,67.0
3016,170.0
3017,261.0
3018,98.0
3019,58.0
3020,209.0
3021,283.0
3022,87.0
3023,99.0
3024,398.0
3025,20.0
3026,327.0
3027,252.0
3028,52.0
3029,
3030,371.0
3031,114.0
3032,105.0
3033,97.0
3034,
3035,283.0
3036,27.0
3037,315.0
3038,164.0
3039,98.0
3040,382.0
3041,344.0
3042,190.0
3043,313.0
3044,103.0
3045,220.0
3046,68.0
3047,345.0
3048,256.0
3049,44.0
3050,252.0
3051,244.0
3052,86.0
3053,190.0
3054,99.0
3055,183.0
3056,241.0
3057,389.0
3058,20.0
3059,39.0
3060,335.0
3061,225.0
3062,374.0
3063,
3064,208.0
3065,94.0
3066,279.0
3067,89.0
3068,162.0
3069,165.0
3070,74.0
3071,333.0
3072,96.0
3073,271.0
3074,152.0
3075,297.0
3076,254.0
3077,110.0
3078,162.0
3079,53.0
3080,363.0
3081,93.0
3082,
3083,91.0
3084,178.0
3085,31.0
3086,113.0
3087,104.0
3088,378.0
3089,343.0
3090,
3091,28.0
3092,162.0
3093,87.0
3094,130.0
3095,
3096,208.0
3097,291.0
3098,146.0
3099,271.0
3100,275.0
3101,15.0
3102,490.0
3103,
3104,146.0
3105,288.0
3106,81.0
3107,208.0
3108,334.0
3109,
3110,109.0
3111,208.0
3112,190.0
3113,336.0
3114,234.0
3115,306.0
3116,128.0
3117,71.0
3118,343.0
3119,320.0
3120,92.0
3121,152.0
3122,
3123,306.0
3124,163.0
3125,171.0
3126,210.0
3127,300.0
3128,241.0
3129,337.0
3130,378.0
3131,126.0
3132,97.0
3133,106.0
3134,66.0
3135,91.0
3136,119.0
3137,66.0
3138,106.0
3139,
3140,306.0
3141,297.0
3142,372.0
3143,297.0
3144,115.0
3145,43.0
3146,288.0
3147,213.0
3148,336.0
3149,110.0
3150,66.0
3151,130.0
3152,15.0
3153,347.0
3154,130.0
3155,13.0
3156,28.0
3157,43.0
3158,47.0
3159,54.0
3160,13.0
3161,318.0
3162,385.0
3163,376.0
3164,277.0
3165,180.0
3166,36.0
3167,182.0
3168,165.0
3169,85.0
3170,
3171,205.0
3172,28.0
3173,66.0
3174,184.0
3175,87.0
3176,288.0
3177,360.0
3178,96.0
3179,99.0
3180,88.0
3181,33.0
3182,111.0
3183,377.0
3184,
3185,107.0
3186,334.0
3187,88.0
3188,140.0
3189,85.0
3190,31.0
3191,101.0
3192,176.0
3193,389.0
3194,148.0
3195,123.0
3196,66.0
3197,51.0
3198,229.0
3199,218.0
3200,261.0
3201,334.0
3202,315.0
3203,323.0
3204,102.0
3205,307.0
3206,494.0
3207,57.0
3208,46.0
3209,68.0
3210,205.0
3211,95.0
3212,62.0
3213,124.0
3214,159.0
3215,86.0
3216,52.0
3217,104.0
3218,49.0
3219,43.0
3220,82.0
3221,149.0
3222,89.0
3223,334.0
3224,
3225,372.0
3226,
3227,137.0
3228,
3229,306.0
3230,343.0
3231,109.0
3232,146.0
3233,68.0
3234,
3235,305.0
3236,94.0
3237,75.0
3238,67.0
3239,90.0
3240,107.0
3241,137.0
3242,249.0
3243,41.0
3244,388.0
3245,306.0
3246,
3247,67.0
3248,206.0
3249,52.0
3250,
3251,249.0
3252,288.0
3253,354.0
3254,146.0
3255,304.0
3256,13.0
3257,57.0
3258,205.0
3259,354.0
3260,84.0
3261,71.0
3262,239.0
3263,82.0
3264,22.0
3265,37.0
3266,28.0
3267,268.0
3268,120.0
3269,169.0
3270,268.0
3271,268.0
3272,146.0
3273,320.0
3274,53.0
3275,
3276,230.0
3277,323.0
3278,84.0
3279,252.0
3280,
3281,77.0
3282,155.0
3283,87.0
3284,296.0
3285,301.0
3286,111.0
3287,46.0
3288,
3289,92.0
3290,85.0
3291,97.0
3292,393.0
3293,68.0
3294,29.0
3295,70.0
3296,323.0
3297,178.0
3298,27.0
3299,90.0
3300,103.0
3301,80.0
3302,46.0
3303,29.0
3304,
3305,111.0
3306,41.0
3307,136.0
3308,158.0
3309,199.0
3310,17.0
3311,174.0
3312,64.0
3313,377.0
3314,104.0
3315,217.0
3316,77.0
3317,361.0
3318,73.0
3319,13.0
3320,313.0
3321,54.0
3322,167.0
3323,222.0
3324,
3325,70.0
3326,
3327,114.0
3328,
3329,199.0
3330,64.0
3331,72.0
3332,111.0
3333,336.0
3334,144.0
3335,115.0
3336,115.0
3337,83.0
3338,48.0
3339,360.0
