0,200.0
1,200.0
2,200.0
3,200.0
4,200.0
5,200.0
6,40.0
7,196.0
8,200.0
9,200.0
10,200.0
11,199.0
12,200.0
13,200.0
14,9.0
15,200.0
16,200.0
17,50.0
18,200.0
19,10.0
20,30.0
21,200.0
22,200.0
23,196.0
24,199.0
25,200.0
26,200.0
27,199.0
28,200.0
29,200.0
30,197.0
31,198.0
32,197.0
33,199.0
34,200.0
35,200.0
36,200.0
37,200.0
38,200.0
39,200.0
40,200.0
41,200.0
42,200.0
43,110.0
44,200.0
45,40.0
46,199.0
47,200.0
48,200.0
49,200.0
50,199.0
51,200.0
52,200.0
53,196.0
54,197.0
55,200.0
56,200.0
57,200.0
58,200.0
59,200.0
60,200.0
61,200.0
62,183.0
63,200.0
64,200.0
65,200.0
66,200.0
67,200.0
68,200.0
69,200.0
70,200.0
71,197.0
72,120.0
73,197.0
74,199.0
75,200.0
76,198.0
77,191.0
78,200.0
79,200.0
80,200.0
81,40.0
82,200.0
83,27.0
84,200.0
85,197.0
86,200.0
87,190.0
88,200.0
89,200.0
90,199.0
91,80.0
92,200.0
93,200.0
94,198.0
95,200.0
96,200.0
97,200.0
98,199.0
99,200.0
100,200.0
101,197.0
102,197.0
103,200.0
104,200.0
105,50.0
106,30.0
107,199.0
108,200.0
109,
110,199.0
111,197.0
112,197.0
113,200.0
114,190.0
115,200.0
116,
117,199.0
118,
119,200.0
120,200.0
121,179.0
122,199.0
123,200.0
124,84.0
125,199.0
126,199.0
127,100.0
128,70.0
129,169.0
130,200.0
131,20.0
132,200.0
133,80.0
134,
135,20.0
136,10.0
137,197.0
138,200.0
139,30.0
140,200.0
141,200.0
142,200.0
143,200.0
144,198.0
145,149.0
146,196.0
147,197.0
148,200.0
149,198.0
150,200.0
151,196.0
152,121.0
153,200.0
154,20.0
155,140.0
156,50.0
157,60.0
158,200.0
159,137.0
160,200.0
161,200.0
162,200.0
163,199.0
164,198.0
165,199.0
166,200.0
167,200.0
168,160.0
169,200.0
170,198.0
171,192.0
172,160.0
173,200.0
174,198.0
175,186.0
176,200.0
177,199.0
178,30.0
179,200.0
180,196.0
181,200.0
182,120.0
183,10.0
184,190.0
185,200.0
186,189.0
187,200.0
188,200.0
189,110.0
190,200.0
191,200.0
192,199.0
193,39.0
194,200.0
195,199.0
196,200.0
197,195.0
198,199.0
199,200.0
200,200.0
201,200.0
202,199.0
203,30.0
204,200.0
205,200.0
206,200.0
207,200.0
208,199.0
209,200.0
210,200.0
211,200.0
212,196.0
213,160.0
214,36.0
215,9.0
216,200.0
217,100.0
218,200.0
219,200.0
220,200.0
221,181.0
222,70.0
223,198.0
224,200.0
225,200.0
226,200.0
227,80.0
228,200.0
229,197.0
230,200.0
231,200.0
232,199.0
233,200.0
234,200.0
235,200.0
236,200.0
237,200.0
238,120.0
239,198.0
240,90.0
241,200.0
242,200.0
243,200.0
244,190.0
245,198.0
246,186.0
247,198.0
248,199.0
249,198.0
250,196.0
251,197.0
252,200.0
253,200.0
254,198.0
255,200.0
256,196.0
257,200.0
258,200.0
259,200.0
260,160.0
261,200.0
262,198.0
263,
264,196.0
265,200.0
266,200.0
267,200.0
268,29.0
269,177.0
270,
271,200.0
272,200.0
273,200.0
274,196.0
275,
276,198.0
277,200.0
278,199.0
279,200.0
280,158.0
281,200.0
282,200.0
283,200.0
284,200.0
285,200.0
286,10.0
287,200.0
288,200.0
289,200.0
290,199.0
291,200.0
292,200.0
293,200.0
294,200.0
295,200.0
296,198.0
297,198.0
298,200.0
299,187.0
300,188.0
301,200.0
302,200.0
303,196.0
304,191.0
305,200.0
306,200.0
307,200.0
308,200.0
309,200.0
310,200.0
311,200.0
312,200.0
313,117.0
314,200.0
315,200.0
316,200.0
317,200.0
318,200.0
319,200.0
320,200.0
321,200.0
322,197.0
323,200.0
324,200.0
325,200.0
326,200.0
327,200.0
328,200.0
329,200.0
330,185.0
331,200.0
332,200.0
333,200.0
334,200.0
335,199.0
336,200.0
337,199.0
338,200.0
339,200.0
340,200.0
341,199.0
342,200.0
343,200.0
344,200.0
345,200.0
346,200.0
347,199.0
348,198.0
349,200.0
350,200.0
351,200.0
352,186.0
353,200.0
354,197.0
355,200.0
356,200.0
357,199.0
358,200.0
359,200.0
360,200.0
361,200.0
362,200.0
363,200.0
364,200.0
365,200.0
366,193.0
367,200.0
368,186.0
369,200.0
370,200.0
371,200.0
372,200.0
373,200.0
374,198.0
375,79.0
376,200.0
377,30.0
378,200.0
379,199.0
380,
381,197.0
382,200.0
383,200.0
384,200.0
385,
386,88.0
387,110.0
388,200.0
389,199.0
390,198.0
391,200.0
392,200.0
393,50.0
394,200.0
395,200.0
396,200.0
397,184.0
398,200.0
399,200.0
400,129.0
401,10.0
402,200.0
403,200.0
404,20.0
405,151.0
406,200.0
407,200.0
408,100.0
409,200.0
410,60.0
411,79.0
412,10.0
413,200.0
414,170.0
415,184.0
416,170.0
417,120.0
418,
419,199.0
420,152.0
421,200.0
422,200.0
423,200.0
424,
425,197.0
426,200.0
427,200.0
428,200.0
429,200.0
430,200.0
431,200.0
432,200.0
433,30.0
434,200.0
435,200.0
436,199.0
437,10.0
438,187.0
439,
440,200.0
441,200.0
442,200.0
443,200.0
444,200.0
445,30.0
446,200.0
447,164.0
448,199.0
449,200.0
450,10.0
451,199.0
452,200.0
453,200.0
454,70.0
455,200.0
456,199.0
457,70.0
458,198.0
459,10.0
460,200.0
461,198.0
462,200.0
463,194.0
464,196.0
465,200.0
466,30.0
467,30.0
468,200.0
469,200.0
470,195.0
471,194.0
472,197.0
473,200.0
474,200.0
475,196.0
476,200.0
477,200.0
478,198.0
479,200.0
480,200.0
481,200.0
482,
483,200.0
484,200.0
485,120.0
486,200.0
487,
488,10.0
489,188.0
490,200.0
491,200.0
492,200.0
493,200.0
494,200.0
495,200.0
496,200.0
497,200.0
498,200.0
499,200.0
500,199.0
501,200.0
502,70.0
503,200.0
504,200.0
505,200.0
506,199.0
507,200.0
508,190.0
509,
510,200.0
511,200.0
512,200.0
513,200.0
514,200.0
515,182.0
516,200.0
517,196.0
518,200.0
519,10.0
520,200.0
521,189.0
522,190.0
523,200.0
524,200.0
525,199.0
526,200.0
527,200.0
528,200.0
529,130.0
530,130.0
531,178.0
532,198.0
533,148.0
534,200.0
535,177.0
536,60.0
537,198.0
538,200.0
539,107.0
540,160.0
541,200.0
542,198.0
543,200.0
544,199.0
545,200.0
546,199.0
547,200.0
548,130.0
549,200.0
550,70.0
551,200.0
552,190.0
553,200.0
554,195.0
555,193.0
556,200.0
557,200.0
558,200.0
559,186.0
560,199.0
561,200.0
562,200.0
563,200.0
564,129.0
565,38.0
566,199.0
567,200.0
568,199.0
569,200.0
570,10.0
571,200.0
572,199.0
573,200.0
574,186.0
575,200.0
576,200.0
577,80.0
578,200.0
579,110.0
580,199.0
581,80.0
582,194.0
583,200.0
584,200.0
585,200.0
586,200.0
587,199.0
588,184.0
589,200.0
590,197.0
591,200.0
592,200.0
593,200.0
594,200.0
595,10.0
596,
597,200.0
598,200.0
599,200.0
600,200.0
601,196.0
602,197.0
603,199.0
604,200.0
605,200.0
606,200.0
607,200.0
608,200.0
609,200.0
610,198.0
611,200.0
612,197.0
613,200.0
614,200.0
615,200.0
616,196.0
617,197.0
618,200.0
619,200.0
620,110.0
621,200.0
622,200.0
623,196.0
624,200.0
625,199.0
626,200.0
627,199.0
628,200.0
629,
630,200.0
631,200.0
632,200.0
633,197.0
634,196.0
635,200.0
636,199.0
637,10.0
638,200.0
639,196.0
640,186.0
641,200.0
642,200.0
643,200.0
644,200.0
645,200.0
646,200.0
647,199.0
648,196.0
649,200.0
650,200.0
651,200.0
652,
653,196.0
654,200.0
655,200.0
656,200.0
657,200.0
658,200.0
659,200.0
660,200.0
661,30.0
662,200.0
663,187.0
664,200.0
665,30.0
666,30.0
667,200.0
668,127.0
669,140.0
670,199.0
671,200.0
672,200.0
673,60.0
674,200.0
675,200.0
676,200.0
677,200.0
678,199.0
679,200.0
680,200.0
681,200.0
682,199.0
683,128.0
684,200.0
685,200.0
686,199.0
687,200.0
688,10.0
689,198.0
690,200.0
691,200.0
692,200.0
693,200.0
694,200.0
695,198.0
696,200.0
697,198.0
698,199.0
699,185.0
700,181.0
701,200.0
702,70.0
703,197.0
704,200.0
705,80.0
706,197.0
707,60.0
708,189.0
709,199.0
710,200.0
711,199.0
712,199.0
713,200.0
714,128.0
715,200.0
716,29.0
717,162.0
718,200.0
719,200.0
720,200.0
721,200.0
722,200.0
723,199.0
724,197.0
725,
726,200.0
727,200.0
728,200.0
729,200.0
730,200.0
731,200.0
732,96.0
733,200.0
734,200.0
735,200.0
736,200.0
737,198.0
738,199.0
739,120.0
740,199.0
741,116.0
742,200.0
743,200.0
744,200.0
745,200.0
746,129.0
747,199.0
748,200.0
749,200.0
750,193.0
751,200.0
752,185.0
753,200.0
754,200.0
755,141.0
756,200.0
757,200.0
758,200.0
759,197.0
760,200.0
761,200.0
762,199.0
763,197.0
764,70.0
765,200.0
766,196.0
767,200.0
768,200.0
769,200.0
770,
771,200.0
772,30.0
773,200.0
774,200.0
775,30.0
776,197.0
777,200.0
778,200.0
779,200.0
780,167.0
781,198.0
782,181.0
783,200.0
784,
785,197.0
786,
787,30.0
788,200.0
789,200.0
790,55.0
791,196.0
792,200.0
793,199.0
794,200.0
795,10.0
796,200.0
797,100.0
798,9.0
799,197.0
800,200.0
801,200.0
802,200.0
803,200.0
804,54.0
805,200.0
806,200.0
807,120.0
808,200.0
809,70.0
810,200.0
811,200.0
812,
813,110.0
814,200.0
815,200.0
816,200.0
817,198.0
818,200.0
819,90.0
820,200.0
821,20.0
822,189.0
823,200.0
824,200.0
825,199.0
826,200.0
827,200.0
828,200.0
829,197.0
830,200.0
831,10.0
832,10.0
833,130.0
834,200.0
835,200.0
836,200.0
837,200.0
838,200.0
839,120.0
840,197.0
841,40.0
842,200.0
843,200.0
844,200.0
845,195.0
846,183.0
847,200.0
848,200.0
849,200.0
850,10.0
851,
852,200.0
853,128.0
854,18.0
855,110.0
856,
857,200.0
858,197.0
859,60.0
860,200.0
861,186.0
862,200.0
863,197.0
864,200.0
865,140.0
866,
867,200.0
868,200.0
869,195.0
870,200.0
871,200.0
872,20.0
873,140.0
874,200.0
875,200.0
876,197.0
877,200.0
878,200.0
879,199.0
880,200.0
881,150.0
882,200.0
883,200.0
884,20.0
885,197.0
886,200.0
887,199.0
888,200.0
889,200.0
890,200.0
891,200.0
892,110.0
893,200.0
894,200.0
895,200.0
896,199.0
897,200.0
898,200.0
899,200.0
900,199.0
901,200.0
902,199.0
903,200.0
904,193.0
905,200.0
906,200.0
907,200.0
908,190.0
909,197.0
910,200.0
911,200.0
912,200.0
913,199.0
914,200.0
915,200.0
916,50.0
917,200.0
918,108.0
919,200.0
920,200.0
921,170.0
922,200.0
923,199.0
924,200.0
925,200.0
926,200.0
927,199.0
928,200.0
929,200.0
930,187.0
931,200.0
932,199.0
933,199.0
934,200.0
935,200.0
936,200.0
937,80.0
938,197.0
939,200.0
940,200.0
941,196.0
942,80.0
943,199.0
944,60.0
945,197.0
946,200.0
947,200.0
948,200.0
949,200.0
950,126.0
951,189.0
952,200.0
953,200.0
954,200.0
955,200.0
956,200.0
957,186.0
958,50.0
959,200.0
960,118.0
961,200.0
962,30.0
963,200.0
964,
965,181.0
966,200.0
967,196.0
968,19.0
969,200.0
970,197.0
971,180.0
972,197.0
973,199.0
974,200.0
975,40.0
976,191.0
977,199.0
978,10.0
979,197.0
980,70.0
981,200.0
982,82.0
983,200.0
984,200.0
985,200.0
986,199.0
987,84.0
988,19.0
989,46.0
990,200.0
991,100.0
992,196.0
993,200.0
994,198.0
995,200.0
996,200.0
997,196.0
998,
999,30.0
1000,149.0
1001,196.0
1002,195.0
1003,200.0
1004,200.0
1005,200.0
1006,200.0
1007,199.0
1008,200.0
1009,154.0
1010,40.0
1011,198.0
1012,198.0
1013,198.0
1014,10.0
1015,184.0
1016,200.0
1017,196.0
1018,199.0
1019,200.0
1020,196.0
1021,137.0
1022,185.0
1023,160.0
1024,200.0
1025,200.0
1026,196.0
1027,200.0
1028,200.0
1029,200.0
1030,200.0
1031,196.0
1032,200.0
1033,199.0
1034,200.0
1035,200.0
1036,200.0
1037,198.0
1038,200.0
1039,199.0
1040,177.0
1041,199.0
1042,200.0
1043,200.0
1044,199.0
1045,190.0
1046,199.0
1047,200.0
1048,200.0
1049,200.0
1050,99.0
1051,200.0
1052,200.0
1053,200.0
1054,200.0
1055,197.0
1056,19.0
1057,200.0
1058,200.0
1059,
1060,120.0
1061,200.0
1062,199.0
1063,200.0
1064,200.0
1065,196.0
1066,110.0
1067,60.0
1068,200.0
1069,200.0
1070,200.0
1071,39.0
1072,196.0
1073,200.0
1074,146.0
1075,198.0
1076,200.0
1077,200.0
1078,200.0
1079,200.0
1080,195.0
1081,18.0
1082,200.0
1083,18.0
1084,200.0
1085,200.0
1086,200.0
1087,196.0
1088,199.0
1089,197.0
1090,200.0
1091,198.0
1092,
1093,9.0
1094,200.0
1095,200.0
1096,137.0
1097,199.0
1098,198.0
1099,200.0
1100,200.0
1101,200.0
1102,80.0
1103,130.0
1104,160.0
1105,200.0
1106,199.0
1107,200.0
1108,200.0
1109,200.0
1110,200.0
1111,200.0
1112,197.0
1113,200.0
1114,200.0
1115,200.0
1116,180.0
1117,200.0
1118,200.0
1119,199.0
1120,199.0
1121,120.0
1122,197.0
1123,199.0
1124,40.0
1125,199.0
1126,198.0
1127,197.0
1128,198.0
1129,199.0
1130,199.0
1131,
1132,200.0
1133,200.0
1134,200.0
1135,200.0
1136,200.0
1137,10.0
1138,200.0
1139,200.0
1140,196.0
1141,197.0
1142,200.0
1143,
1144,29.0
1145,
1146,196.0
1147,200.0
1148,200.0
1149,200.0
1150,200.0
1151,200.0
1152,140.0
1153,200.0
1154,200.0
1155,96.0
1156,200.0
1157,200.0
1158,199.0
1159,200.0
1160,200.0
1161,199.0
1162,200.0
1163,200.0
1164,200.0
1165,200.0
1166,50.0
1167,200.0
1168,80.0
1169,200.0
1170,182.0
1171,200.0
1172,200.0
1173,40.0
1174,188.0
1175,200.0
1176,
1177,200.0
1178,200.0
1179,200.0
1180,200.0
1181,200.0
1182,200.0
1183,150.0
1184,200.0
1185,200.0
1186,200.0
1187,200.0
1188,200.0
1189,181.0
1190,50.0
1191,200.0
1192,200.0
1193,200.0
1194,200.0
1195,200.0
1196,200.0
1197,200.0
1198,70.0
1199,200.0
1200,30.0
1201,200.0
1202,150.0
1203,200.0
1204,10.0
1205,200.0
1206,199.0
1207,50.0
1208,140.0
1209,200.0
1210,199.0
1211,200.0
1212,200.0
1213,200.0
1214,200.0
1215,200.0
1216,110.0
1217,193.0
1218,200.0
1219,150.0
1220,199.0
1221,200.0
1222,200.0
1223,200.0
1224,200.0
1225,200.0
1226,200.0
1227,60.0
1228,29.0
1229,200.0
1230,200.0
1231,200.0
1232,199.0
1233,200.0
1234,200.0
1235,200.0
1236,150.0
1237,199.0
1238,200.0
1239,200.0
1240,10.0
1241,200.0
1242,200.0
1243,200.0
1244,200.0
1245,200.0
1246,200.0
1247,200.0
1248,200.0
1249,199.0
1250,200.0
1251,199.0
1252,200.0
1253,200.0
1254,200.0
1255,190.0
1256,200.0
1257,200.0
1258,200.0
1259,200.0
1260,200.0
1261,30.0
1262,200.0
1263,183.0
1264,200.0
1265,200.0
1266,88.0
1267,187.0
1268,40.0
1269,197.0
1270,80.0
1271,198.0
1272,200.0
1273,200.0
1274,200.0
1275,200.0
1276,130.0
1277,200.0
1278,200.0
1279,200.0
1280,200.0
1281,172.0
1282,200.0
1283,200.0
1284,200.0
1285,200.0
1286,20.0
1287,198.0
1288,152.0
1289,200.0
1290,124.0
1291,200.0
1292,200.0
1293,
1294,200.0
1295,200.0
1296,199.0
1297,200.0
1298,20.0
1299,200.0
1300,199.0
1301,200.0
1302,200.0
1303,183.0
1304,199.0
1305,200.0
1306,20.0
1307,199.0
1308,200.0
1309,200.0
1310,200.0
1311,200.0
1312,200.0
1313,196.0
1314,90.0
1315,90.0
1316,200.0
1317,200.0
1318,10.0
1319,10.0
1320,200.0
1321,20.0
1322,200.0
1323,200.0
1324,30.0
1325,200.0
1326,
1327,200.0
1328,200.0
1329,150.0
1330,200.0
1331,200.0
1332,197.0
1333,199.0
1334,200.0
1335,200.0
1336,200.0
1337,200.0
1338,198.0
1339,200.0
1340,200.0
1341,200.0
1342,198.0
1343,200.0
1344,200.0
1345,90.0
1346,200.0
1347,200.0
1348,200.0
1349,30.0
1350,200.0
1351,200.0
1352,199.0
1353,110.0
1354,194.0
1355,10.0
1356,200.0
1357,170.0
1358,196.0
1359,200.0
1360,
1361,200.0
1362,199.0
1363,125.0
1364,40.0
1365,200.0
1366,200.0
1367,120.0
1368,200.0
1369,200.0
1370,196.0
1371,200.0
1372,200.0
1373,199.0
1374,200.0
1375,200.0
1376,196.0
1377,200.0
1378,200.0
1379,200.0
1380,200.0
1381,200.0
1382,200.0
1383,200.0
1384,199.0
1385,
1386,200.0
1387,200.0
1388,88.0
1389,
1390,200.0
1391,200.0
1392,192.0
1393,200.0
1394,180.0
1395,200.0
1396,198.0
1397,198.0
1398,60.0
1399,60.0
1400,200.0
1401,198.0
1402,80.0
1403,193.0
1404,200.0
1405,194.0
1406,200.0
1407,70.0
1408,200.0
1409,200.0
1410,200.0
1411,200.0
1412,199.0
1413,200.0
1414,199.0
1415,200.0
1416,200.0
1417,110.0
1418,200.0
1419,194.0
1420,190.0
1421,200.0
1422,200.0
1423,200.0
1424,198.0
1425,200.0
1426,200.0
1427,193.0
1428,200.0
1429,200.0
1430,40.0
1431,190.0
1432,200.0
1433,200.0
1434,
1435,200.0
1436,200.0
1437,200.0
1438,200.0
1439,200.0
1440,200.0
1441,200.0
1442,100.0
1443,199.0
1444,200.0
1445,200.0
1446,200.0
1447,200.0
1448,10.0
1449,60.0
1450,200.0
1451,186.0
1452,199.0
1453,199.0
1454,200.0
1455,200.0
1456,200.0
1457,199.0
1458,190.0
1459,199.0
1460,199.0
1461,200.0
1462,200.0
1463,200.0
1464,196.0
1465,200.0
1466,197.0
1467,200.0
1468,200.0
1469,199.0
1470,200.0
1471,197.0
1472,
1473,200.0
1474,196.0
1475,193.0
1476,
1477,199.0
1478,197.0
1479,46.0
1480,200.0
1481,80.0
1482,200.0
1483,197.0
1484,50.0
1485,195.0
1486,198.0
1487,200.0
1488,200.0
1489,60.0
1490,200.0
1491,200.0
1492,50.0
1493,200.0
1494,200.0
1495,198.0
1496,80.0
1497,200.0
1498,200.0
1499,30.0
1500,200.0
1501,200.0
1502,200.0
1503,200.0
1504,199.0
1505,50.0
1506,50.0
1507,200.0
1508,95.0
1509,163.0
1510,199.0
1511,199.0
1512,199.0
1513,60.0
1514,200.0
1515,200.0
1516,197.0
1517,200.0
1518,199.0
1519,200.0
1520,186.0
1521,10.0
1522,200.0
1523,200.0
1524,200.0
1525,200.0
1526,199.0
1527,200.0
1528,200.0
1529,200.0
1530,200.0
1531,197.0
1532,200.0
1533,200.0
1534,164.0
1535,199.0
1536,200.0
1537,200.0
1538,200.0
1539,200.0
1540,200.0
1541,199.0
1542,200.0
1543,200.0
1544,200.0
1545,189.0
1546,126.0
1547,140.0
1548,200.0
1549,199.0
1550,200.0
1551,
1552,200.0
1553,200.0
1554,200.0
1555,198.0
1556,200.0
1557,200.0
1558,200.0
1559,200.0
1560,200.0
1561,200.0
1562,200.0
1563,199.0
1564,10.0
1565,199.0
1566,200.0
1567,200.0
1568,200.0
1569,200.0
1570,199.0
1571,30.0
1572,40.0
1573,200.0
1574,70.0
1575,110.0
1576,200.0
1577,195.0
1578,190.0
1579,200.0
1580,110.0
1581,200.0
1582,200.0
1583,20.0
1584,200.0
1585,200.0
1586,199.0
1587,200.0
1588,200.0
1589,200.0
1590,200.0
1591,199.0
1592,200.0
1593,200.0
1594,199.0
1595,200.0
1596,197.0
1597,20.0
1598,200.0
1599,197.0
1600,
1601,199.0
1602,70.0
1603,200.0
1604,200.0
1605,200.0
1606,200.0
1607,200.0
1608,200.0
1609,170.0
1610,200.0
1611,200.0
1612,200.0
1613,200.0
1614,30.0
1615,200.0
1616,200.0
1617,200.0
1618,199.0
1619,200.0
1620,200.0
1621,10.0
1622,199.0
1623,200.0
1624,200.0
1625,10.0
1626,199.0
1627,200.0
1628,200.0
1629,200.0
1630,50.0
1631,200.0
1632,200.0
1633,200.0
1634,200.0
1635,195.0
1636,200.0
1637,200.0
1638,196.0
1639,200.0
1640,200.0
1641,99.0
1642,200.0
1643,200.0
1644,196.0
1645,200.0
1646,20.0
1647,200.0
1648,200.0
1649,200.0
1650,200.0
1651,200.0
1652,200.0
1653,187.0
1654,199.0
1655,200.0
1656,200.0
1657,200.0
1658,200.0
1659,200.0
1660,199.0
1661,200.0
1662,200.0
1663,200.0
1664,20.0
1665,195.0
1666,200.0
1667,
1668,200.0
1669,200.0
1670,200.0
1671,195.0
1672,150.0
1673,200.0
1674,200.0
1675,200.0
1676,
1677,200.0
1678,200.0
1679,200.0
1680,197.0
1681,200.0
1682,183.0
1683,200.0
1684,
1685,
1686,200.0
1687,200.0
1688,199.0
1689,199.0
1690,199.0
1691,200.0
1692,
1693,30.0
1694,200.0
1695,200.0
1696,187.0
1697,200.0
1698,200.0
1699,200.0
1700,200.0
1701,80.0
1702,200.0
1703,199.0
1704,28.0
1705,70.0
1706,200.0
1707,180.0
1708,200.0
1709,110.0
1710,200.0
1711,200.0
1712,200.0
1713,200.0
1714,120.0
1715,200.0
1716,200.0
1717,200.0
1718,200.0
1719,200.0
1720,50.0
1721,200.0
1722,199.0
1723,197.0
1724,200.0
1725,200.0
1726,199.0
1727,
1728,133.0
1729,189.0
1730,133.0
1731,200.0
1732,
1733,80.0
1734,199.0
1735,199.0
1736,107.0
1737,200.0
1738,198.0
1739,192.0
1740,200.0
1741,150.0
1742,200.0
1743,200.0
1744,200.0
1745,183.0
1746,199.0
1747,200.0
1748,200.0
1749,200.0
1750,200.0
1751,200.0
1752,197.0
1753,196.0
1754,197.0
1755,184.0
1756,196.0
1757,200.0
1758,100.0
1759,200.0
1760,200.0
1761,196.0
1762,200.0
1763,196.0
1764,199.0
1765,200.0
1766,200.0
1767,10.0
1768,200.0
1769,200.0
1770,200.0
1771,200.0
1772,200.0
1773,200.0
1774,198.0
1775,200.0
1776,20.0
1777,199.0
1778,200.0
1779,200.0
1780,200.0
1781,199.0
1782,200.0
1783,200.0
1784,200.0
1785,200.0
1786,200.0
1787,200.0
1788,200.0
1789,199.0
1790,199.0
1791,20.0
1792,190.0
1793,200.0
1794,100.0
1795,200.0
1796,200.0
1797,197.0
1798,200.0
1799,200.0
1800,
1801,197.0
1802,200.0
1803,200.0
1804,49.0
1805,200.0
1806,200.0
1807,196.0
1808,200.0
1809,200.0
1810,200.0
1811,198.0
1812,200.0
1813,110.0
1814,197.0
1815,199.0
1816,10.0
1817,199.0
1818,40.0
1819,10.0
1820,200.0
1821,50.0
1822,200.0
1823,200.0
1824,199.0
1825,186.0
1826,50.0
1827,30.0
1828,110.0
1829,199.0
1830,110.0
1831,
1832,136.0
1833,200.0
1834,196.0
1835,199.0
1836,197.0
1837,
1838,200.0
1839,199.0
1840,
1841,200.0
1842,200.0
1843,10.0
1844,70.0
1845,200.0
1846,200.0
1847,198.0
1848,19.0
1849,150.0
1850,111.0
1851,160.0
1852,78.0
1853,200.0
1854,10.0
1855,200.0
1856,186.0
1857,145.0
1858,75.0
1859,200.0
1860,200.0
1861,200.0
1862,200.0
1863,200.0
1864,197.0
1865,198.0
1866,200.0
1867,
1868,200.0
1869,160.0
1870,
1871,198.0
1872,196.0
1873,154.0
1874,200.0
1875,194.0
1876,200.0
1877,198.0
1878,200.0
1879,196.0
1880,195.0
1881,197.0
1882,200.0
1883,120.0
1884,200.0
1885,200.0
1886,200.0
1887,200.0
1888,199.0
1889,200.0
1890,60.0
1891,200.0
1892,200.0
1893,199.0
1894,200.0
1895,200.0
1896,110.0
1897,66.0
1898,40.0
1899,199.0
1900,200.0
1901,200.0
1902,40.0
1903,199.0
1904,177.0
1905,30.0
1906,199.0
1907,200.0
1908,190.0
1909,200.0
1910,200.0
1911,200.0
1912,199.0
1913,200.0
1914,200.0
1915,66.0
1916,200.0
1917,199.0
1918,40.0
1919,200.0
1920,120.0
1921,120.0
1922,196.0
1923,173.0
1924,200.0
1925,200.0
1926,39.0
1927,200.0
1928,196.0
1929,196.0
1930,199.0
1931,200.0
1932,200.0
1933,200.0
1934,30.0
1935,200.0
1936,200.0
1937,197.0
1938,160.0
1939,200.0
1940,160.0
1941,198.0
1942,9.0
1943,200.0
1944,200.0
1945,199.0
1946,200.0
1947,200.0
1948,200.0
1949,199.0
1950,200.0
1951,200.0
1952,198.0
1953,199.0
1954,200.0
1955,196.0
1956,200.0
1957,200.0
1958,200.0
1959,200.0
1960,200.0
1961,200.0
1962,198.0
1963,200.0
1964,200.0
1965,200.0
1966,200.0
1967,20.0
1968,198.0
1969,198.0
1970,200.0
1971,200.0
1972,198.0
1973,200.0
1974,200.0
1975,198.0
1976,200.0
1977,200.0
1978,199.0
1979,200.0
1980,199.0
1981,200.0
1982,200.0
1983,199.0
1984,200.0
1985,200.0
1986,130.0
1987,200.0
1988,198.0
1989,200.0
1990,200.0
1991,198.0
1992,200.0
1993,200.0
1994,200.0
1995,200.0
1996,199.0
1997,200.0
1998,200.0
1999,199.0
2000,200.0
2001,60.0
2002,177.0
2003,
2004,
2005,199.0
2006,20.0
2007,199.0
2008,200.0
2009,158.0
2010,200.0
2011,200.0
2012,200.0
2013,200.0
2014,200.0
2015,199.0
2016,200.0
2017,200.0
2018,200.0
2019,199.0
2020,200.0
2021,200.0
2022,181.0
2023,200.0
2024,200.0
2025,20.0
2026,200.0
2027,198.0
2028,110.0
2029,200.0
2030,200.0
2031,30.0
2032,200.0
2033,200.0
2034,200.0
2035,200.0
2036,191.0
2037,200.0
2038,181.0
2039,200.0
2040,200.0
2041,200.0
2042,200.0
2043,200.0
2044,196.0
2045,30.0
2046,200.0
2047,200.0
2048,150.0
2049,200.0
2050,47.0
2051,200.0
2052,200.0
2053,50.0
2054,200.0
2055,200.0
2056,200.0
2057,200.0
2058,200.0
2059,200.0
2060,200.0
2061,196.0
2062,200.0
2063,200.0
2064,70.0
2065,200.0
2066,200.0
2067,200.0
2068,200.0
2069,200.0
2070,200.0
2071,199.0
2072,200.0
2073,199.0
2074,200.0
2075,200.0
2076,200.0
2077,125.0
2078,200.0
2079,200.0
2080,200.0
2081,200.0
2082,200.0
2083,181.0
2084,136.0
2085,60.0
2086,198.0
2087,198.0
2088,147.0
2089,200.0
2090,30.0
2091,200.0
2092,200.0
2093,199.0
2094,199.0
2095,100.0
2096,200.0
2097,200.0
2098,200.0
2099,170.0
2100,199.0
2101,199.0
2102,30.0
2103,30.0
2104,189.0
2105,198.0
2106,200.0
2107,199.0
2108,200.0
2109,200.0
2110,200.0
2111,200.0
2112,200.0
2113,186.0
2114,180.0
2115,193.0
2116,199.0
2117,196.0
2118,200.0
2119,200.0
2120,200.0
2121,198.0
2122,117.0
2123,20.0
2124,110.0
2125,200.0
2126,200.0
2127,199.0
2128,200.0
2129,200.0
2130,199.0
2131,110.0
2132,200.0
2133,200.0
2134,200.0
2135,130.0
2136,200.0
2137,200.0
2138,198.0
2139,181.0
2140,
2141,200.0
2142,199.0
2143,200.0
2144,200.0
2145,200.0
2146,
2147,79.0
2148,70.0
2149,190.0
2150,60.0
2151,200.0
2152,200.0
2153,200.0
2154,200.0
2155,10.0
2156,200.0
2157,200.0
2158,200.0
2159,200.0
2160,200.0
2161,200.0
2162,10.0
2163,199.0
2164,
2165,20.0
2166,50.0
2167,200.0
2168,200.0
2169,200.0
2170,200.0
2171,20.0
2172,197.0
2173,200.0
2174,200.0
2175,30.0
2176,200.0
2177,50.0
2178,
2179,180.0
2180,200.0
2181,200.0
2182,199.0
2183,200.0
2184,199.0
2185,200.0
2186,200.0
2187,200.0
2188,198.0
2189,200.0
2190,200.0
2191,165.0
2192,200.0
2193,200.0
2194,200.0
2195,199.0
2196,90.0
2197,200.0
2198,200.0
2199,199.0
2200,200.0
2201,200.0
2202,120.0
2203,200.0
2204,200.0
2205,199.0
2206,200.0
2207,200.0
2208,200.0
2209,200.0
2210,196.0
2211,200.0
2212,183.0
2213,199.0
2214,10.0
2215,200.0
2216,200.0
2217,196.0
2218,200.0
2219,199.0
2220,200.0
2221,200.0
2222,200.0
2223,200.0
2224,200.0
2225,200.0
2226,196.0
2227,200.0
2228,200.0
2229,200.0
2230,200.0
2231,200.0
2232,199.0
2233,200.0
2234,200.0
2235,192.0
2236,30.0
2237,
2238,200.0
2239,200.0
2240,197.0
2241,200.0
2242,200.0
2243,200.0
2244,200.0
2245,198.0
2246,60.0
2247,199.0
2248,200.0
2249,200.0
2250,130.0
2251,200.0
2252,177.0
2253,200.0
2254,10.0
2255,200.0
2256,20.0
2257,108.0
2258,200.0
2259,200.0
2260,
2261,200.0
2262,200.0
2263,200.0
2264,178.0
2265,10.0
2266,197.0
2267,200.0
2268,200.0
2269,140.0
2270,200.0
2271,195.0
2272,199.0
2273,200.0
2274,91.0
2275,200.0
2276,200.0
2277,200.0
2278,200.0
2279,200.0
2280,200.0
2281,200.0
2282,200.0
2283,200.0
2284,200.0
2285,200.0
2286,160.0
2287,60.0
2288,200.0
2289,200.0
2290,200.0
2291,200.0
2292,187.0
2293,189.0
2294,200.0
2295,200.0
2296,200.0
2297,200.0
2298,199.0
2299,194.0
2300,200.0
2301,200.0
2302,196.0
2303,198.0
2304,200.0
2305,10.0
2306,200.0
2307,200.0
2308,192.0
2309,199.0
2310,140.0
2311,200.0
2312,
2313,200.0
2314,200.0
2315,200.0
2316,199.0
2317,196.0
2318,199.0
2319,200.0
2320,196.0
2321,190.0
2322,200.0
2323,197.0
2324,200.0
2325,200.0
2326,200.0
2327,185.0
2328,199.0
2329,160.0
2330,200.0
2331,177.0
2332,200.0
2333,200.0
2334,197.0
2335,9.0
2336,200.0
2337,200.0
2338,50.0
2339,200.0
2340,60.0
2341,50.0
2342,200.0
2343,200.0
2344,200.0
2345,70.0
2346,200.0
2347,50.0
2348,196.0
2349,200.0
2350,200.0
2351,200.0
2352,200.0
2353,200.0
2354,199.0
2355,199.0
2356,200.0
2357,200.0
2358,199.0
2359,200.0
2360,200.0
2361,200.0
2362,199.0
2363,200.0
2364,200.0
2365,30.0
2366,200.0
2367,199.0
2368,10.0
2369,200.0
2370,200.0
2371,200.0
2372,10.0
2373,200.0
2374,198.0
2375,200.0
2376,200.0
2377,200.0
2378,200.0
2379,200.0
2380,199.0
2381,10.0
2382,200.0
2383,200.0
2384,198.0
2385,20.0
2386,200.0
2387,197.0
2388,200.0
2389,197.0
2390,
2391,185.0
2392,200.0
2393,200.0
2394,200.0
2395,200.0
2396,200.0
2397,200.0
2398,191.0
2399,200.0
2400,200.0
2401,200.0
2402,200.0
2403,200.0
2404,199.0
2405,197.0
2406,199.0
2407,9.0
2408,200.0
2409,200.0
2410,190.0
2411,200.0
2412,197.0
2413,200.0
2414,200.0
2415,191.0
2416,200.0
2417,200.0
2418,200.0
2419,194.0
2420,200.0
2421,185.0
2422,200.0
2423,191.0
2424,100.0
2425,200.0
2426,200.0
2427,200.0
2428,133.0
2429,70.0
2430,9.0
2431,170.0
2432,200.0
2433,200.0
2434,199.0
2435,200.0
2436,199.0
2437,200.0
2438,200.0
2439,200.0
2440,20.0
2441,195.0
2442,200.0
2443,200.0
2444,200.0
2445,90.0
2446,200.0
2447,10.0
2448,199.0
2449,199.0
2450,70.0
2451,200.0
2452,199.0
2453,200.0
2454,200.0
2455,200.0
2456,200.0
2457,200.0
2458,80.0
2459,200.0
2460,199.0
2461,187.0
2462,200.0
2463,200.0
2464,
2465,200.0
2466,198.0
2467,200.0
2468,200.0
2469,200.0
2470,200.0
2471,199.0
2472,200.0
2473,80.0
2474,200.0
2475,200.0
2476,200.0
2477,50.0
2478,200.0
2479,200.0
2480,199.0
2481,199.0
2482,140.0
2483,200.0
2484,200.0
2485,200.0
2486,195.0
2487,186.0
2488,198.0
2489,200.0
2490,200.0
2491,133.0
2492,200.0
2493,196.0
2494,200.0
2495,200.0
2496,200.0
2497,200.0
2498,200.0
2499,200.0
2500,199.0
2501,200.0
2502,200.0
2503,200.0
2504,200.0
2505,90.0
2506,200.0
2507,119.0
2508,200.0
2509,200.0
2510,200.0
2511,200.0
2512,133.0
2513,183.0
2514,200.0
2515,200.0
2516,55.0
2517,200.0
2518,193.0
2519,200.0
2520,200.0
2521,198.0
2522,200.0
2523,200.0
2524,56.0
2525,100.0
2526,200.0
2527,198.0
2528,199.0
2529,200.0
2530,200.0
2531,200.0
2532,200.0
2533,112.0
2534,200.0
2535,200.0
2536,74.0
2537,200.0
2538,200.0
2539,200.0
2540,200.0
2541,200.0
2542,200.0
2543,200.0
2544,197.0
2545,200.0
2546,200.0
2547,200.0
2548,181.0
2549,197.0
2550,
2551,200.0
2552,200.0
2553,200.0
2554,200.0
2555,197.0
2556,200.0
2557,199.0
2558,200.0
2559,200.0
2560,200.0
2561,40.0
2562,200.0
2563,200.0
2564,200.0
2565,200.0
2566,200.0
2567,
2568,198.0
2569,196.0
2570,195.0
2571,200.0
2572,200.0
2573,200.0
2574,199.0
2575,200.0
2576,195.0
2577,200.0
2578,200.0
2579,200.0
2580,200.0
2581,40.0
2582,200.0
2583,200.0
2584,10.0
2585,200.0
2586,197.0
2587,197.0
2588,200.0
2589,200.0
2590,200.0
2591,200.0
2592,186.0
2593,198.0
2594,140.0
2595,200.0
2596,196.0
2597,130.0
2598,196.0
2599,200.0
2600,200.0
2601,200.0
2602,173.0
2603,200.0
2604,200.0
2605,199.0
2606,200.0
2607,200.0
2608,200.0
2609,132.0
2610,140.0
2611,200.0
2612,199.0
2613,200.0
2614,200.0
2615,199.0
2616,196.0
2617,200.0
2618,200.0
2619,200.0
2620,200.0
2621,199.0
2622,200.0
2623,200.0
2624,200.0
2625,200.0
2626,197.0
2627,200.0
2628,196.0
2629,197.0
2630,200.0
2631,200.0
2632,200.0
2633,196.0
2634,198.0
2635,200.0
2636,197.0
2637,109.0
2638,200.0
2639,
2640,199.0
2641,199.0
2642,200.0
2643,200.0
2644,200.0
2645,196.0
2646,200.0
2647,200.0
2648,196.0
2649,119.0
2650,198.0
2651,198.0
2652,197.0
2653,200.0
2654,200.0
2655,196.0
2656,199.0
2657,200.0
2658,70.0
2659,30.0
2660,200.0
2661,80.0
2662,200.0
2663,10.0
2664,188.0
2665,186.0
2666,30.0
2667,200.0
2668,199.0
2669,200.0
2670,200.0
2671,200.0
2672,
2673,64.0
2674,196.0
2675,181.0
2676,200.0
2677,
2678,200.0
2679,200.0
2680,181.0
2681,198.0
2682,30.0
2683,200.0
2684,200.0
2685,200.0
2686,199.0
2687,84.0
2688,183.0
2689,198.0
2690,200.0
2691,200.0
2692,196.0
2693,
2694,185.0
2695,200.0
2696,
2697,159.0
2698,200.0
2699,200.0
2700,60.0
2701,30.0
2702,68.0
2703,200.0
2704,197.0
2705,200.0
2706,200.0
2707,196.0
2708,200.0
2709,199.0
2710,200.0
2711,190.0
2712,68.0
2713,200.0
2714,138.0
2715,197.0
2716,
2717,130.0
2718,155.0
2719,200.0
2720,192.0
2721,197.0
2722,91.0
2723,200.0
2724,196.0
2725,196.0
2726,200.0
2727,200.0
2728,200.0
2729,130.0
2730,87.0
2731,50.0
2732,198.0
2733,200.0
2734,151.0
2735,60.0
2736,82.0
2737,200.0
2738,82.0
2739,200.0
2740,200.0
2741,160.0
2742,200.0
2743,177.0
2744,199.0
2745,150.0
2746,193.0
2747,70.0
2748,199.0
2749,199.0
2750,200.0
2751,190.0
2752,200.0
2753,200.0
2754,119.0
2755,200.0
2756,199.0
2757,40.0
2758,200.0
2759,60.0
2760,200.0
2761,200.0
2762,200.0
2763,199.0
2764,120.0
2765,200.0
2766,200.0
2767,200.0
2768,60.0
2769,200.0
2770,70.0
2771,123.0
2772,110.0
2773,
2774,196.0
2775,200.0
2776,200.0
2777,200.0
2778,199.0
2779,186.0
2780,200.0
2781,138.0
2782,199.0
2783,200.0
2784,40.0
2785,196.0
2786,199.0
2787,195.0
2788,10.0
2789,200.0
2790,196.0
2791,200.0
2792,199.0
2793,200.0
2794,20.0
2795,200.0
2796,200.0
2797,47.0
2798,199.0
2799,200.0
2800,160.0
2801,196.0
2802,198.0
2803,200.0
2804,199.0
2805,200.0
2806,193.0
2807,123.0
2808,199.0
2809,200.0
2810,110.0
2811,200.0
2812,196.0
2813,200.0
2814,200.0
2815,200.0
2816,60.0
2817,200.0
2818,200.0
2819,
2820,196.0
2821,200.0
2822,100.0
2823,84.0
2824,197.0
2825,199.0
2826,200.0
2827,197.0
2828,200.0
2829,200.0
2830,200.0
2831,197.0
2832,200.0
2833,200.0
2834,200.0
2835,200.0
2836,200.0
2837,199.0
2838,200.0
2839,160.0
2840,199.0
2841,200.0
2842,198.0
2843,199.0
2844,196.0
2845,
2846,20.0
2847,200.0
2848,200.0
2849,200.0
2850,200.0
2851,200.0
2852,200.0
2853,200.0
2854,198.0
2855,186.0
2856,200.0
2857,199.0
2858,200.0
2859,181.0
2860,182.0
2861,200.0
2862,200.0
2863,200.0
2864,150.0
2865,200.0
2866,200.0
2867,150.0
2868,
2869,200.0
2870,200.0
2871,70.0
2872,60.0
2873,199.0
2874,200.0
2875,200.0
2876,199.0
2877,200.0
2878,200.0
2879,200.0
2880,200.0
2881,200.0
2882,38.0
2883,200.0
2884,200.0
2885,200.0
2886,200.0
2887,200.0
2888,184.0
2889,198.0
2890,80.0
2891,80.0
2892,200.0
2893,200.0
2894,199.0
2895,200.0
2896,200.0
2897,200.0
2898,200.0
2899,197.0
2900,200.0
2901,200.0
2902,200.0
2903,200.0
2904,10.0
2905,197.0
2906,189.0
2907,200.0
2908,197.0
2909,200.0
2910,200.0
2911,200.0
2912,199.0
2913,200.0
2914,199.0
2915,200.0
2916,200.0
2917,199.0
2918,70.0
2919,166.0
2920,200.0
2921,199.0
2922,
2923,200.0
2924,200.0
2925,191.0
2926,200.0
2927,
2928,
2929,200.0
2930,187.0
2931,125.0
2932,200.0
2933,186.0
2934,200.0
2935,200.0
2936,165.0
2937,196.0
2938,200.0
2939,133.0
2940,135.0
2941,200.0
2942,200.0
2943,197.0
2944,200.0
2945,200.0
2946,200.0
2947,200.0
2948,200.0
2949,74.0
2950,70.0
2951,40.0
2952,40.0
2953,200.0
2954,127.0
2955,200.0
2956,197.0
2957,200.0
2958,60.0
2959,200.0
2960,200.0
2961,200.0
2962,200.0
2963,200.0
2964,198.0
2965,60.0
2966,79.0
2967,70.0
2968,197.0
2969,200.0
2970,199.0
2971,200.0
2972,200.0
2973,200.0
2974,200.0
2975,10.0
2976,200.0
2977,200.0
2978,200.0
2979,199.0
2980,182.0
2981,10.0
2982,200.0
2983,172.0
2984,199.0
2985,184.0
2986,200.0
2987,90.0
2988,200.0
2989,200.0
2990,200.0
2991,70.0
2992,200.0
2993,186.0
2994,200.0
2995,198.0
2996,200.0
2997,199.0
2998,200.0
2999,200.0
3000,198.0
3001,200.0
3002,200.0
3003,200.0
3004,200.0
3005,200.0
3006,110.0
3007,191.0
3008,200.0
3009,200.0
3010,200.0
3011,200.0
3012,199.0
3013,60.0
3014,200.0
3015,200.0
3016,200.0
3017,200.0
3018,200.0
3019,200.0
3020,200.0
3021,200.0
3022,200.0
3023,
3024,200.0
3025,199.0
3026,200.0
3027,200.0
3028,199.0
3029,160.0
3030,198.0
3031,200.0
3032,200.0
3033,196.0
3034,
3035,200.0
3036,200.0
3037,200.0
3038,200.0
3039,10.0
3040,200.0
3041,200.0
3042,200.0
3043,199.0
3044,200.0
3045,200.0
3046,200.0
3047,200.0
3048,200.0
3049,30.0
3050,200.0
3051,200.0
3052,200.0
3053,200.0
3054,200.0
3055,200.0
3056,199.0
3057,200.0
3058,30.0
3059,200.0
3060,200.0
3061,200.0
3062,200.0
3063,50.0
3064,200.0
3065,200.0
3066,200.0
3067,200.0
3068,198.0
3069,200.0
3070,200.0
3071,200.0
3072,200.0
3073,200.0
3074,200.0
3075,9.0
3076,196.0
3077,50.0
3078,200.0
3079,132.0
3080,198.0
3081,60.0
3082,20.0
3083,200.0
3084,200.0
3085,140.0
3086,200.0
3087,200.0
3088,200.0
3089,200.0
3090,190.0
3091,200.0
3092,200.0
3093,200.0
3094,195.0
3095,186.0
3096,200.0
3097,200.0
3098,200.0
3099,200.0
3100,200.0
3101,200.0
3102,199.0
3103,200.0
3104,200.0
3105,197.0
3106,200.0
3107,200.0
3108,200.0
3109,60.0
3110,200.0
3111,200.0
3112,200.0
3113,200.0
3114,200.0
3115,200.0
3116,200.0
3117,199.0
3118,200.0
3119,200.0
3120,150.0
3121,141.0
3122,138.0
3123,196.0
3124,30.0
3125,200.0
3126,200.0
3127,200.0
3128,199.0
3129,197.0
3130,200.0
3131,200.0
3132,196.0
3133,199.0
3134,200.0
3135,200.0
3136,200.0
3137,198.0
3138,200.0
3139,200.0
3140,200.0
3141,197.0
3142,200.0
3143,197.0
3144,30.0
3145,200.0
3146,197.0
3147,200.0
3148,200.0
3149,200.0
3150,198.0
3151,195.0
3152,200.0
3153,181.0
3154,200.0
3155,196.0
3156,200.0
3157,200.0
3158,196.0
3159,200.0
3160,196.0
3161,200.0
3162,70.0
3163,200.0
3164,200.0
3165,197.0
3166,20.0
3167,199.0
3168,200.0
3169,200.0
3170,179.0
3171,200.0
3172,200.0
3173,198.0
3174,191.0
3175,200.0
3176,20.0
3177,200.0
3178,197.0
3179,50.0
3180,195.0
3181,200.0
3182,200.0
3183,199.0
3184,195.0
3185,199.0
3186,200.0
3187,200.0
3188,200.0
3189,30.0
3190,197.0
3191,140.0
3192,196.0
3193,200.0
3194,200.0
3195,198.0
3196,109.0
3197,200.0
3198,199.0
3199,200.0
3200,200.0
3201,200.0
3202,200.0
3203,198.0
3204,200.0
3205,200.0
3206,199.0
3207,200.0
3208,198.0
3209,20.0
3210,200.0
3211,200.0
3212,200.0
3213,170.0
3214,200.0
3215,187.0
3216,199.0
3217,200.0
3218,186.0
3219,200.0
3220,200.0
3221,100.0
3222,200.0
3223,200.0
3224,186.0
3225,200.0
3226,200.0
3227,158.0
3228,199.0
3229,200.0
3230,200.0
3231,200.0
3232,200.0
3233,200.0
3234,199.0
3235,197.0
3236,200.0
3237,200.0
3238,200.0
3239,200.0
3240,200.0
3241,200.0
3242,200.0
3243,200.0
3244,200.0
3245,200.0
3246,
3247,200.0
3248,200.0
3249,199.0
3250,111.0
3251,200.0
3252,200.0
3253,199.0
3254,200.0
3255,200.0
3256,20.0
3257,200.0
3258,200.0
3259,199.0
3260,200.0
3261,194.0
3262,196.0
3263,199.0
3264,200.0
3265,50.0
3266,200.0
3267,200.0
3268,199.0
3269,200.0
3270,200.0
3271,200.0
3272,200.0
3273,200.0
3274,194.0
3275,200.0
3276,199.0
3277,200.0
3278,200.0
3279,50.0
3280,199.0
3281,200.0
3282,200.0
3283,169.0
3284,200.0
3285,200.0
3286,200.0
3287,200.0
3288,199.0
3289,200.0
3290,160.0
3291,150.0
3292,200.0
3293,200.0
3294,197.0
3295,167.0
3296,200.0
3297,119.0
3298,197.0
3299,
3300,200.0
3301,186.0
3302,200.0
3303,
3304,191.0
3305,200.0
3306,200.0
3307,198.0
3308,199.0
3309,199.0
3310,196.0
3311,200.0
3312,200.0
3313,200.0
3314,200.0
3315,200.0
3316,200.0
3317,198.0
3318,200.0
3319,196.0
3320,199.0
3321,194.0
3322,200.0
3323,160.0
3324,173.0
3325,167.0
3326,199.0
3327,200.0
3328,195.0
3329,199.0
3330,200.0
3331,200.0
3332,199.0
3333,200.0
3334,110.0
3335,200.0
3336,200.0
3337,200.0
3338,200.0
3339,200.0
