0,146.0
1,79.0
2,144.0
3,100.0
4,104.0
5,44.0
6,165.0
7,92.0
8,188.0
9,118.0
10,150.0
11,52.0
12,72.0
13,72.0
14,123.0
15,124.0
16,174.0
17,
18,79.0
19,110.0
20,
21,44.0
22,148.0
23,40.0
24,96.0
25,106.0
26,21.0
27,118.0
28,77.0
29,167.0
30,108.0
31,61.0
32,110.0
33,157.0
34,40.0
35,15.0
36,117.0
37,57.0
38,107.0
39,82.0
40,26.0
41,93.0
42,191.0
43,90.0
44,107.0
45,148.0
46,110.0
47,67.0
48,96.0
49,38.0
50,17.0
51,41.0
52,15.0
53,45.0
54,81.0
55,14.0
56,130.0
57,
58,
59,111.0
60,166.0
61,61.0
62,120.0
63,153.0
64,30.0
65,50.0
66,112.0
67,154.0
68,135.0
69,127.0
70,51.0
71,59.0
72,159.0
73,117.0
74,98.0
75,59.0
76,
77,93.0
78,61.0
79,134.0
80,150.0
81,31.0
82,103.0
83,16.0
84,84.0
85,62.0
86,165.0
87,56.0
88,53.0
89,116.0
90,138.0
91,56.0
92,208.0
93,96.0
94,34.0
95,73.0
96,162.0
97,63.0
98,133.0
99,169.0
100,69.0
101,153.0
102,161.0
103,93.0
104,108.0
105,142.0
106,138.0
107,48.0
108,
109,92.0
110,45.0
111,72.0
112,29.0
113,22.0
114,153.0
115,31.0
116,101.0
117,69.0
118,41.0
119,21.0
120,152.0
121,37.0
122,74.0
123,17.0
124,67.0
125,75.0
126,13.0
127,53.0
128,160.0
129,26.0
130,52.0
131,120.0
132,40.0
133,41.0
134,214.0
135,65.0
136,41.0
137,63.0
138,107.0
139,111.0
140,29.0
141,141.0
142,72.0
143,80.0
144,52.0
145,171.0
146,21.0
147,67.0
148,30.0
149,42.0
150,138.0
151,17.0
152,
153,180.0
154,57.0
155,
156,93.0
157,23.0
158,160.0
159,40.0
160,70.0
161,109.0
162,73.0
163,132.0
164,141.0
165,72.0
166,39.0
167,107.0
168,15.0
169,61.0
170,
171,14.0
172,44.0
173,33.0
174,11.0
175,32.0
176,25.0
177,40.0
178,72.0
179,
180,
181,27.0
182,138.0
183,139.0
184,
185,147.0
186,196.0
187,
188,43.0
189,162.0
190,53.0
191,23.0
192,76.0
193,64.0
194,176.0
195,63.0
196,191.0
197,123.0
198,15.0
199,158.0
200,107.0
201,108.0
202,48.0
203,111.0
204,75.0
205,95.0
206,151.0
207,81.0
208,72.0
209,77.0
210,14.0
211,116.0
212,124.0
213,95.0
214,101.0
215,171.0
216,72.0
217,42.0
218,99.0
219,145.0
220,117.0
221,82.0
222,128.0
223,151.0
224,
225,115.0
226,63.0
227,
228,126.0
229,13.0
230,162.0
231,43.0
232,183.0
233,28.0
234,36.0
235,180.0
236,55.0
237,107.0
238,175.0
239,66.0
240,86.0
241,56.0
242,
243,152.0
244,107.0
245,
246,88.0
247,175.0
248,50.0
249,80.0
250,170.0
251,68.0
252,85.0
253,69.0
254,24.0
255,163.0
256,77.0
257,131.0
258,14.0
259,59.0
260,79.0
261,37.0
262,33.0
263,178.0
264,12.0
265,136.0
266,134.0
267,42.0
268,139.0
269,46.0
270,99.0
271,34.0
272,63.0
273,61.0
274,89.0
275,106.0
276,81.0
277,84.0
278,98.0
279,74.0
280,151.0
281,175.0
282,92.0
283,59.0
284,34.0
285,81.0
286,199.0
287,125.0
288,135.0
289,74.0
290,46.0
291,37.0
292,101.0
293,134.0
294,74.0
295,67.0
296,75.0
297,150.0
298,123.0
299,99.0
300,95.0
301,69.0
302,43.0
303,170.0
304,85.0
305,84.0
306,191.0
307,106.0
308,211.0
309,153.0
310,117.0
311,83.0
312,158.0
313,147.0
314,59.0
315,111.0
316,138.0
317,161.0
318,135.0
319,67.0
320,79.0
321,100.0
322,98.0
323,169.0
324,105.0
325,172.0
326,149.0
327,126.0
328,124.0
329,177.0
330,108.0
331,97.0
332,87.0
333,64.0
334,84.0
335,178.0
336,66.0
337,55.0
338,157.0
339,39.0
340,154.0
341,117.0
342,90.0
343,77.0
344,194.0
345,88.0
346,112.0
347,42.0
348,65.0
349,44.0
350,60.0
351,85.0
352,87.0
353,169.0
354,14.0
355,35.0
356,127.0
357,24.0
358,61.0
359,132.0
360,118.0
361,15.0
362,149.0
363,22.0
364,80.0
365,82.0
366,88.0
367,59.0
368,88.0
369,155.0
370,98.0
371,145.0
372,
373,163.0
374,96.0
375,84.0
376,163.0
377,118.0
378,46.0
379,42.0
380,73.0
381,181.0
382,114.0
383,152.0
384,130.0
385,169.0
386,72.0
387,153.0
388,142.0
389,153.0
390,159.0
391,13.0
392,48.0
393,73.0
394,44.0
395,105.0
396,153.0
397,14.0
398,120.0
399,120.0
400,52.0
401,43.0
402,192.0
403,60.0
404,246.0
405,87.0
406,28.0
407,106.0
408,38.0
409,100.0
410,29.0
411,208.0
412,62.0
413,158.0
414,102.0
415,182.0
416,145.0
417,157.0
418,40.0
419,158.0
420,104.0
421,162.0
422,109.0
423,182.0
424,134.0
425,49.0
426,167.0
427,166.0
428,131.0
429,153.0
430,144.0
431,72.0
432,132.0
433,48.0
434,102.0
435,93.0
436,162.0
437,63.0
438,150.0
439,39.0
440,154.0
441,72.0
442,33.0
443,112.0
444,168.0
445,60.0
446,79.0
447,95.0
448,26.0
449,137.0
450,89.0
451,70.0
452,67.0
453,94.0
454,54.0
455,62.0
456,146.0
457,143.0
458,83.0
459,148.0
460,73.0
461,175.0
462,122.0
463,164.0
464,112.0
465,123.0
466,92.0
467,87.0
468,144.0
469,162.0
470,161.0
471,71.0
472,42.0
473,73.0
474,77.0
475,147.0
476,48.0
477,149.0
478,182.0
479,139.0
480,77.0
481,58.0
482,155.0
483,170.0
484,88.0
485,98.0
486,32.0
487,166.0
488,14.0
489,142.0
490,12.0
491,17.0
492,155.0
493,153.0
494,136.0
495,73.0
496,12.0
497,65.0
498,153.0
499,137.0
500,94.0
501,39.0
502,68.0
503,62.0
504,159.0
505,99.0
506,159.0
507,191.0
508,177.0
509,58.0
510,92.0
511,170.0
512,50.0
513,85.0
514,103.0
515,136.0
516,44.0
517,138.0
518,110.0
519,31.0
520,153.0
521,99.0
522,96.0
523,113.0
524,22.0
525,33.0
526,136.0
527,87.0
528,87.0
529,86.0
530,82.0
531,158.0
532,173.0
533,101.0
534,60.0
535,83.0
536,33.0
537,22.0
538,179.0
539,176.0
540,139.0
541,40.0
542,183.0
543,88.0
544,84.0
545,140.0
546,135.0
547,82.0
548,138.0
549,102.0
550,141.0
551,159.0
552,102.0
553,71.0
554,76.0
555,153.0
556,37.0
557,12.0
558,117.0
559,68.0
560,174.0
561,174.0
562,54.0
563,164.0
564,20.0
565,54.0
566,196.0
567,39.0
568,79.0
569,142.0
570,141.0
571,14.0
572,127.0
573,28.0
574,94.0
575,146.0
576,136.0
577,50.0
578,48.0
579,135.0
580,50.0
581,182.0
582,152.0
583,160.0
584,120.0
585,30.0
586,72.0
587,138.0
588,55.0
589,17.0
590,78.0
591,38.0
592,85.0
593,
594,
595,99.0
596,89.0
597,71.0
598,171.0
599,36.0
600,55.0
601,110.0
602,120.0
603,106.0
604,112.0
605,13.0
606,56.0
607,26.0
608,28.0
609,74.0
610,100.0
611,168.0
612,15.0
613,72.0
614,
615,158.0
616,122.0
617,43.0
618,21.0
619,29.0
620,116.0
621,24.0
622,88.0
623,67.0
624,125.0
625,194.0
626,26.0
627,71.0
628,99.0
629,171.0
630,44.0
631,97.0
632,123.0
633,77.0
634,163.0
635,57.0
636,67.0
637,77.0
638,35.0
639,200.0
640,139.0
641,59.0
642,165.0
643,91.0
644,106.0
645,64.0
646,65.0
647,72.0
648,96.0
649,
650,158.0
651,80.0
652,190.0
653,58.0
654,160.0
655,31.0
656,150.0
657,166.0
658,159.0
659,156.0
660,129.0
661,86.0
662,183.0
663,164.0
664,50.0
665,50.0
666,40.0
667,141.0
668,155.0
669,50.0
670,192.0
671,41.0
672,18.0
673,142.0
674,77.0
675,153.0
676,130.0
677,79.0
678,67.0
679,87.0
680,142.0
681,151.0
682,114.0
683,101.0
684,89.0
685,143.0
686,116.0
687,129.0
688,96.0
689,43.0
690,72.0
691,63.0
692,66.0
693,188.0
694,82.0
695,12.0
696,62.0
697,136.0
698,157.0
699,99.0
700,73.0
701,170.0
702,182.0
703,142.0
704,33.0
705,44.0
706,105.0
707,90.0
708,43.0
709,91.0
710,48.0
711,85.0
712,146.0
713,70.0
714,16.0
715,41.0
716,35.0
717,139.0
718,102.0
719,159.0
720,70.0
721,106.0
722,141.0
723,102.0
724,65.0
725,95.0
726,113.0
727,170.0
728,135.0
729,33.0
730,50.0
731,75.0
732,76.0
733,84.0
734,27.0
735,142.0
736,105.0
737,109.0
738,42.0
739,136.0
740,158.0
741,67.0
742,25.0
743,159.0
744,27.0
745,84.0
746,162.0
747,114.0
748,27.0
749,163.0
750,117.0
751,117.0
752,56.0
753,31.0
754,82.0
755,106.0
756,123.0
757,112.0
758,135.0
759,109.0
760,20.0
761,163.0
762,85.0
763,137.0
764,117.0
765,162.0
766,83.0
767,145.0
768,127.0
769,93.0
770,120.0
771,154.0
772,123.0
773,120.0
774,97.0
775,162.0
776,105.0
777,111.0
778,131.0
779,150.0
780,122.0
781,39.0
782,174.0
783,82.0
784,143.0
785,66.0
786,137.0
787,45.0
788,152.0
789,122.0
790,166.0
791,91.0
792,46.0
793,158.0
794,158.0
795,158.0
796,73.0
797,106.0
798,129.0
799,139.0
800,115.0
801,115.0
802,49.0
803,78.0
804,108.0
805,38.0
806,130.0
807,137.0
808,152.0
809,58.0
810,115.0
811,130.0
812,155.0
813,136.0
814,74.0
815,22.0
816,68.0
817,149.0
818,134.0
819,41.0
820,161.0
821,74.0
822,189.0
823,55.0
824,42.0
825,139.0
826,164.0
827,88.0
828,36.0
829,30.0
830,96.0
831,187.0
832,
833,181.0
834,107.0
835,103.0
836,160.0
837,78.0
838,193.0
839,124.0
840,94.0
841,52.0
842,38.0
843,94.0
844,128.0
845,82.0
846,143.0
847,36.0
848,50.0
849,112.0
850,110.0
851,15.0
852,186.0
853,124.0
854,121.0
855,89.0
856,74.0
857,144.0
858,17.0
859,71.0
860,97.0
861,110.0
862,127.0
863,86.0
864,58.0
865,87.0
866,175.0
867,187.0
868,128.0
869,50.0
870,89.0
871,103.0
872,21.0
873,132.0
874,59.0
875,25.0
876,107.0
877,137.0
878,17.0
879,178.0
880,
881,150.0
882,80.0
883,52.0
884,96.0
885,27.0
886,17.0
887,89.0
888,26.0
889,69.0
890,80.0
891,166.0
892,17.0
893,66.0
894,180.0
895,69.0
896,68.0
897,40.0
898,120.0
899,55.0
900,17.0
901,50.0
902,161.0
903,41.0
904,111.0
905,77.0
906,42.0
907,88.0
908,65.0
909,62.0
910,139.0
911,20.0
912,115.0
913,97.0
914,135.0
915,14.0
916,46.0
917,108.0
918,173.0
919,79.0
920,54.0
921,66.0
922,17.0
923,107.0
924,114.0
925,127.0
926,144.0
927,151.0
928,53.0
929,
930,26.0
931,22.0
932,83.0
933,82.0
934,63.0
935,150.0
936,93.0
937,81.0
938,92.0
939,103.0
940,
941,
942,64.0
943,27.0
944,62.0
945,25.0
946,
947,96.0
948,57.0
949,29.0
950,115.0
951,152.0
952,43.0
953,62.0
954,43.0
955,162.0
956,96.0
957,140.0
958,137.0
959,60.0
960,13.0
961,25.0
962,138.0
963,58.0
964,234.0
965,111.0
966,50.0
967,177.0
968,88.0
969,27.0
970,63.0
971,100.0
972,17.0
973,29.0
974,36.0
975,144.0
976,167.0
977,46.0
978,162.0
979,43.0
980,47.0
981,137.0
982,158.0
983,46.0
984,87.0
985,74.0
986,124.0
987,67.0
988,15.0
989,162.0
990,99.0
991,53.0
992,52.0
993,42.0
994,155.0
995,104.0
996,27.0
997,35.0
998,31.0
999,111.0
1000,37.0
1001,86.0
1002,74.0
1003,73.0
1004,133.0
1005,29.0
1006,21.0
1007,35.0
1008,35.0
1009,22.0
1010,162.0
1011,
1012,62.0
1013,81.0
1014,74.0
1015,71.0
1016,
1017,143.0
1018,9.0
1019,165.0
1020,102.0
1021,40.0
1022,26.0
1023,56.0
1024,63.0
1025,136.0
1026,40.0
1027,132.0
1028,51.0
1029,43.0
1030,11.0
1031,36.0
1032,66.0
1033,72.0
1034,129.0
1035,16.0
1036,59.0
1037,103.0
1038,80.0
1039,132.0
1040,23.0
1041,109.0
1042,19.0
1043,24.0
1044,35.0
1045,89.0
1046,32.0
1047,13.0
1048,63.0
1049,62.0
1050,78.0
1051,70.0
1052,85.0
1053,10.0
1054,13.0
1055,100.0
1056,73.0
1057,81.0
1058,55.0
1059,158.0
1060,138.0
1061,84.0
1062,53.0
1063,142.0
1064,14.0
1065,58.0
1066,162.0
1067,28.0
1068,201.0
1069,18.0
1070,31.0
1071,71.0
1072,14.0
1073,140.0
1074,86.0
1075,
1076,100.0
1077,91.0
1078,18.0
1079,14.0
1080,123.0
1081,57.0
1082,43.0
1083,107.0
1084,15.0
1085,15.0
1086,
1087,81.0
1088,43.0
1089,86.0
1090,18.0
1091,
1092,46.0
1093,171.0
1094,49.0
1095,49.0
1096,72.0
1097,12.0
1098,114.0
1099,77.0
1100,117.0
1101,71.0
1102,
1103,46.0
1104,14.0
1105,178.0
1106,124.0
1107,162.0
1108,37.0
1109,64.0
1110,107.0
1111,63.0
1112,45.0
1113,173.0
1114,152.0
1115,86.0
1116,85.0
1117,105.0
1118,30.0
1119,30.0
1120,50.0
1121,191.0
1122,13.0
1123,16.0
1124,42.0
1125,66.0
1126,75.0
1127,68.0
1128,50.0
1129,60.0
1130,13.0
1131,23.0
1132,15.0
1133,59.0
1134,68.0
1135,34.0
1136,28.0
1137,100.0
1138,78.0
1139,13.0
1140,172.0
1141,94.0
1142,134.0
1143,73.0
1144,139.0
1145,28.0
1146,
1147,81.0
1148,61.0
1149,64.0
1150,58.0
1151,179.0
1152,163.0
1153,66.0
1154,109.0
1155,59.0
1156,198.0
1157,99.0
1158,129.0
1159,195.0
1160,110.0
1161,134.0
1162,132.0
1163,71.0
1164,134.0
1165,42.0
1166,11.0
1167,91.0
1168,85.0
1169,164.0
1170,120.0
1171,89.0
1172,70.0
1173,107.0
1174,95.0
1175,95.0
1176,132.0
1177,118.0
1178,171.0
1179,157.0
1180,100.0
1181,180.0
1182,130.0
1183,146.0
1184,163.0
1185,134.0
1186,61.0
1187,116.0
1188,92.0
1189,105.0
1190,139.0
1191,169.0
1192,12.0
1193,128.0
1194,141.0
1195,183.0
1196,36.0
1197,53.0
1198,172.0
1199,91.0
1200,161.0
1201,188.0
1202,76.0
1203,166.0
1204,40.0
1205,85.0
1206,36.0
1207,
1208,115.0
1209,42.0
1210,39.0
1211,172.0
1212,174.0
1213,42.0
1214,41.0
1215,61.0
1216,135.0
1217,90.0
1218,67.0
1219,68.0
1220,178.0
1221,218.0
1222,47.0
1223,149.0
1224,181.0
1225,20.0
1226,121.0
1227,108.0
1228,108.0
1229,135.0
1230,134.0
1231,114.0
1232,156.0
1233,41.0
1234,143.0
1235,199.0
1236,66.0
1237,83.0
1238,126.0
1239,159.0
1240,44.0
1241,85.0
1242,169.0
1243,58.0
1244,163.0
1245,143.0
1246,137.0
1247,61.0
1248,108.0
1249,157.0
1250,145.0
1251,171.0
1252,130.0
1253,165.0
1254,105.0
1255,333.0
1256,109.0
1257,105.0
1258,115.0
1259,59.0
1260,164.0
1261,105.0
1262,163.0
1263,104.0
1264,48.0
1265,80.0
1266,72.0
1267,88.0
1268,125.0
1269,130.0
1270,59.0
1271,54.0
1272,82.0
1273,59.0
1274,244.0
1275,100.0
1276,71.0
1277,44.0
1278,105.0
1279,169.0
1280,174.0
1281,170.0
1282,175.0
1283,158.0
1284,152.0
1285,19.0
1286,97.0
1287,183.0
1288,201.0
1289,109.0
1290,52.0
1291,61.0
1292,151.0
1293,141.0
1294,131.0
1295,138.0
1296,200.0
1297,71.0
1298,143.0
1299,105.0
1300,44.0
1301,25.0
1302,191.0
1303,162.0
1304,111.0
1305,143.0
1306,386.0
1307,69.0
1308,296.0
1309,133.0
1310,75.0
1311,43.0
1312,24.0
1313,192.0
1314,121.0
1315,56.0
1316,147.0
1317,51.0
1318,114.0
1319,38.0
1320,61.0
1321,168.0
1322,196.0
1323,14.0
1324,25.0
1325,140.0
1326,36.0
1327,16.0
1328,57.0
1329,42.0
1330,59.0
1331,174.0
1332,34.0
1333,146.0
1334,13.0
1335,67.0
1336,54.0
1337,29.0
1338,64.0
1339,171.0
1340,167.0
1341,128.0
1342,43.0
1343,98.0
1344,36.0
1345,122.0
1346,47.0
1347,149.0
1348,76.0
1349,176.0
1350,145.0
1351,178.0
1352,17.0
1353,88.0
1354,144.0
1355,157.0
1356,45.0
1357,108.0
1358,70.0
1359,107.0
1360,104.0
1361,149.0
1362,131.0
1363,158.0
1364,47.0
1365,120.0
1366,69.0
1367,98.0
1368,64.0
1369,184.0
1370,179.0
1371,142.0
1372,116.0
1373,30.0
1374,12.0
1375,17.0
1376,84.0
1377,131.0
1378,97.0
1379,133.0
1380,145.0
1381,133.0
1382,94.0
1383,153.0
1384,187.0
1385,63.0
1386,132.0
1387,130.0
1388,60.0
1389,56.0
1390,159.0
1391,71.0
1392,129.0
1393,189.0
1394,123.0
1395,22.0
1396,187.0
1397,143.0
1398,36.0
1399,174.0
1400,81.0
1401,98.0
1402,121.0
1403,92.0
1404,173.0
1405,113.0
1406,147.0
1407,63.0
1408,136.0
1409,34.0
1410,87.0
1411,160.0
1412,137.0
1413,27.0
1414,129.0
1415,71.0
1416,75.0
1417,30.0
1418,120.0
1419,70.0
1420,71.0
1421,80.0
1422,198.0
1423,108.0
1424,74.0
1425,160.0
1426,140.0
1427,157.0
1428,135.0
1429,123.0
1430,128.0
1431,142.0
1432,67.0
1433,159.0
1434,35.0
1435,142.0
1436,49.0
1437,173.0
1438,45.0
1439,173.0
1440,117.0
1441,61.0
1442,17.0
1443,93.0
1444,100.0
1445,161.0
1446,56.0
1447,168.0
1448,141.0
1449,72.0
1450,28.0
1451,94.0
1452,186.0
1453,61.0
1454,97.0
1455,38.0
1456,79.0
1457,74.0
1458,22.0
1459,108.0
1460,138.0
1461,
1462,58.0
1463,38.0
1464,43.0
1465,16.0
1466,116.0
1467,30.0
1468,
1469,15.0
1470,69.0
1471,12.0
1472,80.0
1473,65.0
1474,45.0
1475,91.0
1476,108.0
1477,50.0
1478,120.0
1479,63.0
1480,42.0
1481,109.0
1482,64.0
1483,127.0
1484,38.0
1485,56.0
1486,41.0
1487,48.0
1488,42.0
1489,58.0
1490,71.0
1491,35.0
1492,78.0
1493,95.0
1494,118.0
1495,74.0
1496,58.0
1497,14.0
1498,53.0
1499,105.0
1500,135.0
1501,60.0
1502,120.0
1503,26.0
1504,143.0
1505,87.0
1506,150.0
1507,99.0
1508,35.0
1509,83.0
1510,11.0
1511,68.0
1512,52.0
1513,138.0
1514,40.0
1515,45.0
1516,146.0
1517,31.0
1518,8.0
1519,40.0
1520,139.0
1521,42.0
1522,55.0
1523,23.0
1524,149.0
1525,48.0
1526,152.0
1527,65.0
1528,59.0
1529,147.0
1530,
1531,83.0
1532,81.0
1533,91.0
1534,57.0
1535,126.0
1536,26.0
1537,129.0
1538,125.0
1539,169.0
1540,31.0
1541,65.0
1542,159.0
1543,135.0
1544,136.0
1545,161.0
1546,
1547,50.0
1548,131.0
1549,16.0
1550,62.0
1551,68.0
1552,62.0
1553,79.0
1554,203.0
1555,69.0
1556,142.0
1557,155.0
1558,68.0
1559,122.0
1560,159.0
1561,106.0
1562,34.0
1563,116.0
1564,96.0
1565,43.0
1566,160.0
1567,97.0
1568,27.0
1569,92.0
1570,60.0
1571,17.0
1572,34.0
1573,86.0
1574,182.0
1575,90.0
1576,63.0
1577,73.0
1578,49.0
1579,49.0
1580,163.0
1581,36.0
1582,158.0
1583,170.0
1584,51.0
1585,102.0
1586,146.0
1587,135.0
1588,158.0
1589,103.0
1590,39.0
1591,74.0
1592,159.0
1593,122.0
1594,137.0
1595,173.0
1596,140.0
1597,107.0
1598,96.0
1599,65.0
1600,100.0
1601,64.0
1602,31.0
1603,25.0
1604,104.0
1605,67.0
1606,165.0
1607,74.0
1608,107.0
1609,57.0
1610,118.0
1611,75.0
1612,73.0
1613,84.0
1614,86.0
1615,56.0
1616,
1617,17.0
1618,168.0
1619,164.0
1620,101.0
1621,162.0
1622,161.0
1623,164.0
1624,182.0
1625,47.0
1626,30.0
1627,71.0
1628,82.0
1629,144.0
1630,182.0
1631,158.0
1632,120.0
1633,126.0
1634,152.0
1635,154.0
1636,128.0
1637,119.0
1638,50.0
1639,
1640,144.0
1641,52.0
1642,68.0
1643,173.0
1644,101.0
1645,124.0
1646,35.0
1647,50.0
1648,165.0
1649,128.0
1650,145.0
1651,160.0
1652,91.0
1653,114.0
1654,89.0
1655,180.0
1656,116.0
1657,39.0
1658,71.0
1659,55.0
1660,160.0
1661,104.0
1662,35.0
1663,68.0
1664,53.0
1665,85.0
1666,155.0
1667,156.0
1668,33.0
1669,111.0
1670,143.0
1671,28.0
1672,96.0
1673,127.0
1674,118.0
1675,30.0
1676,185.0
1677,178.0
1678,193.0
1679,113.0
1680,151.0
1681,184.0
1682,75.0
1683,134.0
1684,132.0
1685,164.0
1686,39.0
1687,65.0
1688,28.0
1689,145.0
1690,146.0
1691,144.0
1692,106.0
1693,35.0
1694,45.0
1695,63.0
1696,61.0
1697,53.0
1698,27.0
1699,60.0
1700,99.0
1701,93.0
1702,104.0
1703,88.0
1704,70.0
1705,58.0
1706,110.0
1707,109.0
1708,152.0
1709,136.0
1710,160.0
1711,68.0
1712,96.0
1713,149.0
1714,139.0
1715,39.0
1716,110.0
1717,213.0
1718,113.0
1719,164.0
1720,103.0
1721,154.0
1722,113.0
1723,209.0
1724,148.0
1725,193.0
1726,85.0
1727,171.0
1728,163.0
1729,134.0
1730,64.0
1731,121.0
1732,82.0
1733,75.0
1734,47.0
1735,63.0
1736,101.0
1737,103.0
1738,180.0
1739,176.0
1740,57.0
1741,88.0
1742,38.0
1743,57.0
1744,118.0
1745,143.0
1746,76.0
1747,71.0
1748,106.0
1749,83.0
1750,77.0
1751,105.0
1752,86.0
1753,15.0
1754,43.0
1755,60.0
1756,15.0
1757,24.0
1758,46.0
1759,11.0
1760,23.0
1761,22.0
1762,190.0
1763,8.0
1764,36.0
1765,16.0
1766,60.0
1767,39.0
1768,88.0
1769,137.0
1770,59.0
1771,121.0
1772,42.0
1773,52.0
1774,36.0
1775,98.0
1776,105.0
1777,36.0
1778,43.0
1779,150.0
1780,69.0
1781,90.0
1782,29.0
1783,35.0
1784,26.0
1785,70.0
1786,94.0
1787,97.0
1788,64.0
1789,76.0
1790,113.0
1791,103.0
1792,45.0
1793,82.0
1794,76.0
1795,384.0
1796,162.0
1797,36.0
1798,117.0
1799,121.0
1800,188.0
1801,34.0
1802,127.0
1803,102.0
1804,132.0
1805,36.0
1806,91.0
1807,37.0
1808,12.0
1809,52.0
1810,200.0
1811,51.0
1812,150.0
1813,
1814,92.0
1815,168.0
1816,33.0
1817,124.0
1818,126.0
1819,126.0
1820,
1821,40.0
1822,65.0
1823,62.0
1824,107.0
1825,140.0
1826,142.0
1827,138.0
1828,39.0
1829,17.0
1830,87.0
1831,234.0
1832,152.0
1833,60.0
1834,177.0
1835,96.0
1836,63.0
1837,32.0
1838,49.0
1839,86.0
1840,117.0
1841,45.0
1842,45.0
1843,162.0
1844,47.0
1845,128.0
1846,28.0
1847,26.0
1848,42.0
1849,56.0
1850,124.0
1851,152.0
1852,57.0
1853,97.0
1854,62.0
1855,52.0
1856,91.0
1857,86.0
1858,21.0
1859,142.0
1860,150.0
1861,160.0
1862,135.0
1863,72.0
1864,125.0
1865,52.0
1866,50.0
1867,25.0
1868,12.0
1869,93.0
1870,61.0
1871,35.0
1872,27.0
1873,22.0
1874,72.0
1875,87.0
1876,60.0
1877,31.0
1878,22.0
1879,49.0
1880,87.0
1881,38.0
1882,165.0
1883,68.0
1884,149.0
1885,175.0
1886,24.0
1887,76.0
1888,127.0
1889,49.0
1890,51.0
1891,63.0
1892,53.0
1893,
1894,52.0
1895,40.0
1896,61.0
1897,48.0
1898,78.0
1899,80.0
1900,149.0
1901,42.0
1902,75.0
1903,132.0
1904,23.0
1905,86.0
1906,109.0
1907,34.0
1908,167.0
1909,89.0
1910,70.0
1911,118.0
1912,36.0
1913,58.0
1914,138.0
1915,71.0
1916,
1917,89.0
1918,16.0
1919,43.0
1920,
1921,138.0
1922,58.0
1923,129.0
1924,106.0
1925,31.0
1926,64.0
1927,71.0
1928,
1929,17.0
1930,101.0
1931,91.0
1932,60.0
1933,108.0
1934,111.0
1935,14.0
1936,48.0
1937,86.0
1938,95.0
1939,29.0
1940,49.0
1941,
1942,171.0
1943,49.0
1944,24.0
1945,67.0
1946,62.0
1947,93.0
1948,77.0
1949,96.0
1950,146.0
1951,117.0
1952,51.0
1953,12.0
1954,71.0
1955,136.0
1956,110.0
1957,44.0
1958,126.0
1959,49.0
1960,35.0
1961,78.0
1962,75.0
1963,95.0
1964,58.0
1965,52.0
1966,
1967,109.0
1968,
1969,15.0
1970,
1971,120.0
1972,21.0
1973,37.0
1974,48.0
1975,62.0
1976,50.0
1977,39.0
1978,56.0
1979,60.0
1980,144.0
1981,100.0
1982,83.0
1983,143.0
1984,108.0
1985,116.0
1986,10.0
1987,14.0
1988,46.0
1989,55.0
1990,30.0
1991,74.0
1992,215.0
1993,77.0
1994,53.0
1995,78.0
1996,
1997,108.0
1998,95.0
1999,113.0
2000,43.0
2001,29.0
2002,46.0
2003,28.0
2004,99.0
2005,62.0
2006,92.0
2007,245.0
2008,36.0
2009,151.0
2010,88.0
2011,139.0
2012,150.0
2013,84.0
2014,116.0
2015,85.0
2016,163.0
2017,120.0
2018,110.0
2019,46.0
2020,176.0
2021,89.0
2022,162.0
2023,88.0
2024,71.0
2025,65.0
2026,37.0
2027,73.0
2028,102.0
2029,92.0
2030,115.0
2031,145.0
2032,164.0
2033,191.0
2034,134.0
2035,83.0
2036,78.0
2037,75.0
2038,59.0
2039,94.0
2040,154.0
2041,114.0
2042,127.0
2043,158.0
2044,106.0
2045,161.0
2046,105.0
2047,79.0
2048,94.0
2049,60.0
2050,159.0
2051,30.0
2052,92.0
2053,
2054,29.0
2055,71.0
2056,77.0
2057,152.0
2058,219.0
2059,112.0
2060,94.0
2061,98.0
2062,63.0
2063,33.0
2064,130.0
2065,124.0
2066,85.0
2067,113.0
2068,43.0
2069,69.0
2070,163.0
2071,173.0
2072,86.0
2073,178.0
2074,99.0
2075,167.0
2076,86.0
2077,173.0
2078,95.0
2079,112.0
2080,79.0
2081,119.0
2082,19.0
2083,109.0
2084,77.0
2085,96.0
2086,170.0
2087,152.0
2088,68.0
2089,41.0
2090,83.0
2091,165.0
2092,65.0
2093,42.0
2094,85.0
2095,76.0
2096,167.0
2097,167.0
2098,85.0
2099,95.0
2100,124.0
2101,165.0
2102,90.0
2103,201.0
2104,99.0
2105,203.0
2106,83.0
2107,157.0
2108,121.0
2109,130.0
2110,193.0
2111,178.0
2112,169.0
2113,166.0
2114,44.0
2115,88.0
2116,162.0
2117,112.0
2118,146.0
2119,150.0
2120,73.0
2121,96.0
2122,46.0
2123,
2124,169.0
2125,183.0
2126,88.0
2127,70.0
2128,114.0
2129,77.0
2130,38.0
2131,153.0
2132,177.0
2133,100.0
2134,53.0
2135,71.0
2136,44.0
2137,86.0
2138,70.0
2139,134.0
2140,121.0
2141,169.0
2142,176.0
2143,285.0
2144,135.0
2145,170.0
2146,149.0
2147,141.0
2148,141.0
2149,71.0
2150,153.0
2151,108.0
2152,162.0
2153,131.0
2154,169.0
2155,129.0
2156,169.0
2157,153.0
2158,178.0
2159,132.0
2160,154.0
2161,191.0
2162,202.0
2163,146.0
2164,52.0
2165,82.0
2166,103.0
2167,75.0
2168,51.0
2169,192.0
2170,147.0
2171,75.0
2172,145.0
2173,185.0
2174,165.0
2175,92.0
2176,153.0
2177,27.0
2178,94.0
2179,38.0
2180,134.0
2181,173.0
2182,25.0
2183,74.0
2184,49.0
2185,161.0
2186,79.0
2187,40.0
2188,175.0
2189,182.0
2190,113.0
2191,138.0
2192,158.0
2193,48.0
2194,155.0
2195,175.0
2196,122.0
2197,87.0
2198,51.0
2199,148.0
2200,130.0
2201,98.0
2202,178.0
2203,143.0
2204,115.0
2205,207.0
2206,114.0
2207,179.0
2208,164.0
2209,165.0
2210,147.0
2211,90.0
2212,155.0
2213,33.0
2214,54.0
2215,196.0
2216,127.0
2217,102.0
2218,131.0
2219,48.0
2220,55.0
2221,106.0
2222,69.0
2223,139.0
2224,135.0
2225,123.0
2226,145.0
2227,128.0
2228,
2229,105.0
2230,141.0
2231,70.0
2232,130.0
2233,146.0
2234,164.0
2235,129.0
2236,56.0
2237,58.0
2238,152.0
2239,121.0
2240,44.0
2241,42.0
2242,154.0
2243,44.0
2244,26.0
2245,158.0
2246,36.0
2247,70.0
2248,148.0
2249,60.0
2250,86.0
2251,84.0
2252,83.0
2253,106.0
2254,109.0
2255,80.0
2256,61.0
2257,93.0
2258,48.0
2259,117.0
2260,111.0
2261,135.0
2262,193.0
2263,49.0
2264,102.0
2265,80.0
2266,133.0
2267,142.0
2268,159.0
2269,58.0
2270,42.0
2271,76.0
2272,158.0
2273,172.0
2274,73.0
2275,170.0
2276,87.0
2277,63.0
2278,117.0
2279,54.0
2280,102.0
2281,56.0
2282,164.0
2283,53.0
2284,67.0
2285,60.0
2286,52.0
2287,72.0
2288,36.0
2289,99.0
2290,106.0
2291,93.0
2292,56.0
2293,172.0
2294,93.0
2295,136.0
2296,159.0
2297,141.0
2298,95.0
2299,152.0
2300,75.0
2301,30.0
2302,110.0
2303,133.0
2304,38.0
2305,66.0
2306,159.0
2307,54.0
2308,157.0
2309,30.0
2310,15.0
2311,21.0
2312,80.0
2313,60.0
2314,30.0
2315,60.0
2316,101.0
2317,79.0
2318,33.0
2319,64.0
2320,106.0
2321,120.0
2322,64.0
2323,127.0
2324,26.0
2325,87.0
2326,61.0
2327,110.0
2328,11.0
2329,77.0
2330,24.0
2331,117.0
2332,82.0
2333,20.0
2334,132.0
2335,52.0
2336,69.0
2337,135.0
2338,69.0
2339,115.0
2340,96.0
2341,150.0
2342,99.0
2343,161.0
2344,160.0
2345,102.0
2346,105.0
2347,72.0
2348,163.0
2349,10.0
2350,119.0
2351,145.0
2352,107.0
2353,54.0
2354,93.0
2355,74.0
2356,82.0
2357,139.0
2358,121.0
2359,104.0
2360,30.0
2361,
2362,103.0
2363,99.0
2364,146.0
2365,62.0
2366,53.0
2367,142.0
2368,164.0
2369,109.0
2370,174.0
2371,119.0
2372,135.0
2373,160.0
2374,200.0
2375,150.0
2376,35.0
2377,14.0
2378,163.0
2379,132.0
2380,146.0
2381,127.0
2382,128.0
2383,32.0
2384,196.0
2385,61.0
2386,140.0
2387,62.0
2388,173.0
2389,190.0
2390,76.0
2391,56.0
2392,18.0
2393,91.0
2394,166.0
2395,68.0
2396,114.0
2397,142.0
2398,57.0
2399,71.0
2400,108.0
2401,78.0
2402,48.0
2403,101.0
2404,117.0
2405,90.0
2406,116.0
2407,16.0
2408,176.0
2409,113.0
2410,53.0
2411,61.0
2412,121.0
2413,20.0
2414,160.0
2415,83.0
2416,64.0
2417,71.0
2418,72.0
2419,23.0
2420,69.0
2421,57.0
2422,18.0
2423,68.0
2424,48.0
2425,96.0
2426,99.0
2427,29.0
2428,131.0
2429,155.0
2430,74.0
2431,88.0
2432,133.0
2433,73.0
2434,85.0
2435,91.0
2436,146.0
2437,168.0
2438,149.0
2439,135.0
2440,52.0
2441,158.0
2442,143.0
2443,41.0
2444,162.0
2445,190.0
2446,180.0
2447,177.0
2448,169.0
2449,107.0
2450,31.0
2451,132.0
2452,179.0
2453,171.0
2454,71.0
2455,98.0
2456,80.0
2457,87.0
2458,181.0
2459,129.0
2460,158.0
2461,171.0
2462,162.0
2463,101.0
2464,97.0
2465,91.0
2466,114.0
2467,143.0
2468,113.0
2469,161.0
2470,127.0
2471,114.0
2472,117.0
2473,
2474,43.0
2475,84.0
2476,67.0
2477,125.0
2478,126.0
2479,154.0
2480,184.0
2481,118.0
2482,122.0
2483,61.0
2484,134.0
2485,190.0
2486,154.0
2487,102.0
2488,162.0
2489,139.0
2490,87.0
2491,126.0
2492,66.0
2493,83.0
2494,73.0
2495,127.0
2496,91.0
2497,127.0
2498,123.0
2499,82.0
2500,215.0
2501,154.0
2502,120.0
2503,117.0
2504,33.0
2505,28.0
2506,129.0
2507,157.0
2508,
2509,122.0
2510,70.0
2511,209.0
2512,45.0
2513,138.0
2514,112.0
2515,151.0
2516,166.0
2517,90.0
2518,28.0
2519,114.0
2520,137.0
2521,82.0
2522,151.0
2523,104.0
2524,164.0
2525,106.0
2526,93.0
2527,66.0
2528,156.0
2529,94.0
2530,24.0
2531,130.0
2532,56.0
2533,65.0
2534,152.0
2535,135.0
2536,145.0
2537,125.0
2538,111.0
2539,74.0
2540,67.0
2541,110.0
2542,35.0
2543,87.0
2544,149.0
2545,22.0
2546,147.0
2547,20.0
2548,64.0
2549,36.0
2550,96.0
2551,164.0
2552,72.0
2553,139.0
2554,161.0
2555,147.0
2556,100.0
2557,
2558,148.0
2559,188.0
2560,96.0
2561,64.0
2562,85.0
2563,121.0
2564,118.0
2565,81.0
2566,50.0
2567,113.0
2568,87.0
2569,88.0
2570,140.0
2571,193.0
2572,87.0
2573,63.0
2574,96.0
2575,137.0
2576,14.0
2577,94.0
2578,118.0
2579,28.0
2580,106.0
2581,95.0
2582,51.0
2583,62.0
2584,74.0
2585,144.0
2586,160.0
2587,167.0
2588,118.0
2589,143.0
2590,77.0
2591,73.0
2592,110.0
2593,112.0
2594,87.0
2595,174.0
2596,50.0
2597,189.0
2598,75.0
2599,112.0
2600,103.0
2601,30.0
2602,51.0
2603,102.0
2604,190.0
2605,
2606,56.0
2607,74.0
2608,65.0
2609,153.0
2610,57.0
2611,64.0
2612,66.0
2613,150.0
2614,39.0
2615,169.0
2616,65.0
2617,82.0
2618,97.0
2619,161.0
2620,41.0
2621,50.0
2622,41.0
2623,62.0
2624,56.0
2625,37.0
2626,153.0
2627,48.0
2628,75.0
2629,39.0
2630,71.0
2631,109.0
2632,115.0
2633,14.0
2634,54.0
2635,96.0
2636,57.0
2637,23.0
2638,80.0
2639,115.0
2640,82.0
2641,143.0
2642,143.0
2643,150.0
2644,103.0
2645,106.0
2646,85.0
2647,26.0
2648,27.0
2649,53.0
2650,86.0
2651,138.0
2652,25.0
2653,74.0
2654,71.0
2655,47.0
2656,121.0
2657,73.0
2658,128.0
2659,13.0
2660,43.0
2661,161.0
2662,22.0
2663,41.0
2664,36.0
2665,140.0
2666,95.0
2667,134.0
2668,25.0
2669,79.0
2670,160.0
2671,156.0
2672,62.0
2673,62.0
2674,177.0
2675,50.0
2676,27.0
2677,74.0
2678,87.0
2679,16.0
2680,195.0
2681,45.0
2682,101.0
2683,137.0
2684,46.0
2685,74.0
2686,124.0
2687,67.0
2688,204.0
2689,96.0
2690,146.0
2691,118.0
2692,83.0
2693,62.0
2694,84.0
2695,167.0
2696,40.0
2697,99.0
2698,27.0
2699,164.0
2700,
2701,111.0
2702,40.0
2703,72.0
2704,125.0
2705,12.0
2706,117.0
2707,138.0
2708,61.0
2709,162.0
2710,38.0
2711,65.0
2712,153.0
2713,69.0
2714,32.0
2715,17.0
2716,29.0
2717,46.0
2718,44.0
2719,40.0
2720,13.0
2721,114.0
2722,73.0
2723,70.0
2724,73.0
2725,36.0
2726,83.0
2727,11.0
2728,54.0
2729,72.0
2730,127.0
2731,32.0
2732,86.0
2733,14.0
2734,33.0
2735,42.0
2736,181.0
2737,38.0
2738,127.0
2739,29.0
2740,23.0
2741,44.0
2742,78.0
2743,162.0
2744,50.0
2745,118.0
2746,54.0
2747,80.0
2748,56.0
2749,35.0
2750,82.0
2751,167.0
2752,59.0
2753,70.0
2754,72.0
2755,108.0
2756,36.0
2757,44.0
2758,130.0
2759,34.0
2760,44.0
2761,55.0
2762,56.0
2763,89.0
2764,138.0
2765,74.0
2766,22.0
2767,43.0
2768,28.0
2769,54.0
2770,129.0
2771,63.0
2772,
2773,38.0
2774,176.0
2775,150.0
2776,55.0
2777,26.0
2778,
2779,22.0
2780,18.0
2781,
2782,28.0
2783,70.0
2784,52.0
2785,162.0
2786,150.0
2787,123.0
2788,67.0
2789,108.0
2790,81.0
2791,72.0
2792,43.0
2793,133.0
2794,70.0
2795,14.0
2796,116.0
2797,113.0
2798,
2799,96.0
2800,95.0
2801,123.0
2802,92.0
2803,96.0
2804,14.0
2805,27.0
2806,87.0
2807,104.0
2808,14.0
2809,45.0
2810,120.0
2811,37.0
2812,13.0
2813,
2814,77.0
2815,173.0
2816,38.0
2817,114.0
2818,55.0
2819,187.0
2820,17.0
2821,62.0
2822,100.0
2823,191.0
2824,151.0
2825,102.0
2826,27.0
2827,34.0
2828,35.0
2829,55.0
2830,
2831,68.0
2832,137.0
2833,163.0
2834,35.0
2835,65.0
2836,125.0
2837,100.0
2838,34.0
2839,79.0
2840,
2841,26.0
2842,94.0
2843,69.0
2844,
2845,99.0
2846,92.0
2847,131.0
2848,169.0
2849,36.0
2850,71.0
2851,49.0
2852,174.0
2853,144.0
2854,88.0
2855,77.0
2856,115.0
2857,134.0
2858,109.0
2859,162.0
2860,120.0
2861,159.0
2862,173.0
2863,100.0
2864,146.0
2865,61.0
2866,147.0
2867,96.0
2868,141.0
2869,134.0
2870,145.0
2871,172.0
2872,165.0
2873,198.0
2874,119.0
2875,30.0
2876,153.0
2877,163.0
2878,152.0
2879,84.0
2880,76.0
2881,25.0
2882,145.0
2883,71.0
2884,126.0
2885,61.0
2886,113.0
2887,23.0
2888,42.0
2889,110.0
2890,153.0
2891,79.0
2892,32.0
2893,183.0
2894,25.0
2895,113.0
2896,81.0
2897,145.0
2898,147.0
2899,176.0
2900,83.0
2901,90.0
2902,84.0
2903,88.0
2904,93.0
2905,121.0
2906,171.0
2907,134.0
2908,151.0
2909,353.0
2910,102.0
2911,60.0
2912,153.0
2913,115.0
2914,143.0
2915,137.0
2916,115.0
2917,48.0
2918,148.0
2919,120.0
2920,87.0
2921,86.0
2922,64.0
2923,109.0
2924,105.0
2925,47.0
2926,158.0
2927,147.0
2928,55.0
2929,85.0
2930,70.0
2931,169.0
2932,86.0
2933,143.0
2934,75.0
2935,25.0
2936,175.0
2937,272.0
2938,146.0
2939,116.0
2940,66.0
2941,154.0
2942,176.0
2943,23.0
2944,25.0
2945,44.0
2946,79.0
2947,120.0
2948,105.0
2949,108.0
2950,158.0
2951,162.0
2952,59.0
2953,159.0
2954,127.0
2955,98.0
2956,164.0
2957,141.0
2958,36.0
2959,136.0
2960,152.0
2961,131.0
2962,19.0
2963,59.0
2964,183.0
2965,128.0
2966,108.0
2967,75.0
2968,49.0
2969,83.0
2970,58.0
2971,169.0
2972,128.0
2973,126.0
2974,361.0
2975,129.0
2976,25.0
2977,122.0
2978,93.0
2979,170.0
2980,9.0
2981,13.0
2982,179.0
2983,114.0
2984,69.0
2985,141.0
2986,181.0
2987,121.0
2988,124.0
2989,100.0
2990,71.0
2991,117.0
2992,140.0
2993,94.0
2994,134.0
2995,91.0
2996,41.0
2997,25.0
2998,143.0
2999,33.0
3000,143.0
3001,105.0
3002,62.0
3003,29.0
3004,158.0
3005,171.0
3006,83.0
3007,98.0
3008,43.0
3009,96.0
3010,155.0
3011,10.0
3012,
3013,101.0
3014,54.0
3015,175.0
3016,144.0
3017,162.0
3018,209.0
3019,71.0
3020,45.0
3021,135.0
3022,133.0
3023,52.0
3024,130.0
3025,82.0
3026,135.0
3027,150.0
3028,32.0
3029,142.0
3030,182.0
3031,168.0
3032,126.0
3033,57.0
3034,155.0
3035,141.0
3036,113.0
3037,64.0
3038,86.0
3039,100.0
3040,158.0
3041,99.0
3042,105.0
3043,170.0
3044,142.0
3045,81.0
3046,158.0
3047,17.0
3048,53.0
3049,139.0
3050,128.0
3051,51.0
3052,133.0
3053,146.0
3054,135.0
3055,153.0
3056,187.0
3057,150.0
3058,73.0
3059,132.0
3060,64.0
3061,17.0
3062,177.0
3063,83.0
3064,152.0
3065,154.0
3066,96.0
3067,74.0
3068,62.0
3069,105.0
3070,112.0
3071,157.0
3072,176.0
3073,218.0
3074,158.0
3075,87.0
3076,199.0
3077,75.0
3078,50.0
3079,70.0
3080,22.0
3081,152.0
3082,61.0
3083,117.0
3084,273.0
3085,168.0
3086,155.0
3087,166.0
3088,140.0
3089,116.0
3090,99.0
3091,67.0
3092,84.0
3093,142.0
3094,56.0
3095,25.0
3096,97.0
3097,117.0
3098,61.0
3099,117.0
3100,52.0
3101,77.0
3102,70.0
3103,84.0
3104,53.0
3105,69.0
3106,89.0
3107,37.0
3108,54.0
3109,72.0
3110,160.0
3111,46.0
3112,165.0
3113,179.0
3114,93.0
3115,113.0
3116,159.0
3117,79.0
3118,152.0
3119,178.0
3120,108.0
3121,165.0
3122,73.0
3123,45.0
3124,71.0
3125,66.0
3126,140.0
3127,144.0
3128,18.0
3129,106.0
3130,25.0
3131,47.0
3132,100.0
3133,101.0
3134,68.0
3135,112.0
3136,13.0
3137,38.0
3138,112.0
3139,84.0
3140,168.0
3141,87.0
3142,52.0
3143,56.0
3144,156.0
3145,82.0
3146,43.0
3147,35.0
3148,40.0
3149,29.0
3150,78.0
3151,20.0
3152,125.0
3153,44.0
3154,135.0
3155,19.0
3156,125.0
3157,120.0
3158,102.0
3159,68.0
3160,105.0
3161,45.0
3162,170.0
3163,189.0
3164,119.0
3165,52.0
3166,17.0
3167,159.0
3168,91.0
3169,138.0
3170,16.0
3171,130.0
3172,41.0
3173,
3174,89.0
3175,63.0
3176,87.0
3177,23.0
3178,167.0
3179,150.0
3180,111.0
3181,166.0
3182,39.0
3183,132.0
3184,57.0
3185,146.0
3186,94.0
3187,128.0
3188,143.0
3189,86.0
3190,86.0
3191,76.0
3192,21.0
3193,100.0
3194,109.0
3195,86.0
3196,118.0
3197,134.0
3198,142.0
3199,
3200,95.0
3201,97.0
3202,113.0
3203,136.0
3204,89.0
3205,33.0
3206,169.0
3207,145.0
3208,100.0
3209,54.0
3210,126.0
3211,96.0
3212,113.0
3213,96.0
3214,109.0
3215,73.0
3216,81.0
3217,155.0
3218,69.0
3219,14.0
3220,46.0
3221,148.0
3222,165.0
3223,128.0
3224,48.0
3225,86.0
3226,66.0
3227,50.0
3228,146.0
3229,72.0
3230,159.0
3231,135.0
3232,72.0
3233,41.0
3234,173.0
3235,149.0
3236,180.0
3237,159.0
3238,169.0
3239,146.0
3240,167.0
3241,67.0
3242,148.0
3243,171.0
3244,36.0
3245,60.0
3246,159.0
3247,70.0
3248,80.0
3249,79.0
3250,67.0
3251,87.0
3252,74.0
3253,142.0
3254,53.0
3255,115.0
3256,158.0
3257,161.0
3258,84.0
3259,149.0
3260,96.0
3261,146.0
3262,132.0
3263,91.0
3264,171.0
3265,146.0
3266,151.0
3267,160.0
3268,184.0
3269,162.0
3270,193.0
3271,139.0
3272,119.0
3273,190.0
3274,99.0
3275,157.0
3276,85.0
3277,147.0
3278,50.0
3279,135.0
3280,165.0
3281,46.0
3282,125.0
3283,94.0
3284,45.0
3285,89.0
3286,
3287,142.0
3288,215.0
3289,39.0
3290,177.0
3291,165.0
3292,128.0
3293,111.0
3294,60.0
3295,122.0
3296,9.0
3297,157.0
3298,196.0
3299,123.0
3300,178.0
3301,38.0
3302,193.0
3303,68.0
3304,149.0
3305,113.0
3306,35.0
3307,112.0
3308,161.0
3309,146.0
3310,178.0
3311,103.0
3312,45.0
3313,200.0
3314,164.0
3315,87.0
3316,183.0
3317,66.0
3318,27.0
3319,154.0
3320,161.0
3321,27.0
3322,116.0
3323,81.0
3324,139.0
3325,174.0
3326,131.0
3327,135.0
3328,100.0
3329,173.0
3330,50.0
3331,117.0
3332,130.0
3333,68.0
3334,136.0
3335,130.0
3336,171.0
3337,146.0
3338,93.0
3339,35.0
