0,4.0
1,493.0
2,2.0
3,22.0
4,11.0
5,10.0
6,1.0
7,21.0
8,6.0
9,537.0
10,258.0
11,7.0
12,64.0
13,13.0
14,1.0
15,1.0
16,3.0
17,
18,16.0
19,
20,
21,6.0
22,21.0
23,7.0
24,65.0
25,5.0
26,11.0
27,8.0
28,537.0
29,4.0
30,11.0
31,24.0
32,11.0
33,19.0
34,10.0
35,7.0
36,5.0
37,1.0
38,47.0
39,5.0
40,37.0
41,37.0
42,29.0
43,2.0
44,21.0
45,
46,8.0
47,3.0
48,10.0
49,3.0
50,10.0
51,21.0
52,12.0
53,79.0
54,11.0
55,9.0
56,37.0
57,78.0
58,2.0
59,
60,3.0
61,4.0
62,
63,258.0
64,7.0
65,6.0
66,4.0
67,20.0
68,14.0
69,7.0
70,4.0
71,111.0
72,1.0
73,11.0
74,19.0
75,7.0
76,56.0
77,1.0
78,44.0
79,5.0
80,170.0
81,
82,4.0
83,
84,4.0
85,111.0
86,537.0
87,1.0
88,15.0
89,537.0
90,2.0
91,
92,20.0
93,88.0
94,1.0
95,22.0
96,37.0
97,155.0
98,3.0
99,
100,3.0
101,11.0
102,11.0
103,15.0
104,90.0
105,1.0
106,1.0
107,11.0
108,44.0
109,
110,1.0
111,20.0
112,11.0
113,21.0
114,25.0
115,44.0
116,
117,40.0
118,
119,3.0
120,11.0
121,1.0
122,8.0
123,4.0
124,
125,3.0
126,44.0
127,3.0
128,
129,
130,22.0
131,
132,32.0
133,1.0
134,
135,1.0
136,
137,11.0
138,2.0
139,1.0
140,24.0
141,3.0
142,11.0
143,16.0
144,56.0
145,8.0
146,79.0
147,111.0
148,58.0
149,56.0
150,76.0
151,79.0
152,
153,3.0
154,1.0
155,3.0
156,2.0
157,1.0
158,155.0
159,
160,44.0
161,37.0
162,58.0
163,18.0
164,6.0
165,13.0
166,21.0
167,21.0
168,1.0
169,12.0
170,31.0
171,
172,1.0
173,1.0
174,24.0
175,1.0
176,
177,9.0
178,4.0
179,2.0
180,22.0
181,5.0
182,2.0
183,
184,2.0
185,32.0
186,1.0
187,19.0
188,32.0
189,1.0
190,35.0
191,39.0
192,36.0
193,
194,31.0
195,36.0
196,8.0
197,
198,15.0
199,4.0
200,25.0
201,11.0
202,28.0
203,
204,258.0
205,28.0
206,7.0
207,73.0
208,23.0
209,2.0
210,25.0
211,31.0
212,32.0
213,15.0
214,1.0
215,
216,25.0
217,1.0
218,13.0
219,5.0
220,21.0
221,
222,
223,8.0
224,6.0
225,21.0
226,32.0
227,3.0
228,9.0
229,11.0
230,29.0
231,1.0
232,8.0
233,36.0
234,7.0
235,1.0
236,16.0
237,74.0
238,3.0
239,1.0
240,2.0
241,12.0
242,2.0
243,15.0
244,5.0
245,56.0
246,1.0
247,32.0
248,25.0
249,56.0
250,22.0
251,11.0
252,37.0
253,37.0
254,56.0
255,35.0
256,9.0
257,23.0
258,39.0
259,17.0
260,2.0
261,25.0
262,34.0
263,
264,79.0
265,32.0
266,2.0
267,36.0
268,
269,8.0
270,
271,11.0
272,29.0
273,45.0
274,76.0
275,
276,17.0
277,3.0
278,4.0
279,21.0
280,2.0
281,9.0
282,21.0
283,9.0
284,5.0
285,
286,2.0
287,28.0
288,5.0
289,21.0
290,1.0
291,4.0
292,3.0
293,1.0
294,6.0
295,14.0
296,1.0
297,16.0
298,2.0
299,
300,
301,13.0
302,4.0
303,97.0
304,
305,5.0
306,21.0
307,11.0
308,2.0
309,17.0
310,18.0
311,5.0
312,21.0
313,
314,3.0
315,2.0
316,7.0
317,14.0
318,31.0
319,4.0
320,6.0
321,2.0
322,11.0
323,15.0
324,50.0
325,29.0
326,3.0
327,3.0
328,1.0
329,1.0
330,
331,1.0
332,12.0
333,5.0
334,258.0
335,91.0
336,1.0
337,
338,32.0
339,5.0
340,5.0
341,7.0
342,32.0
343,5.0
344,4.0
345,2.0
346,6.0
347,43.0
348,56.0
349,1.0
350,3.0
351,22.0
352,2.0
353,1.0
354,11.0
355,5.0
356,62.0
357,19.0
358,1.0
359,5.0
360,186.0
361,7.0
362,47.0
363,6.0
364,1.0
365,3.0
366,
367,5.0
368,
369,12.0
370,2.0
371,8.0
372,7.0
373,
374,16.0
375,
376,12.0
377,3.0
378,8.0
379,8.0
380,
381,11.0
382,
383,5.0
384,34.0
385,
386,2.0
387,
388,19.0
389,
390,56.0
391,
392,6.0
393,
394,5.0
395,125.0
396,88.0
397,
398,5.0
399,9.0
400,
401,
402,21.0
403,21.0
404,
405,
406,7.0
407,28.0
408,3.0
409,4.0
410,4.0
411,
412,
413,17.0
414,25.0
415,
416,25.0
417,2.0
418,
419,19.0
420,2.0
421,1.0
422,1.0
423,2.0
424,
425,
426,
427,15.0
428,6.0
429,10.0
430,36.0
431,2.0
432,3.0
433,
434,2.0
435,5.0
436,
437,
438,
439,
440,5.0
441,21.0
442,1.0
443,3.0
444,2.0
445,4.0
446,
447,
448,13.0
449,148.0
450,
451,10.0
452,2.0
453,2.0
454,
455,148.0
456,
457,
458,40.0
459,
460,3.0
461,25.0
462,2.0
463,2.0
464,5.0
465,7.0
466,
467,
468,6.0
469,21.0
470,1.0
471,2.0
472,2.0
473,25.0
474,12.0
475,79.0
476,43.0
477,
478,40.0
479,21.0
480,9.0
481,2.0
482,
483,24.0
484,9.0
485,
486,6.0
487,
488,
489,1.0
490,5.0
491,8.0
492,5.0
493,58.0
494,9.0
495,43.0
496,9.0
497,9.0
498,
499,5.0
500,7.0
501,1.0
502,
503,5.0
504,8.0
505,1.0
506,40.0
507,3.0
508,3.0
509,
510,7.0
511,10.0
512,3.0
513,29.0
514,1.0
515,
516,13.0
517,21.0
518,2.0
519,
520,5.0
521,
522,4.0
523,16.0
524,5.0
525,19.0
526,5.0
527,74.0
528,21.0
529,2.0
530,3.0
531,3.0
532,6.0
533,1.0
534,18.0
535,1.0
536,7.0
537,2.0
538,8.0
539,
540,
541,9.0
542,40.0
543,5.0
544,19.0
545,14.0
546,36.0
547,5.0
548,
549,31.0
550,2.0
551,2.0
552,6.0
553,10.0
554,58.0
555,1.0
556,7.0
557,
558,6.0
559,1.0
560,45.0
561,5.0
562,4.0
563,32.0
564,
565,
566,8.0
567,8.0
568,19.0
569,1.0
570,
571,21.0
572,2.0
573,11.0
574,
575,21.0
576,4.0
577,2.0
578,170.0
579,2.0
580,22.0
581,2.0
582,1.0
583,58.0
584,2.0
585,3.0
586,9.0
587,9.0
588,
589,4.0
590,11.0
591,8.0
592,5.0
593,6.0
594,25.0
595,1.0
596,
597,13.0
598,23.0
599,9.0
600,19.0
601,79.0
602,11.0
603,1.0
604,1.0
605,22.0
606,33.0
607,9.0
608,36.0
609,58.0
610,56.0
611,91.0
612,118.0
613,32.0
614,31.0
615,8.0
616,20.0
617,11.0
618,19.0
619,37.0
620,2.0
621,60.0
622,35.0
623,21.0
624,21.0
625,18.0
626,33.0
627,3.0
628,8.0
629,2.0
630,29.0
631,4.0
632,36.0
633,11.0
634,97.0
635,9.0
636,2.0
637,
638,4.0
639,79.0
640,3.0
641,8.0
642,31.0
643,14.0
644,8.0
645,5.0
646,13.0
647,9.0
648,97.0
649,8.0
650,36.0
651,12.0
652,
653,97.0
654,3.0
655,5.0
656,2.0
657,13.0
658,13.0
659,
660,10.0
661,
662,10.0
663,
664,4.0
665,
666,
667,2.0
668,1.0
669,2.0
670,19.0
671,5.0
672,7.0
673,
674,493.0
675,44.0
676,11.0
677,7.0
678,
679,12.0
680,7.0
681,
682,45.0
683,1.0
684,15.0
685,9.0
686,43.0
687,26.0
688,
689,
690,2.0
691,7.0
692,64.0
693,170.0
694,7.0
695,
696,7.0
697,28.0
698,3.0
699,
700,
701,1.0
702,
703,11.0
704,537.0
705,1.0
706,3.0
707,
708,
709,43.0
710,10.0
711,3.0
712,46.0
713,3.0
714,4.0
715,1.0
716,1.0
717,2.0
718,31.0
719,15.0
720,3.0
721,12.0
722,29.0
723,2.0
724,
725,
726,258.0
727,8.0
728,22.0
729,8.0
730,10.0
731,43.0
732,1.0
733,91.0
734,1.0
735,4.0
736,
737,1.0
738,2.0
739,1.0
740,36.0
741,
742,34.0
743,19.0
744,43.0
745,16.0
746,
747,23.0
748,2.0
749,12.0
750,
751,
752,
753,5.0
754,493.0
755,
756,23.0
757,21.0
758,21.0
759,
760,14.0
761,6.0
762,36.0
763,8.0
764,
765,5.0
766,79.0
767,9.0
768,9.0
769,36.0
770,
771,9.0
772,
773,1.0
774,12.0
775,
776,
777,
778,2.0
779,22.0
780,8.0
781,25.0
782,
783,6.0
784,
785,
786,
787,
788,3.0
789,88.0
790,
791,
792,7.0
793,19.0
794,
795,
796,5.0
797,2.0
798,
799,118.0
800,12.0
801,7.0
802,14.0
803,1.0
804,
805,8.0
806,11.0
807,1.0
808,1.0
809,
810,6.0
811,32.0
812,
813,
814,6.0
815,10.0
816,58.0
817,1.0
818,9.0
819,2.0
820,493.0
821,1.0
822,
823,1.0
824,10.0
825,27.0
826,11.0
827,2.0
828,1.0
829,11.0
830,27.0
831,
832,
833,
834,
835,
836,3.0
837,90.0
838,88.0
839,1.0
840,2.0
841,
842,7.0
843,155.0
844,64.0
845,58.0
846,
847,3.0
848,12.0
849,32.0
850,
851,
852,5.0
853,
854,
855,1.0
856,
857,2.0
858,11.0
859,3.0
860,2.0
861,
862,21.0
863,11.0
864,4.0
865,
866,
867,493.0
868,
869,58.0
870,1.0
871,155.0
872,1.0
873,
874,36.0
875,38.0
876,11.0
877,9.0
878,32.0
879,19.0
880,6.0
881,5.0
882,4.0
883,4.0
884,1.0
885,8.0
886,9.0
887,10.0
888,3.0
889,
890,32.0
891,7.0
892,
893,125.0
894,24.0
895,1.0
896,57.0
897,60.0
898,21.0
899,12.0
900,10.0
901,12.0
902,45.0
903,125.0
904,
905,2.0
906,9.0
907,9.0
908,2.0
909,11.0
910,11.0
911,493.0
912,16.0
913,46.0
914,148.0
915,20.0
916,1.0
917,4.0
918,2.0
919,43.0
920,11.0
921,2.0
922,32.0
923,63.0
924,4.0
925,3.0
926,8.0
927,63.0
928,1.0
929,43.0
930,
931,4.0
932,8.0
933,18.0
934,5.0
935,170.0
936,6.0
937,
938,11.0
939,4.0
940,16.0
941,79.0
942,1.0
943,8.0
944,2.0
945,111.0
946,44.0
947,537.0
948,2.0
949,4.0
950,
951,
952,10.0
953,13.0
954,14.0
955,4.0
956,90.0
957,2.0
958,1.0
959,6.0
960,1.0
961,12.0
962,1.0
963,4.0
964,
965,1.0
966,36.0
967,79.0
968,
969,2.0
970,8.0
971,7.0
972,11.0
973,5.0
974,
975,2.0
976,6.0
977,46.0
978,
979,11.0
980,1.0
981,5.0
982,
983,21.0
984,
985,21.0
986,28.0
987,
988,1.0
989,
990,1.0
991,3.0
992,22.0
993,32.0
994,11.0
995,90.0
996,10.0
997,76.0
998,
999,1.0
1000,8.0
1001,22.0
1002,58.0
1003,36.0
1004,90.0
1005,16.0
1006,16.0
1007,57.0
1008,44.0
1009,
1010,
1011,34.0
1012,56.0
1013,56.0
1014,2.0
1015,
1016,19.0
1017,2.0
1018,43.0
1019,44.0
1020,32.0
1021,
1022,1.0
1023,
1024,17.0
1025,9.0
1026,79.0
1027,155.0
1028,11.0
1029,5.0
1030,258.0
1031,22.0
1032,73.0
1033,13.0
1034,16.0
1035,36.0
1036,73.0
1037,19.0
1038,78.0
1039,10.0
1040,1.0
1041,5.0
1042,148.0
1043,
1044,1.0
1045,10.0
1046,10.0
1047,1.0
1048,2.0
1049,
1050,1.0
1051,6.0
1052,7.0
1053,1.0
1054,16.0
1055,23.0
1056,
1057,38.0
1058,38.0
1059,1.0
1060,2.0
1061,170.0
1062,5.0
1063,16.0
1064,125.0
1065,23.0
1066,1.0
1067,1.0
1068,3.0
1069,5.0
1070,39.0
1071,
1072,9.0
1073,9.0
1074,
1075,19.0
1076,78.0
1077,15.0
1078,2.0
1079,5.0
1080,
1081,4.0
1082,28.0
1083,4.0
1084,
1085,33.0
1086,44.0
1087,32.0
1088,36.0
1089,111.0
1090,24.0
1091,17.0
1092,
1093,
1094,90.0
1095,99.0
1096,
1097,9.0
1098,19.0
1099,73.0
1100,7.0
1101,1.0
1102,3.0
1103,
1104,4.0
1105,99.0
1106,9.0
1107,29.0
1108,33.0
1109,36.0
1110,74.0
1111,15.0
1112,11.0
1113,2.0
1114,15.0
1115,15.0
1116,3.0
1117,6.0
1118,1.0
1119,6.0
1120,25.0
1121,2.0
1122,111.0
1123,8.0
1124,1.0
1125,8.0
1126,8.0
1127,11.0
1128,56.0
1129,40.0
1130,8.0
1131,
1132,10.0
1133,17.0
1134,16.0
1135,38.0
1136,11.0
1137,
1138,71.0
1139,59.0
1140,9.0
1141,11.0
1142,
1143,
1144,
1145,
1146,79.0
1147,2.0
1148,45.0
1149,36.0
1150,11.0
1151,9.0
1152,
1153,10.0
1154,2.0
1155,1.0
1156,5.0
1157,5.0
1158,1.0
1159,
1160,8.0
1161,28.0
1162,6.0
1163,8.0
1164,1.0
1165,8.0
1166,
1167,5.0
1168,1.0
1169,323.0
1170,
1171,323.0
1172,21.0
1173,2.0
1174,
1175,6.0
1176,
1177,10.0
1178,
1179,3.0
1180,90.0
1181,1.0
1182,8.0
1183,
1184,2.0
1185,8.0
1186,5.0
1187,1.0
1188,1.0
1189,
1190,
1191,5.0
1192,4.0
1193,5.0
1194,10.0
1195,5.0
1196,3.0
1197,7.0
1198,3.0
1199,44.0
1200,
1201,58.0
1202,2.0
1203,4.0
1204,
1205,90.0
1206,43.0
1207,1.0
1208,
1209,
1210,4.0
1211,29.0
1212,7.0
1213,
1214,16.0
1215,22.0
1216,2.0
1217,
1218,5.0
1219,5.0
1220,91.0
1221,5.0
1222,3.0
1223,5.0
1224,20.0
1225,
1226,32.0
1227,
1228,
1229,11.0
1230,29.0
1231,1.0
1232,27.0
1233,8.0
1234,2.0
1235,2.0
1236,
1237,3.0
1238,2.0
1239,
1240,1.0
1241,22.0
1242,1.0
1243,10.0
1244,16.0
1245,44.0
1246,1.0
1247,1.0
1248,14.0
1249,8.0
1250,12.0
1251,8.0
1252,170.0
1253,2.0
1254,6.0
1255,
1256,24.0
1257,15.0
1258,16.0
1259,1.0
1260,159.0
1261,1.0
1262,
1263,
1264,125.0
1265,
1266,2.0
1267,
1268,1.0
1269,10.0
1270,1.0
1271,2.0
1272,
1273,5.0
1274,9.0
1275,44.0
1276,2.0
1277,5.0
1278,125.0
1279,11.0
1280,4.0
1281,
1282,
1283,2.0
1284,
1285,7.0
1286,
1287,16.0
1288,2.0
1289,32.0
1290,
1291,5.0
1292,15.0
1293,
1294,6.0
1295,15.0
1296,8.0
1297,10.0
1298,
1299,15.0
1300,13.0
1301,7.0
1302,3.0
1303,
1304,10.0
1305,14.0
1306,
1307,13.0
1308,2.0
1309,4.0
1310,21.0
1311,9.0
1312,1.0
1313,79.0
1314,
1315,
1316,7.0
1317,4.0
1318,
1319,
1320,17.0
1321,
1322,
1323,2.0
1324,1.0
1325,2.0
1326,
1327,2.0
1328,10.0
1329,5.0
1330,11.0
1331,
1332,11.0
1333,
1334,
1335,3.0
1336,2.0
1337,3.0
1338,3.0
1339,90.0
1340,17.0
1341,
1342,25.0
1343,5.0
1344,21.0
1345,
1346,4.0
1347,9.0
1348,7.0
1349,
1350,44.0
1351,32.0
1352,10.0
1353,
1354,1.0
1355,
1356,1.0
1357,
1358,79.0
1359,99.0
1360,
1361,
1362,15.0
1363,
1364,
1365,17.0
1366,2.0
1367,
1368,9.0
1369,16.0
1370,
1371,91.0
1372,1.0
1373,8.0
1374,5.0
1375,16.0
1376,79.0
1377,29.0
1378,1.0
1379,4.0
1380,7.0
1381,8.0
1382,3.0
1383,32.0
1384,10.0
1385,1.0
1386,1.0
1387,12.0
1388,2.0
1389,
1390,8.0
1391,4.0
1392,
1393,9.0
1394,
1395,2.0
1396,2.0
1397,
1398,2.0
1399,
1400,15.0
1401,25.0
1402,1.0
1403,1.0
1404,2.0
1405,4.0
1406,4.0
1407,
1408,2.0
1409,32.0
1410,21.0
1411,159.0
1412,8.0
1413,2.0
1414,19.0
1415,10.0
1416,3.0
1417,1.0
1418,1.0
1419,1.0
1420,1.0
1421,42.0
1422,37.0
1423,7.0
1424,25.0
1425,3.0
1426,5.0
1427,1.0
1428,14.0
1429,125.0
1430,2.0
1431,5.0
1432,2.0
1433,2.0
1434,
1435,16.0
1436,2.0
1437,12.0
1438,2.0
1439,7.0
1440,6.0
1441,44.0
1442,1.0
1443,63.0
1444,16.0
1445,3.0
1446,7.0
1447,2.0
1448,
1449,7.0
1450,11.0
1451,
1452,46.0
1453,
1454,
1455,41.0
1456,33.0
1457,10.0
1458,2.0
1459,43.0
1460,9.0
1461,11.0
1462,12.0
1463,8.0
1464,79.0
1465,36.0
1466,11.0
1467,4.0
1468,78.0
1469,36.0
1470,22.0
1471,11.0
1472,
1473,9.0
1474,79.0
1475,
1476,
1477,63.0
1478,11.0
1479,1.0
1480,16.0
1481,
1482,44.0
1483,11.0
1484,2.0
1485,58.0
1486,56.0
1487,11.0
1488,37.0
1489,3.0
1490,86.0
1491,19.0
1492,
1493,2.0
1494,9.0
1495,56.0
1496,1.0
1497,16.0
1498,25.0
1499,
1500,39.0
1501,44.0
1502,18.0
1503,33.0
1504,3.0
1505,
1506,1.0
1507,8.0
1508,
1509,2.0
1510,
1511,9.0
1512,43.0
1513,9.0
1514,7.0
1515,9.0
1516,118.0
1517,3.0
1518,36.0
1519,1.0
1520,3.0
1521,
1522,148.0
1523,32.0
1524,3.0
1525,59.0
1526,21.0
1527,13.0
1528,12.0
1529,2.0
1530,8.0
1531,11.0
1532,
1533,258.0
1534,
1535,43.0
1536,6.0
1537,10.0
1538,7.0
1539,5.0
1540,2.0
1541,8.0
1542,21.0
1543,323.0
1544,9.0
1545,
1546,
1547,2.0
1548,14.0
1549,
1550,2.0
1551,
1552,2.0
1553,5.0
1554,
1555,40.0
1556,7.0
1557,6.0
1558,195.0
1559,11.0
1560,258.0
1561,3.0
1562,10.0
1563,43.0
1564,
1565,4.0
1566,
1567,3.0
1568,9.0
1569,26.0
1570,2.0
1571,3.0
1572,2.0
1573,33.0
1574,
1575,
1576,13.0
1577,2.0
1578,2.0
1579,29.0
1580,
1581,13.0
1582,4.0
1583,1.0
1584,44.0
1585,7.0
1586,46.0
1587,10.0
1588,
1589,
1590,5.0
1591,7.0
1592,15.0
1593,125.0
1594,36.0
1595,3.0
1596,97.0
1597,
1598,4.0
1599,
1600,
1601,7.0
1602,2.0
1603,11.0
1604,12.0
1605,5.0
1606,91.0
1607,258.0
1608,12.0
1609,1.0
1610,9.0
1611,43.0
1612,11.0
1613,91.0
1614,3.0
1615,537.0
1616,10.0
1617,2.0
1618,8.0
1619,60.0
1620,9.0
1621,
1622,2.0
1623,14.0
1624,14.0
1625,
1626,3.0
1627,90.0
1628,21.0
1629,1.0
1630,
1631,1.0
1632,78.0
1633,21.0
1634,493.0
1635,58.0
1636,64.0
1637,44.0
1638,97.0
1639,5.0
1640,16.0
1641,
1642,10.0
1643,10.0
1644,97.0
1645,7.0
1646,
1647,4.0
1648,8.0
1649,493.0
1650,9.0
1651,43.0
1652,16.0
1653,3.0
1654,1.0
1655,4.0
1656,5.0
1657,41.0
1658,32.0
1659,
1660,10.0
1661,2.0
1662,4.0
1663,13.0
1664,
1665,
1666,3.0
1667,
1668,36.0
1669,3.0
1670,2.0
1671,
1672,5.0
1673,
1674,4.0
1675,2.0
1676,
1677,5.0
1678,9.0
1679,7.0
1680,118.0
1681,1.0
1682,
1683,
1684,
1685,
1686,20.0
1687,3.0
1688,18.0
1689,4.0
1690,8.0
1691,78.0
1692,
1693,
1694,155.0
1695,15.0
1696,1.0
1697,6.0
1698,2.0
1699,3.0
1700,6.0
1701,1.0
1702,8.0
1703,4.0
1704,1.0
1705,
1706,50.0
1707,2.0
1708,2.0
1709,
1710,
1711,58.0
1712,13.0
1713,3.0
1714,1.0
1715,1.0
1716,44.0
1717,44.0
1718,8.0
1719,8.0
1720,
1721,20.0
1722,13.0
1723,11.0
1724,14.0
1725,16.0
1726,10.0
1727,
1728,
1729,
1730,
1731,19.0
1732,
1733,5.0
1734,8.0
1735,8.0
1736,1.0
1737,
1738,24.0
1739,
1740,
1741,1.0
1742,2.0
1743,4.0
1744,43.0
1745,
1746,8.0
1747,50.0
1748,5.0
1749,1.0
1750,537.0
1751,5.0
1752,11.0
1753,79.0
1754,11.0
1755,1.0
1756,79.0
1757,21.0
1758,3.0
1759,38.0
1760,11.0
1761,76.0
1762,170.0
1763,79.0
1764,8.0
1765,4.0
1766,20.0
1767,
1768,22.0
1769,5.0
1770,5.0
1771,2.0
1772,3.0
1773,37.0
1774,1.0
1775,37.0
1776,
1777,8.0
1778,90.0
1779,
1780,
1781,10.0
1782,68.0
1783,19.0
1784,90.0
1785,60.0
1786,22.0
1787,12.0
1788,493.0
1789,15.0
1790,10.0
1791,1.0
1792,10.0
1793,19.0
1794,
1795,
1796,2.0
1797,17.0
1798,11.0
1799,32.0
1800,
1801,11.0
1802,7.0
1803,155.0
1804,
1805,2.0
1806,38.0
1807,36.0
1808,9.0
1809,20.0
1810,78.0
1811,56.0
1812,170.0
1813,
1814,11.0
1815,8.0
1816,1.0
1817,3.0
1818,1.0
1819,1.0
1820,9.0
1821,
1822,16.0
1823,37.0
1824,46.0
1825,2.0
1826,1.0
1827,1.0
1828,2.0
1829,8.0
1830,
1831,
1832,
1833,170.0
1834,79.0
1835,8.0
1836,8.0
1837,
1838,20.0
1839,2.0
1840,1.0
1841,18.0
1842,2.0
1843,
1844,1.0
1845,17.0
1846,4.0
1847,56.0
1848,1.0
1849,2.0
1850,1.0
1851,1.0
1852,
1853,24.0
1854,11.0
1855,22.0
1856,1.0
1857,
1858,
1859,14.0
1860,3.0
1861,537.0
1862,8.0
1863,11.0
1864,111.0
1865,56.0
1866,7.0
1867,
1868,58.0
1869,
1870,
1871,56.0
1872,79.0
1873,
1874,170.0
1875,
1876,3.0
1877,56.0
1878,7.0
1879,79.0
1880,58.0
1881,2.0
1882,44.0
1883,
1884,537.0
1885,537.0
1886,23.0
1887,44.0
1888,27.0
1889,1.0
1890,
1891,21.0
1892,12.0
1893,10.0
1894,4.0
1895,39.0
1896,3.0
1897,2.0
1898,1.0
1899,25.0
1900,13.0
1901,16.0
1902,
1903,10.0
1904,1.0
1905,4.0
1906,5.0
1907,19.0
1908,1.0
1909,39.0
1910,6.0
1911,90.0
1912,7.0
1913,7.0
1914,
1915,2.0
1916,6.0
1917,23.0
1918,2.0
1919,170.0
1920,2.0
1921,2.0
1922,23.0
1923,2.0
1924,125.0
1925,39.0
1926,
1927,
1928,9.0
1929,20.0
1930,9.0
1931,15.0
1932,37.0
1933,28.0
1934,
1935,4.0
1936,16.0
1937,111.0
1938,15.0
1939,1.0
1940,4.0
1941,17.0
1942,
1943,41.0
1944,17.0
1945,8.0
1946,16.0
1947,16.0
1948,73.0
1949,6.0
1950,1.0
1951,7.0
1952,6.0
1953,9.0
1954,1.0
1955,46.0
1956,4.0
1957,73.0
1958,29.0
1959,
1960,2.0
1961,14.0
1962,11.0
1963,29.0
1964,14.0
1965,16.0
1966,16.0
1967,
1968,56.0
1969,8.0
1970,73.0
1971,493.0
1972,8.0
1973,2.0
1974,493.0
1975,56.0
1976,36.0
1977,16.0
1978,13.0
1979,37.0
1980,46.0
1981,258.0
1982,10.0
1983,13.0
1984,10.0
1985,13.0
1986,1.0
1987,39.0
1988,56.0
1989,19.0
1990,5.0
1991,31.0
1992,3.0
1993,48.0
1994,12.0
1995,71.0
1996,9.0
1997,3.0
1998,
1999,3.0
2000,7.0
2001,
2002,8.0
2003,
2004,
2005,25.0
2006,
2007,
2008,7.0
2009,2.0
2010,
2011,2.0
2012,3.0
2013,9.0
2014,3.0
2015,1.0
2016,41.0
2017,3.0
2018,8.0
2019,1.0
2020,
2021,21.0
2022,
2023,159.0
2024,9.0
2025,
2026,1.0
2027,1.0
2028,
2029,2.0
2030,
2031,1.0
2032,10.0
2033,21.0
2034,8.0
2035,31.0
2036,6.0
2037,99.0
2038,
2039,90.0
2040,1.0
2041,15.0
2042,5.0
2043,21.0
2044,46.0
2045,
2046,5.0
2047,6.0
2048,2.0
2049,5.0
2050,
2051,
2052,
2053,1.0
2054,7.0
2055,7.0
2056,22.0
2057,16.0
2058,
2059,22.0
2060,3.0
2061,79.0
2062,13.0
2063,10.0
2064,
2065,1.0
2066,
2067,
2068,1.0
2069,32.0
2070,37.0
2071,1.0
2072,3.0
2073,91.0
2074,2.0
2075,4.0
2076,3.0
2077,
2078,26.0
2079,1.0
2080,9.0
2081,16.0
2082,19.0
2083,
2084,1.0
2085,
2086,1.0
2087,56.0
2088,2.0
2089,11.0
2090,
2091,11.0
2092,64.0
2093,43.0
2094,43.0
2095,2.0
2096,1.0
2097,9.0
2098,22.0
2099,1.0
2100,19.0
2101,91.0
2102,
2103,4.0
2104,
2105,24.0
2106,4.0
2107,8.0
2108,5.0
2109,170.0
2110,5.0
2111,8.0
2112,5.0
2113,
2114,1.0
2115,
2116,19.0
2117,
2118,3.0
2119,21.0
2120,3.0
2121,16.0
2122,
2123,
2124,4.0
2125,16.0
2126,1.0
2127,8.0
2128,
2129,5.0
2130,43.0
2131,
2132,9.0
2133,44.0
2134,2.0
2135,2.0
2136,5.0
2137,5.0
2138,24.0
2139,
2140,
2141,170.0
2142,13.0
2143,14.0
2144,5.0
2145,14.0
2146,
2147,
2148,
2149,
2150,4.0
2151,9.0
2152,3.0
2153,6.0
2154,12.0
2155,
2156,15.0
2157,10.0
2158,36.0
2159,3.0
2160,7.0
2161,3.0
2162,
2163,19.0
2164,
2165,
2166,1.0
2167,21.0
2168,1.0
2169,493.0
2170,7.0
2171,2.0
2172,3.0
2173,
2174,7.0
2175,1.0
2176,2.0
2177,
2178,
2179,
2180,
2181,12.0
2182,13.0
2183,4.0
2184,63.0
2185,9.0
2186,
2187,32.0
2188,25.0
2189,3.0
2190,1.0
2191,5.0
2192,3.0
2193,2.0
2194,4.0
2195,22.0
2196,
2197,21.0
2198,6.0
2199,40.0
2200,17.0
2201,3.0
2202,
2203,16.0
2204,8.0
2205,4.0
2206,12.0
2207,
2208,32.0
2209,
2210,79.0
2211,1.0
2212,
2213,91.0
2214,
2215,2.0
2216,15.0
2217,79.0
2218,19.0
2219,
2220,3.0
2221,1.0
2222,10.0
2223,32.0
2224,3.0
2225,62.0
2226,1.0
2227,7.0
2228,29.0
2229,22.0
2230,7.0
2231,
2232,
2233,4.0
2234,2.0
2235,
2236,
2237,
2238,5.0
2239,66.0
2240,118.0
2241,29.0
2242,76.0
2243,13.0
2244,7.0
2245,1.0
2246,2.0
2247,2.0
2248,6.0
2249,
2250,2.0
2251,
2252,1.0
2253,41.0
2254,
2255,42.0
2256,2.0
2257,1.0
2258,9.0
2259,1.0
2260,
2261,
2262,12.0
2263,5.0
2264,3.0
2265,
2266,118.0
2267,33.0
2268,2.0
2269,
2270,1.0
2271,58.0
2272,21.0
2273,3.0
2274,
2275,3.0
2276,38.0
2277,1.0
2278,8.0
2279,4.0
2280,58.0
2281,7.0
2282,32.0
2283,44.0
2284,7.0
2285,16.0
2286,
2287,7.0
2288,21.0
2289,90.0
2290,2.0
2291,5.0
2292,
2293,
2294,7.0
2295,4.0
2296,8.0
2297,66.0
2298,8.0
2299,1.0
2300,6.0
2301,3.0
2302,79.0
2303,8.0
2304,4.0
2305,
2306,2.0
2307,5.0
2308,3.0
2309,44.0
2310,7.0
2311,36.0
2312,
2313,3.0
2314,44.0
2315,
2316,1.0
2317,79.0
2318,10.0
2319,1.0
2320,97.0
2321,
2322,44.0
2323,11.0
2324,9.0
2325,88.0
2326,11.0
2327,3.0
2328,10.0
2329,15.0
2330,60.0
2331,8.0
2332,8.0
2333,86.0
2334,1.0
2335,
2336,3.0
2337,39.0
2338,1.0
2339,39.0
2340,9.0
2341,1.0
2342,8.0
2343,48.0
2344,21.0
2345,
2346,31.0
2347,
2348,97.0
2349,31.0
2350,18.0
2351,4.0
2352,90.0
2353,1.0
2354,44.0
2355,9.0
2356,11.0
2357,22.0
2358,9.0
2359,1.0
2360,9.0
2361,36.0
2362,1.0
2363,15.0
2364,6.0
2365,
2366,32.0
2367,18.0
2368,
2369,36.0
2370,37.0
2371,25.0
2372,1.0
2373,3.0
2374,56.0
2375,2.0
2376,1.0
2377,16.0
2378,
2379,12.0
2380,91.0
2381,
2382,17.0
2383,5.0
2384,11.0
2385,
2386,14.0
2387,8.0
2388,31.0
2389,3.0
2390,
2391,1.0
2392,7.0
2393,11.0
2394,148.0
2395,21.0
2396,3.0
2397,7.0
2398,
2399,31.0
2400,18.0
2401,2.0
2402,17.0
2403,2.0
2404,46.0
2405,11.0
2406,43.0
2407,
2408,9.0
2409,9.0
2410,1.0
2411,6.0
2412,11.0
2413,170.0
2414,125.0
2415,6.0
2416,125.0
2417,78.0
2418,21.0
2419,
2420,
2421,1.0
2422,4.0
2423,1.0
2424,
2425,1.0
2426,3.0
2427,5.0
2428,1.0
2429,
2430,
2431,
2432,1.0
2433,9.0
2434,3.0
2435,31.0
2436,46.0
2437,5.0
2438,2.0
2439,10.0
2440,
2441,2.0
2442,58.0
2443,1.0
2444,2.0
2445,
2446,76.0
2447,
2448,1.0
2449,45.0
2450,2.0
2451,2.0
2452,36.0
2453,
2454,4.0
2455,13.0
2456,68.0
2457,537.0
2458,2.0
2459,90.0
2460,36.0
2461,
2462,1.0
2463,9.0
2464,
2465,11.0
2466,
2467,2.0
2468,16.0
2469,7.0
2470,64.0
2471,23.0
2472,
2473,1.0
2474,14.0
2475,23.0
2476,3.0
2477,
2478,17.0
2479,13.0
2480,46.0
2481,23.0
2482,
2483,22.0
2484,12.0
2485,17.0
2486,58.0
2487,
2488,
2489,14.0
2490,29.0
2491,1.0
2492,6.0
2493,79.0
2494,36.0
2495,78.0
2496,16.0
2497,9.0
2498,62.0
2499,2.0
2500,46.0
2501,9.0
2502,21.0
2503,25.0
2504,36.0
2505,
2506,148.0
2507,
2508,170.0
2509,2.0
2510,17.0
2511,4.0
2512,
2513,
2514,41.0
2515,2.0
2516,
2517,5.0
2518,1.0
2519,2.0
2520,21.0
2521,2.0
2522,88.0
2523,43.0
2524,
2525,2.0
2526,44.0
2527,25.0
2528,18.0
2529,2.0
2530,3.0
2531,11.0
2532,4.0
2533,
2534,1.0
2535,1.0
2536,
2537,2.0
2538,
2539,6.0
2540,1.0
2541,11.0
2542,11.0
2543,2.0
2544,2.0
2545,10.0
2546,32.0
2547,3.0
2548,4.0
2549,8.0
2550,
2551,36.0
2552,15.0
2553,3.0
2554,493.0
2555,8.0
2556,14.0
2557,8.0
2558,14.0
2559,6.0
2560,27.0
2561,
2562,155.0
2563,19.0
2564,258.0
2565,
2566,6.0
2567,
2568,
2569,79.0
2570,5.0
2571,88.0
2572,58.0
2573,9.0
2574,2.0
2575,4.0
2576,58.0
2577,155.0
2578,43.0
2579,6.0
2580,3.0
2581,
2582,5.0
2583,26.0
2584,
2585,2.0
2586,11.0
2587,11.0
2588,9.0
2589,155.0
2590,537.0
2591,323.0
2592,
2593,5.0
2594,
2595,148.0
2596,79.0
2597,1.0
2598,
2599,7.0
2600,155.0
2601,32.0
2602,
2603,2.0
2604,170.0
2605,13.0
2606,186.0
2607,90.0
2608,3.0
2609,2.0
2610,
2611,21.0
2612,13.0
2613,
2614,12.0
2615,15.0
2616,79.0
2617,9.0
2618,12.0
2619,8.0
2620,125.0
2621,63.0
2622,21.0
2623,21.0
2624,32.0
2625,3.0
2626,47.0
2627,62.0
2628,46.0
2629,111.0
2630,64.0
2631,3.0
2632,195.0
2633,22.0
2634,56.0
2635,76.0
2636,17.0
2637,
2638,20.0
2639,1.0
2640,18.0
2641,13.0
2642,64.0
2643,170.0
2644,4.0
2645,21.0
2646,13.0
2647,16.0
2648,76.0
2649,2.0
2650,56.0
2651,25.0
2652,111.0
2653,4.0
2654,537.0
2655,79.0
2656,27.0
2657,125.0
2658,2.0
2659,
2660,21.0
2661,2.0
2662,90.0
2663,
2664,
2665,2.0
2666,1.0
2667,33.0
2668,44.0
2669,6.0
2670,6.0
2671,31.0
2672,
2673,
2674,79.0
2675,
2676,2.0
2677,
2678,37.0
2679,4.0
2680,1.0
2681,3.0
2682,
2683,6.0
2684,19.0
2685,21.0
2686,28.0
2687,
2688,
2689,56.0
2690,170.0
2691,23.0
2692,2.0
2693,
2694,
2695,6.0
2696,
2697,
2698,10.0
2699,31.0
2700,
2701,1.0
2702,3.0
2703,11.0
2704,111.0
2705,58.0
2706,37.0
2707,32.0
2708,5.0
2709,57.0
2710,5.0
2711,4.0
2712,3.0
2713,9.0
2714,3.0
2715,11.0
2716,
2717,5.0
2718,
2719,4.0
2720,
2721,97.0
2722,
2723,1.0
2724,79.0
2725,22.0
2726,16.0
2727,155.0
2728,3.0
2729,3.0
2730,1.0
2731,3.0
2732,34.0
2733,7.0
2734,1.0
2735,3.0
2736,
2737,32.0
2738,
2739,6.0
2740,
2741,1.0
2742,12.0
2743,1.0
2744,2.0
2745,3.0
2746,
2747,7.0
2748,43.0
2749,1.0
2750,9.0
2751,1.0
2752,12.0
2753,9.0
2754,2.0
2755,19.0
2756,7.0
2757,1.0
2758,7.0
2759,1.0
2760,39.0
2761,16.0
2762,38.0
2763,23.0
2764,2.0
2765,2.0
2766,9.0
2767,32.0
2768,1.0
2769,125.0
2770,
2771,1.0
2772,
2773,
2774,46.0
2775,26.0
2776,45.0
2777,41.0
2778,5.0
2779,1.0
2780,2.0
2781,3.0
2782,36.0
2783,9.0
2784,1.0
2785,46.0
2786,28.0
2787,
2788,
2789,28.0
2790,32.0
2791,90.0
2792,36.0
2793,6.0
2794,
2795,25.0
2796,31.0
2797,
2798,43.0
2799,
2800,15.0
2801,23.0
2802,34.0
2803,9.0
2804,28.0
2805,39.0
2806,5.0
2807,3.0
2808,43.0
2809,6.0
2810,
2811,33.0
2812,79.0
2813,
2814,24.0
2815,2.0
2816,
2817,10.0
2818,19.0
2819,
2820,20.0
2821,11.0
2822,1.0
2823,
2824,97.0
2825,9.0
2826,36.0
2827,11.0
2828,37.0
2829,15.0
2830,33.0
2831,11.0
2832,26.0
2833,35.0
2834,2.0
2835,19.0
2836,3.0
2837,36.0
2838,38.0
2839,2.0
2840,9.0
2841,9.0
2842,
2843,25.0
2844,79.0
2845,
2846,
2847,10.0
2848,5.0
2849,7.0
2850,7.0
2851,22.0
2852,4.0
2853,3.0
2854,25.0
2855,1.0
2856,21.0
2857,28.0
2858,
2859,
2860,
2861,23.0
2862,1.0
2863,90.0
2864,1.0
2865,5.0
2866,1.0
2867,5.0
2868,
2869,3.0
2870,14.0
2871,3.0
2872,
2873,43.0
2874,17.0
2875,
2876,43.0
2877,1.0
2878,16.0
2879,7.0
2880,14.0
2881,5.0
2882,
2883,14.0
2884,3.0
2885,22.0
2886,31.0
2887,
2888,3.0
2889,2.0
2890,
2891,
2892,2.0
2893,1.0
2894,43.0
2895,21.0
2896,16.0
2897,5.0
2898,3.0
2899,17.0
2900,13.0
2901,32.0
2902,16.0
2903,44.0
2904,
2905,8.0
2906,2.0
2907,1.0
2908,3.0
2909,14.0
2910,34.0
2911,3.0
2912,7.0
2913,16.0
2914,22.0
2915,1.0
2916,5.0
2917,91.0
2918,
2919,1.0
2920,7.0
2921,43.0
2922,
2923,16.0
2924,15.0
2925,
2926,3.0
2927,1.0
2928,
2929,12.0
2930,2.0
2931,1.0
2932,1.0
2933,2.0
2934,12.0
2935,10.0
2936,2.0
2937,21.0
2938,
2939,
2940,
2941,4.0
2942,8.0
2943,3.0
2944,7.0
2945,5.0
2946,6.0
2947,2.0
2948,16.0
2949,
2950,2.0
2951,
2952,
2953,7.0
2954,
2955,73.0
2956,
2957,16.0
2958,4.0
2959,16.0
2960,16.0
2961,1.0
2962,7.0
2963,7.0
2964,16.0
2965,4.0
2966,
2967,2.0
2968,
2969,9.0
2970,8.0
2971,5.0
2972,6.0
2973,15.0
2974,170.0
2975,
2976,7.0
2977,28.0
2978,5.0
2979,19.0
2980,
2981,
2982,493.0
2983,1.0
2984,13.0
2985,
2986,7.0
2987,
2988,
2989,15.0
2990,7.0
2991,
2992,2.0
2993,
2994,
2995,16.0
2996,4.0
2997,13.0
2998,159.0
2999,22.0
3000,6.0
3001,3.0
3002,13.0
3003,20.0
3004,33.0
3005,90.0
3006,
3007,1.0
3008,5.0
3009,8.0
3010,4.0
3011,57.0
3012,43.0
3013,
3014,5.0
3015,16.0
3016,23.0
3017,21.0
3018,5.0
3019,29.0
3020,7.0
3021,13.0
3022,16.0
3023,
3024,91.0
3025,8.0
3026,170.0
3027,7.0
3028,43.0
3029,
3030,40.0
3031,6.0
3032,4.0
3033,79.0
3034,
3035,13.0
3036,1.0
3037,9.0
3038,10.0
3039,
3040,4.0
3041,32.0
3042,6.0
3043,15.0
3044,1.0
3045,2.0
3046,10.0
3047,9.0
3048,18.0
3049,
3050,7.0
3051,
3052,4.0
3053,4.0
3054,2.0
3055,
3056,10.0
3057,186.0
3058,
3059,1.0
3060,1.0
3061,2.0
3062,9.0
3063,
3064,5.0
3065,76.0
3066,8.0
3067,3.0
3068,24.0
3069,6.0
3070,
3071,2.0
3072,20.0
3073,258.0
3074,13.0
3075,1.0
3076,21.0
3077,
3078,7.0
3079,
3080,2.0
3081,1.0
3082,2.0
3083,159.0
3084,4.0
3085,5.0
3086,8.0
3087,2.0
3088,14.0
3089,90.0
3090,5.0
3091,2.0
3092,7.0
3093,16.0
3094,58.0
3095,
3096,
3097,6.0
3098,44.0
3099,258.0
3100,31.0
3101,58.0
3102,45.0
3103,
3104,44.0
3105,11.0
3106,1.0
3107,
3108,3.0
3109,7.0
3110,2.0
3111,
3112,4.0
3113,493.0
3114,7.0
3115,11.0
3116,8.0
3117,2.0
3118,90.0
3119,86.0
3120,1.0
3121,
3122,
3123,
3124,1.0
3125,6.0
3126,15.0
3127,16.0
3128,10.0
3129,18.0
3130,21.0
3131,36.0
3132,79.0
3133,1.0
3134,17.0
3135,1.0
3136,22.0
3137,56.0
3138,3.0
3139,26.0
3140,11.0
3141,11.0
3142,4.0
3143,11.0
3144,2.0
3145,31.0
3146,11.0
3147,19.0
3148,493.0
3149,3.0
3150,56.0
3151,58.0
3152,58.0
3153,
3154,39.0
3155,7.0
3156,21.0
3157,19.0
3158,76.0
3159,20.0
3160,7.0
3161,9.0
3162,1.0
3163,17.0
3164,19.0
3165,14.0
3166,
3167,57.0
3168,14.0
3169,5.0
3170,1.0
3171,16.0
3172,21.0
3173,56.0
3174,
3175,1.0
3176,
3177,10.0
3178,1.0
3179,
3180,4.0
3181,13.0
3182,7.0
3183,18.0
3184,1.0
3185,91.0
3186,3.0
3187,17.0
3188,
3189,
3190,3.0
3191,2.0
3192,
3193,186.0
3194,71.0
3195,4.0
3196,
3197,2.0
3198,11.0
3199,2.0
3200,21.0
3201,3.0
3202,9.0
3203,28.0
3204,3.0
3205,
3206,
3207,1.0
3208,
3209,
3210,16.0
3211,7.0
3212,11.0
3213,1.0
3214,24.0
3215,
3216,43.0
3217,
3218,
3219,10.0
3220,3.0
3221,
3222,7.0
3223,3.0
3224,
3225,1.0
3226,
3227,
3228,46.0
3229,125.0
3230,90.0
3231,10.0
3232,44.0
3233,1.0
3234,46.0
3235,118.0
3236,76.0
3237,15.0
3238,1.0
3239,148.0
3240,16.0
3241,5.0
3242,537.0
3243,
3244,54.0
3245,125.0
3246,
3247,16.0
3248,68.0
3249,43.0
3250,
3251,537.0
3252,12.0
3253,15.0
3254,44.0
3255,7.0
3256,2.0
3257,7.0
3258,16.0
3259,15.0
3260,4.0
3261,2.0
3262,16.0
3263,
3264,9.0
3265,
3266,3.0
3267,14.0
3268,23.0
3269,1.0
3270,14.0
3271,14.0
3272,44.0
3273,86.0
3274,3.0
3275,7.0
3276,36.0
3277,2.0
3278,4.0
3279,
3280,46.0
3281,4.0
3282,6.0
3283,5.0
3284,10.0
3285,13.0
3286,7.0
3287,9.0
3288,46.0
3289,41.0
3290,2.0
3291,
3292,5.0
3293,
3294,111.0
3295,8.0
3296,6.0
3297,
3298,8.0
3299,
3300,5.0
3301,
3302,9.0
3303,
3304,
3305,7.0
3306,3.0
3307,4.0
3308,4.0
3309,8.0
3310,1.0
3311,29.0
3312,155.0
3313,3.0
3314,12.0
3315,3.0
3316,2.0
3317,25.0
3318,2.0
3319,7.0
3320,8.0
3321,4.0
3322,6.0
3323,4.0
3324,
3325,8.0
3326,2.0
3327,1.0
3328,1.0
3329,8.0
3330,155.0
3331,2.0
3332,
3333,493.0
3334,
3335,10.0
3336,10.0
3337,57.0
3338,64.0
3339,10.0
