0,247
1,87
2,82
3,296
4,249
5,78
6,211
7,172
8,90
9,245
10,206
11,136
12,214
13,176
14,167
15,119
16,69
17,179
18,35
19,91
20,262
21,214
22,53
23,68
24,252
25,24
26,64
27,93
28,102
29,236
30,82
31,53
32,113
33,89
34,234
35,273
36,127
37,92
38,142
39,72
40,172
41,60
42,51
43,186
44,276
45,177
46,122
47,258
48,152
49,240
50,155
51,249
52,147
53,118
54,253
55,169
56,114
57,32
58,55
59,49
60,157
61,231
62,211
63,232
64,248
65,28
66,208
67,137
68,238
69,51
70,151
71,73
72,77
73,237
74,61
75,277
76,231
77,251
78,63
79,253
80,214
81,307
82,177
83,112
84,261
85,158
86,234
87,262
88,213
89,92
90,73
91,186
92,49
93,42
94,122
95,78
96,87
97,150
98,247
99,119
100,89
101,182
102,194
103,303
104,173
105,102
106,234
107,240
108,277
109,50
110,35
111,248
112,77
113,99
114,110
115,49
116,49
117,67
118,121
119,314
120,275
121,139
122,97
123,144
124,160
125,99
126,151
127,155
128,267
129,122
130,231
131,117
132,72
133,114
134,49
135,63
136,213
137,199
138,149
139,157
140,14
141,136
142,246
143,104
144,177
145,85
146,264
147,87
148,60
149,209
150,228
151,85
152,282
153,154
154,120
155,37
156,37
157,28
158,213
159,127
160,81
161,47
162,222
163,44
164,284
165,262
166,140
167,75
168,90
169,125
170,112
171,203
172,133
173,79
174,172
175,150
176,28
177,215
178,177
179,234
180,62
181,79
182,12
183,160
184,280
185,40
186,177
187,199
188,93
189,99
190,111
191,178
192,119
193,146
194,290
195,165
196,144
197,61
198,248
199,257
200,111
201,59
202,207
203,167
204,89
205,138
206,104
207,223
208,238
209,79
210,207
211,176
212,204
213,240
214,121
215,165
216,294
217,247
218,89
219,260
220,89
221,92
222,155
223,199
224,134
225,76
226,234
227,138
228,139
229,125
230,56
231,149
232,312
233,218
234,137
235,50
236,227
237,24
238,187
239,234
240,227
241,182
242,207
243,217
244,101
245,21
246,47
247,211
248,145
249,142
250,106
251,272
252,154
253,31
254,211
255,83
256,277
257,63
258,231
259,212
260,122
261,273
262,245
263,215
264,89
265,96
266,204
267,35
268,282
269,172
270,128
271,264
272,207
273,43
274,49
275,116
276,135
277,247
278,90
279,188
280,26
281,115
282,32
283,140
284,37
285,51
286,256
287,28
288,28
289,257
290,28
291,258
292,187
293,89
294,174
295,149
296,111
297,105
298,281
299,206
300,214
301,134
302,46
303,61
304,249
305,203
306,144
307,190
308,22
309,76
310,27
311,22
312,202
313,57
314,211
315,141
316,99
317,256
318,285
319,72
320,67
321,21
322,27
323,120
324,35
325,83
326,57
327,43
328,149
329,149
330,49
331,267
332,137
333,214
334,221
335,154
336,75
337,133
338,96
339,265
340,89
341,149
342,179
343,232
344,210
345,294
346,175
347,42
348,44
349,225
350,103
351,151
352,160
353,103
354,75
355,190
356,209
357,85
358,240
359,273
360,32
361,58
362,155
363,123
364,162
365,139
366,170
367,220
368,57
369,230
370,66
371,120
372,231
373,247
374,101
375,88
376,227
377,123
378,169
379,92
380,159
381,175
382,290
383,123
384,174
385,243
386,274
387,186
388,50
389,274
390,61
391,126
392,206
393,77
394,77
395,207
396,56
397,182
398,204
399,253
400,12
401,70
402,214
403,99
404,243
405,214
406,243
407,210
408,122
409,147
410,251
411,157
412,182
413,67
414,221
415,72
416,68
417,275
418,72
419,231
420,256
421,262
422,312
423,149
424,296
425,38
426,243
427,85
428,286
429,134
430,99
431,253
432,165
433,122
434,19
435,115
436,116
437,152
438,51
439,229
440,63
441,120
442,276
443,72
444,198
445,74
446,177
447,83
448,141
449,62
450,124
451,131
452,273
453,223
454,214
455,167
456,267
457,59
458,156
459,211
460,162
461,148
462,122
463,110
464,41
465,96
466,139
467,197
468,221
469,70
470,127
471,160
472,189
473,66
474,137
475,144
476,249
477,227
478,166
479,96
480,20
481,103
482,66
483,163
484,93
485,99
486,258
487,24
488,114
489,89
490,276
491,46
492,105
493,228
494,41
495,145
496,1068
497,139
498,241
499,275
500,12
501,144
502,232
503,261
504,186
505,155
506,93
507,147
508,112
509,209
510,54
511,103
512,244
513,157
514,66
515,48
516,262
517,273
518,178
519,237
520,216
521,47
522,206
523,237
524,157
525,182
526,89
527,112
528,141
529,139
530,241
531,127
532,93
533,140
534,74
535,26
536,197
537,154
538,90
539,235
540,186
541,57
542,59
543,247
544,89
545,276
546,59
547,227
548,142
549,79
550,211
551,34
552,216
553,116
554,187
555,242
556,66
557,228
558,130
559,258
560,83
561,117
562,276
563,151
564,161
565,93
566,161
567,293
568,204
569,117
570,190
571,66
572,228
573,138
574,125
575,242
576,79
577,231
578,203
579,50
580,120
581,177
582,202
583,239
584,210
585,241
586,114
587,143
588,283
589,83
590,242
591,105
592,47
593,211
594,70
595,71
596,206
597,239
598,232
599,22
600,190
601,158
602,274
603,143
604,111
605,56
606,249
607,99
608,171
609,53
610,239
611,260
612,54
613,209
614,190
615,88
616,89
617,246
618,253
619,143
620,238
621,300
622,32
623,126
624,89
625,96
626,70
627,43
628,256
629,116
630,276
631,135
632,92
633,208
634,165
635,22
636,275
637,30
638,47
639,97
640,257
641,162
642,219
643,120
644,33
645,240
646,60
647,74
648,78
649,44
650,220
651,130
652,81
653,230
654,75
655,212
656,253
657,169
658,80
659,258
660,156
661,46
662,125
663,43
664,142
665,265
666,210
667,234
668,61
669,205
670,196
671,191
672,213
673,280
674,84
675,55
676,226
677,101
678,272
679,281
680,249
681,104
682,135
683,150
684,166
685,68
686,201
687,250
688,30
689,137
690,30
691,181
692,70
693,74
694,74
695,142
696,85
697,264
698,249
699,240
700,297
701,163
702,72
703,230
704,49
705,304
706,32
707,146
708,292
709,87
710,144
711,80
712,170
713,219
714,81
715,164
716,89
717,163
718,141
719,48
720,222
721,257
722,165
723,122
724,104
725,53
726,81
727,107
728,156
729,240
730,125
731,115
732,55
733,256
734,198
735,231
736,179
737,125
738,68
739,214
740,124
741,242
742,106
743,137
744,134
745,245
746,131
747,221
748,60
749,63
750,65
751,152
752,167
753,119
754,201
755,253
756,154
757,223
758,257
759,263
760,70
761,120
762,118
763,220
764,163
765,151
766,65
767,161
768,251
769,191
770,211
771,261
772,73
773,34
774,79
775,71
776,257
777,27
778,28
779,104
780,149
781,120
782,75
783,130
784,89
785,230
786,166
787,260
788,260
789,148
790,122
791,73
792,253
793,110
794,94
795,24
796,165
797,94
798,186
799,120
800,79
801,137
802,168
803,234
804,241
805,276
806,141
807,160
808,99
809,210
810,195
811,69
812,267
813,111
814,113
815,188
816,229
817,32
818,176
819,220
820,301
821,182
822,44
823,264
824,260
825,274
826,78
827,89
828,176
829,237
830,143
831,223
832,223
833,251
834,131
835,190
836,63
837,266
838,88
839,195
840,219
841,50
842,74
843,87
844,74
845,240
846,182
847,164
848,170
849,265
850,176
851,204
852,43
853,123
854,95
855,47
856,183
857,49
858,142
859,89
860,108
861,268
862,158
863,51
864,160
865,178
866,89
867,210
868,49
869,75
870,139
871,73
872,120
873,174
874,262
875,123
876,227
877,285
878,190
879,244
880,108
881,193
882,251
883,132
884,110
885,174
886,69
887,183
888,172
889,206
890,75
891,149
892,93
893,242
894,238
895,206
896,235
897,213
898,46
899,143
900,180
901,241
902,120
903,99
904,181
905,163
906,94
907,273
908,66
909,104
910,75
911,124
912,240
913,155
914,209
915,282
916,282
917,119
918,70
919,269
920,77
921,53
922,299
923,195
924,125
925,63
926,78
927,48
928,240
929,252
930,242
931,163
932,56
933,182
934,92
935,68
936,204
937,171
938,34
939,122
940,270
941,285
942,238
943,104
944,135
945,45
946,36
947,143
948,271
949,127
950,193
951,124
952,86
953,69
954,239
955,203
956,131
957,266
958,142
959,238
960,282
961,114
962,91
963,138
964,152
965,278
966,106
967,65
968,212
969,290
970,222
971,209
972,206
973,275
974,183
975,71
976,206
977,239
978,104
979,116
980,119
981,40
982,133
983,147
984,126
985,116
986,212
987,75
988,130
989,162
990,71
991,213
992,242
993,128
994,238
995,240
996,273
997,89
998,231
999,166
1000,125
1001,50
1002,120
1003,62
1004,312
1005,257
1006,262
1007,240
1008,78
1009,175
1010,138
1011,216
1012,172
1013,268
1014,87
1015,62
1016,191
1017,258
1018,79
1019,214
1020,178
1021,260
1022,282
1023,44
1024,53
1025,273
1026,276
1027,262
1028,65
1029,167
1030,62
1031,258
1032,132
1033,57
1034,46
1035,243
1036,263
1037,110
1038,212
1039,273
1040,213
1041,54
1042,145
1043,124
1044,66
1045,258
1046,260
1047,277
1048,118
1049,78
1050,120
1051,163
1052,214
1053,272
1054,71
1055,281
1056,93
1057,53
1058,234
1059,81
1060,183
1061,249
1062,122
1063,237
1064,149
1065,262
1066,252
1067,214
1068,111
1069,61
1070,277
1071,47
1072,204
1073,247
1074,243
1075,126
1076,44
1077,206
1078,121
1079,141
1080,183
1081,22
1082,163
1083,63
1084,22
1085,46
1086,54
1087,225
1088,44
1089,208
1090,93
1091,36
1092,104
1093,284
1094,203
1095,102
1096,262
1097,273
1098,123
1099,12
1100,235
1101,144
1102,66
1103,108
1104,176
1105,40
1106,105
1107,152
1108,283
1109,97
1110,37
1111,42
1112,145
1113,33
1114,267
1115,155
1116,87
1117,223
1118,237
1119,112
1120,138
1121,92
1122,157
1123,57
1124,214
1125,244
1126,252
1127,87
1128,143
1129,251
1130,119
1131,92
1132,118
1133,39
1134,86
1135,121
1136,96
1137,47
1138,47
1139,88
1140,142
1141,122
1142,44
1143,174
1144,251
1145,149
1146,42
1147,235
1148,125
1149,112
1150,190
1151,53
1152,298
1153,155
1154,195
1155,118
1156,231
1157,260
1158,85
1159,93
1160,151
1161,108
1162,169
1163,142
1164,118
1165,286
1166,92
1167,273
1168,275
1169,96
1170,198
1171,213
1172,152
1173,210
1174,132
1175,194
1176,108
1177,13
1178,240
1179,92
1180,173
1181,64
1182,176
1183,270
1184,116
1185,196
1186,41
1187,248
1188,267
1189,271
1190,114
1191,50
1192,88
1193,283
1194,65
1195,136
1196,127
1197,55
1198,123
1199,112
1200,58
1201,177
1202,118
1203,190
1204,249
1205,198
1206,162
1207,235
1208,116
1209,182
1210,236
1211,49
1212,249
1213,84
1214,276
1215,99
1216,260
1217,87
1218,161
1219,61
1220,117
1221,294
1222,47
1223,116
1224,75
1225,175
1226,47
1227,161
1228,260
1229,221
1230,195
1231,204
1232,303
1233,50
1234,166
1235,266
1236,47
1237,243
1238,14
1239,130
1240,206
1241,135
1242,259
1243,251
1244,244
1245,245
1246,260
1247,246
1248,214
1249,81
1250,49
1251,112
1252,211
1253,142
1254,221
1255,83
1256,131
1257,94
1258,56
1259,75
1260,247
1261,275
1262,136
1263,136
1264,119
1265,149
1266,157
1267,49
1268,252
1269,104
1270,114
1271,34
1272,193
1273,163
1274,81
1275,119
1276,131
1277,251
1278,136
1279,247
1280,149
1281,55
1282,44
1283,260
1284,82
1285,85
1286,108
1287,30
1288,210
1289,79
1290,158
1291,49
1292,155
1293,60
1294,166
1295,80
1296,44
1297,103
1298,212
1299,218
1300,142
1301,20
1302,251
1303,120
1304,197
1305,260
1306,159
1307,58
1308,66
1309,149
1310,336
1311,32
1312,104
1313,212
1314,154
1315,248
1316,139
1317,131
1318,234
1319,155
1320,149
1321,33
1322,243
1323,178
1324,302
1325,258
1326,202
1327,145
1328,85
1329,86
1330,238
1331,179
1332,44
1333,202
1334,205
1335,112
1336,265
1337,243
1338,27
1339,52
1340,26
1341,387
1342,47
1343,116
1344,114
1345,84
1346,149
1347,167
1348,48
1349,120
1350,105
1351,271
1352,203
1353,198
1354,274
1355,257
1356,150
1357,222
1358,231
1359,24
1360,222
1361,253
1362,79
1363,206
1364,103
1365,138
1366,59
1367,312
1368,124
1369,116
1370,280
1371,119
1372,256
1373,222
1374,211
1375,35
1376,274
1377,176
1378,96
1379,159
1380,239
1381,203
1382,151
1383,75
1384,65
1385,131
1386,202
1387,176
1388,87
1389,37
1390,223
1391,53
1392,46
1393,216
1394,236
1395,98
1396,240
1397,170
1398,193
1399,173
1400,163
1401,241
1402,212
1403,180
1404,157
1405,258
1406,241
1407,149
1408,33
1409,228
1410,174
1411,36
1412,198
1413,502
1414,163
1415,169
1416,241
1417,210
1418,24
1419,147
1420,55
1421,127
1422,289
1423,194
1424,102
1425,179
1426,233
1427,68
1428,170
1429,269
1430,92
1431,269
1432,72
1433,190
1434,73
1435,116
1436,231
1437,136
1438,90
1439,142
1440,99
1441,47
1442,99
1443,78
1444,160
1445,277
1446,27
1447,226
1448,152
1449,193
1450,34
1451,156
1452,142
1453,238
1454,270
1455,116
1456,83
1457,247
1458,286
1459,85
1460,25
1461,137
1462,82
1463,262
1464,227
1465,261
1466,164
1467,209
1468,471
1469,253
1470,120
1471,137
1472,269
1473,366
1474,135
1475,160
1476,274
1477,144
1478,206
1479,129
1480,228
1481,304
1482,183
1483,149
1484,261
1485,174
1486,104
1487,234
1488,152
1489,261
1490,195
1491,274
1492,163
1493,262
1494,140
1495,206
1496,188
1497,297
1498,220
1499,29
1500,138
1501,33
1502,49
1503,108
1504,75
1505,251
1506,252
1507,250
1508,260
1509,260
1510,105
1511,163
1512,91
1513,59
1514,131
1515,245
1516,104
1517,162
1518,267
1519,275
1520,230
1521,258
1522,75
1523,301
1524,253
1525,138
1526,112
1527,50
1528,151
1529,262
1530,195
1531,119
1532,96
1533,127
1534,104
1535,167
1536,155
1537,24
1538,160
1539,28
1540,120
1541,305
1542,145
1543,104
1544,112
1545,19
1546,90
1547,120
1548,101
1549,58
1550,140
1551,223
1552,125
1553,102
1554,175
1555,165
1556,114
1557,8
1558,125
1559,231
1560,244
1561,289
1562,251
1563,66
1564,54
1565,252
1566,61
1567,241
1568,261
1569,74
1570,40
1571,208
1572,145
1573,70
1574,62
1575,165
1576,197
1577,40
1578,235
1579,54
1580,304
1581,96
1582,242
1583,167
1584,174
1585,89
1586,67
1587,40
1588,118
1589,29
1590,312
1591,222
1592,222
1593,88
1594,69
1595,67
1596,62
1597,78
1598,161
1599,195
1600,267
1601,266
1602,216
1603,102
1604,252
1605,240
1606,154
1607,282
1608,106
1609,267
1610,44
1611,120
1612,102
1613,220
1614,108
1615,220
1616,113
1617,113
1618,214
1619,218
1620,56
1621,78
1622,201
1623,118
1624,29
1625,99
1626,191
1627,246
1628,58
1629,250
1630,102
1631,112
1632,260
1633,238
1634,49
1635,170
1636,110
1637,62
1638,61
1639,207
1640,202
1641,114
1642,54
1643,65
1644,47
1645,250
1646,249
1647,274
1648,137
1649,120
1650,262
1651,20
1652,108
1653,80
1654,66
1655,246
1656,75
1657,56
1658,102
1659,234
1660,89
1661,90
1662,220
1663,151
1664,50
1665,97
1666,28
1667,241
1668,42
1669,216
1670,168
1671,165
1672,48
1673,78
1674,52
1675,115
1676,257
1677,119
1678,114
1679,44
1680,44
1681,129
1682,225
1683,253
1684,82
1685,176
1686,156
1687,123
1688,238
1689,98
1690,47
1691,117
1692,120
1693,87
1694,103
1695,252
1696,280
1697,243
1698,237
1699,125
1700,167
1701,89
1702,81
1703,193
1704,72
1705,251
1706,101
1707,145
1708,230
1709,44
1710,205
1711,24
1712,183
1713,78
1714,10
1715,217
1716,62
1717,259
1718,270
1719,190
1720,93
1721,223
1722,253
1723,82
1724,197
1725,144
1726,282
1727,216
1728,124
1729,236
1730,89
1731,79
1732,125
1733,159
1734,120
1735,155
1736,80
1737,79
1738,163
1739,149
1740,165
1741,164
1742,121
1743,80
1744,108
1745,75
1746,60
1747,190
1748,156
1749,198
1750,268
1751,145
1752,205
1753,210
1754,257
1755,96
1756,236
1757,162
1758,48
1759,123
1760,136
1761,21
1762,511
1763,53
1764,119
1765,41
1766,245
1767,46
1768,511
1769,336
1770,121
1771,120
1772,286
1773,144
1774,159
1775,144
1776,164
1777,176
1778,101
1779,134
1780,97
1781,75
1782,27
1783,112
1784,89
1785,72
1786,63
1787,209
1788,137
1789,270
1790,155
1791,135
1792,78
1793,115
1794,72
1795,239
1796,33
1797,93
1798,59
1799,124
1800,130
1801,105
1802,136
1803,139
1804,207
1805,288
1806,138
1807,66
1808,270
1809,119
1810,185
1811,281
1812,105
1813,29
1814,66
1815,131
1816,134
1817,165
1818,273
1819,133
1820,91
1821,99
1822,81
1823,251
1824,50
1825,89
1826,145
1827,207
1828,215
1829,53
1830,56
1831,276
1832,75
1833,209
1834,272
1835,212
1836,27
1837,186
1838,15
1839,292
1840,161
1841,149
1842,172
1843,167
1844,61
1845,165
1846,106
1847,258
1848,196
1849,242
1850,157
1851,155
1852,124
1853,252
1854,66
1855,72
1856,295
1857,219
1858,84
1859,32
1860,116
1861,112
1862,65
1863,97
1864,47
1865,262
1866,155
1867,119
1868,27
1869,116
1870,81
1871,230
1872,123
1873,210
1874,193
1875,40
1876,172
1877,121
1878,8
1879,247
1880,114
1881,63
1882,80
1883,65
1884,106
1885,160
1886,160
1887,74
1888,128
1889,40
1890,47
1891,149
1892,167
1893,81
1894,102
1895,83
1896,12
1897,204
1898,43
1899,282
1900,182
1901,238
1902,111
1903,89
1904,242
1905,242
1906,144
1907,102
1908,263
1909,129
1910,169
1911,252
1912,63
1913,80
1914,172
1915,146
1916,114
1917,260
1918,209
1919,124
1920,41
1921,85
1922,171
1923,114
1924,159
1925,30
1926,104
1927,289
1928,101
1929,301
1930,15
1931,41
1932,289
1933,48
1934,32
1935,242
1936,160
1937,152
1938,114
1939,249
1940,78
1941,161
1942,12
1943,89
1944,85
1945,223
1946,276
1947,110
1948,102
1949,114
1950,53
1951,264
1952,113
1953,234
1954,191
1955,111
1956,117
1957,63
1958,229
