0,5572
1,20991
2,13246
3,16670
4,38528
5,8333
6,726
7,12465
8,19043
9,39411
10,1592
11,376
12,3232
13,908
14,937
15,980
16,8336
17,1198
18,5923
19,4205
20,6585
21,1428
22,12465
23,22570
24,14750
25,86
26,716
27,1033
28,4016
29,22537
30,3183
31,17116
32,34173
33,15830
34,14750
35,368
36,1487
37,5515
38,1388
39,4740
40,12465
41,2587
42,57618
43,641
44,3772
45,22537
46,8336
47,3084
48,8587
49,16115
50,17424
51,12305
52,14750
53,955
54,1787
55,1368
56,12465
57,16052
58,3955
59,21934
60,31068
61,4065
62,1838
63,21537
64,10386
65,2978
66,2182
67,22570
68,3227
69,1290
70,1964
71,983
72,13246
73,3102
74,7467
75,55
76,54
77,1324
78,2701
79,1425
80,3232
81,6142
82,430
83,716
84,277
85,4740
86,6363
87,6585
88,2849
89,1572
90,983
91,2847
92,19043
93,2384
94,1448
95,57618
96,19043
97,2371
98,34173
99,980
100,1129
101,294
102,488
103,10264
104,2036
105,18490
106,4408
107,853
108,55
109,10118
110,5923
111,1554
112,16052
113,12940
114,14545
115,17116
116,2692
117,853
118,1172
119,717
120,158
121,13016
122,1252
123,39411
124,1751
125,12940
126,19043
127,3310
128,153
129,24325
130,54
131,34173
132,2990
133,53
134,2692
135,2701
136,2312
137,259
138,4456
139,31068
140,16052
141,376
142,1850
143,7869
144,6587
145,6587
146,2540
147,808
148,19043
149,2169
150,33517
151,11464
152,5928
153,62
154,34173
155,721
156,57618
157,2978
158,17424
159,
160,1075
161,13246
162,17424
163,21934
164,4265
165,6585
166,16419
167,4774
168,5567
169,17116
170,22570
171,144927
172,901
173,622
174,12465
175,2371
176,6357
177,9136
178,2693
179,411
180,14999
181,622
182,1114
183,26151
184,937
185,6529
186,2693
187,3521
188,21537
189,26793
190,189
191,1936
192,9705
193,33517
194,10883
195,1524
196,144927
197,6529
198,576
199,2074
200,189
201,4196
202,31068
203,37220
204,1129
205,7387
206,57618
207,2820
208,7869
209,4394
210,31068
211,14750
212,4065
213,6357
214,339
215,100
216,210
217,5572
218,2401
219,1394
220,2401
221,5065
222,3310
223,1450
224,784
225,
226,4408
227,12943
228,7461
229,1075
230,13246
231,4456
232,6154
233,16668
234,3414
235,5923
236,376
237,86
238,45
239,14750
240,2555
241,2021
242,31068
243,2955
244,497
245,21934
246,5923
247,653
248,663
249,6899
250,4062
251,1979
252,619
253,21934
254,726
255,17116
256,8650
257,2701
258,4065
259,453
260,13246
261,180
262,1854
263,9136
264,1553
265,312
266,15335
267,5923
268,5928
269,12465
270,37220
271,3521
272,1239
273,13246
274,1033
275,1160
276,19043
277,34173
278,1277
279,12595
280,1912
281,19752
282,1143
283,16419
284,4196
285,1290
286,38528
287,6357
288,6357
289,1080
290,6357
291,750
292,2306
293,2825
294,7869
295,9965
296,672
297,21934
298,1717
299,6587
300,3232
301,8336
302,18490
303,3040
304,38528
305,144927
306,6357
307,23228
308,4375
309,
310,1386
311,10870
312,9965
313,12465
314,653
315,16106
316,26793
317,21440
318,4325
319,13246
320,3654
321,2956
322,12352
323,6710
324,5923
325,14750
326,5553
327,13246
328,920
329,9965
330,1033
331,3977
332,4408
333,4008
334,1673
335,62
336,823
337,6587
338,37206
339,808
340,204
341,4456
342,2231
343,21537
344,241
345,210
346,12595
347,7869
348,21934
349,6453
350,37206
351,7
352,266
353,37220
354,50
355,2813
356,914
357,6587
358,3996
359,368
360,16052
361,1317
362,37206
363,351
364,411
365,7461
366,2590
367,34173
368,5553
369,2938
370,144927
371,6710
372,4065
373,4990
374,515
375,2635
376,555
377,779
378,93
379,5065
380,771
381,2231
382,1685
383,3265
384,7869
385,16670
386,1301
387,641
388,5923
389,2120
390,2499
391,335
392,1713
393,13246
394,435
395,1239
396,13246
397,294
398,34173
399,515
400,11942
401,1277
402,3232
403,14750
404,52685
405,4008
406,16670
407,34173
408,1448
409,14750
410,344
411,34173
412,34173
413,2004
414,3923
415,258
416,517
417,158
418,258
419,5438
420,21440
421,6585
422,6154
423,236
424,691
425,16052
426,159
427,6587
428,12305
429,1515
430,2312
431,541
432,22570
433,13246
434,853
435,6374
436,33517
437,3066
438,1290
439,398
440,6582
441,6710
442,16670
443,2990
444,6587
445,6587
446,4145
447,22570
448,1713
449,5923
450,7712
451,4179
452,368
453,129
454,1428
455,37220
456,2585
457,4196
458,2937
459,726
460,34173
461,1957
462,2978
463,14545
464,12352
465,1791
466,7461
467,
468,21440
469,37220
470,3745
471,34173
472,39411
473,1640
474,24325
475,7869
476,897
477,2555
478,3227
479,37206
480,21934
481,19043
482,7049
483,12595
484,1033
485,2312
486,3084
487,86
488,13246
489,204
490,5065
491,2004
492,21934
493,390
494,13016
495,8336
496,250
497,7461
498,13078
499,893
500,1114
501,39411
502,1527
503,1129
504,2847
505,9230
506,1033
507,224
508,22570
509,10245
510,334
511,37206
512,128
513,31068
514,1640
515,24325
516,2753
517,180
518,4672
519,6899
520,3227
521,5626
522,6587
523,6899
524,31068
525,2021
526,204
527,22570
528,815
529,7461
530,3996
531,3745
532,6899
533,398
534,26793
535,5567
536,1695
537,619
538,21934
539,4859
540,34173
541,9971
542,197
543,4990
544,2825
545,5065
546,483
547,2555
548,1515
549,622
550,11665
551,2384
552,2202
553,7869
554,45
555,1610
556,1219
557,34173
558,13078
559,3084
560,22570
561,37206
562,3772
563,17424
564,12595
565,16746
566,12595
567,11464
568,3227
569,7869
570,2813
571,355
572,34173
573,4990
574,17116
575,1938
576,622
577,54
578,1366
579,5923
580,34173
581,2955
582,34173
583,7295
584,2825
585,646
586,53
587,3955
588,6154
589,14750
590,24325
591,328
592,7712
593,11665
594,330
595,517
596,1344
597,7295
598,422
599,21537
600,2826
601,1461
602,1301
603,2239
604,497
605,13246
606,16668
607,12940
608,877
609,12465
610,7295
611,5602
612,10870
613,
614,2813
615,1756
616,2182
617,34173
618,1375
619,2345
620,1141
621,5269
622,23228
623,144927
624,16052
625,2826
626,7869
627,6337
628,38528
629,1160
630,3772
631,19043
632,5515
633,17424
634,3938
635,21537
636,12075
637,99
638,1234
639,854
640,1080
641,3414
642,260
643,6710
644,2484
645,16115
646,23409
647,121
648,37220
649,2127
650,34173
651,13078
652,1075
653,2938
654,50
655,6587
656,144927
657,1368
658,2384
659,3923
660,17116
661,944
662,17116
663,15830
664,3227
665,945
666,5395
667,14750
668,6529
669,17424
670,1476
671,575
672,1084
673,937
674,6337
675,1321
676,545
677,2231
678,1979
679,38528
680,12305
681,7481
682,198
683,2371
684,3227
685,22570
686,1879
687,2308
688,99
689,14043
690,99
691,330
692,6374
693,5064
694,5064
695,3227
696,1891
697,7693
698,12305
699,853
700,5651
701,396
702,4740
703,2938
704,23409
705,144927
706,16052
707,3654
708,4145
709,20991
710,39411
711,10118
712,1676
713,2488
714,3414
715,4774
716,22537
717,637
718,20991
719,24325
720,5515
721,1080
722,1524
723,24325
724,7869
725,17116
726,1075
727,557
728,17116
729,16115
730,19043
731,6220
732,239
733,21440
734,6587
735,54
736,6899
737,19043
738,7859
739,3232
740,7712
741,3377
742,8333
743,4408
744,22537
745,23228
746,2422
747,3923
748,57618
749,532
750,397
751,3066
752,37220
753,57618
754,1879
755,18774
756,4313
757,2290
758,144927
759,812
760,330
761,34173
762,3811
763,2415
764,1301
765,17424
766,86
767,1314
768,2087
769,2083
770,6876
771,277
772,983
773,2384
774,240
775,24325
776,144927
777,21934
778,6357
779,57618
780,920
781,34173
782,823
783,13078
784,1553
785,37220
786,6710
787,9932
788,5602
789,1959
790,13246
791,404
792,515
793,33517
794,1515
795,3040
796,2290
797,1515
798,3996
799,6710
800,2231
801,5064
802,1169
803,6363
804,13078
805,3772
806,515
807,492
808,449
809,1864
810,20991
811,21934
812,153
813,1318
814,357
815,12595
816,23228
817,23228
818,14750
819,4016
820,1959
821,1366
822,21934
823,16670
824,261
825,1301
826,19043
827,16052
828,14750
829,5956
830,2239
831,1351
832,2290
833,7693
834,
835,3913
836,6582
837,1654
838,5553
839,13246
840,869
841,5923
842,3811
843,2825
844,3811
845,6357
846,1717
847,4
848,2590
849,808
850,14750
851,7918
852,13246
853,3265
854,1891
855,16052
856,17116
857,21934
858,6899
859,2825
860,264
861,1641
862,57618
863,57618
864,34173
865,4672
866,1553
867,2825
868,1964
869,823
870,96
871,983
872,6710
873,7869
874,4321
875,3265
876,14750
877,6154
878,3913
879,9144
880,1422
881,1031
882,1324
883,6587
884,15
885,12465
886,38
887,18774
888,34173
889,6587
890,823
891,9965
892,1033
893,3377
894,1141
895,1344
896,7693
897,1273
898,2499
899,2239
900,
901,13078
902,6710
903,14750
904,330
905,6899
906,12499
907,23228
908,356
909,7481
910,2231
911,1073
912,937
913,3310
914,
915,5928
916,1440
917,591
918,330
919,
920,13246
921,7712
922,2876
923,13246
924,17116
925,57618
926,5175
927,6646
928,3996
929,2398
930,23228
931,6899
932,2955
933,5044
934,5515
935,13016
936,34173
937,5065
938,2384
939,8336
940,2937
941,6154
942,7869
943,7481
944,33517
945,57618
946,10870
947,1838
948,646
949,2968
950,5515
951,1073
952,34173
953,8336
954,8862
955,144927
956,
957,34254
958,6587
959,1141
960,5928
961,13246
962,4205
963,3066
964,3066
965,16106
966,4062
967,86
968,6587
969,1685
970,10708
971,
972,1344
973,158
974,21934
975,24325
976,1713
977,506
978,8333
979,22570
980,1069
981,9144
982,2135
983,14750
984,144927
985,11464
986,6587
987,50
988,1075
989,1404
990,517
991,17424
992,58
993,1895
994,3227
995,3996
996,180
997,1553
998,4065
999,6899
1000,19043
1001,10118
1002,6710
1003,
1004,6154
1005,144927
1006,362
1007,3996
1008,37220
1009,893
1010,144927
1011,2202
1012,12465
1013,176
1014,15830
1015,5923
1016,575
1017,750
1018,6529
1019,4008
1020,4672
1021,244
1022,7693
1023,21934
1024,7712
1025,180
1026,16670
1027,1167
1028,397
1029,21
1030,6587
1031,2135
1032,6587
1033,5553
1034,18490
1035,405
1036,10560
1037,34173
1038,453
1039,8587
1040,1959
1041,1501
1042,20991
1043,7712
1044,7693
1045,750
1046,5602
1047,55
1048,31068
1049,37220
1050,21440
1051,6899
1052,3232
1053,12494
1054,1964
1055,38528
1056,6899
1057,19752
1058,14750
1059,1816
1060,144927
1061,34173
1062,1448
1063,3102
1064,236
1065,4321
1066,2398
1067,3232
1068,497
1069,2499
1070,
1071,5626
1072,34173
1073,5572
1074,159
1075,335
1076,21934
1077,1592
1078,1172
1079,1713
1080,144927
1081,21537
1082,6899
1083,532
1084,4375
1085,2499
1086,15830
1087,2308
1088,21934
1089,1028
1090,16746
1091,10870
1092,34173
1093,4265
1094,1366
1095,72
1096,6585
1097,180
1098,3265
1099,1114
1100,4859
1101,17116
1102,7693
1103,264
1104,14750
1105,
1106,1940
1107,209
1108,17655
1109,3654
1110,57618
1111,1442
1112,20991
1113,2899
1114,153
1115,9230
1116,15830
1117,129
1118,3183
1119,8336
1120,4990
1121,1259
1122,31068
1123,5553
1124,3232
1125,9144
1126,14750
1127,19043
1128,19752
1129,1324
1130,1794
1131,21934
1132,31068
1133,21537
1134,17424
1135,339
1136,4740
1137,5626
1138,5626
1139,5553
1140,3066
1141,13246
1142,21934
1143,34173
1144,1324
1145,129
1146,2542
1147,3814
1148,144927
1149,716
1150,687
1151,19752
1152,403
1153,3310
1154,13246
1155,2825
1156,4065
1157,9932
1158,34173
1159,1033
1160,23228
1161,4196
1162,1368
1163,14042
1164,31068
1165,12305
1166,21934
1167,180
1168,158
1169,1791
1170,37220
1171,2312
1172,3066
1173,34173
1174,83
1175,488
1176,15661
1177,2956
1178,16115
1179,5515
1180,4940
1181,14545
1182,37220
1183,2937
1184,11464
1185,1476
1186,7159
1187,1554
1188,153
1189,10883
1190,66
1191,6337
1192,14042
1193,6154
1194,397
1195,784
1196,2968
1197,239
1198,779
1199,12465
1200,606
1201,3259
1202,31068
1203,687
1204,38528
1205,1501
1206,34173
1207,7693
1208,22570
1209,294
1210,22537
1211,1033
1212,38528
1213,912
1214,16670
1215,12940
1216,5602
1217,15830
1218,50
1219,6529
1220,1515
1221,210
1222,5626
1223,7869
1224,11665
1225,893
1226,1234
1227,50
1228,5602
1229,21440
1230,13246
1231,17424
1232,10264
1233,5923
1234,23228
1235,1654
1236,1234
1237,159
1238,16052
1239,1075
1240,1344
1241,14750
1242,1023
1243,344
1244,128
1245,6899
1246,7625
1247,12943
1248,39411
1249,1816
1250,1033
1251,22537
1252,22537
1253,3066
1254,3923
1255,14750
1256,1188
1257,1515
1258,39
1259,319
1260,5572
1261,643
1262,376
1263,376
1264,9705
1265,920
1266,2439
1267,1033
1268,9144
1269,7481
1270,3772
1271,2256
1272,1031
1273,1301
1274,21934
1275,33517
1276,992
1277,84
1278,376
1279,31068
1280,920
1281,149
1282,21934
1283,7625
1284,12465
1285,711
1286,21934
1287,2956
1288,241
1289,2231
1290,678
1291,17116
1292,9230
1293,23409
1294,6710
1295,4740
1296,4062
1297,37220
1298,453
1299,16668
1300,1388
1301,16052
1302,84
1303,7869
1304,4265
1305,5602
1306,3102
1307,14545
1308,1640
1309,2187
1310,1717
1311,355
1312,7869
1313,453
1314,619
1315,576
1316,13016
1317,4179
1318,14750
1319,9230
1320,920
1321,2484
1322,2012
1323,1936
1324,16668
1325,376
1326,23228
1327,8336
1328,1310
1329,17424
1330,4048
1331,2231
1332,561
1333,4721
1334,83
1335,4196
1336,808
1337,16670
1338,2100
1339,9
1340,21934
1341,416
1342,16052
1343,3183
1344,66
1345,6337
1346,9965
1347,4497
1348,24325
1349,34173
1350,19043
1351,646
1352,1366
1353,5515
1354,1301
1355,2074
1356,5626
1357,17424
1358,1243
1359,3040
1360,5571
1361,541
1362,4394
1363,1344
1364,19043
1365,2938
1366,4196
1367,6154
1368,7712
1369,3183
1370,1169
1371,10870
1372,38528
1373,17424
1374,11665
1375,5923
1376,2120
1377,14750
1378,37206
1379,593
1380,427
1381,144927
1382,19043
1383,50
1384,4196
1385,992
1386,9965
1387,2415
1388,371
1389,721
1390,2820
1391,147
1392,7933
1393,12595
1394,9230
1395,773
1396,16115
1397,12595
1398,6710
1399,2036
1400,1301
1401,13078
1402,453
1403,129
1404,2439
1405,3084
1406,6714
1407,2187
1408,2484
1409,34173
1410,7869
1411,1106
1412,37220
1413,3856
1414,1301
1415,1368
1416,13078
1417,5395
1418,86
1419,14750
1420,149
1421,2968
1422,18974
1423,5592
1424,18490
1425,21934
1426,17116
1427,22570
1428,2590
1429,2307
1430,7159
1431,2307
1432,258
1433,2826
1434,983
1435,3183
1436,4065
1437,376
1438,6899
1439,3227
1440,26793
1441,1234
1442,289
1443,5175
1444,34173
1445,55
1446,13
1447,12595
1448,3066
1449,1031
1450,2384
1451,17116
1452,14042
1453,3227
1454,2937
1455,1160
1456,14750
1457,5572
1458,12305
1459,6587
1460,1428
1461,24325
1462,14999
1463,6585
1464,2555
1465,2951
1466,12465
1467,2169
1468,1620
1469,144927
1470,21440
1471,3414
1472,34173
1473,31
1474,13246
1475,34173
1476,1301
1477,144927
1478,1344
1479,681
1480,33517
1481,7625
1482,1
1483,129
1484,2951
1485,213
1486,9
1487,411
1488,1531
1489,2758
1490,13246
1491,1301
1492,12595
1493,4321
1494,398
1495,1344
1496,12595
1497,5651
1498,2819
1499,4743
1500,3066
1501,2899
1502,1033
1503,5553
1504,50
1505,344
1506,2398
1507,23
1508,5602
1509,1620
1510,21934
1511,1301
1512,5567
1513,4196
1514,438
1515,6899
1516,9
1517,34173
1518,31068
1519,158
1520,2106
1521,3084
1522,4774
1523,509
1524,515
1525,7387
1526,22570
1527,7693
1528,17424
1529,829
1530,20991
1531,9705
1532,37206
1533,1487
1534,7712
1535,37220
1536,1188
1537,3040
1538,980
1539,6357
1540,34173
1541,1717
1542,8336
1543,7712
1544,22570
1545,853
1546,23409
1547,1133
1548,515
1549,6337
1550,4874
1551,129
1552,17116
1553,72
1554,12595
1555,2290
1556,53
1557,672
1558,12465
1559,54
1560,9144
1561,18774
1562,84
1563,7049
1564,334
1565,11826
1566,6529
1567,646
1568,2951
1569,5064
1570,20991
1571,15335
1572,21257
1573,6374
1574,57618
1575,1524
1576,26151
1577,4219
1578,3814
1579,334
1580,7625
1581,4740
1582,23228
1583,3232
1584,11382
1585,22537
1586,3811
1587,
1588,955
1589,4743
1590,6154
1591,10708
1592,5571
1593,14042
1594,945
1595,3654
1596,5923
1597,4048
1598,12595
1599,13160
1600,31068
1601,1654
1602,22537
1603,72
1604,2398
1605,6357
1606,8336
1607,5928
1608,23228
1609,153
1610,16052
1611,1133
1612,72
1613,4016
1614,3227
1615,4016
1616,825
1617,825
1618,9971
1619,16106
1620,5923
1621,37220
1622,1879
1623,955
1624,4743
1625,3656
1626,575
1627,12943
1628,1317
1629,23
1630,4526
1631,384
1632,1394
1633,3227
1634,1033
1635,1676
1636,33517
1637,5923
1638,23409
1639,1277
1640,14043
1641,23409
1642,15830
1643,133
1644,1234
1645,23
1646,34173
1647,1301
1648,4408
1649,21440
1650,829
1651,16052
1652,611
1653,2384
1654,1245
1655,1981
1656,50
1657,16052
1658,72
1659,7693
1660,10118
1661,19043
1662,2398
1663,544
1664,6337
1665,7453
1666,2542
1667,3996
1668,2965
1669,22537
1670,558
1671,2290
1672,24325
1673,8336
1674,16052
1675,22537
1676,2074
1677,9705
1678,3772
1679,16052
1680,21934
1681,3295
1682,86
1683,1787
1684,3183
1685,1406
1686,17116
1687,3265
1688,15335
1689,2307
1690,1234
1691,37206
1692,21440
1693,20991
1694,3227
1695,2398
1696,1169
1697,159
1698,6899
1699,144927
1700,502
1701,10118
1702,1075
1703,1031
1704,4740
1705,84
1706,497
1707,21257
1708,37220
1709,561
1710,83
1711,5928
1712,21934
1713,37220
1714,5923
1715,431
1716,57618
1717,148
1718,2937
1719,16115
1720,5991
1721,2133
1722,18774
1723,12465
1724,26151
1725,458
1726,5928
1727,2469
1728,39411
1729,823
1730,15830
1731,240
1732,2730
1733,959
1734,2514
1735,9230
1736,4740
1737,240
1738,1301
1739,9965
1740,1524
1741,4
1742,9705
1743,8
1744,1422
1745,4774
1746,2587
1747,2826
1748,17116
1749,6587
1750,1379
1751,21257
1752,5269
1753,2825
1754,2074
1755,2826
1756,9230
1757,411
1758,2360
1759,42
1760,1622
1761,5429
1762,75
1763,4740
1764,7453
1765,7159
1766,6899
1767,7933
1768,75
1769,1717
1770,339
1771,34173
1772,309
1773,6357
1774,4859
1775,6357
1776,4
1777,7693
1778,497
1779,1436
1780,1252
1781,319
1782,21934
1783,2484
1784,5759
1785,13246
1786,532
1787,2169
1788,3414
1789,10883
1790,9230
1791,8587
1792,37220
1793,19752
1794,4740
1795,2202
1796,2899
1797,5991
1798,483
1799,4740
1800,34173
1801,328
1802,376
1803,96
1804,1239
1805,4
1806,7387
1807,7693
1808,6899
1809,5956
1810,34173
1811,38528
1812,328
1813,4743
1814,1640
1815,992
1816,784
1817,1524
1818,
1819,17424
1820,260
1821,289
1822,5065
1823,2087
1824,19043
1825,204
1826,1363
1827,5592
1828,9136
1829,12465
1830,5923
1831,3772
1832,319
1833,914
1834,3676
1835,39410
1836,16419
1837,641
1838,13246
1839,4145
1840,12595
1841,129
1842,34173
1843,37220
1844,144927
1845,2290
1846,23228
1847,3084
1848,12494
1849,1938
1850,2439
1851,3310
1852,1073
1853,11826
1854,7693
1855,2990
1856,3024
1857,869
1858,2982
1859,3040
1860,1160
1861,716
1862,1445
1863,3654
1864,1234
1865,362
1866,3310
1867,5923
1868,2100
1869,3183
1870,1075
1871,2938
1872,779
1873,2825
1874,6675
1875,6529
1876,12465
1877,339
1878,641
1879,4265
1880,66
1881,57618
1882,4740
1883,636
1884,23228
1885,266
1886,26151
1887,5064
1888,9069
1889,20991
1890,2919
1891,129
1892,4497
1893,2826
1894,18490
1895,862
1896,11942
1897,7918
1898,12465
1899,144927
1900,34173
1901,4048
1902,189
1903,5759
1904,1938
1905,514
1906,4740
1907,4016
1908,10560
1909,8042
1910,5382
1911,2398
1912,57618
1913,4740
1914,12465
1915,14043
1916,53
1917,9932
1918,914
1919,22537
1920,11
1921,274
1922,23228
1923,3772
1924,4859
1925,6363
1926,2209
1927,18974
1928,497
1929,509
1930,57618
1931,11
1932,4872
1933,5175
1934,21934
1935,1938
1936,26151
1937,142
1938,23409
1939,34173
1940,37220
1941,1532
1942,33517
1943,22537
1944,1310
1945,129
1946,16670
1947,33517
1948,72
1949,53
1950,546
1951,13078
1952,797
1953,6363
1954,575
1955,189
1956,945
1957,57618
1958,398
