0,3009148
1,25344802
2,7734960
3,40562982
4,13624857
5,3529266
6,355127
7,17203974
8,54997184
9,137351463
10,528330
11,129047
12,1997882
13,362884
14,593902
15,793354
16,6230693
17,876750
18,5860478
19,3293728
20,22265171
21,1068927
22,17203974
23,34042379
24,17807397
25,64935
26,398276
27,824941
28,1375673
29,327059582
30,2708617
31,28385884
32,23996936
33,66506589
34,17807397
35,178955
36,528883
37,3932137
38,547284
39,6009901
40,17203974
41,1375216
42,177466560
43,310708
44,10748512
45,327059582
46,6230693
47,1402544
48,9741944
49,49858736
50,33668915
51,18095624
52,17807397
53,385271
54,1147501
55,672192
56,17203974
57,18555109
58,1803829
59,58924275
60,24872980
61,2974639
62,1220431
63,63592770
64,19281829
65,2165475
66,1042430
67,34042379
68,1798869
69,1794582
70,3258009
71,1097820
72,7734960
73,1966155
74,8089106
75,42894
76,31644
77,661809
78,1249096
79,3439623
80,1997882
81,23370644
82,127495
83,398276
84,191898
85,6009901
86,19576234
87,22265171
88,3580699
89,2689979
90,1097820
91,1845400
92,54997184
93,6621454
94,833448
95,177466560
96,54997184
97,1627512
98,23996936
99,793354
100,1097016
101,104703
102,169447
103,2578104
104,546069
105,19987963
106,3015055
107,328854
108,42894
109,15570535
110,5860478
111,1053628
112,18555109
113,49911474
114,35121095
115,28385884
116,1884382
117,701675
118,318356
119,1066445
120,125006
121,19824361
122,2034597
123,137351463
124,945881
125,49911474
126,54997184
127,2240752
128,106729
129,132030717
130,31644
131,23996936
132,1329755
133,9619
134,1884382
135,1249096
136,4493280
137,149041
138,3355981
139,24872980
140,18555109
141,129047
142,275292
143,9730494
144,6528225
145,6528225
146,1892055
147,270247
148,54997184
149,1540409
150,103687075
151,15252691
152,3581207
153,12083
154,23996936
155,395874
156,177466560
157,2165475
158,33668915
159,
160,1131711
161,7734960
162,33668915
163,58924275
164,6278901
165,22265171
166,30034417
167,3580709
168,10539635
169,28385884
170,34042379
171,532064951
172,1009888
173,247857
174,17203974
175,1627512
176,1296302
177,9060727
178,903735
179,371175
180,47024504
181,247857
182,921541
183,53547851
184,593902
185,8438670
186,903735
187,1364381
188,63592770
189,93821039
190,177202
191,1506090
192,28801096
193,103687075
194,21649648
195,724983
196,532064951
197,8438670
198,326221
199,603207
200,177202
201,2727638
202,24872980
203,96340863
204,1097016
205,5701392
206,177466560
207,1361372
208,9730494
209,16302506
210,24872980
211,17807397
212,2974639
213,1296302
214,438414
215,39602
216,212273
217,3009148
218,1214692
219,1961501
220,1214692
221,9172795
222,2240752
223,383491
224,587085
225,1363
226,3015055
227,17638006
228,2612228
229,1131711
230,7734960
231,3355981
232,23383332
233,13574505
234,3864675
235,5860478
236,129047
237,64935
238,25757
239,17807397
240,836297
241,1045881
242,24872980
243,2657942
244,206312
245,58924275
246,5860478
247,474695
248,589092
249,6086887
250,2726936
251,3260621
252,400959
253,58924275
254,355127
255,28385884
256,1818655
257,1249096
258,2974639
259,203100
260,7734960
261,90892
262,635602
263,9060727
264,1867044
265,171776
266,58247291
267,5860478
268,3581207
269,17203974
270,96340863
271,1364381
272,327242
273,7734960
274,912212
275,387646
276,54997184
277,23996936
278,970132
279,10187176
280,1397946
281,16960185
282,690335
283,30034417
284,2727638
285,1794582
286,13624857
287,1296302
288,1296302
289,533656
290,1296302
291,564754
292,681622
293,1055155
294,9730494
295,3825616
296,680767
297,58924275
298,1008831
299,6528225
300,1997882
301,6230693
302,19987963
303,2894150
304,13624857
305,532064951
306,1296302
307,51233351
308,215000
309,1363
310,953195
311,22357255
312,3825616
313,17203974
314,474695
315,17570793
316,93821039
317,69807918
318,1007171
319,7734960
320,2718756
321,2211842
322,42910278
323,5744117
324,5860478
325,17807397
326,7735813
327,7734960
328,140174
329,3825616
330,912212
331,3320936
332,3015055
333,4209686
334,1057623
335,12083
336,796440
337,6528225
338,96339072
339,270247
340,213910
341,3355981
342,3423459
343,63592770
344,199263
345,212273
346,10187176
347,9730494
348,58924275
349,4853159
350,96339072
351,18425
352,90747
353,96340863
354,24634
355,1125685
356,1097365
357,6528225
358,2613061
359,178955
360,18555109
361,1296397
362,96339072
363,189730
364,371175
365,2612228
366,1340310
367,23996936
368,7735813
369,5958254
370,532064951
371,5744117
372,2974639
373,1911344
374,561971
375,1287878
376,152665
377,449168
378,107007
379,9172795
380,446445
381,3423459
382,310924
383,3058445
384,9730494
385,40562982
386,586712
387,310708
388,5860478
389,931487
390,2021290
391,105349
392,2062585
393,7734960
394,240795
395,327242
396,7734960
397,104703
398,23996936
399,173401
400,22004229
401,970132
402,1997882
403,17807397
404,145114464
405,4209686
406,40562982
407,23996936
408,833448
409,17807397
410,160316
411,23996936
412,23996936
413,2727900
414,2746286
415,209133
416,862238
417,125006
418,209133
419,5414588
420,69807918
421,22265171
422,23383332
423,99912
424,270191
425,18555109
426,51904
427,6528225
428,18095624
429,1735029
430,4493280
431,212655
432,34042379
433,7734960
434,701675
435,9443276
436,103687075
437,1153973
438,1794582
439,305585
440,6390103
441,5744117
442,40562982
443,1329755
444,6528225
445,6528225
446,2446639
447,34042379
448,2062585
449,5860478
450,8593016
451,4205549
452,178955
453,51134
454,1068927
455,96340863
456,464549
457,2727638
458,1236452
459,355127
460,23996936
461,2014146
462,2165475
463,35121095
464,42910278
465,1190527
466,2612228
467,
468,69807918
469,96340863
470,1069671
471,23996936
472,137351463
473,1294840
474,132030717
475,9730494
476,603359
477,836297
478,1798869
479,96339072
480,58924275
481,54997184
482,8853749
483,10187176
484,824941
485,4493280
486,1402544
487,64935
488,7734960
489,213910
490,9172795
491,2727900
492,58924275
493,173189
494,19824361
495,6230693
496,452884
497,2612228
498,7297552
499,526145
500,921541
501,137351463
502,1735433
503,1097016
504,1845400
505,4619961
506,824941
507,85301
508,34042379
509,18431790
510,175113
511,96339072
512,58042
513,24872980
514,1294840
515,132030717
516,2265525
517,90892
518,3787635
519,6086887
520,1798869
521,8164779
522,6528225
523,6086887
524,24872980
525,1045881
526,213910
527,34042379
528,831334
529,2612228
530,2613061
531,1069671
532,6086887
533,305585
534,93821039
535,10539635
536,536414
537,400959
538,58924275
539,3448426
540,23996936
541,8733682
542,169537
543,1911344
544,1055155
545,9172795
546,195055
547,836297
548,1735029
549,247857
550,18096298
551,6621454
552,1412577
553,9730494
554,25757
555,622641
556,496951
557,23996936
558,7297552
559,1402544
560,34042379
561,96339072
562,10748512
563,33668915
564,10187176
565,143281597
566,10187176
567,15252691
568,2309219
569,9730494
570,1125685
571,176536
572,23996936
573,1911344
574,28385884
575,814574
576,247857
577,31644
578,683128
579,5860478
580,23996936
581,2657942
582,23996936
583,4204947
584,1055155
585,227897
586,9619
587,1803829
588,23383332
589,17807397
590,132030717
591,305356
592,8593016
593,18096298
594,129951
595,363508
596,1427221
597,4204947
598,305076
599,63592770
600,2471059
601,412485
602,586712
603,2754398
604,883504
605,7734960
606,13574505
607,49911474
608,720917
609,17203974
610,4204947
611,4781234
612,22357255
613,
614,1125685
615,3100701
616,1042430
617,23996936
618,1300431
619,2385859
620,718964
621,34942061
622,51233351
623,532064951
624,18555109
625,2471059
626,9730494
627,4451047
628,13624857
629,387646
630,10748512
631,54997184
632,3932137
633,33668915
634,2964919
635,63592770
636,7091598
637,135161
638,1443377
639,856749
640,533656
641,3864675
642,215551
643,5744117
644,2671859
645,49858736
646,66165427
647,97999
648,96340863
649,1539139
650,23996936
651,7297552
652,1131711
653,5958254
654,24634
655,6528225
656,532064951
657,672192
658,6621454
659,2746286
660,28385884
661,650650
662,28385884
663,66506589
664,4169941
665,528970
666,5900505
667,17807397
668,8438670
669,33668915
670,713396
671,212036
672,785826
673,593902
674,4451047
675,1935735
676,785068
677,3423459
678,3260621
679,13624857
680,18095624
681,10629188
682,124149
683,1627512
684,1798869
685,34042379
686,1607761
687,1801589
688,135161
689,21422277
690,135161
691,129951
692,9443276
693,2223367
694,2223367
695,4169941
696,1740846
697,14303318
698,18095624
699,328854
700,4637037
701,297284
702,6009901
703,5958254
704,66165427
705,532064951
706,18555109
707,2718756
708,2446639
709,25344802
710,137351463
711,15570535
712,862426
713,949616
714,3864675
715,3580709
716,327059582
717,632365
718,25344802
719,132030717
720,3932137
721,533656
722,724983
723,132030717
724,9730494
725,28385884
726,1131711
727,493487
728,28385884
729,49858736
730,54997184
731,12188102
732,116709
733,69807918
734,6528225
735,31644
736,6086887
737,54997184
738,8136063
739,1997882
740,8593016
741,1980863
742,3529266
743,3015055
744,327059582
745,51233351
746,1972907
747,2746286
748,177466560
749,378399
750,379915
751,1153973
752,96340863
753,177466560
754,1607761
755,72598923
756,5506839
757,1597606
758,532064951
759,506389
760,129951
761,23996936
762,3711546
763,2137720
764,586712
765,33668915
766,55409
767,330185
768,1151767
769,1164322
770,4137683
771,191898
772,1097820
773,6621454
774,190029
775,132030717
776,532064951
777,58924275
778,1296302
779,177466560
780,140174
781,23996936
782,796440
783,7297552
784,1867044
785,96340863
786,5744117
787,8198852
788,4781234
789,1892566
790,7734960
791,148862
792,173401
793,103687075
794,1735029
795,2894150
796,1597606
797,1735029
798,2613061
799,5744117
800,3423459
801,2223367
802,499963
803,19576234
804,7297552
805,10748512
806,561971
807,206775
808,603101
809,1263575
810,25344802
811,58924275
812,106729
813,352201
814,342471
815,10187176
816,51233351
817,51233351
818,17807397
819,1375673
820,1892566
821,683128
822,58924275
823,40562982
824,72108
825,586712
826,54997184
827,18555109
828,17807397
829,4639419
830,2754398
831,737289
832,1597606
833,14303318
834,
835,424314
836,6390103
837,601922
838,7735813
839,7734960
840,412575
841,5860478
842,3711546
843,1055155
844,3711546
845,1296302
846,9258033
847,4284
848,1340310
849,270247
850,17807397
851,19106526
852,7734960
853,3058445
854,1740846
855,18555109
856,28385884
857,58924275
858,6086887
859,1055155
860,89478
861,589743
862,177466560
863,177466560
864,23996936
865,3787635
866,1867044
867,1055155
868,3258009
869,796440
870,45586
871,1097820
872,5744117
873,9730494
874,1688846
875,3058445
876,17807397
877,23383332
878,424314
879,14854418
880,1524483
881,459404
882,661809
883,6528225
884,8838
885,17203974
886,30229
887,72598923
888,23996936
889,6528225
890,796440
891,3825616
892,824941
893,1980863
894,718964
895,1427221
896,14303318
897,834250
898,2021290
899,2754398
900,
901,7297552
902,5744117
903,17807397
904,129951
905,6086887
906,34317525
907,51233351
908,195819
909,10629188
910,3423459
911,996829
912,593902
913,2240752
914,
915,3581207
916,1278519
917,494444
918,129951
919,
920,7734960
921,8593016
922,1221683
923,7734960
924,28385884
925,177466560
926,2103943
927,35169223
928,2613061
929,2787031
930,51233351
931,6086887
932,2657942
933,4024985
934,3932137
935,19803208
936,23996936
937,9172795
938,6621454
939,6230693
940,1236452
941,23383332
942,9730494
943,10629188
944,103687075
945,177466560
946,22357255
947,1220431
948,227897
949,1415735
950,3932137
951,996829
952,23996936
953,6230693
954,6821013
955,532064951
956,
957,19585280
958,6528225
959,718964
960,3581207
961,7734960
962,3293728
963,1153973
964,1153973
965,17570793
966,2726936
967,55409
968,6528225
969,310924
970,5913349
971,
972,1427221
973,125006
974,58924275
975,132030717
976,2062585
977,110629
978,3529266
979,34042379
980,501289
981,14854418
982,2517192
983,17807397
984,532064951
985,15252691
986,6528225
987,24634
988,1131711
989,443095
990,363508
991,33668915
992,59963
993,709533
994,1798869
995,2613061
996,90892
997,1867044
998,2974639
999,6086887
1000,54997184
1001,15570535
1002,5744117
1003,
1004,23383332
1005,532064951
1006,189453
1007,2613061
1008,96340863
1009,526145
1010,532064951
1011,1412577
1012,17203974
1013,90930
1014,66506589
1015,5860478
1016,212036
1017,564754
1018,8438670
1019,4209686
1020,3787635
1021,216102
1022,14303318
1023,58924275
1024,8593016
1025,90892
1026,40562982
1027,1359783
1028,379915
1029,6177
1030,6528225
1031,2517192
1032,6528225
1033,7735813
1034,19987963
1035,101174
1036,31402902
1037,23996936
1038,203100
1039,9741944
1040,1892566
1041,930736
1042,25344802
1043,8593016
1044,14303318
1045,564754
1046,4781234
1047,42894
1048,24872980
1049,96340863
1050,69807918
1051,6086887
1052,1997882
1053,12732078
1054,3258009
1055,13624857
1056,6086887
1057,16960185
1058,17807397
1059,1219774
1060,532064951
1061,23996936
1062,833448
1063,1966155
1064,99912
1065,1688846
1066,2787031
1067,1997882
1068,883504
1069,2021290
1070,
1071,8164779
1072,23996936
1073,3009148
1074,51904
1075,105349
1076,58924275
1077,528330
1078,318356
1079,2062585
1080,532064951
1081,63592770
1082,6086887
1083,378399
1084,215000
1085,2021290
1086,66506589
1087,1801589
1088,58924275
1089,645816
1090,143281597
1091,22357255
1092,23996936
1093,6278901
1094,683128
1095,17402
1096,22265171
1097,90892
1098,3058445
1099,921541
1100,3448426
1101,28385884
1102,14303318
1103,89478
1104,17807397
1105,
1106,1231117
1107,145579
1108,21375538
1109,2718756
1110,177466560
1111,579432
1112,25344802
1113,1480984
1114,106729
1115,4619961
1116,66506589
1117,51134
1118,2708617
1119,6230693
1120,1911344
1121,1295480
1122,24872980
1123,7735813
1124,1997882
1125,14854418
1126,17807397
1127,54997184
1128,16960185
1129,661809
1130,3222560
1131,58924275
1132,24872980
1133,63592770
1134,33668915
1135,438414
1136,6009901
1137,8164779
1138,8164779
1139,7735813
1140,1153973
1141,7734960
1142,58924275
1143,23996936
1144,661809
1145,117370
1146,1883991
1147,2877915
1148,532064951
1149,398276
1150,407829
1151,16960185
1152,254024
1153,2240752
1154,7734960
1155,1055155
1156,2974639
1157,8198852
1158,23996936
1159,824941
1160,51233351
1161,2727638
1162,672192
1163,21421458
1164,24872980
1165,18095624
1166,58924275
1167,90892
1168,125006
1169,1190527
1170,96340863
1171,4493280
1172,1153973
1173,23996936
1174,1789444
1175,169447
1176,56061335
1177,5705696
1178,49858736
1179,3932137
1180,7711881
1181,35121095
1182,96340863
1183,1236452
1184,15252691
1185,713396
1186,30750093
1187,1053628
1188,106729
1189,21649648
1190,28235
1191,4451047
1192,21421458
1193,23383332
1194,379915
1195,367604
1196,1415735
1197,116709
1198,449168
1199,17203974
1200,523269
1201,4549231
1202,24872980
1203,407829
1204,13624857
1205,339898
1206,23996936
1207,14303318
1208,34042379
1209,104703
1210,327059582
1211,912212
1212,13624857
1213,426884
1214,40562982
1215,49911474
1216,4781234
1217,66506589
1218,11574
1219,8438670
1220,1735029
1221,212273
1222,8164779
1223,9730494
1224,18096298
1225,526145
1226,1443377
1227,11574
1228,4781234
1229,69807918
1230,7734960
1231,33668915
1232,2578104
1233,5860478
1234,51233351
1235,601922
1236,1443377
1237,51904
1238,18555109
1239,1131711
1240,1427221
1241,17807397
1242,561550
1243,160316
1244,58042
1245,6086887
1246,7546554
1247,17638006
1248,137351463
1249,1219774
1250,912212
1251,327059582
1252,327059582
1253,1153973
1254,2746286
1255,17807397
1256,1073584
1257,1735029
1258,64986
1259,126769
1260,3009148
1261,551427
1262,129047
1263,129047
1264,28801096
1265,140174
1266,1584863
1267,912212
1268,14854418
1269,10629188
1270,10748512
1271,2441723
1272,459404
1273,586712
1274,58924275
1275,103687075
1276,382409
1277,12195
1278,129047
1279,24872980
1280,140174
1281,145571
1282,58924275
1283,7546554
1284,17203974
1285,482238
1286,58924275
1287,5705696
1288,199263
1289,3423459
1290,156896
1291,28385884
1292,4619961
1293,66165427
1294,5744117
1295,6009901
1296,2726936
1297,96340863
1298,203100
1299,13574505
1300,547284
1301,18555109
1302,12195
1303,9730494
1304,6278901
1305,4781234
1306,1966155
1307,35121095
1308,1294840
1309,980760
1310,1008831
1311,287816
1312,9730494
1313,203100
1314,400959
1315,326221
1316,19824361
1317,4205549
1318,17807397
1319,4619961
1320,140174
1321,2671859
1322,1004462
1323,1506090
1324,13574505
1325,129047
1326,51233351
1327,6230693
1328,702097
1329,33668915
1330,2757845
1331,3423459
1332,168865
1333,3132142
1334,1789444
1335,2727638
1336,270247
1337,40562982
1338,1556899
1339,17828
1340,58924275
1341,909546
1342,18555109
1343,2708617
1344,28235
1345,4451047
1346,3825616
1347,2137997
1348,132030717
1349,23996936
1350,54997184
1351,227897
1352,683128
1353,3932137
1354,586712
1355,603207
1356,8164779
1357,33668915
1358,638509
1359,2894150
1360,1418114
1361,212655
1362,16302506
1363,1427221
1364,54997184
1365,5958254
1366,2727638
1367,23383332
1368,8593016
1369,2708617
1370,875062
1371,22357255
1372,13624857
1373,33668915
1374,18096298
1375,5860478
1376,931487
1377,17807397
1378,96339072
1379,446872
1380,364794
1381,532064951
1382,54997184
1383,24634
1384,2727638
1385,382409
1386,3825616
1387,2137720
1388,209551
1389,395874
1390,1361372
1391,109196
1392,9435795
1393,10187176
1394,4619961
1395,514937
1396,49858736
1397,10187176
1398,5744117
1399,546069
1400,586712
1401,7297552
1402,203100
1403,55792
1404,1584863
1405,1402544
1406,10983902
1407,980760
1408,2671859
1409,23996936
1410,9730494
1411,861363
1412,96340863
1413,5128314
1414,586712
1415,672192
1416,7297552
1417,5900505
1418,64935
1419,17807397
1420,145571
1421,1415735
1422,31003998
1423,3522129
1424,19987963
1425,58924275
1426,28385884
1427,34042379
1428,1340310
1429,1060191
1430,30750093
1431,1060191
1432,209133
1433,2471059
1434,1097820
1435,2708617
1436,2974639
1437,129047
1438,6086887
1439,4169941
1440,93821039
1441,1443377
1442,140029
1443,2103943
1444,23996936
1445,42894
1446,14193
1447,10187176
1448,1153973
1449,459404
1450,6621454
1451,28385884
1452,21421458
1453,1798869
1454,1236452
1455,387646
1456,17807397
1457,3009148
1458,18095624
1459,6528225
1460,1800490
1461,132030717
1462,47024504
1463,22265171
1464,836297
1465,2559712
1466,17203974
1467,1540409
1468,3357110
1469,532064951
1470,69807918
1471,3864675
1472,23996936
1473,66520
1474,7734960
1475,23996936
1476,586712
1477,532064951
1478,1427221
1479,480653
1480,103687075
1481,7546554
1482,186583
1483,117370
1484,2559712
1485,138887
1486,30043
1487,371175
1488,457229
1489,1772431
1490,7734960
1491,586712
1492,10187176
1493,1688846
1494,305585
1495,1427221
1496,10187176
1497,4637037
1498,2453651
1499,5230507
1500,1153973
1501,1480984
1502,912212
1503,7735813
1504,24634
1505,160316
1506,2787031
1507,7827
1508,4781234
1509,484059
1510,58924275
1511,586712
1512,10539635
1513,2727638
1514,164321
1515,6086887
1516,30043
1517,23996936
1518,24872980
1519,125006
1520,1866681
1521,1402544
1522,3580709
1523,122344
1524,173401
1525,5701392
1526,34042379
1527,14303318
1528,33668915
1529,287242
1530,25344802
1531,28801096
1532,96339072
1533,528883
1534,8593016
1535,96340863
1536,1388798
1537,2894150
1538,862415
1539,1296302
1540,23996936
1541,9258033
1542,6230693
1543,8593016
1544,34042379
1545,701675
1546,66165427
1547,643482
1548,561971
1549,4451047
1550,7723897
1551,51134
1552,28385884
1553,17402
1554,10187176
1555,1597606
1556,9619
1557,125601
1558,17203974
1559,31644
1560,14854418
1561,72598923
1562,12195
1563,8853749
1564,175113
1565,6573876
1566,8438670
1567,227897
1568,2559712
1569,2223367
1570,25344802
1571,58247291
1572,32236994
1573,9443276
1574,177466560
1575,724983
1576,53547851
1577,3707120
1578,2877915
1579,175113
1580,7546554
1581,6009901
1582,51233351
1583,1997882
1584,8531715
1585,327059582
1586,3711546
1587,
1588,385271
1589,5230507
1590,23383332
1591,5913349
1592,1418114
1593,21421458
1594,536685
1595,2718756
1596,5860478
1597,2757845
1598,10187176
1599,78913606
1600,24872980
1601,601922
1602,327059582
1603,17402
1604,2787031
1605,1296302
1606,6230693
1607,3581207
1608,51233351
1609,106729
1610,18555109
1611,643482
1612,17402
1613,1375673
1614,2309219
1615,1375673
1616,567700
1617,567700
1618,8733682
1619,17570793
1620,5860478
1621,96340863
1622,1607761
1623,385271
1624,5230507
1625,3522548
1626,212036
1627,17638006
1628,1296397
1629,7827
1630,4115309
1631,403945
1632,1961501
1633,1798869
1634,912212
1635,862426
1636,103687075
1637,5860478
1638,66165427
1639,970132
1640,21422277
1641,66165427
1642,66506589
1643,108916
1644,1443377
1645,7827
1646,23996936
1647,586712
1648,3015055
1649,69807918
1650,287242
1651,18555109
1652,255952
1653,6621454
1654,372663
1655,2867902
1656,24634
1657,18555109
1658,17402
1659,14303318
1660,15570535
1661,54997184
1662,2787031
1663,191035
1664,4451047
1665,8943887
1666,1883991
1667,2613061
1668,2042428
1669,327059582
1670,259138
1671,1597606
1672,132030717
1673,6230693
1674,18555109
1675,327059582
1676,603207
1677,28801096
1678,10748512
1679,18555109
1680,58924275
1681,861691
1682,51052
1683,1147501
1684,2708617
1685,935815
1686,28385884
1687,3058445
1688,58247291
1689,1060191
1690,1443377
1691,96339072
1692,69807918
1693,25344802
1694,1798869
1695,2787031
1696,875062
1697,51904
1698,6086887
1699,532064951
1700,460336
1701,15570535
1702,1131711
1703,459404
1704,6009901
1705,12195
1706,206312
1707,32236994
1708,96340863
1709,168865
1710,1789444
1711,3581207
1712,58924275
1713,96340863
1714,5860478
1715,361877
1716,177466560
1717,42938
1718,1236452
1719,49858736
1720,12223086
1721,1205653
1722,72598923
1723,17203974
1724,53547851
1725,184470
1726,3581207
1727,3809615
1728,137351463
1729,796440
1730,66506589
1731,190029
1732,2757057
1733,978215
1734,1356348
1735,4619961
1736,6009901
1737,190029
1738,586712
1739,3825616
1740,724983
1741,4284
1742,28801096
1743,3059
1744,1524483
1745,3580709
1746,1375216
1747,2471059
1748,28385884
1749,6528225
1750,996639
1751,32236994
1752,34942061
1753,1055155
1754,603207
1755,2471059
1756,4619961
1757,371175
1758,533974
1759,54251
1760,1173512
1761,6656488
1762,64433
1763,6009901
1764,8943887
1765,30750093
1766,6086887
1767,9435795
1768,64433
1769,1008831
1770,438414
1771,23996936
1772,105795
1773,1296302
1774,3448426
1775,1296302
1776,4284
1777,14303318
1778,206312
1779,976675
1780,2034597
1781,126769
1782,58924275
1783,2671859
1784,3806466
1785,7734960
1786,378399
1787,1540409
1788,3864675
1789,21649648
1790,4619961
1791,9741944
1792,96340863
1793,16960185
1794,6009901
1795,1412577
1796,1480984
1797,12223086
1798,195055
1799,6009901
1800,23996936
1801,305356
1802,129047
1803,45586
1804,327242
1805,7011
1806,5701392
1807,14303318
1808,6086887
1809,4639419
1810,23996936
1811,13624857
1812,305356
1813,5230507
1814,1294840
1815,382409
1816,587085
1817,724983
1818,
1819,33668915
1820,114409
1821,140029
1822,9172795
1823,1151767
1824,54997184
1825,213910
1826,1294491
1827,3522129
1828,9060727
1829,17203974
1830,5860478
1831,10748512
1832,126769
1833,1097365
1834,2313078
1835,137351056
1836,30034417
1837,310708
1838,7734960
1839,2446639
1840,10187176
1841,117370
1842,23996936
1843,96340863
1844,532064951
1845,1597606
1846,51233351
1847,1402544
1848,12732078
1849,814574
1850,1584863
1851,2240752
1852,996829
1853,6573876
1854,14303318
1855,1329755
1856,1205322
1857,412575
1858,1711339
1859,2894150
1860,387646
1861,398276
1862,940986
1863,2718756
1864,1443377
1865,189453
1866,2240752
1867,5860478
1868,1556899
1869,2708617
1870,1131711
1871,5958254
1872,449168
1873,1055155
1874,6727669
1875,8438670
1876,17203974
1877,438414
1878,210333
1879,6278901
1880,28235
1881,177466560
1882,6009901
1883,196209
1884,51233351
1885,90747
1886,53547851
1887,2223367
1888,5226334
1889,25344802
1890,2114867
1891,117370
1892,2137997
1893,2471059
1894,19987963
1895,658116
1896,22004229
1897,19106526
1898,17203974
1899,532064951
1900,23996936
1901,2757845
1902,177202
1903,3806466
1904,814574
1905,321898
1906,6009901
1907,1375673
1908,31402902
1909,72631213
1910,3127895
1911,2787031
1912,177466560
1913,6009901
1914,17203974
1915,21422277
1916,9619
1917,8198852
1918,1097365
1919,327059582
1920,11119
1921,77641
1922,51233351
1923,10748512
1924,3448426
1925,19576234
1926,1032049
1927,31003998
1928,206312
1929,122344
1930,177466560
1931,11119
1932,4372519
1933,2103943
1934,58924275
1935,814574
1936,53547851
1937,74885
1938,66165427
1939,23996936
1940,96340863
1941,1354142
1942,103687075
1943,327059582
1944,702097
1945,51134
1946,40562982
1947,103687075
1948,17402
1949,9619
1950,241311
1951,7297552
1952,391385
1953,19576234
1954,212036
1955,177202
1956,735205
1957,177466560
1958,305585
