0,2
1,1
2,2
3,0
4,2
5,4
6,2
7,4
8,3
9,2
10,5
11,1
12,4
13,1
14,4
15,1
16,2
17,2
18,0
19,1
20,4
21,1
22,2
23,0
24,2
25,1
26,1
27,3
28,1
29,2
30,2
31,0
32,2
33,3
34,3
35,3
36,1
37,1
38,3
39,0
40,3
41,1
42,1
43,2
44,4
45,3
46,2
47,2
48,3
49,6
50,1
51,3
52,3
53,1
54,4
55,3
56,2
57,0
58,2
59,2
60,1
61,3
62,2
63,3
64,4
65,0
66,2
67,2
68,5
69,1
70,1
71,1
72,1
73,3
74,2
75,2
76,5
77,8
78,2
79,3
80,3
81,2
82,3
83,0
84,3
85,2
86,3
87,4
88,4
89,2
90,3
91,4
92,0
93,1
94,1
95,1
96,5
97,3
98,2
99,4
100,0
101,1
102,2
103,0
104,0
105,1
106,3
107,3
108,1
109,0
110,1
111,3
112,0
113,2
114,1
115,0
116,1
117,0
118,3
119,1
120,1
121,2
122,2
123,2
124,2
125,2
126,2
127,0
128,2
129,3
130,1
131,3
132,4
133,7
134,1
135,1
136,7
137,3
138,4
139,1
140,1
141,1
142,2
143,0
144,2
145,1
146,1
147,1
148,4
149,2
150,2
151,3
152,3
153,2
154,1
155,0
156,2
157,0
158,1
159,3
160,1
161,4
162,2
163,1
164,2
165,2
166,1
167,1
168,1
169,3
170,3
171,5
172,1
173,1
174,4
175,4
176,0
177,3
178,2
179,1
180,2
181,1
182,0
183,2
184,5
185,2
186,2
187,1
188,3
189,6
190,2
191,3
192,1
193,1
194,0
195,5
196,1
197,2
198,4
199,0
200,2
201,0
202,4
203,1
204,0
205,1
206,4
207,1
208,4
209,3
210,4
211,1
212,6
213,4
214,1
215,3
216,1
217,4
218,4
219,5
220,5
221,3
222,2
223,5
224,2
225,1
226,0
227,1
228,2
229,1
230,2
231,3
232,1
233,5
234,1
235,1
236,3
237,0
238,2
239,5
240,3
241,3
242,4
243,2
244,2
245,0
246,1
247,3
248,1
249,0
250,1
251,3
252,2
253,0
254,4
255,0
256,2
257,1
258,2
259,1
260,1
261,3
262,0
263,2
264,3
265,1
266,3
267,0
268,2
269,2
270,5
271,1
272,0
273,2
274,1
275,1
276,2
277,4
278,4
279,3
280,0
281,1
282,0
283,1
284,1
285,3
286,2
287,0
288,0
289,5
290,0
291,6
292,1
293,2
294,2
295,6
296,3
297,2
298,4
299,4
300,3
301,4
302,2
303,1
304,2
305,3
306,2
307,3
308,0
309,2
310,1
311,0
312,7
313,1
314,2
315,2
316,4
317,3
318,6
319,2
320,3
321,0
322,0
323,4
324,1
325,2
326,0
327,3
328,3
329,4
330,2
331,3
332,3
333,2
334,0
335,2
336,3
337,3
338,3
339,6
340,3
341,3
342,2
343,3
344,1
345,2
346,5
347,1
348,1
349,2
350,1
351,2
352,1
353,3
354,1
355,3
356,5
357,1
358,3
359,4
360,0
361,1
362,3
363,3
364,1
365,2
366,3
367,2
368,0
369,1
370,3
371,3
372,4
373,2
374,4
375,1
376,3
377,1
378,2
379,1
380,2
381,1
382,0
383,4
384,2
385,4
386,2
387,3
388,2
389,2
390,3
391,1
392,3
393,2
394,5
395,3
396,3
397,1
398,1
399,0
400,0
401,0
402,3
403,3
404,3
405,1
406,3
407,2
408,1
409,4
410,5
411,2
412,4
413,1
414,4
415,1
416,1
417,1
418,0
419,4
420,3
421,2
422,3
423,1
424,4
425,0
426,2
427,1
428,3
429,1
430,4
431,1
432,3
433,3
434,1
435,2
436,5
437,3
438,2
439,1
440,1
441,4
442,4
443,1
444,2
445,1
446,7
447,1
448,6
449,1
450,2
451,2
452,2
453,4
454,4
455,4
456,4
457,0
458,1
459,2
460,3
461,1
462,5
463,2
464,1
465,1
466,2
467,1
468,2
469,2
470,1
471,6
472,2
473,1
474,2
475,2
476,2
477,3
478,5
479,5
480,0
481,2
482,1
483,2
484,6
485,2
486,2
487,1
488,2
489,1
490,3
491,2
492,2
493,3
494,2
495,7
496,2
497,2
498,4
499,5
500,0
501,0
502,2
503,3
504,4
505,0
506,4
507,2
508,1
509,3
510,0
511,1
512,4
513,4
514,0
515,2
516,3
517,1
518,1
519,2
520,4
521,1
522,4
523,3
524,1
525,2
526,3
527,1
528,2
529,2
530,2
531,1
532,1
533,2
534,2
535,0
536,1
537,1
538,1
539,6
540,3
541,1
542,2
543,1
544,1
545,1
546,1
547,1
548,4
549,1
550,1
551,0
552,2
553,1
554,2
555,2
556,1
557,3
558,1
559,5
560,1
561,2
562,2
563,4
564,5
565,2
566,3
567,2
568,3
569,1
570,2
571,1
572,4
573,1
574,3
575,1
576,1
577,4
578,4
579,1
580,2
581,4
582,4
583,1
584,1
585,2
586,4
587,1
588,0
589,1
590,2
591,4
592,1
593,3
594,0
595,2
596,4
597,2
598,2
599,0
600,2
601,0
602,6
603,1
604,2
605,2
606,1
607,2
608,1
609,0
610,2
611,6
612,0
613,2
614,1
615,0
616,1
617,3
618,4
619,2
620,0
621,1
622,3
623,1
624,1
625,1
626,3
627,1
628,4
629,2
630,7
631,1
632,0
633,3
634,2
635,0
636,1
637,0
638,1
639,2
640,3
641,2
642,2
643,3
644,2
645,1
646,0
647,0
648,1
649,0
650,3
651,4
652,1
653,5
654,0
655,2
656,3
657,1
658,0
659,2
660,1
661,1
662,2
663,1
664,5
665,3
666,3
667,2
668,2
669,2
670,0
671,3
672,1
673,5
674,4
675,1
676,2
677,3
678,3
679,3
680,3
681,3
682,2
683,3
684,2
685,1
686,2
687,3
688,0
689,2
690,0
691,2
692,0
693,0
694,0
695,2
696,0
697,2
698,1
699,1
700,5
701,0
702,0
703,0
704,4
705,6
706,0
707,4
708,3
709,3
710,2
711,0
712,3
713,4
714,4
715,2
716,2
717,2
718,3
719,2
720,2
721,5
722,4
723,2
724,1
725,0
726,1
727,4
728,3
729,1
730,3
731,2
732,0
733,3
734,3
735,3
736,1
737,1
738,2
739,4
740,0
741,5
742,1
743,4
744,3
745,1
746,3
747,1
748,3
749,1
750,1
751,4
752,0
753,1
754,1
755,4
756,2
757,3
758,0
759,6
760,0
761,3
762,1
763,0
764,1
765,4
766,1
767,1
768,4
769,0
770,2
771,3
772,2
773,1
774,3
775,1
776,1
777,0
778,0
779,4
780,2
781,2
782,2
783,3
784,4
785,4
786,0
787,1
788,4
789,3
790,0
791,2
792,4
793,1
794,2
795,0
796,2
797,2
798,0
799,3
800,2
801,2
802,2
803,1
804,3
805,5
806,6
807,0
808,2
809,3
810,1
811,1
812,1
813,4
814,3
815,2
816,4
817,2
818,0
819,1
820,2
821,1
822,3
823,2
824,2
825,3
826,2
827,1
828,0
829,4
830,1
831,1
832,2
833,4
834,0
835,5
836,1
837,3
838,3
839,4
840,0
841,1
842,1
843,3
844,1
845,3
846,4
847,1
848,4
849,1
850,3
851,3
852,1
853,3
854,3
855,2
856,3
857,2
858,2
859,3
860,2
861,1
862,0
863,1
864,0
865,1
866,4
867,2
868,0
869,1
870,3
871,1
872,1
873,0
874,1
875,4
876,2
877,3
878,3
879,4
880,1
881,3
882,5
883,0
884,1
885,2
886,3
887,3
888,2
889,3
890,3
891,3
892,1
893,3
894,1
895,6
896,4
897,3
898,1
899,1
900,1
901,3
902,4
903,2
904,2
905,2
906,0
907,2
908,1
909,1
910,2
911,4
912,4
913,2
914,3
915,1
916,2
917,3
918,4
919,2
920,2
921,1
922,2
923,3
924,3
925,0
926,0
927,2
928,4
929,7
930,2
931,0
932,4
933,4
934,1
935,1
936,2
937,5
938,0
939,2
940,3
941,2
942,2
943,0
944,3
945,0
946,1
947,2
948,5
949,2
950,4
951,3
952,2
953,3
954,1
955,1
956,1
957,1
958,0
959,3
960,3
961,2
962,3
963,3
964,2
965,3
966,3
967,1
968,3
969,1
970,3
971,2
972,5
973,3
974,2
975,2
976,2
977,5
978,3
979,2
980,2
981,0
982,1
983,5
984,1
985,3
986,3
987,0
988,3
989,1
990,1
991,2
992,3
993,2
994,2
995,3
996,2
997,4
998,4
999,1
1000,3
1001,0
1002,4
1003,1
1004,1
1005,0
1006,4
1007,4
1008,0
1009,3
1010,4
1011,3
1012,3
1013,2
1014,1
1015,1
1016,2
1017,2
1018,3
1019,0
1020,1
1021,2
1022,2
1023,2
1024,3
1025,2
1026,4
1027,5
1028,1
1029,5
1030,0
1031,3
1032,1
1033,1
1034,1
1035,4
1036,3
1037,0
1038,1
1039,1
1040,2
1041,3
1042,3
1043,1
1044,1
1045,3
1046,2
1047,2
1048,2
1049,0
1050,1
1051,3
1052,6
1053,2
1054,2
1055,3
1056,1
1057,0
1058,2
1059,2
1060,2
1061,1
1062,1
1063,3
1064,1
1065,1
1066,4
1067,5
1068,2
1069,3
1070,1
1071,2
1072,1
1073,1
1074,2
1075,4
1076,1
1077,5
1078,1
1079,5
1080,2
1081,1
1082,1
1083,0
1084,0
1085,2
1086,4
1087,0
1088,1
1089,3
1090,2
1091,1
1092,3
1093,0
1094,2
1095,2
1096,2
1097,4
1098,4
1099,0
1100,5
1101,2
1102,1
1103,3
1104,0
1105,0
1106,3
1107,4
1108,5
1109,1
1110,1
1111,1
1112,5
1113,0
1114,1
1115,3
1116,3
1117,1
1118,8
1119,2
1120,3
1121,1
1122,4
1123,0
1124,3
1125,3
1126,4
1127,2
1128,4
1129,2
1130,3
1131,1
1132,1
1133,1
1134,1
1135,3
1136,2
1137,1
1138,2
1139,2
1140,1
1141,2
1142,0
1143,1
1144,4
1145,2
1146,1
1147,2
1148,2
1149,1
1150,1
1151,1
1152,3
1153,1
1154,1
1155,2
1156,4
1157,5
1158,1
1159,4
1160,2
1161,3
1162,3
1163,2
1164,3
1165,5
1166,1
1167,5
1168,5
1169,1
1170,2
1171,3
1172,1
1173,1
1174,0
1175,5
1176,4
1177,0
1178,0
1179,1
1180,3
1181,2
1182,1
1183,2
1184,1
1185,1
1186,1
1187,4
1188,1
1189,1
1190,3
1191,2
1192,2
1193,1
1194,1
1195,3
1196,3
1197,0
1198,0
1199,4
1200,0
1201,3
1202,2
1203,1
1204,4
1205,5
1206,2
1207,2
1208,2
1209,3
1210,2
1211,0
1212,3
1213,0
1214,6
1215,4
1216,3
1217,2
1218,2
1219,0
1220,1
1221,1
1222,1
1223,2
1224,2
1225,1
1226,1
1227,2
1228,5
1229,8
1230,2
1231,7
1232,4
1233,1
1234,3
1235,3
1236,2
1237,1
1238,0
1239,0
1240,4
1241,4
1242,5
1243,0
1244,5
1245,4
1246,2
1247,3
1248,3
1249,1
1250,0
1251,1
1252,4
1253,3
1254,3
1255,1
1256,6
1257,2
1258,1
1259,1
1260,4
1261,5
1262,4
1263,2
1264,3
1265,2
1266,2
1267,1
1268,1
1269,0
1270,5
1271,0
1272,4
1273,5
1274,1
1275,1
1276,2
1277,3
1278,1
1279,4
1280,2
1281,3
1282,1
1283,2
1284,1
1285,3
1286,2
1287,0
1288,3
1289,4
1290,3
1291,0
1292,1
1293,0
1294,0
1295,1
1296,1
1297,3
1298,3
1299,3
1300,2
1301,0
1302,4
1303,3
1304,2
1305,2
1306,2
1307,0
1308,1
1309,3
1310,4
1311,1
1312,2
1313,4
1314,2
1315,1
1316,1
1317,3
1318,1
1319,2
1320,4
1321,2
1322,5
1323,3
1324,1
1325,2
1326,4
1327,3
1328,1
1329,1
1330,3
1331,3
1332,1
1333,2
1334,3
1335,3
1336,3
1337,4
1338,1
1339,3
1340,1
1341,5
1342,2
1343,3
1344,1
1345,1
1346,3
1347,3
1348,1
1349,1
1350,0
1351,3
1352,5
1353,5
1354,6
1355,2
1356,1
1357,0
1358,2
1359,0
1360,4
1361,1
1362,1
1363,5
1364,2
1365,6
1366,1
1367,0
1368,1
1369,2
1370,4
1371,2
1372,1
1373,4
1374,1
1375,1
1376,3
1377,1
1378,4
1379,5
1380,2
1381,2
1382,2
1383,1
1384,1
1385,2
1386,6
1387,5
1388,2
1389,0
1390,2
1391,0
1392,2
1393,2
1394,1
1395,3
1396,3
1397,2
1398,4
1399,2
1400,3
1401,5
1402,3
1403,2
1404,3
1405,2
1406,4
1407,4
1408,3
1409,3
1410,1
1411,1
1412,0
1413,1
1414,3
1415,2
1416,3
1417,2
1418,1
1419,3
1420,3
1421,2
1422,6
1423,3
1424,1
1425,3
1426,3
1427,1
1428,3
1429,3
1430,2
1431,4
1432,1
1433,3
1434,2
1435,3
1436,1
1437,4
1438,1
1439,2
1440,3
1441,1
1442,3
1443,0
1444,2
1445,3
1446,0
1447,3
1448,1
1449,3
1450,0
1451,4
1452,1
1453,6
1454,2
1455,1
1456,2
1457,4
1458,4
1459,1
1460,1
1461,2
1462,3
1463,1
1464,3
1465,3
1466,1
1467,2
1468,4
1469,4
1470,2
1471,4
1472,1
1473,5
1474,3
1475,4
1476,4
1477,2
1478,5
1479,3
1480,2
1481,3
1482,1
1483,2
1484,2
1485,1
1486,1
1487,2
1488,1
1489,3
1490,1
1491,4
1492,1
1493,3
1494,3
1495,4
1496,3
1497,2
1498,1
1499,0
1500,4
1501,3
1502,0
1503,1
1504,0
1505,4
1506,7
1507,4
1508,4
1509,6
1510,2
1511,4
1512,1
1513,0
1514,2
1515,2
1516,1
1517,4
1518,4
1519,3
1520,2
1521,3
1522,5
1523,1
1524,4
1525,1
1526,1
1527,1
1528,2
1529,5
1530,1
1531,2
1532,1
1533,1
1534,3
1535,3
1536,1
1537,0
1538,1
1539,0
1540,3
1541,3
1542,3
1543,4
1544,0
1545,1
1546,0
1547,3
1548,2
1549,4
1550,1
1551,3
1552,2
1553,4
1554,3
1555,4
1556,3
1557,0
1558,0
1559,3
1560,3
1561,1
1562,4
1563,1
1564,0
1565,3
1566,0
1567,2
1568,0
1569,1
1570,3
1571,5
1572,5
1573,1
1574,1
1575,4
1576,2
1577,0
1578,2
1579,0
1580,5
1581,1
1582,2
1583,1
1584,1
1585,1
1586,1
1587,1
1588,1
1589,0
1590,0
1591,3
1592,5
1593,1
1594,1
1595,4
1596,1
1597,1
1598,5
1599,2
1600,2
1601,2
1602,4
1603,5
1604,8
1605,1
1606,5
1607,4
1608,1
1609,2
1610,0
1611,3
1612,3
1613,1
1614,3
1615,1
1616,4
1617,4
1618,2
1619,1
1620,0
1621,1
1622,1
1623,5
1624,0
1625,2
1626,3
1627,1
1628,1
1629,7
1630,2
1631,3
1632,6
1633,3
1634,0
1635,2
1636,0
1637,1
1638,1
1639,1
1640,3
1641,0
1642,2
1643,1
1644,2
1645,5
1646,1
1647,5
1648,4
1649,0
1650,2
1651,1
1652,1
1653,2
1654,1
1655,6
1656,0
1657,1
1658,5
1659,5
1660,2
1661,4
1662,3
1663,4
1664,1
1665,1
1666,1
1667,0
1668,1
1669,5
1670,3
1671,1
1672,2
1673,0
1674,1
1675,1
1676,2
1677,2
1678,3
1679,0
1680,1
1681,1
1682,4
1683,3
1684,1
1685,4
1686,0
1687,5
1688,1
1689,1
1690,1
1691,1
1692,2
1693,2
1694,2
1695,6
1696,5
1697,2
1698,1
1699,1
1700,3
1701,3
1702,0
1703,1
1704,0
1705,2
1706,2
1707,4
1708,2
1709,2
1710,0
1711,0
1712,0
1713,0
1714,0
1715,4
1716,1
1717,1
1718,2
1719,0
1720,0
1721,5
1722,3
1723,1
1724,3
1725,2
1726,2
1727,1
1728,1
1729,1
1730,1
1731,1
1732,2
1733,2
1734,3
1735,0
1736,2
1737,3
1738,5
1739,5
1740,3
1741,1
1742,3
1743,3
1744,3
1745,2
1746,1
1747,1
1748,1
1749,3
1750,3
1751,3
1752,2
1753,2
1754,1
1755,1
1756,4
1757,3
1758,3
1759,2
1760,3
1761,0
1762,5
1763,2
1764,2
1765,2
1766,4
1767,3
1768,8
1769,4
1770,4
1771,1
1772,3
1773,3
1774,5
1775,4
1776,2
1777,2
1778,4
1779,1
1780,5
1781,1
1782,0
1783,1
1784,0
1785,3
1786,2
1787,2
1788,4
1789,3
1790,1
1791,3
1792,0
1793,1
1794,0
1795,4
1796,1
1797,1
1798,0
1799,3
1800,3
1801,5
1802,1
1803,2
1804,2
1805,4
1806,1
1807,1
1808,4
1809,4
1810,3
1811,6
1812,4
1813,0
1814,3
1815,3
1816,1
1817,3
1818,2
1819,1
1820,1
1821,2
1822,2
1823,4
1824,1
1825,7
1826,2
1827,5
1828,1
1829,1
1830,0
1831,3
1832,0
1833,3
1834,5
1835,3
1836,1
1837,2
1838,1
1839,1
1840,4
1841,2
1842,4
1843,2
1844,0
1845,6
1846,2
1847,4
1848,4
1849,1
1850,2
1851,2
1852,5
1853,3
1854,0
1855,0
1856,2
1857,3
1858,3
1859,1
1860,1
1861,1
1862,0
1863,1
1864,2
1865,4
1866,2
1867,1
1868,0
1869,3
1870,0
1871,1
1872,2
1873,2
1874,6
1875,1
1876,0
1877,4
1878,0
1879,0
1880,1
1881,2
1882,2
1883,0
1884,5
1885,1
1886,3
1887,3
1888,0
1889,3
1890,0
1891,2
1892,1
1893,2
1894,1
1895,1
1896,0
1897,2
1898,1
1899,2
1900,2
1901,4
1902,4
1903,2
1904,1
1905,2
1906,4
1907,2
1908,1
1909,2
1910,1
1911,4
1912,3
1913,2
1914,4
1915,2
1916,4
1917,3
1918,7
1919,3
1920,0
1921,2
1922,3
1923,3
1924,4
1925,3
1926,2
1927,0
1928,1
1929,2
1930,0
1931,1
1932,3
1933,0
1934,1
1935,5
1936,4
1937,3
1938,2
1939,1
1940,0
1941,1
1942,0
1943,0
1944,0
1945,3
1946,2
1947,1
1948,2
1949,7
1950,1
1951,5
1952,1
1953,3
1954,4
1955,3
1956,2
1957,1
1958,2
