0,1
1,1
2,2
3,1
4,1
5,2
6,3
7,2
8,1
9,2
10,2
11,3
12,1
13,1
14,1
15,1
16,2
17,1
18,1
19,5
20,1
21,0
22,3
23,1
24,1
25,0
26,1
27,5
28,2
29,1
30,3
31,0
32,3
33,0
34,4
35,1
36,1
37,3
38,1
39,0
40,2
41,1
42,3
43,2
44,3
45,1
46,2
47,4
48,1
49,1
50,2
51,1
52,4
53,1
54,2
55,4
56,1
57,0
58,1
59,2
60,4
61,0
62,0
63,3
64,1
65,0
66,1
67,1
68,4
69,0
70,0
71,1
72,3
73,1
74,0
75,3
76,4
77,1
78,1
79,0
80,1
81,1
82,0
83,2
84,3
85,1
86,2
87,1
88,1
89,1
90,1
91,2
92,0
93,0
94,2
95,3
96,2
97,1
98,1
99,1
100,1
101,0
102,1
103,1
104,2
105,2
106,1
107,1
108,3
109,0
110,1
111,1
112,0
113,1
114,1
115,0
116,1
117,0
118,1
119,3
120,0
121,1
122,1
123,2
124,3
125,1
126,2
127,2
128,0
129,0
130,4
131,1
132,0
133,1
134,1
135,1
136,1
137,1
138,2
139,4
140,0
141,3
142,0
143,1
144,3
145,1
146,3
147,1
148,2
149,1
150,1
151,1
152,1
153,0
154,1
155,0
156,1
157,0
158,1
159,0
160,0
161,1
162,1
163,1
164,0
165,1
166,0
167,3
168,1
169,1
170,1
171,1
172,1
173,0
174,2
175,1
176,0
177,1
178,1
179,2
180,1
181,0
182,0
183,0
184,2
185,1
186,1
187,2
188,1
189,1
190,2
191,2
192,2
193,1
194,2
195,1
196,1
197,0
198,1
199,3
200,2
201,1
202,4
203,1
204,1
205,1
206,5
207,3
208,4
209,1
210,4
211,2
212,0
213,3
214,1
215,2
216,1
217,1
218,2
219,0
220,2
221,1
222,2
223,0
224,2
225,0
226,1
227,2
228,1
229,0
230,2
231,2
232,2
233,1
234,2
235,1
236,2
237,0
238,5
239,4
240,3
241,1
242,4
243,2
244,4
245,1
246,1
247,1
248,0
249,0
250,1
251,2
252,2
253,0
254,3
255,1
256,4
257,1
258,0
259,2
260,5
261,2
262,1
263,1
264,3
265,0
266,1
267,1
268,1
269,2
270,1
271,2
272,1
273,2
274,0
275,2
276,1
277,1
278,0
279,2
280,0
281,1
282,1
283,0
284,0
285,0
286,1
287,0
288,0
289,1
290,0
291,1
292,1
293,1
294,3
295,3
296,2
297,2
298,1
299,4
300,1
301,3
302,0
303,1
304,1
305,1
306,4
307,6
308,0
309,0
310,0
311,0
312,5
313,1
314,1
315,1
316,1
317,2
318,4
319,4
320,0
321,0
322,0
323,6
324,1
325,2
326,0
327,2
328,2
329,3
330,0
331,2
332,1
333,3
334,5
335,0
336,1
337,3
338,1
339,6
340,2
341,2
342,2
343,3
344,3
345,1
346,1
347,1
348,1
349,2
350,1
351,1
352,1
353,2
354,0
355,2
356,1
357,1
358,0
359,1
360,0
361,0
362,1
363,3
364,1
365,1
366,2
367,3
368,0
369,1
370,1
371,6
372,0
373,1
374,2
375,1
376,2
377,0
378,2
379,1
380,1
381,3
382,1
383,1
384,3
385,1
386,4
387,2
388,1
389,4
390,2
391,1
392,2
393,3
394,2
395,1
396,2
397,0
398,3
399,2
400,0
401,0
402,1
403,3
404,1
405,3
406,1
407,2
408,2
409,4
410,1
411,1
412,2
413,1
414,1
415,1
416,0
417,0
418,1
419,3
420,2
421,1
422,2
423,1
424,4
425,0
426,0
427,1
428,1
429,3
430,1
431,0
432,1
433,5
434,0
435,2
436,2
437,2
438,0
439,1
440,1
441,6
442,1
443,0
444,3
445,1
446,4
447,1
448,2
449,2
450,3
451,2
452,1
453,2
454,0
455,1
456,4
457,1
458,3
459,3
460,1
461,2
462,0
463,1
464,1
465,0
466,1
467,0
468,3
469,1
470,0
471,3
472,2
473,2
474,1
475,3
476,0
477,3
478,1
479,1
480,1
481,1
482,1
483,1
484,5
485,1
486,4
487,0
488,3
489,2
490,3
491,1
492,2
493,0
494,1
495,2
496,1
497,1
498,7
499,3
500,0
501,2
502,1
503,3
504,2
505,1
506,5
507,2
508,1
509,1
510,0
511,1
512,2
513,4
514,2
515,0
516,4
517,2
518,6
519,0
520,1
521,1
522,4
523,0
524,4
525,1
526,2
527,1
528,1
529,1
530,0
531,0
532,0
533,1
534,0
535,0
536,2
537,2
538,1
539,3
540,2
541,1
542,1
543,1
544,1
545,3
546,0
547,3
548,2
549,0
550,2
551,1
552,1
553,3
554,5
555,1
556,1
557,1
558,3
559,4
560,1
561,1
562,3
563,1
564,3
565,1
566,3
567,1
568,1
569,1
570,2
571,2
572,1
573,1
574,1
575,2
576,0
577,4
578,2
579,1
580,1
581,4
582,1
583,1
584,1
585,1
586,1
587,1
588,2
589,2
590,1
591,1
592,1
593,2
594,1
595,1
596,3
597,1
598,2
599,1
600,1
601,0
602,4
603,1
604,1
605,2
606,2
607,1
608,1
609,3
610,1
611,1
612,0
613,0
614,2
615,1
616,1
617,4
618,1
619,6
620,2
621,2
622,0
623,1
624,1
625,1
626,3
627,1
628,1
629,2
630,3
631,1
632,3
633,1
634,1
635,1
636,1
637,0
638,0
639,1
640,1
641,3
642,1
643,6
644,1
645,1
646,0
647,0
648,0
649,0
650,3
651,3
652,0
653,1
654,0
655,2
656,1
657,4
658,1
659,1
660,1
661,0
662,1
663,0
664,2
665,0
666,1
667,4
668,0
669,2
670,1
671,2
672,1
673,2
674,1
675,0
676,2
677,2
678,2
679,1
680,1
681,0
682,1
683,1
684,1
685,1
686,0
687,4
688,0
689,1
690,0
691,1
692,2
693,1
694,1
695,2
696,1
697,3
698,1
699,1
700,0
701,1
702,0
703,1
704,1
705,1
706,0
707,0
708,4
709,1
710,2
711,1
712,2
713,1
714,3
715,2
716,1
717,0
718,1
719,0
720,2
721,1
722,1
723,0
724,1
725,0
726,0
727,0
728,2
729,1
730,1
731,1
732,0
733,2
734,3
735,4
736,0
737,1
738,0
739,1
740,3
741,3
742,1
743,1
744,1
745,2
746,1
747,1
748,2
749,0
750,1
751,2
752,1
753,1
754,0
755,1
756,3
757,3
758,2
759,0
760,1
761,1
762,3
763,2
764,3
765,1
766,1
767,3
768,3
769,2
770,5
771,3
772,1
773,1
774,3
775,1
776,2
777,0
778,0
779,5
780,2
781,1
782,1
783,3
784,3
785,1
786,2
787,2
788,1
789,1
790,5
791,1
792,2
793,1
794,2
795,1
796,3
797,2
798,0
799,6
800,1
801,1
802,2
803,2
804,7
805,3
806,1
807,1
808,1
809,4
810,1
811,1
812,0
813,3
814,1
815,2
816,3
817,0
818,2
819,4
820,3
821,2
822,1
823,1
824,1
825,4
826,1
827,1
828,2
829,1
830,1
831,2
832,3
833,3
834,0
835,5
836,1
837,1
838,2
839,6
840,2
841,1
842,2
843,1
844,2
845,3
846,0
847,2
848,2
849,6
850,2
851,1
852,2
853,1
854,1
855,1
856,2
857,2
858,0
859,1
860,2
861,2
862,1
863,3
864,3
865,6
866,3
867,1
868,0
869,1
870,2
871,1
872,6
873,3
874,2
875,1
876,6
877,3
878,5
879,3
880,1
881,0
882,1
883,1
884,0
885,1
886,1
887,1
888,1
889,4
890,1
891,3
892,5
893,3
894,2
895,3
896,1
897,4
898,0
899,1
900,0
901,7
902,6
903,3
904,1
905,0
906,1
907,2
908,0
909,0
910,2
911,2
912,1
913,2
914,0
915,1
916,1
917,1
918,1
919,0
920,3
921,1
922,3
923,6
924,1
925,1
926,1
927,0
928,0
929,1
930,2
931,0
932,2
933,2
934,3
935,1
936,3
937,4
938,1
939,2
940,3
941,3
942,4
943,0
944,1
945,0
946,0
947,0
948,2
949,1
950,1
951,2
952,3
953,2
954,0
955,1
956,0
957,1
958,4
959,2
960,1
961,3
962,5
963,3
964,2
965,5
966,1
967,1
968,2
969,1
970,2
971,0
972,3
973,0
974,1
975,1
976,2
977,1
978,2
979,1
980,4
981,1
982,1
983,4
984,1
985,1
986,2
987,0
988,0
989,2
990,1
991,1
992,0
993,2
994,4
995,0
996,2
997,3
998,0
999,0
1000,1
1001,0
1002,6
1003,0
1004,2
1005,2
1006,1
1007,0
1008,0
1009,1
1010,2
1011,1
1012,2
1013,1
1014,1
1015,2
1016,2
1017,1
1018,1
1019,3
1020,6
1021,1
1022,3
1023,1
1024,1
1025,2
1026,1
1027,2
1028,1
1029,1
1030,0
1031,1
1032,1
1033,0
1034,0
1035,2
1036,0
1037,1
1038,2
1039,1
1040,2
1041,1
1042,1
1043,3
1044,2
1045,1
1046,1
1047,3
1048,2
1049,0
1050,5
1051,0
1052,1
1053,4
1054,1
1055,1
1056,0
1057,0
1058,4
1059,2
1060,1
1061,4
1062,2
1063,1
1064,1
1065,2
1066,1
1067,1
1068,1
1069,2
1070,0
1071,1
1072,3
1073,1
1074,0
1075,1
1076,1
1077,2
1078,1
1079,2
1080,1
1081,1
1082,0
1083,0
1084,0
1085,0
1086,1
1087,2
1088,1
1089,1
1090,1
1091,0
1092,0
1093,0
1094,2
1095,3
1096,1
1097,2
1098,1
1099,0
1100,3
1101,1
1102,2
1103,2
1104,2
1105,1
1106,0
1107,2
1108,1
1109,0
1110,1
1111,1
1112,1
1113,0
1114,0
1115,1
1116,1
1117,2
1118,3
1119,3
1120,1
1121,1
1122,4
1123,0
1124,1
1125,3
1126,1
1127,2
1128,1
1129,1
1130,1
1131,1
1132,2
1133,0
1134,1
1135,1
1136,3
1137,1
1138,1
1139,2
1140,1
1141,5
1142,1
1143,2
1144,1
1145,1
1146,1
1147,1
1148,1
1149,2
1150,1
1151,0
1152,1
1153,2
1154,6
1155,4
1156,0
1157,2
1158,1
1159,5
1160,1
1161,3
1162,4
1163,1
1164,2
1165,1
1166,1
1167,2
1168,0
1169,0
1170,1
1171,1
1172,2
1173,2
1174,1
1175,1
1176,1
1177,0
1178,1
1179,3
1180,3
1181,1
1182,1
1183,3
1184,1
1185,1
1186,2
1187,1
1188,0
1189,1
1190,1
1191,1
1192,1
1193,2
1194,1
1195,2
1196,1
1197,0
1198,0
1199,1
1200,1
1201,1
1202,2
1203,1
1204,1
1205,1
1206,2
1207,1
1208,1
1209,0
1210,1
1211,0
1212,1
1213,1
1214,1
1215,1
1216,1
1217,1
1218,1
1219,0
1220,1
1221,1
1222,1
1223,3
1224,1
1225,1
1226,0
1227,1
1228,1
1229,3
1230,6
1231,3
1232,1
1233,1
1234,2
1235,1
1236,0
1237,0
1238,0
1239,0
1240,3
1241,4
1242,1
1243,1
1244,2
1245,0
1246,2
1247,3
1248,2
1249,2
1250,0
1251,2
1252,2
1253,1
1254,1
1255,2
1256,0
1257,2
1258,0
1259,1
1260,1
1261,1
1262,3
1263,3
1264,2
1265,2
1266,3
1267,0
1268,2
1269,0
1270,1
1271,0
1272,0
1273,3
1274,1
1275,2
1276,1
1277,1
1278,3
1279,1
1280,2
1281,1
1282,1
1283,2
1284,1
1285,0
1286,2
1287,0
1288,3
1289,1
1290,0
1291,0
1292,1
1293,0
1294,2
1295,2
1296,1
1297,2
1298,2
1299,1
1300,1
1301,0
1302,1
1303,2
1304,0
1305,1
1306,1
1307,0
1308,2
1309,3
1310,2
1311,0
1312,1
1313,2
1314,2
1315,1
1316,1
1317,2
1318,4
1319,1
1320,2
1321,1
1322,6
1323,2
1324,3
1325,3
1326,2
1327,2
1328,0
1329,1
1330,2
1331,2
1332,0
1333,4
1334,1
1335,3
1336,6
1337,1
1338,0
1339,0
1340,1
1341,5
1342,1
1343,3
1344,1
1345,1
1346,3
1347,0
1348,0
1349,1
1350,1
1351,2
1352,2
1353,2
1354,4
1355,3
1356,1
1357,1
1358,0
1359,1
1360,3
1361,0
1362,1
1363,3
1364,1
1365,1
1366,1
1367,2
1368,3
1369,3
1370,1
1371,2
1372,1
1373,1
1374,2
1375,1
1376,4
1377,2
1378,1
1379,1
1380,2
1381,1
1382,2
1383,0
1384,1
1385,1
1386,5
1387,2
1388,1
1389,0
1390,3
1391,1
1392,0
1393,1
1394,2
1395,1
1396,1
1397,3
1398,3
1399,2
1400,3
1401,7
1402,2
1403,4
1404,3
1405,4
1406,3
1407,3
1408,1
1409,1
1410,3
1411,1
1412,1
1413,2
1414,3
1415,4
1416,7
1417,1
1418,0
1419,4
1420,1
1421,1
1422,1
1423,1
1424,1
1425,1
1426,3
1427,1
1428,2
1429,1
1430,3
1431,1
1432,1
1433,1
1434,1
1435,3
1436,0
1437,3
1438,0
1439,2
1440,1
1441,0
1442,2
1443,1
1444,3
1445,3
1446,1
1447,3
1448,2
1449,0
1450,1
1451,2
1452,1
1453,4
1454,3
1455,2
1456,2
1457,1
1458,1
1459,1
1460,0
1461,1
1462,1
1463,1
1464,3
1465,3
1466,2
1467,1
1468,0
1469,1
1470,5
1471,2
1472,1
1473,0
1474,5
1475,3
1476,4
1477,1
1478,3
1479,1
1480,1
1481,5
1482,1
1483,1
1484,3
1485,1
1486,0
1487,2
1488,2
1489,2
1490,6
1491,4
1492,1
1493,2
1494,1
1495,3
1496,2
1497,0
1498,1
1499,0
1500,3
1501,0
1502,0
1503,2
1504,0
1505,1
1506,1
1507,0
1508,1
1509,1
1510,2
1511,3
1512,1
1513,1
1514,3
1515,0
1516,0
1517,2
1518,3
1519,0
1520,1
1521,4
1522,3
1523,2
1524,2
1525,1
1526,1
1527,1
1528,1
1529,1
1530,1
1531,2
1532,1
1533,1
1534,2
1535,1
1536,1
1537,1
1538,0
1539,0
1540,1
1541,0
1542,2
1543,2
1544,1
1545,0
1546,0
1547,1
1548,2
1549,2
1550,3
1551,2
1552,1
1553,3
1554,1
1555,3
1556,1
1557,0
1558,0
1559,4
1560,3
1561,2
1562,1
1563,1
1564,0
1565,2
1566,0
1567,1
1568,3
1569,1
1570,1
1571,4
1572,1
1573,2
1574,1
1575,1
1576,0
1577,1
1578,1
1579,0
1580,5
1581,3
1582,2
1583,0
1584,2
1585,1
1586,1
1587,1
1588,1
1589,0
1590,2
1591,2
1592,3
1593,1
1594,1
1595,0
1596,2
1597,1
1598,3
1599,2
1600,3
1601,1
1602,1
1603,3
1604,1
1605,3
1606,1
1607,1
1608,1
1609,0
1610,0
1611,1
1612,3
1613,4
1614,2
1615,4
1616,1
1617,1
1618,2
1619,2
1620,1
1621,0
1622,0
1623,1
1624,0
1625,1
1626,2
1627,3
1628,0
1629,0
1630,1
1631,2
1632,0
1633,4
1634,0
1635,2
1636,1
1637,2
1638,1
1639,0
1640,2
1641,2
1642,1
1643,0
1644,0
1645,0
1646,4
1647,4
1648,1
1649,5
1650,1
1651,0
1652,1
1653,1
1654,1
1655,1
1656,0
1657,1
1658,3
1659,2
1660,1
1661,1
1662,1
1663,2
1664,1
1665,1
1666,1
1667,0
1668,0
1669,1
1670,1
1671,3
1672,0
1673,0
1674,1
1675,1
1676,3
1677,2
1678,1
1679,0
1680,1
1681,1
1682,0
1683,2
1684,3
1685,3
1686,1
1687,1
1688,1
1689,1
1690,0
1691,1
1692,5
1693,1
1694,2
1695,1
1696,1
1697,0
1698,0
1699,1
1700,0
1701,1
1702,0
1703,0
1704,0
1705,1
1706,4
1707,1
1708,1
1709,0
1710,1
1711,1
1712,1
1713,0
1714,0
1715,1
1716,1
1717,2
1718,3
1719,1
1720,2
1721,7
1722,1
1723,1
1724,0
1725,1
1726,1
1727,6
1728,1
1729,2
1730,0
1731,3
1732,1
1733,3
1734,1
1735,1
1736,2
1737,3
1738,3
1739,3
1740,1
1741,2
1742,2
1743,0
1744,1
1745,3
1746,1
1747,1
1748,1
1749,3
1750,0
1751,1
1752,1
1753,1
1754,3
1755,1
1756,2
1757,1
1758,1
1759,2
1760,1
1761,0
1762,7
1763,3
1764,2
1765,2
1766,0
1767,0
1768,7
1769,2
1770,1
1771,1
1772,3
1773,4
1774,3
1775,4
1776,2
1777,1
1778,4
1779,2
1780,1
1781,1
1782,0
1783,1
1784,1
1785,4
1786,0
1787,1
1788,2
1789,1
1790,1
1791,2
1792,0
1793,1
1794,0
1795,4
1796,0
1797,2
1798,0
1799,3
1800,1
1801,1
1802,3
1803,2
1804,1
1805,1
1806,1
1807,2
1808,0
1809,2
1810,4
1811,1
1812,1
1813,0
1814,2
1815,1
1816,2
1817,1
1818,0
1819,1
1820,3
1821,2
1822,1
1823,3
1824,0
1825,2
1826,1
1827,1
1828,1
1829,3
1830,1
1831,3
1832,1
1833,1
1834,0
1835,2
1836,0
1837,2
1838,1
1839,4
1840,3
1841,1
1842,1
1843,1
1844,1
1845,3
1846,1
1847,4
1848,2
1849,2
1850,3
1851,2
1852,2
1853,2
1854,2
1855,0
1856,5
1857,2
1858,0
1859,1
1860,2
1861,2
1862,0
1863,0
1864,0
1865,1
1866,2
1867,1
1868,0
1869,3
1870,0
1871,1
1872,0
1873,1
1874,2
1875,1
1876,2
1877,1
1878,0
1879,0
1880,1
1881,1
1882,2
1883,0
1884,1
1885,1
1886,0
1887,1
1888,2
1889,1
1890,0
1891,1
1892,0
1893,2
1894,1
1895,1
1896,0
1897,1
1898,1
1899,5
1900,2
1901,2
1902,2
1903,1
1904,2
1905,0
1906,1
1907,2
1908,0
1909,1
1910,1
1911,1
1912,1
1913,2
1914,2
1915,1
1916,1
1917,2
1918,1
1919,1
1920,0
1921,1
1922,1
1923,1
1924,3
1925,0
1926,3
1927,1
1928,4
1929,2
1930,0
1931,0
1932,5
1933,0
1934,0
1935,2
1936,0
1937,0
1938,2
1939,4
1940,0
1941,2
1942,0
1943,1
1944,0
1945,2
1946,1
1947,1
1948,3
1949,1
1950,1
1951,13
1952,1
1953,2
1954,2
1955,2
1956,4
1957,1
1958,1
