0,0
1,1
2,1
3,0
4,1
5,1
6,3
7,3
8,0
9,1
10,3
11,2
12,1
13,2
14,1
15,1
16,3
17,2
18,1
19,2
20,1
21,0
22,1
23,0
24,2
25,0
26,0
27,2
28,4
29,1
30,3
31,5
32,2
33,1
34,2
35,1
36,1
37,1
38,0
39,1
40,3
41,3
42,1
43,1
44,4
45,1
46,1
47,1
48,1
49,1
50,1
51,1
52,0
53,1
54,1
55,3
56,1
57,1
58,1
59,2
60,1
61,0
62,0
63,4
64,1
65,0
66,1
67,2
68,3
69,0
70,3
71,4
72,2
73,1
74,1
75,1
76,3
77,2
78,2
79,0
80,1
81,1
82,0
83,0
84,2
85,1
86,1
87,1
88,3
89,0
90,1
91,1
92,3
93,1
94,2
95,2
96,2
97,1
98,2
99,2
100,1
101,0
102,2
103,0
104,0
105,2
106,1
107,2
108,2
109,1
110,1
111,0
112,1
113,2
114,1
115,1
116,1
117,2
118,2
119,1
120,0
121,1
122,2
123,2
124,2
125,0
126,2
127,1
128,0
129,1
130,1
131,3
132,0
133,2
134,1
135,1
136,2
137,1
138,1
139,2
140,1
141,2
142,1
143,4
144,2
145,2
146,1
147,2
148,2
149,1
150,1
151,1
152,1
153,0
154,0
155,1
156,1
157,0
158,3
159,0
160,1
161,3
162,0
163,1
164,0
165,1
166,2
167,0
168,1
169,2
170,1
171,1
172,1
173,0
174,4
175,1
176,0
177,1
178,0
179,3
180,0
181,1
182,2
183,0
184,1
185,1
186,0
187,1
188,1
189,1
190,5
191,1
192,1
193,1
194,0
195,2
196,1
197,1
198,1
199,0
200,4
201,2
202,3
203,0
204,2
205,1
206,3
207,1
208,6
209,3
210,2
211,2
212,0
213,2
214,0
215,1
216,0
217,1
218,1
219,0
220,3
221,1
222,1
223,0
224,1
225,0
226,0
227,1
228,1
229,1
230,4
231,1
232,0
233,1
234,0
235,1
236,3
237,0
238,2
239,5
240,4
241,0
242,3
243,1
244,2
245,0
246,0
247,1
248,1
249,0
250,1
251,0
252,3
253,2
254,3
255,2
256,2
257,2
258,0
259,0
260,2
261,1
262,0
263,1
264,2
265,0
266,2
267,1
268,1
269,3
270,2
271,1
272,0
273,1
274,1
275,1
276,1
277,1
278,0
279,3
280,1
281,1
282,1
283,2
284,1
285,0
286,0
287,3
288,3
289,1
290,3
291,1
292,2
293,4
294,4
295,3
296,4
297,3
298,2
299,2
300,0
301,4
302,1
303,1
304,0
305,1
306,2
307,3
308,3
309,0
310,1
311,1
312,3
313,2
314,1
315,3
316,0
317,2
318,6
319,1
320,0
321,1
322,1
323,3
324,1
325,2
326,2
327,3
328,3
329,2
330,0
331,2
332,1
333,1
334,0
335,1
336,2
337,4
338,1
339,5
340,2
341,1
342,2
343,5
344,3
345,1
346,3
347,5
348,1
349,1
350,1
351,0
352,0
353,1
354,0
355,1
356,2
357,3
358,0
359,1
360,0
361,0
362,1
363,2
364,2
365,4
366,2
367,2
368,1
369,1
370,1
371,2
372,0
373,1
374,1
375,3
376,0
377,0
378,1
379,2
380,2
381,1
382,2
383,1
384,2
385,2
386,2
387,1
388,0
389,2
390,1
391,1
392,1
393,3
394,2
395,1
396,2
397,0
398,1
399,0
400,2
401,0
402,2
403,4
404,1
405,1
406,0
407,1
408,2
409,3
410,1
411,2
412,3
413,1
414,2
415,0
416,0
417,0
418,0
419,4
420,2
421,1
422,2
423,1
424,1
425,1
426,0
427,1
428,1
429,1
430,1
431,0
432,1
433,6
434,1
435,0
436,3
437,3
438,0
439,1
440,1
441,3
442,2
443,0
444,2
445,4
446,3
447,1
448,2
449,1
450,1
451,2
452,0
453,2
454,0
455,2
456,3
457,0
458,1
459,3
460,2
461,0
462,0
463,1
464,1
465,0
466,0
467,0
468,1
469,2
470,3
471,2
472,1
473,4
474,1
475,3
476,0
477,4
478,1
479,2
480,0
481,1
482,1
483,1
484,6
485,0
486,2
487,0
488,3
489,2
490,4
491,1
492,2
493,0
494,1
495,2
496,0
497,1
498,3
499,3
500,2
501,1
502,1
503,2
504,1
505,3
506,3
507,3
508,1
509,1
510,1
511,0
512,1
513,3
514,2
515,0
516,3
517,0
518,1
519,0
520,1
521,2
522,1
523,0
524,2
525,0
526,1
527,0
528,1
529,1
530,0
531,1
532,0
533,2
534,0
535,1
536,0
537,3
538,1
539,4
540,2
541,1
542,1
543,2
544,3
545,2
546,0
547,2
548,2
549,0
550,3
551,1
552,1
553,2
554,1
555,1
556,1
557,1
558,4
559,4
560,2
561,1
562,2
563,1
564,4
565,1
566,1
567,2
568,2
569,3
570,1
571,2
572,1
573,0
574,2
575,3
576,1
577,3
578,3
579,0
580,1
581,1
582,2
583,1
584,2
585,2
586,2
587,1
588,0
589,3
590,1
591,1
592,3
593,1
594,1
595,2
596,0
597,2
598,3
599,3
600,1
601,0
602,2
603,2
604,0
605,1
606,2
607,3
608,1
609,0
610,1
611,1
612,1
613,0
614,1
615,0
616,1
617,2
618,1
619,3
620,1
621,1
622,1
623,1
624,1
625,1
626,4
627,1
628,1
629,1
630,3
631,0
632,0
633,2
634,2
635,2
636,1
637,1
638,0
639,1
640,1
641,1
642,2
643,4
644,1
645,0
646,1
647,0
648,1
649,1
650,1
651,3
652,1
653,1
654,0
655,3
656,0
657,2
658,1
659,0
660,1
661,1
662,1
663,0
664,1
665,0
666,2
667,4
668,0
669,0
670,1
671,1
672,1
673,1
674,1
675,0
676,1
677,3
678,1
679,1
680,1
681,1
682,1
683,1
684,1
685,0
686,0
687,2
688,0
689,2
690,0
691,0
692,0
693,0
694,0
695,1
696,0
697,1
698,1
699,1
700,0
701,0
702,1
703,0
704,1
705,1
706,1
707,0
708,2
709,2
710,4
711,1
712,1
713,2
714,2
715,1
716,1
717,0
718,1
719,1
720,1
721,1
722,2
723,0
724,4
725,3
726,1
727,0
728,2
729,0
730,2
731,2
732,1
733,2
734,2
735,3
736,0
737,2
738,0
739,3
740,1
741,2
742,2
743,1
744,1
745,2
746,0
747,1
748,5
749,0
750,0
751,2
752,0
753,1
754,0
755,1
756,1
757,1
758,0
759,0
760,0
761,1
762,0
763,0
764,1
765,2
766,0
767,1
768,2
769,0
770,2
771,0
772,5
773,1
774,4
775,1
776,0
777,0
778,1
779,6
780,2
781,2
782,1
783,0
784,2
785,0
786,4
787,0
788,2
789,1
790,2
791,1
792,3
793,2
794,2
795,0
796,1
797,1
798,0
799,3
800,2
801,1
802,0
803,0
804,2
805,2
806,1
807,1
808,1
809,2
810,2
811,1
812,0
813,3
814,0
815,2
816,5
817,2
818,1
819,2
820,1
821,1
822,2
823,2
824,1
825,2
826,1
827,1
828,2
829,1
830,1
831,3
832,2
833,3
834,0
835,4
836,1
837,2
838,6
839,6
840,0
841,0
842,1
843,6
844,1
845,3
846,0
847,1
848,1
849,1
850,3
851,1
852,2
853,1
854,2
855,1
856,4
857,1
858,0
859,2
860,1
861,1
862,1
863,1
864,0
865,1
866,2
867,2
868,2
869,0
870,2
871,3
872,2
873,2
874,3
875,1
876,1
877,3
878,2
879,1
880,1
881,0
882,2
883,1
884,0
885,3
886,1
887,1
888,1
889,2
890,1
891,3
892,1
893,2
894,3
895,3
896,1
897,4
898,1
899,1
900,0
901,3
902,5
903,1
904,1
905,0
906,0
907,2
908,1
909,3
910,1
911,3
912,1
913,2
914,0
915,1
916,1
917,1
918,1
919,0
920,2
921,1
922,2
923,5
924,4
925,0
926,1
927,0
928,0
929,1
930,1
931,0
932,2
933,2
934,2
935,1
936,3
937,2
938,1
939,2
940,3
941,2
942,4
943,3
944,0
945,0
946,0
947,0
948,1
949,1
950,1
951,2
952,1
953,4
954,0
955,0
956,0
957,1
958,1
959,1
960,1
961,3
962,3
963,2
964,1
965,1
966,1
967,0
968,3
969,3
970,1
971,0
972,1
973,0
974,1
975,1
976,3
977,1
978,1
979,1
980,1
981,1
982,1
983,2
984,1
985,1
986,2
987,0
988,1
989,1
990,4
991,2
992,0
993,1
994,2
995,0
996,0
997,3
998,0
999,0
1000,2
1001,0
1002,4
1003,0
1004,0
1005,0
1006,0
1007,0
1008,1
1009,0
1010,1
1011,1
1012,2
1013,2
1014,1
1015,1
1016,1
1017,0
1018,1
1019,0
1020,3
1021,2
1022,3
1023,0
1024,1
1025,1
1026,1
1027,3
1028,0
1029,2
1030,3
1031,2
1032,4
1033,2
1034,1
1035,3
1036,0
1037,0
1038,2
1039,3
1040,2
1041,2
1042,1
1043,1
1044,1
1045,1
1046,0
1047,2
1048,1
1049,0
1050,3
1051,0
1052,3
1053,4
1054,3
1055,0
1056,0
1057,1
1058,3
1059,3
1060,1
1061,1
1062,2
1063,1
1064,2
1065,3
1066,1
1067,1
1068,1
1069,2
1070,0
1071,1
1072,1
1073,1
1074,0
1075,1
1076,0
1077,3
1078,2
1079,3
1080,1
1081,3
1082,0
1083,0
1084,1
1085,1
1086,1
1087,0
1088,0
1089,2
1090,1
1091,1
1092,0
1093,0
1094,2
1095,0
1096,1
1097,1
1098,1
1099,5
1100,3
1101,1
1102,2
1103,4
1104,1
1105,0
1106,0
1107,1
1108,1
1109,0
1110,1
1111,1
1112,2
1113,0
1114,0
1115,3
1116,3
1117,1
1118,5
1119,2
1120,1
1121,0
1122,4
1123,2
1124,2
1125,1
1126,1
1127,1
1128,1
1129,1
1130,2
1131,1
1132,3
1133,1
1134,2
1135,1
1136,2
1137,1
1138,3
1139,2
1140,2
1141,3
1142,0
1143,0
1144,2
1145,0
1146,1
1147,0
1148,1
1149,1
1150,1
1151,3
1152,1
1153,2
1154,4
1155,2
1156,0
1157,1
1158,2
1159,3
1160,2
1161,2
1162,2
1163,1
1164,2
1165,1
1166,1
1167,1
1168,0
1169,0
1170,1
1171,2
1172,3
1173,1
1174,0
1175,1
1176,2
1177,1
1178,0
1179,1
1180,1
1181,1
1182,1
1183,2
1184,1
1185,1
1186,1
1187,1
1188,0
1189,1
1190,1
1191,1
1192,1
1193,4
1194,0
1195,2
1196,1
1197,1
1198,0
1199,1
1200,1
1201,1
1202,3
1203,1
1204,0
1205,1
1206,0
1207,1
1208,1
1209,0
1210,1
1211,1
1212,1
1213,1
1214,1
1215,2
1216,2
1217,2
1218,1
1219,1
1220,2
1221,1
1222,1
1223,3
1224,2
1225,0
1226,0
1227,1
1228,3
1229,1
1230,4
1231,3
1232,1
1233,1
1234,1
1235,2
1236,0
1237,0
1238,1
1239,1
1240,2
1241,3
1242,1
1243,0
1244,1
1245,0
1246,2
1247,0
1248,2
1249,2
1250,1
1251,1
1252,2
1253,1
1254,1
1255,3
1256,0
1257,2
1258,0
1259,2
1260,1
1261,1
1262,3
1263,3
1264,1
1265,2
1266,2
1267,1
1268,0
1269,1
1270,0
1271,1
1272,0
1273,3
1274,1
1275,1
1276,1
1277,0
1278,2
1279,2
1280,2
1281,0
1282,1
1283,1
1284,1
1285,2
1286,2
1287,1
1288,6
1289,2
1290,0
1291,1
1292,3
1293,1
1294,3
1295,1
1296,1
1297,1
1298,1
1299,1
1300,1
1301,1
1302,2
1303,3
1304,0
1305,2
1306,1
1307,0
1308,2
1309,3
1310,1
1311,2
1312,4
1313,1
1314,5
1315,1
1316,1
1317,2
1318,1
1319,1
1320,3
1321,1
1322,5
1323,1
1324,0
1325,2
1326,2
1327,1
1328,0
1329,1
1330,0
1331,1
1332,2
1333,2
1334,1
1335,1
1336,2
1337,2
1338,1
1339,0
1340,1
1341,3
1342,1
1343,2
1344,1
1345,1
1346,2
1347,0
1348,0
1349,1
1350,0
1351,2
1352,3
1353,3
1354,3
1355,2
1356,0
1357,0
1358,0
1359,0
1360,2
1361,0
1362,3
1363,3
1364,1
1365,2
1366,4
1367,0
1368,2
1369,4
1370,1
1371,1
1372,1
1373,1
1374,1
1375,1
1376,3
1377,2
1378,1
1379,1
1380,0
1381,1
1382,2
1383,0
1384,3
1385,1
1386,3
1387,1
1388,1
1389,1
1390,2
1391,0
1392,2
1393,1
1394,0
1395,1
1396,1
1397,2
1398,5
1399,1
1400,2
1401,3
1402,2
1403,1
1404,3
1405,2
1406,2
1407,3
1408,1
1409,2
1410,2
1411,1
1412,0
1413,2
1414,3
1415,3
1416,3
1417,1
1418,0
1419,0
1420,1
1421,1
1422,1
1423,1
1424,1
1425,1
1426,1
1427,1
1428,1
1429,1
1430,4
1431,1
1432,1
1433,1
1434,2
1435,4
1436,0
1437,4
1438,0
1439,2
1440,0
1441,0
1442,3
1443,0
1444,1
1445,1
1446,1
1447,4
1448,2
1449,0
1450,1
1451,1
1452,1
1453,3
1454,2
1455,1
1456,3
1457,1
1458,1
1459,2
1460,2
1461,1
1462,1
1463,0
1464,3
1465,2
1466,0
1467,2
1468,0
1469,1
1470,3
1471,2
1472,4
1473,0
1474,3
1475,4
1476,2
1477,1
1478,3
1479,1
1480,1
1481,3
1482,1
1483,0
1484,4
1485,1
1486,0
1487,4
1488,0
1489,1
1490,5
1491,3
1492,2
1493,2
1494,2
1495,1
1496,2
1497,0
1498,5
1499,1
1500,2
1501,1
1502,1
1503,1
1504,0
1505,1
1506,1
1507,0
1508,2
1509,2
1510,2
1511,2
1512,1
1513,2
1514,1
1515,0
1516,0
1517,0
1518,3
1519,0
1520,2
1521,1
1522,3
1523,2
1524,2
1525,0
1526,1
1527,3
1528,2
1529,1
1530,1
1531,1
1532,0
1533,1
1534,1
1535,1
1536,3
1537,0
1538,0
1539,2
1540,1
1541,0
1542,2
1543,2
1544,0
1545,1
1546,1
1547,2
1548,1
1549,2
1550,2
1551,1
1552,1
1553,3
1554,1
1555,1
1556,2
1557,2
1558,4
1559,2
1560,1
1561,0
1562,1
1563,3
1564,1
1565,3
1566,1
1567,2
1568,1
1569,0
1570,1
1571,2
1572,1
1573,1
1574,2
1575,1
1576,0
1577,1
1578,1
1579,0
1580,4
1581,1
1582,2
1583,2
1584,2
1585,1
1586,3
1587,1
1588,1
1589,1
1590,2
1591,2
1592,3
1593,0
1594,2
1595,0
1596,1
1597,2
1598,3
1599,3
1600,2
1601,1
1602,1
1603,3
1604,1
1605,0
1606,1
1607,1
1608,4
1609,0
1610,1
1611,0
1612,3
1613,2
1614,3
1615,2
1616,1
1617,0
1618,1
1619,1
1620,0
1621,1
1622,0
1623,2
1624,1
1625,1
1626,1
1627,1
1628,0
1629,0
1630,0
1631,1
1632,0
1633,3
1634,0
1635,1
1636,1
1637,1
1638,1
1639,0
1640,2
1641,0
1642,0
1643,0
1644,0
1645,0
1646,1
1647,3
1648,1
1649,0
1650,2
1651,1
1652,1
1653,2
1654,1
1655,1
1656,0
1657,1
1658,3
1659,2
1660,0
1661,1
1662,1
1663,1
1664,1
1665,1
1666,1
1667,0
1668,0
1669,1
1670,0
1671,1
1672,1
1673,3
1674,1
1675,1
1676,2
1677,1
1678,3
1679,1
1680,2
1681,0
1682,0
1683,1
1684,2
1685,1
1686,0
1687,1
1688,1
1689,1
1690,0
1691,1
1692,3
1693,2
1694,2
1695,0
1696,1
1697,0
1698,0
1699,2
1700,0
1701,2
1702,1
1703,0
1704,0
1705,1
1706,3
1707,1
1708,1
1709,1
1710,0
1711,0
1712,0
1713,0
1714,1
1715,1
1716,2
1717,1
1718,2
1719,0
1720,0
1721,5
1722,0
1723,1
1724,0
1725,2
1726,0
1727,1
1728,1
1729,2
1730,0
1731,3
1732,1
1733,2
1734,3
1735,0
1736,4
1737,3
1738,3
1739,3
1740,2
1741,1
1742,2
1743,0
1744,2
1745,1
1746,2
1747,1
1748,1
1749,2
1750,0
1751,2
1752,1
1753,2
1754,1
1755,1
1756,5
1757,4
1758,1
1759,2
1760,2
1761,0
1762,3
1763,3
1764,2
1765,1
1766,0
1767,1
1768,7
1769,1
1770,0
1771,1
1772,4
1773,3
1774,3
1775,3
1776,1
1777,5
1778,4
1779,3
1780,1
1781,4
1782,2
1783,0
1784,2
1785,1
1786,0
1787,2
1788,2
1789,1
1790,2
1791,1
1792,0
1793,2
1794,1
1795,4
1796,1
1797,1
1798,0
1799,4
1800,1
1801,1
1802,2
1803,1
1804,1
1805,1
1806,1
1807,2
1808,0
1809,5
1810,3
1811,1
1812,1
1813,1
1814,2
1815,1
1816,0
1817,1
1818,0
1819,1
1820,0
1821,4
1822,4
1823,3
1824,1
1825,2
1826,1
1827,1
1828,1
1829,1
1830,0
1831,2
1832,2
1833,2
1834,0
1835,1
1836,1
1837,2
1838,2
1839,2
1840,3
1841,4
1842,1
1843,1
1844,0
1845,2
1846,2
1847,2
1848,3
1849,1
1850,4
1851,1
1852,2
1853,4
1854,1
1855,0
1856,2
1857,1
1858,0
1859,1
1860,1
1861,1
1862,0
1863,0
1864,0
1865,2
1866,1
1867,1
1868,2
1869,5
1870,1
1871,1
1872,0
1873,3
1874,1
1875,1
1876,2
1877,1
1878,1
1879,0
1880,1
1881,1
1882,4
1883,2
1884,2
1885,0
1886,0
1887,1
1888,1
1889,1
1890,0
1891,2
1892,0
1893,1
1894,1
1895,1
1896,2
1897,0
1898,1
1899,3
1900,2
1901,1
1902,1
1903,3
1904,1
1905,0
1906,1
1907,2
1908,0
1909,1
1910,2
1911,1
1912,1
1913,4
1914,3
1915,1
1916,0
1917,2
1918,2
1919,1
1920,3
1921,0
1922,2
1923,2
1924,2
1925,3
1926,2
1927,0
1928,2
1929,2
1930,1
1931,6
1932,3
1933,0
1934,0
1935,2
1936,0
1937,0
1938,1
1939,1
1940,2
1941,1
1942,1
1943,0
1944,0
1945,2
1946,1
1947,1
1948,0
1949,1
1950,2
1951,3
1952,1
1953,4
1954,1
1955,5
1956,2
1957,1
1958,2
