0,1
1,1
2,2
3,1
4,1
5,2
6,3
7,7
8,1
9,1
10,2
11,1
12,0
13,2
14,1
15,0
16,1
17,2
18,2
19,4
20,1
21,0
22,2
23,2
24,3
25,0
26,2
27,0
28,6
29,1
30,2
31,4
32,3
33,1
34,2
35,0
36,1
37,0
38,1
39,1
40,5
41,2
42,2
43,1
44,3
45,6
46,3
47,1
48,1
49,1
50,3
51,1
52,1
53,0
54,1
55,3
56,0
57,1
58,1
59,2
60,1
61,0
62,0
63,2
64,1
65,0
66,1
67,2
68,4
69,0
70,2
71,3
72,0
73,1
74,1
75,1
76,3
77,1
78,0
79,0
80,1
81,1
82,0
83,1
84,3
85,1
86,2
87,1
88,2
89,1
90,1
91,1
92,1
93,0
94,1
95,3
96,2
97,1
98,2
99,0
100,6
101,1
102,1
103,2
104,1
105,1
106,1
107,1
108,1
109,1
110,2
111,0
112,0
113,1
114,0
115,1
116,1
117,0
118,0
119,1
120,0
121,0
122,1
123,0
124,3
125,1
126,1
127,1
128,0
129,1
130,2
131,3
132,0
133,2
134,1
135,1
136,1
137,1
138,1
139,3
140,2
141,5
142,0
143,5
144,1
145,0
146,2
147,3
148,1
149,1
150,1
151,1
152,1
153,1
154,1
155,1
156,1
157,0
158,0
159,0
160,1
161,3
162,1
163,1
164,0
165,1
166,2
167,0
168,1
169,0
170,2
171,2
172,1
173,1
174,6
175,1
176,2
177,4
178,1
179,3
180,1
181,1
182,2
183,0
184,1
185,1
186,1
187,1
188,1
189,1
190,5
191,2
192,1
193,2
194,1
195,2
196,1
197,1
198,1
199,2
200,5
201,6
202,5
203,1
204,6
205,1
206,4
207,1
208,9
209,1
210,2
211,2
212,0
213,2
214,1
215,6
216,1
217,1
218,2
219,0
220,2
221,1
222,1
223,0
224,1
225,0
226,1
227,1
228,2
229,1
230,6
231,1
232,1
233,1
234,1
235,1
236,3
237,0
238,2
239,4
240,4
241,0
242,3
243,0
244,2
245,1
246,2
247,1
248,1
249,0
250,1
251,1
252,4
253,1
254,3
255,4
256,1
257,0
258,0
259,1
260,11
261,1
262,1
263,1
264,3
265,0
266,2
267,3
268,2
269,2
270,2
271,2
272,1
273,1
274,1
275,2
276,1
277,1
278,0
279,2
280,1
281,1
282,1
283,1
284,1
285,0
286,1
287,4
288,4
289,2
290,2
291,1
292,2
293,5
294,4
295,4
296,3
297,1
298,2
299,4
300,2
301,4
302,3
303,1
304,1
305,1
306,4
307,2
308,3
309,0
310,1
311,2
312,5
313,1
314,1
315,3
316,0
317,1
318,6
319,4
320,0
321,1
322,1
323,3
324,2
325,0
326,0
327,0
328,3
329,3
330,1
331,1
332,1
333,1
334,5
335,1
336,2
337,3
338,1
339,4
340,3
341,2
342,2
343,5
344,5
345,1
346,2
347,6
348,1
349,1
350,1
351,1
352,1
353,2
354,0
355,1
356,1
357,2
358,0
359,1
360,2
361,0
362,1
363,1
364,4
365,2
366,2
367,2
368,2
369,1
370,1
371,4
372,0
373,0
374,1
375,3
376,1
377,0
378,1
379,2
380,2
381,2
382,2
383,1
384,0
385,2
386,3
387,1
388,1
389,6
390,2
391,1
392,1
393,2
394,1
395,3
396,4
397,1
398,1
399,1
400,2
401,0
402,2
403,6
404,1
405,0
406,1
407,1
408,1
409,1
410,1
411,0
412,3
413,1
414,2
415,1
416,0
417,0
418,1
419,4
420,2
421,1
422,1
423,1
424,2
425,1
426,0
427,2
428,1
429,1
430,1
431,0
432,1
433,12
434,1
435,1
436,3
437,3
438,0
439,1
440,0
441,7
442,2
443,0
444,3
445,4
446,4
447,1
448,3
449,1
450,6
451,1
452,1
453,2
454,0
455,2
456,3
457,3
458,1
459,3
460,2
461,2
462,0
463,1
464,2
465,0
466,2
467,0
468,3
469,2
470,3
471,2
472,3
473,5
474,1
475,3
476,0
477,4
478,1
479,1
480,1
481,1
482,1
483,2
484,5
485,1
486,2
487,0
488,3
489,3
490,5
491,2
492,1
493,0
494,1
495,2
496,1
497,3
498,3
499,2
500,3
501,2
502,1
503,3
504,1
505,7
506,2
507,3
508,2
509,1
510,1
511,2
512,3
513,3
514,6
515,0
516,3
517,1
518,1
519,0
520,4
521,2
522,5
523,0
524,2
525,0
526,3
527,2
528,1
529,2
530,0
531,1
532,0
533,1
534,0
535,1
536,1
537,3
538,2
539,2
540,2
541,1
542,1
543,3
544,4
545,1
546,0
547,3
548,3
549,1
550,2
551,2
552,1
553,1
554,1
555,2
556,1
557,1
558,6
559,3
560,1
561,1
562,2
563,0
564,3
565,1
566,3
567,2
568,2
569,10
570,1
571,1
572,1
573,1
574,0
575,3
576,1
577,1
578,2
579,1
580,1
581,2
582,1
583,3
584,3
585,2
586,3
587,1
588,3
589,1
590,1
591,0
592,3
593,2
594,2
595,3
596,1
597,2
598,4
599,4
600,1
601,0
602,6
603,1
604,1
605,1
606,4
607,1
608,1
609,1
610,0
611,1
612,1
613,0
614,1
615,1
616,3
617,2
618,1
619,4
620,3
621,1
622,2
623,1
624,0
625,1
626,2
627,1
628,1
629,2
630,3
631,0
632,0
633,1
634,1
635,3
636,1
637,1
638,0
639,1
640,1
641,1
642,1
643,6
644,1
645,1
646,1
647,0
648,1
649,0
650,2
651,3
652,1
653,1
654,0
655,3
656,1
657,0
658,2
659,1
660,1
661,1
662,1
663,1
664,1
665,0
666,1
667,2
668,1
669,1
670,1
671,2
672,0
673,1
674,0
675,0
676,2
677,2
678,1
679,1
680,1
681,1
682,0
683,1
684,2
685,2
686,0
687,3
688,1
689,0
690,1
691,1
692,0
693,1
694,1
695,1
696,0
697,0
698,1
699,1
700,0
701,1
702,1
703,0
704,1
705,1
706,1
707,0
708,0
709,2
710,7
711,1
712,1
713,1
714,3
715,3
716,0
717,1
718,1
719,1
720,0
721,2
722,2
723,1
724,4
725,1
726,0
727,0
728,2
729,1
730,2
731,1
732,1
733,0
734,2
735,4
736,0
737,2
738,0
739,0
740,2
741,0
742,1
743,1
744,1
745,1
746,1
747,0
748,4
749,0
750,1
751,3
752,2
753,2
754,0
755,1
756,2
757,1
758,4
759,0
760,0
761,1
762,1
763,1
764,4
765,3
766,1
767,2
768,3
769,1
770,5
771,2
772,4
773,2
774,4
775,1
776,2
777,0
778,2
779,6
780,3
781,1
782,1
783,4
784,4
785,2
786,5
787,1
788,1
789,0
790,2
791,1
792,3
793,1
794,1
795,1
796,1
797,1
798,0
799,7
800,1
801,1
802,1
803,2
804,5
805,1
806,2
807,2
808,1
809,2
810,1
811,1
812,0
813,4
814,0
815,2
816,4
817,3
818,8
819,3
820,2
821,1
822,1
823,2
824,1
825,6
826,2
827,1
828,7
829,1
830,1
831,3
832,3
833,3
834,0
835,5
836,0
837,3
838,5
839,7
840,1
841,1
842,2
843,3
844,2
845,5
846,0
847,1
848,1
849,1
850,5
851,1
852,2
853,1
854,1
855,1
856,6
857,1
858,0
859,1
860,0
861,1
862,2
863,4
864,3
865,3
866,3
867,2
868,2
869,1
870,1
871,3
872,7
873,2
874,2
875,1
876,1
877,2
878,3
879,1
880,1
881,0
882,1
883,3
884,0
885,5
886,1
887,1
888,1
889,1
890,1
891,4
892,2
893,2
894,4
895,3
896,1
897,6
898,1
899,1
900,0
901,4
902,5
903,2
904,2
905,0
906,1
907,4
908,1
909,4
910,1
911,1
912,1
913,2
914,0
915,1
916,1
917,1
918,2
919,0
920,1
921,1
922,2
923,4
924,2
925,1
926,1
927,0
928,0
929,1
930,3
931,0
932,3
933,3
934,2
935,1
936,3
937,1
938,1
939,2
940,3
941,1
942,8
943,4
944,1
945,2
946,1
947,0
948,0
949,1
950,1
951,0
952,2
953,5
954,1
955,0
956,0
957,1
958,1
959,1
960,1
961,1
962,3
963,1
964,1
965,1
966,1
967,1
968,3
969,2
970,1
971,0
972,1
973,0
974,1
975,1
976,1
977,1
978,1
979,2
980,1
981,2
982,0
983,0
984,1
985,1
986,5
987,0
988,1
989,1
990,4
991,2
992,0
993,1
994,2
995,0
996,1
997,3
998,0
999,1
1000,1
1001,1
1002,7
1003,0
1004,2
1005,1
1006,1
1007,0
1008,2
1009,1
1010,1
1011,1
1012,2
1013,3
1014,3
1015,1
1016,2
1017,1
1018,1
1019,1
1020,5
1021,1
1022,4
1023,1
1024,2
1025,1
1026,3
1027,1
1028,1
1029,2
1030,4
1031,1
1032,4
1033,2
1034,1
1035,2
1036,0
1037,0
1038,3
1039,3
1040,2
1041,1
1042,1
1043,4
1044,2
1045,2
1046,1
1047,1
1048,2
1049,1
1050,6
1051,0
1052,2
1053,3
1054,0
1055,2
1056,0
1057,2
1058,3
1059,1
1060,1
1061,1
1062,2
1063,1
1064,2
1065,2
1066,1
1067,0
1068,1
1069,2
1070,0
1071,1
1072,2
1073,2
1074,0
1075,1
1076,1
1077,2
1078,3
1079,1
1080,1
1081,1
1082,0
1083,0
1084,2
1085,1
1086,1
1087,1
1088,1
1089,2
1090,1
1091,2
1092,1
1093,0
1094,1
1095,1
1096,1
1097,1
1098,1
1099,5
1100,2
1101,2
1102,2
1103,3
1104,6
1105,1
1106,1
1107,1
1108,1
1109,0
1110,1
1111,1
1112,1
1113,1
1114,0
1115,7
1116,3
1117,2
1118,2
1119,3
1120,1
1121,1
1122,5
1123,3
1124,1
1125,1
1126,1
1127,2
1128,1
1129,0
1130,0
1131,0
1132,1
1133,1
1134,0
1135,1
1136,0
1137,2
1138,2
1139,3
1140,2
1141,8
1142,1
1143,1
1144,2
1145,2
1146,1
1147,3
1148,1
1149,1
1150,1
1151,3
1152,1
1153,3
1154,2
1155,3
1156,0
1157,2
1158,1
1159,1
1160,3
1161,3
1162,3
1163,1
1164,3
1165,1
1166,1
1167,1
1168,0
1169,0
1170,1
1171,1
1172,3
1173,1
1174,1
1175,1
1176,2
1177,1
1178,0
1179,1
1180,1
1181,1
1182,1
1183,3
1184,1
1185,1
1186,2
1187,1
1188,0
1189,0
1190,1
1191,1
1192,1
1193,3
1194,1
1195,4
1196,1
1197,1
1198,0
1199,1
1200,1
1201,1
1202,2
1203,1
1204,1
1205,1
1206,0
1207,1
1208,2
1209,0
1210,1
1211,1
1212,1
1213,1
1214,2
1215,2
1216,2
1217,1
1218,0
1219,0
1220,1
1221,0
1222,2
1223,0
1224,1
1225,1
1226,0
1227,0
1228,1
1229,1
1230,10
1231,0
1232,2
1233,1
1234,2
1235,2
1236,0
1237,0
1238,1
1239,1
1240,0
1241,2
1242,1
1243,1
1244,3
1245,0
1246,1
1247,1
1248,2
1249,1
1250,1
1251,3
1252,1
1253,2
1254,0
1255,6
1256,0
1257,1
1258,0
1259,1
1260,1
1261,1
1262,5
1263,4
1264,1
1265,3
1266,5
1267,1
1268,1
1269,1
1270,1
1271,1
1272,0
1273,3
1274,1
1275,1
1276,1
1277,1
1278,4
1279,3
1280,2
1281,2
1282,1
1283,1
1284,1
1285,1
1286,1
1287,1
1288,7
1289,1
1290,0
1291,3
1292,7
1293,2
1294,5
1295,2
1296,1
1297,2
1298,2
1299,1
1300,1
1301,1
1302,2
1303,7
1304,0
1305,1
1306,1
1307,1
1308,4
1309,2
1310,2
1311,1
1312,3
1313,2
1314,4
1315,1
1316,1
1317,2
1318,2
1319,7
1320,2
1321,1
1322,4
1323,2
1324,1
1325,4
1326,1
1327,0
1328,0
1329,3
1330,1
1331,2
1332,2
1333,6
1334,1
1335,2
1336,1
1337,2
1338,2
1339,0
1340,2
1341,4
1342,1
1343,3
1344,1
1345,1
1346,4
1347,0
1348,1
1349,1
1350,1
1351,3
1352,1
1353,1
1354,6
1355,2
1356,1
1357,1
1358,0
1359,1
1360,4
1361,0
1362,4
1363,1
1364,1
1365,1
1366,7
1367,2
1368,5
1369,2
1370,1
1371,2
1372,1
1373,1
1374,1
1375,1
1376,1
1377,2
1378,1
1379,1
1380,1
1381,0
1382,2
1383,0
1384,9
1385,1
1386,5
1387,1
1388,1
1389,1
1390,1
1391,2
1392,1
1393,1
1394,6
1395,4
1396,1
1397,2
1398,6
1399,2
1400,6
1401,5
1402,1
1403,1
1404,3
1405,2
1406,3
1407,2
1408,1
1409,2
1410,3
1411,2
1412,1
1413,2
1414,6
1415,2
1416,5
1417,2
1418,0
1419,0
1420,0
1421,1
1422,1
1423,1
1424,1
1425,1
1426,1
1427,2
1428,1
1429,1
1430,4
1431,1
1432,1
1433,1
1434,3
1435,4
1436,0
1437,5
1438,0
1439,1
1440,0
1441,0
1442,2
1443,1
1444,1
1445,1
1446,1
1447,3
1448,0
1449,0
1450,1
1451,2
1452,1
1453,4
1454,2
1455,2
1456,2
1457,1
1458,1
1459,2
1460,1
1461,1
1462,2
1463,1
1464,3
1465,4
1466,1
1467,1
1468,0
1469,1
1470,6
1471,1
1472,3
1473,0
1474,5
1475,3
1476,6
1477,1
1478,3
1479,1
1480,1
1481,3
1482,1
1483,2
1484,5
1485,1
1486,0
1487,2
1488,1
1489,1
1490,4
1491,4
1492,2
1493,3
1494,1
1495,1
1496,1
1497,0
1498,4
1499,1
1500,2
1501,1
1502,1
1503,1
1504,0
1505,1
1506,1
1507,0
1508,1
1509,2
1510,2
1511,2
1512,1
1513,5
1514,1
1515,0
1516,0
1517,1
1518,3
1519,0
1520,2
1521,1
1522,3
1523,6
1524,2
1525,1
1526,2
1527,3
1528,3
1529,1
1530,1
1531,1
1532,1
1533,1
1534,1
1535,1
1536,1
1537,1
1538,0
1539,2
1540,1
1541,0
1542,3
1543,1
1544,2
1545,1
1546,1
1547,1
1548,1
1549,1
1550,3
1551,1
1552,2
1553,3
1554,2
1555,1
1556,2
1557,2
1558,7
1559,2
1560,2
1561,1
1562,2
1563,1
1564,1
1565,3
1566,1
1567,2
1568,2
1569,1
1570,1
1571,2
1572,1
1573,1
1574,3
1575,2
1576,0
1577,1
1578,3
1579,1
1580,3
1581,1
1582,2
1583,1
1584,2
1585,1
1586,2
1587,1
1588,2
1589,1
1590,1
1591,4
1592,4
1593,1
1594,2
1595,0
1596,0
1597,1
1598,3
1599,3
1600,3
1601,0
1602,1
1603,2
1604,1
1605,3
1606,1
1607,1
1608,4
1609,0
1610,1
1611,0
1612,2
1613,1
1614,1
1615,2
1616,1
1617,1
1618,1
1619,3
1620,1
1621,1
1622,0
1623,4
1624,1
1625,1
1626,2
1627,1
1628,0
1629,0
1630,0
1631,1
1632,0
1633,3
1634,1
1635,1
1636,1
1637,1
1638,0
1639,0
1640,1
1641,1
1642,0
1643,1
1644,0
1645,0
1646,1
1647,1
1648,1
1649,1
1650,2
1651,1
1652,1
1653,1
1654,1
1655,1
1656,0
1657,1
1658,3
1659,1
1660,1
1661,1
1662,1
1663,2
1664,2
1665,1
1666,1
1667,0
1668,2
1669,1
1670,0
1671,2
1672,1
1673,1
1674,1
1675,1
1676,2
1677,1
1678,3
1679,1
1680,1
1681,1
1682,0
1683,1
1684,0
1685,1
1686,1
1687,1
1688,2
1689,0
1690,0
1691,2
1692,6
1693,2
1694,3
1695,1
1696,1
1697,1
1698,0
1699,2
1700,0
1701,2
1702,1
1703,0
1704,1
1705,1
1706,3
1707,2
1708,2
1709,2
1710,1
1711,1
1712,1
1713,1
1714,1
1715,1
1716,3
1717,1
1718,3
1719,1
1720,1
1721,3
1722,1
1723,1
1724,0
1725,2
1726,1
1727,4
1728,1
1729,1
1730,1
1731,2
1732,1
1733,2
1734,3
1735,7
1736,3
1737,3
1738,7
1739,4
1740,2
1741,1
1742,3
1743,0
1744,4
1745,4
1746,1
1747,1
1748,1
1749,2
1750,0
1751,2
1752,1
1753,3
1754,1
1755,1
1756,4
1757,3
1758,1
1759,3
1760,1
1761,1
1762,6
1763,3
1764,2
1765,2
1766,0
1767,1
1768,7
1769,1
1770,1
1771,1
1772,2
1773,2
1774,3
1775,5
1776,1
1777,4
1778,0
1779,5
1780,1
1781,2
1782,1
1783,1
1784,3
1785,1
1786,0
1787,1
1788,1
1789,1
1790,6
1791,2
1792,1
1793,3
1794,1
1795,1
1796,1
1797,1
1798,0
1799,4
1800,1
1801,1
1802,3
1803,3
1804,1
1805,1
1806,1
1807,2
1808,0
1809,6
1810,2
1811,1
1812,0
1813,1
1814,1
1815,1
1816,1
1817,1
1818,0
1819,2
1820,1
1821,4
1822,7
1823,2
1824,1
1825,3
1826,1
1827,1
1828,1
1829,1
1830,1
1831,2
1832,2
1833,0
1834,0
1835,1
1836,0
1837,1
1838,1
1839,2
1840,2
1841,2
1842,2
1843,2
1844,1
1845,2
1846,5
1847,3
1848,3
1849,2
1850,2
1851,1
1852,0
1853,3
1854,2
1855,0
1856,1
1857,1
1858,0
1859,1
1860,1
1861,3
1862,0
1863,0
1864,0
1865,2
1866,1
1867,1
1868,0
1869,4
1870,1
1871,0
1872,0
1873,3
1874,1
1875,1
1876,5
1877,2
1878,0
1879,0
1880,1
1881,1
1882,4
1883,5
1884,3
1885,1
1886,0
1887,1
1888,0
1889,2
1890,0
1891,1
1892,0
1893,1
1894,1
1895,1
1896,4
1897,1
1898,4
1899,2
1900,2
1901,1
1902,4
1903,3
1904,1
1905,0
1906,1
1907,4
1908,0
1909,1
1910,3
1911,1
1912,1
1913,3
1914,6
1915,1
1916,2
1917,2
1918,1
1919,1
1920,2
1921,1
1922,4
1923,1
1924,4
1925,4
1926,2
1927,2
1928,3
1929,4
1930,1
1931,2
1932,2
1933,1
1934,0
1935,2
1936,0
1937,0
1938,1
1939,1
1940,2
1941,1
1942,3
1943,1
1944,0
1945,1
1946,4
1947,1
1948,1
1949,1
1950,2
1951,5
1952,1
1953,6
1954,2
1955,4
1956,2
1957,1
1958,1
