0,8.0
1,64.0
2,11.0
3,47.0
4,323.0
5,36.0
6,4.0
7,45.0
8,170.0
9,258.0
10,1.0
11,
12,2.0
13,
14,4.0
15,5.0
16,16.0
17,4.0
18,6.0
19,5.0
20,29.0
21,1.0
22,45.0
23,24.0
24,32.0
25,
26,1.0
27,2.0
28,3.0
29,537.0
30,10.0
31,36.0
32,79.0
33,58.0
34,32.0
35,
36,6.0
37,10.0
38,2.0
39,16.0
40,45.0
41,3.0
42,118.0
43,2.0
44,32.0
45,537.0
46,16.0
47,8.0
48,63.0
49,31.0
50,44.0
51,29.0
52,32.0
53,2.0
54,1.0
55,5.0
56,45.0
57,56.0
58,6.0
59,43.0
60,33.0
61,13.0
62,7.0
63,88.0
64,38.0
65,15.0
66,4.0
67,24.0
68,9.0
69,10.0
70,20.0
71,4.0
72,11.0
73,16.0
74,21.0
75,
76,
77,3.0
78,12.0
79,9.0
80,2.0
81,32.0
82,1.0
83,1.0
84,3.0
85,16.0
86,32.0
87,29.0
88,18.0
89,4.0
90,4.0
91,14.0
92,170.0
93,7.0
94,6.0
95,118.0
96,170.0
97,20.0
98,79.0
99,5.0
100,19.0
101,
102,
103,34.0
104,8.0
105,42.0
106,11.0
107,2.0
108,
109,39.0
110,6.0
111,7.0
112,56.0
113,50.0
114,22.0
115,36.0
116,6.0
117,5.0
118,1.0
119,2.0
120,
121,58.0
122,13.0
123,258.0
124,3.0
125,50.0
126,170.0
127,4.0
128,
129,97.0
130,
131,79.0
132,6.0
133,
134,6.0
135,12.0
136,6.0
137,1.0
138,5.0
139,33.0
140,56.0
141,
142,2.0
143,21.0
144,8.0
145,8.0
146,10.0
147,3.0
148,170.0
149,10.0
150,125.0
151,35.0
152,23.0
153,
154,79.0
155,3.0
156,118.0
157,15.0
158,44.0
159,
160,6.0
161,11.0
162,44.0
163,43.0
164,23.0
165,29.0
166,58.0
167,3.0
168,37.0
169,36.0
170,24.0
171,493.0
172,2.0
173,2.0
174,45.0
175,20.0
176,1.0
177,18.0
178,4.0
179,2.0
180,47.0
181,2.0
182,
183,62.0
184,4.0
185,29.0
186,4.0
187,6.0
188,88.0
189,111.0
190,
191,10.0
192,24.0
193,125.0
194,46.0
195,3.0
196,493.0
197,29.0
198,2.0
199,5.0
200,
201,5.0
202,33.0
203,155.0
204,19.0
205,10.0
206,118.0
207,3.0
208,21.0
209,9.0
210,33.0
211,32.0
212,13.0
213,1.0
214,1.0
215,
216,1.0
217,8.0
218,2.0
219,21.0
220,2.0
221,15.0
222,4.0
223,1.0
224,
225,
226,11.0
227,34.0
228,4.0
229,6.0
230,11.0
231,5.0
232,32.0
233,25.0
234,24.0
235,6.0
236,
237,
238,
239,32.0
240,2.0
241,16.0
242,33.0
243,9.0
244,1.0
245,43.0
246,6.0
247,2.0
248,3.0
249,37.0
250,31.0
251,7.0
252,2.0
253,43.0
254,4.0
255,36.0
256,59.0
257,12.0
258,13.0
259,
260,11.0
261,
262,2.0
263,18.0
264,9.0
265,2.0
266,43.0
267,6.0
268,23.0
269,45.0
270,155.0
271,6.0
272,
273,11.0
274,5.0
275,2.0
276,170.0
277,79.0
278,
279,15.0
280,9.0
281,23.0
282,
283,58.0
284,5.0
285,10.0
286,323.0
287,1.0
288,1.0
289,4.0
290,1.0
291,
292,
293,1.0
294,21.0
295,12.0
296,
297,43.0
298,7.0
299,8.0
300,2.0
301,16.0
302,42.0
303,22.0
304,323.0
305,493.0
306,1.0
307,90.0
308,37.0
309,
310,6.0
311,36.0
312,12.0
313,45.0
314,2.0
315,21.0
316,111.0
317,91.0
318,3.0
319,11.0
320,15.0
321,6.0
322,76.0
323,16.0
324,6.0
325,32.0
326,34.0
327,11.0
328,1.0
329,12.0
330,5.0
331,11.0
332,11.0
333,20.0
334,2.0
335,
336,10.0
337,8.0
338,155.0
339,3.0
340,1.0
341,5.0
342,7.0
343,88.0
344,1.0
345,1.0
346,15.0
347,21.0
348,43.0
349,14.0
350,155.0
351,
352,
353,155.0
354,
355,5.0
356,3.0
357,8.0
358,17.0
359,
360,56.0
361,4.0
362,155.0
363,
364,2.0
365,4.0
366,4.0
367,79.0
368,34.0
369,17.0
370,493.0
371,16.0
372,13.0
373,22.0
374,3.0
375,4.0
376,1.0
377,2.0
378,
379,15.0
380,3.0
381,7.0
382,4.0
383,16.0
384,21.0
385,47.0
386,2.0
387,2.0
388,6.0
389,2.0
390,5.0
391,
392,3.0
393,11.0
394,
395,
396,11.0
397,
398,79.0
399,2.0
400,31.0
401,
402,2.0
403,32.0
404,159.0
405,20.0
406,47.0
407,79.0
408,6.0
409,32.0
410,2.0
411,79.0
412,79.0
413,12.0
414,11.0
415,4.0
416,
417,
418,4.0
419,45.0
420,91.0
421,29.0
422,32.0
423,
424,
425,56.0
426,
427,8.0
428,29.0
429,8.0
430,6.0
431,2.0
432,24.0
433,11.0
434,5.0
435,42.0
436,125.0
437,3.0
438,10.0
439,1.0
440,44.0
441,16.0
442,47.0
443,6.0
444,8.0
445,8.0
446,11.0
447,24.0
448,3.0
449,6.0
450,21.0
451,11.0
452,
453,
454,1.0
455,155.0
456,2.0
457,5.0
458,1.0
459,4.0
460,79.0
461,11.0
462,15.0
463,22.0
464,76.0
465,16.0
466,4.0
467,
468,91.0
469,155.0
470,2.0
471,79.0
472,258.0
473,
474,97.0
475,21.0
476,5.0
477,2.0
478,9.0
479,155.0
480,43.0
481,170.0
482,28.0
483,15.0
484,2.0
485,6.0
486,8.0
487,
488,11.0
489,1.0
490,15.0
491,12.0
492,43.0
493,
494,58.0
495,16.0
496,4.0
497,4.0
498,27.0
499,1.0
500,
501,258.0
502,6.0
503,19.0
504,14.0
505,13.0
506,2.0
507,
508,24.0
509,66.0
510,1.0
511,155.0
512,
513,33.0
514,
515,97.0
516,10.0
517,
518,4.0
519,37.0
520,9.0
521,13.0
522,8.0
523,37.0
524,33.0
525,16.0
526,1.0
527,24.0
528,
529,4.0
530,17.0
531,2.0
532,37.0
533,1.0
534,111.0
535,37.0
536,10.0
537,2.0
538,43.0
539,31.0
540,79.0
541,54.0
542,
543,22.0
544,1.0
545,15.0
546,
547,2.0
548,8.0
549,2.0
550,73.0
551,7.0
552,10.0
553,21.0
554,
555,9.0
556,
557,79.0
558,27.0
559,8.0
560,24.0
561,155.0
562,32.0
563,44.0
564,15.0
565,91.0
566,15.0
567,35.0
568,8.0
569,21.0
570,5.0
571,
572,79.0
573,22.0
574,36.0
575,6.0
576,2.0
577,
578,
579,6.0
580,79.0
581,9.0
582,79.0
583,15.0
584,1.0
585,1.0
586,
587,6.0
588,32.0
589,32.0
590,97.0
591,
592,21.0
593,73.0
594,3.0
595,
596,1.0
597,15.0
598,
599,88.0
600,13.0
601,2.0
602,2.0
603,10.0
604,2.0
605,11.0
606,25.0
607,50.0
608,3.0
609,45.0
610,15.0
611,22.0
612,36.0
613,
614,5.0
615,14.0
616,4.0
617,79.0
618,14.0
619,14.0
620,4.0
621,71.0
622,90.0
623,493.0
624,56.0
625,13.0
626,21.0
627,5.0
628,323.0
629,2.0
630,32.0
631,170.0
632,10.0
633,44.0
634,5.0
635,88.0
636,15.0
637,
638,9.0
639,4.0
640,4.0
641,24.0
642,
643,16.0
644,2.0
645,31.0
646,148.0
647,1.0
648,155.0
649,10.0
650,79.0
651,27.0
652,6.0
653,17.0
654,
655,8.0
656,493.0
657,5.0
658,7.0
659,11.0
660,36.0
661,8.0
662,36.0
663,58.0
664,48.0
665,5.0
666,13.0
667,32.0
668,29.0
669,44.0
670,5.0
671,
672,5.0
673,4.0
674,5.0
675,12.0
676,11.0
677,7.0
678,7.0
679,323.0
680,29.0
681,32.0
682,1.0
683,20.0
684,9.0
685,24.0
686,3.0
687,13.0
688,
689,78.0
690,
691,3.0
692,42.0
693,2.0
694,2.0
695,48.0
696,4.0
697,19.0
698,29.0
699,2.0
700,23.0
701,2.0
702,16.0
703,17.0
704,148.0
705,493.0
706,56.0
707,15.0
708,11.0
709,64.0
710,258.0
711,39.0
712,10.0
713,4.0
714,24.0
715,3.0
716,537.0
717,2.0
718,64.0
719,97.0
720,10.0
721,4.0
722,3.0
723,97.0
724,21.0
725,36.0
726,6.0
727,6.0
728,36.0
729,31.0
730,170.0
731,15.0
732,1.0
733,91.0
734,8.0
735,
736,37.0
737,170.0
738,12.0
739,2.0
740,21.0
741,9.0
742,36.0
743,11.0
744,537.0
745,90.0
746,23.0
747,11.0
748,118.0
749,5.0
750,
751,3.0
752,155.0
753,118.0
754,3.0
755,86.0
756,26.0
757,
758,493.0
759,7.0
760,3.0
761,79.0
762,26.0
763,3.0
764,2.0
765,44.0
766,
767,2.0
768,12.0
769,11.0
770,10.0
771,3.0
772,4.0
773,7.0
774,3.0
775,97.0
776,493.0
777,43.0
778,1.0
779,118.0
780,1.0
781,79.0
782,10.0
783,27.0
784,9.0
785,155.0
786,16.0
787,21.0
788,22.0
789,8.0
790,11.0
791,
792,2.0
793,125.0
794,8.0
795,22.0
796,
797,8.0
798,17.0
799,16.0
800,7.0
801,2.0
802,
803,32.0
804,27.0
805,32.0
806,3.0
807,
808,2.0
809,3.0
810,64.0
811,43.0
812,
813,1.0
814,5.0
815,15.0
816,90.0
817,90.0
818,32.0
819,3.0
820,8.0
821,
822,43.0
823,47.0
824,
825,2.0
826,170.0
827,56.0
828,32.0
829,15.0
830,10.0
831,5.0
832,
833,19.0
834,
835,
836,44.0
837,1.0
838,34.0
839,11.0
840,3.0
841,6.0
842,26.0
843,1.0
844,26.0
845,1.0
846,28.0
847,
848,4.0
849,3.0
850,32.0
851,18.0
852,11.0
853,16.0
854,4.0
855,56.0
856,36.0
857,43.0
858,37.0
859,1.0
860,1.0
861,6.0
862,118.0
863,118.0
864,79.0
865,4.0
866,9.0
867,1.0
868,20.0
869,10.0
870,
871,4.0
872,16.0
873,21.0
874,19.0
875,16.0
876,32.0
877,32.0
878,
879,30.0
880,4.0
881,3.0
882,3.0
883,8.0
884,
885,45.0
886,
887,86.0
888,79.0
889,8.0
890,10.0
891,12.0
892,2.0
893,9.0
894,4.0
895,1.0
896,19.0
897,4.0
898,5.0
899,10.0
900,
901,27.0
902,16.0
903,32.0
904,3.0
905,37.0
906,41.0
907,90.0
908,
909,32.0
910,7.0
911,5.0
912,4.0
913,4.0
914,
915,23.0
916,9.0
917,1.0
918,3.0
919,
920,11.0
921,21.0
922,14.0
923,11.0
924,36.0
925,118.0
926,9.0
927,46.0
928,17.0
929,17.0
930,90.0
931,37.0
932,9.0
933,14.0
934,10.0
935,58.0
936,79.0
937,15.0
938,7.0
939,16.0
940,1.0
941,32.0
942,21.0
943,32.0
944,125.0
945,118.0
946,36.0
947,7.0
948,1.0
949,6.0
950,10.0
951,5.0
952,79.0
953,16.0
954,38.0
955,493.0
956,
957,303.0
958,8.0
959,4.0
960,23.0
961,11.0
962,5.0
963,3.0
964,3.0
965,21.0
966,31.0
967,
968,8.0
969,4.0
970,18.0
971,
972,1.0
973,
974,43.0
975,97.0
976,3.0
977,
978,36.0
979,24.0
980,1.0
981,30.0
982,7.0
983,32.0
984,493.0
985,35.0
986,8.0
987,
988,6.0
989,2.0
990,
991,44.0
992,1.0
993,3.0
994,9.0
995,17.0
996,
997,9.0
998,13.0
999,37.0
1000,170.0
1001,39.0
1002,16.0
1003,
1004,32.0
1005,493.0
1006,
1007,17.0
1008,155.0
1009,1.0
1010,493.0
1011,10.0
1012,45.0
1013,
1014,58.0
1015,6.0
1016,
1017,
1018,29.0
1019,20.0
1020,4.0
1021,1.0
1022,19.0
1023,43.0
1024,21.0
1025,
1026,47.0
1027,2.0
1028,
1029,
1030,8.0
1031,7.0
1032,8.0
1033,34.0
1034,42.0
1035,3.0
1036,62.0
1037,79.0
1038,
1039,63.0
1040,8.0
1041,8.0
1042,64.0
1043,21.0
1044,19.0
1045,
1046,22.0
1047,
1048,33.0
1049,155.0
1050,91.0
1051,37.0
1052,2.0
1053,19.0
1054,20.0
1055,323.0
1056,37.0
1057,23.0
1058,32.0
1059,5.0
1060,493.0
1061,79.0
1062,6.0
1063,16.0
1064,
1065,19.0
1066,17.0
1067,2.0
1068,2.0
1069,5.0
1070,
1071,13.0
1072,79.0
1073,8.0
1074,
1075,
1076,43.0
1077,1.0
1078,1.0
1079,3.0
1080,493.0
1081,88.0
1082,37.0
1083,5.0
1084,37.0
1085,5.0
1086,58.0
1087,13.0
1088,43.0
1089,
1090,91.0
1091,36.0
1092,79.0
1093,23.0
1094,
1095,
1096,29.0
1097,
1098,16.0
1099,
1100,31.0
1101,36.0
1102,19.0
1103,1.0
1104,32.0
1105,
1106,3.0
1107,1.0
1108,186.0
1109,15.0
1110,118.0
1111,5.0
1112,64.0
1113,5.0
1114,
1115,13.0
1116,58.0
1117,
1118,10.0
1119,16.0
1120,22.0
1121,9.0
1122,33.0
1123,34.0
1124,2.0
1125,30.0
1126,32.0
1127,170.0
1128,23.0
1129,3.0
1130,20.0
1131,43.0
1132,33.0
1133,88.0
1134,44.0
1135,1.0
1136,16.0
1137,13.0
1138,13.0
1139,34.0
1140,3.0
1141,11.0
1142,43.0
1143,79.0
1144,3.0
1145,4.0
1146,17.0
1147,16.0
1148,493.0
1149,1.0
1150,3.0
1151,23.0
1152,2.0
1153,4.0
1154,11.0
1155,1.0
1156,13.0
1157,21.0
1158,79.0
1159,2.0
1160,90.0
1161,5.0
1162,5.0
1163,78.0
1164,33.0
1165,29.0
1166,43.0
1167,
1168,
1169,16.0
1170,155.0
1171,6.0
1172,3.0
1173,79.0
1174,29.0
1175,
1176,90.0
1177,36.0
1178,31.0
1179,10.0
1180,39.0
1181,22.0
1182,155.0
1183,1.0
1184,35.0
1185,5.0
1186,22.0
1187,7.0
1188,
1189,46.0
1190,
1191,5.0
1192,78.0
1193,32.0
1194,
1195,2.0
1196,6.0
1197,1.0
1198,2.0
1199,45.0
1200,4.0
1201,12.0
1202,33.0
1203,3.0
1204,323.0
1205,
1206,79.0
1207,19.0
1208,24.0
1209,
1210,537.0
1211,5.0
1212,323.0
1213,1.0
1214,47.0
1215,50.0
1216,22.0
1217,58.0
1218,
1219,29.0
1220,8.0
1221,1.0
1222,13.0
1223,21.0
1224,73.0
1225,1.0
1226,9.0
1227,
1228,22.0
1229,91.0
1230,11.0
1231,44.0
1232,34.0
1233,6.0
1234,90.0
1235,1.0
1236,9.0
1237,
1238,56.0
1239,6.0
1240,1.0
1241,32.0
1242,11.0
1243,2.0
1244,
1245,37.0
1246,36.0
1247,34.0
1248,258.0
1249,5.0
1250,5.0
1251,537.0
1252,537.0
1253,3.0
1254,11.0
1255,32.0
1256,3.0
1257,8.0
1258,
1259,
1260,8.0
1261,2.0
1262,
1263,
1264,24.0
1265,1.0
1266,7.0
1267,5.0
1268,30.0
1269,32.0
1270,32.0
1271,19.0
1272,3.0
1273,2.0
1274,43.0
1275,125.0
1276,1.0
1277,
1278,
1279,33.0
1280,1.0
1281,1.0
1282,43.0
1283,36.0
1284,45.0
1285,
1286,43.0
1287,36.0
1288,1.0
1289,7.0
1290,2.0
1291,36.0
1292,13.0
1293,148.0
1294,16.0
1295,16.0
1296,31.0
1297,155.0
1298,
1299,25.0
1300,2.0
1301,56.0
1302,
1303,21.0
1304,23.0
1305,22.0
1306,16.0
1307,22.0
1308,
1309,3.0
1310,7.0
1311,2.0
1312,21.0
1313,
1314,2.0
1315,2.0
1316,58.0
1317,11.0
1318,32.0
1319,13.0
1320,1.0
1321,2.0
1322,4.0
1323,10.0
1324,25.0
1325,
1326,90.0
1327,16.0
1328,6.0
1329,44.0
1330,1.0
1331,7.0
1332,1.0
1333,3.0
1334,29.0
1335,5.0
1336,3.0
1337,47.0
1338,3.0
1339,
1340,43.0
1341,3.0
1342,56.0
1343,10.0
1344,
1345,5.0
1346,12.0
1347,6.0
1348,97.0
1349,79.0
1350,170.0
1351,1.0
1352,
1353,10.0
1354,2.0
1355,5.0
1356,13.0
1357,44.0
1358,5.0
1359,22.0
1360,6.0
1361,2.0
1362,9.0
1363,1.0
1364,170.0
1365,17.0
1366,5.0
1367,32.0
1368,21.0
1369,10.0
1370,8.0
1371,36.0
1372,323.0
1373,44.0
1374,73.0
1375,6.0
1376,2.0
1377,32.0
1378,155.0
1379,10.0
1380,
1381,493.0
1382,170.0
1383,
1384,5.0
1385,1.0
1386,12.0
1387,3.0
1388,
1389,3.0
1390,3.0
1391,
1392,15.0
1393,15.0
1394,13.0
1395,2.0
1396,31.0
1397,15.0
1398,16.0
1399,8.0
1400,2.0
1401,27.0
1402,
1403,
1404,7.0
1405,8.0
1406,25.0
1407,3.0
1408,2.0
1409,79.0
1410,21.0
1411,3.0
1412,155.0
1413,16.0
1414,2.0
1415,5.0
1416,27.0
1417,13.0
1418,
1419,32.0
1420,1.0
1421,6.0
1422,74.0
1423,18.0
1424,42.0
1425,43.0
1426,36.0
1427,24.0
1428,4.0
1429,9.0
1430,22.0
1431,9.0
1432,4.0
1433,13.0
1434,4.0
1435,10.0
1436,13.0
1437,
1438,37.0
1439,48.0
1440,111.0
1441,9.0
1442,
1443,9.0
1444,79.0
1445,
1446,
1447,15.0
1448,3.0
1449,3.0
1450,7.0
1451,36.0
1452,78.0
1453,9.0
1454,1.0
1455,2.0
1456,32.0
1457,8.0
1458,29.0
1459,8.0
1460,2.0
1461,97.0
1462,47.0
1463,29.0
1464,2.0
1465,8.0
1466,45.0
1467,10.0
1468,25.0
1469,493.0
1470,91.0
1471,24.0
1472,79.0
1473,
1474,11.0
1475,79.0
1476,2.0
1477,493.0
1478,1.0
1479,1.0
1480,125.0
1481,36.0
1482,
1483,4.0
1484,8.0
1485,
1486,
1487,2.0
1488,
1489,11.0
1490,11.0
1491,2.0
1492,15.0
1493,19.0
1494,1.0
1495,1.0
1496,15.0
1497,23.0
1498,3.0
1499,10.0
1500,3.0
1501,5.0
1502,5.0
1503,34.0
1504,
1505,2.0
1506,17.0
1507,
1508,22.0
1509,2.0
1510,43.0
1511,2.0
1512,37.0
1513,5.0
1514,1.0
1515,37.0
1516,
1517,79.0
1518,33.0
1519,
1520,12.0
1521,8.0
1522,3.0
1523,
1524,2.0
1525,10.0
1526,24.0
1527,19.0
1528,44.0
1529,
1530,64.0
1531,24.0
1532,155.0
1533,6.0
1534,21.0
1535,155.0
1536,7.0
1537,22.0
1538,4.0
1539,1.0
1540,79.0
1541,28.0
1542,16.0
1543,21.0
1544,24.0
1545,5.0
1546,148.0
1547,3.0
1548,3.0
1549,5.0
1550,12.0
1551,
1552,36.0
1553,
1554,15.0
1555,
1556,
1557,
1558,45.0
1559,
1560,30.0
1561,86.0
1562,
1563,28.0
1564,1.0
1565,22.0
1566,29.0
1567,1.0
1568,8.0
1569,2.0
1570,64.0
1571,43.0
1572,57.0
1573,42.0
1574,118.0
1575,3.0
1576,62.0
1577,9.0
1578,16.0
1579,1.0
1580,36.0
1581,16.0
1582,90.0
1583,2.0
1584,57.0
1585,537.0
1586,26.0
1587,
1588,2.0
1589,10.0
1590,32.0
1591,18.0
1592,6.0
1593,78.0
1594,
1595,15.0
1596,6.0
1597,1.0
1598,15.0
1599,99.0
1600,33.0
1601,1.0
1602,537.0
1603,
1604,17.0
1605,1.0
1606,16.0
1607,23.0
1608,90.0
1609,
1610,56.0
1611,3.0
1612,
1613,3.0
1614,8.0
1615,3.0
1616,6.0
1617,6.0
1618,54.0
1619,21.0
1620,6.0
1621,155.0
1622,3.0
1623,2.0
1624,10.0
1625,19.0
1626,
1627,34.0
1628,4.0
1629,
1630,13.0
1631,3.0
1632,21.0
1633,9.0
1634,5.0
1635,10.0
1636,125.0
1637,6.0
1638,148.0
1639,
1640,78.0
1641,148.0
1642,58.0
1643,1.0
1644,9.0
1645,
1646,79.0
1647,2.0
1648,11.0
1649,91.0
1650,
1651,56.0
1652,6.0
1653,7.0
1654,7.0
1655,5.0
1656,
1657,56.0
1658,
1659,19.0
1660,39.0
1661,170.0
1662,17.0
1663,
1664,5.0
1665,24.0
1666,17.0
1667,17.0
1668,14.0
1669,537.0
1670,4.0
1671,
1672,97.0
1673,16.0
1674,56.0
1675,537.0
1676,5.0
1677,24.0
1678,32.0
1679,56.0
1680,43.0
1681,5.0
1682,
1683,1.0
1684,10.0
1685,3.0
1686,36.0
1687,16.0
1688,43.0
1689,9.0
1690,9.0
1691,155.0
1692,91.0
1693,64.0
1694,9.0
1695,17.0
1696,8.0
1697,
1698,37.0
1699,493.0
1700,1.0
1701,39.0
1702,6.0
1703,3.0
1704,16.0
1705,
1706,1.0
1707,57.0
1708,155.0
1709,1.0
1710,29.0
1711,23.0
1712,43.0
1713,155.0
1714,6.0
1715,2.0
1716,118.0
1717,
1718,1.0
1719,31.0
1720,38.0
1721,5.0
1722,86.0
1723,45.0
1724,62.0
1725,
1726,23.0
1727,17.0
1728,258.0
1729,10.0
1730,58.0
1731,3.0
1732,13.0
1733,3.0
1734,4.0
1735,13.0
1736,16.0
1737,3.0
1738,2.0
1739,12.0
1740,3.0
1741,
1742,24.0
1743,
1744,4.0
1745,3.0
1746,3.0
1747,13.0
1748,36.0
1749,8.0
1750,6.0
1751,57.0
1752,71.0
1753,1.0
1754,5.0
1755,13.0
1756,13.0
1757,2.0
1758,1.0
1759,
1760,16.0
1761,28.0
1762,1.0
1763,16.0
1764,24.0
1765,22.0
1766,37.0
1767,15.0
1768,1.0
1769,7.0
1770,1.0
1771,79.0
1772,
1773,1.0
1774,31.0
1775,1.0
1776,
1777,19.0
1778,1.0
1779,2.0
1780,13.0
1781,
1782,43.0
1783,2.0
1784,6.0
1785,11.0
1786,5.0
1787,10.0
1788,24.0
1789,46.0
1790,13.0
1791,63.0
1792,155.0
1793,23.0
1794,16.0
1795,10.0
1796,5.0
1797,38.0
1798,
1799,16.0
1800,79.0
1801,
1802,
1803,
1804,
1805,
1806,10.0
1807,19.0
1808,37.0
1809,15.0
1810,79.0
1811,323.0
1812,
1813,10.0
1814,
1815,1.0
1816,
1817,3.0
1818,
1819,44.0
1820,
1821,
1822,15.0
1823,12.0
1824,170.0
1825,1.0
1826,8.0
1827,18.0
1828,18.0
1829,45.0
1830,6.0
1831,32.0
1832,
1833,3.0
1834,25.0
1835,258.0
1836,58.0
1837,2.0
1838,11.0
1839,11.0
1840,15.0
1841,4.0
1842,79.0
1843,155.0
1844,493.0
1845,
1846,90.0
1847,8.0
1848,19.0
1849,6.0
1850,7.0
1851,4.0
1852,5.0
1853,22.0
1854,19.0
1855,6.0
1856,7.0
1857,3.0
1858,10.0
1859,22.0
1860,2.0
1861,1.0
1862,1.0
1863,15.0
1864,9.0
1865,
1866,4.0
1867,6.0
1868,3.0
1869,10.0
1870,6.0
1871,17.0
1872,2.0
1873,1.0
1874,35.0
1875,29.0
1876,45.0
1877,1.0
1878,
1879,23.0
1880,
1881,118.0
1882,16.0
1883,
1884,90.0
1885,
1886,62.0
1887,2.0
1888,11.0
1889,64.0
1890,9.0
1891,4.0
1892,6.0
1893,13.0
1894,42.0
1895,6.0
1896,31.0
1897,18.0
1898,45.0
1899,493.0
1900,79.0
1901,1.0
1902,
1903,6.0
1904,6.0
1905,
1906,16.0
1907,3.0
1908,62.0
1909,68.0
1910,3.0
1911,17.0
1912,118.0
1913,16.0
1914,45.0
1915,78.0
1916,
1917,21.0
1918,3.0
1919,537.0
1920,
1921,
1922,90.0
1923,32.0
1924,31.0
1925,32.0
1926,4.0
1927,74.0
1928,1.0
1929,
1930,118.0
1931,
1932,30.0
1933,9.0
1934,43.0
1935,6.0
1936,62.0
1937,
1938,148.0
1939,79.0
1940,155.0
1941,8.0
1942,125.0
1943,537.0
1944,6.0
1945,
1946,47.0
1947,125.0
1948,
1949,
1950,2.0
1951,27.0
1952,2.0
1953,32.0
1954,
1955,
1956,1.0
1957,118.0
1958,1.0
