0,0
1,0
2,2
3,0
4,1
5,1
6,2
7,0
8,0
9,2
10,2
11,1
12,1
13,1
14,0
15,0
16,5
17,3
18,0
19,2
20,2
21,1
22,1
23,1
24,1
25,2
26,1
27,2
28,2
29,1
30,2
31,1
32,2
33,2
34,2
35,1
36,1
37,0
38,2
39,1
40,0
41,0
42,4
43,3
44,0
45,0
46,2
47,0
48,0
49,4
50,1
51,1
52,0
53,0
54,4
55,3
56,0
57,0
58,1
59,0
60,1
61,0
62,0
63,0
64,3
65,1
66,3
67,4
68,3
69,0
70,0
71,7
72,1
73,0
74,2
75,1
76,3
77,0
78,1
79,1
80,1
81,1
82,1
83,2
84,1
85,0
86,2
87,2
88,1
89,0
90,7
91,1
92,0
93,1
94,0
95,2
96,0
97,1
98,2
99,0
100,1
101,2
102,2
103,1
104,4
105,4
106,2
107,1
108,1
109,0
110,0
111,2
112,2
113,1
114,2
115,3
116,2
117,0
118,1
119,3
120,1
121,0
122,0
123,4
124,1
125,1
126,2
127,0
128,0
129,2
130,3
131,0
132,0
133,0
134,2
135,1
136,1
137,1
138,2
139,1
140,2
141,1
142,2
143,0
144,1
145,0
146,0
147,1
148,0
149,1
150,0
151,1
152,0
153,1
154,0
155,1
156,2
157,1
158,1
159,1
160,3
161,1
162,3
163,0
164,1
165,2
166,3
167,1
168,2
169,0
170,2
171,0
172,0
173,2
174,0
175,1
176,2
177,0
178,3
179,0
180,2
181,2
182,0
183,1
184,1
185,0
186,3
187,1
188,1
189,5
190,0
191,2
192,0
193,4
194,1
195,1
196,1
197,0
198,3
199,1
200,0
201,1
202,2
203,0
204,1
205,13
206,2
207,0
208,1
209,1
210,2
211,0
212,3
213,1
214,0
215,3
216,2
217,0
218,0
219,0
220,0
221,1
222,0
223,2
224,0
225,0
226,2
227,0
228,3
229,0
230,2
231,2
232,5
233,0
234,0
235,0
236,3
237,2
238,1
239,2
240,2
241,0
242,2
243,0
244,2
245,0
246,1
247,2
248,2
249,0
250,0
251,1
252,1
253,0
254,2
255,1
256,2
257,1
258,0
259,1
260,1
261,1
262,0
263,0
264,0
265,0
266,0
267,0
268,0
269,0
270,1
271,3
272,2
273,0
274,3
275,1
276,2
277,2
278,0
279,2
280,1
281,1
282,1
283,3
284,1
285,0
286,3
287,2
288,2
289,2
290,2
291,1
292,3
293,2
294,0
295,1
296,2
297,0
298,1
299,0
300,1
301,0
302,2
303,0
304,1
305,0
306,2
307,0
308,1
309,0
310,0
311,0
312,3
313,1
314,2
315,2
316,5
317,1
318,1
319,2
320,1
321,0
322,3
323,2
324,0
325,2
326,0
327,0
328,2
329,1
330,3
331,0
332,1
333,0
334,1
335,1
336,0
337,1
338,1
339,1
340,1
341,2
342,2
343,0
344,0
345,2
346,1
347,0
348,0
349,1
350,2
351,1
352,0
353,2
354,1
355,2
356,2
357,0
358,1
359,1
360,0
361,0
362,1
363,1
364,1
365,3
366,1
367,2
368,0
369,0
370,0
371,2
372,0
373,0
374,2
375,1
376,3
377,2
378,1
379,0
380,1
381,3
382,3
383,1
384,1
385,2
386,2
387,3
388,0
389,1
390,2
391,2
392,1
393,1
394,0
395,2
396,2
397,2
398,0
399,0
400,1
401,1
402,1
403,2
404,4
405,0
406,2
407,1
408,0
409,0
410,1
411,2
412,2
413,1
414,0
415,1
416,1
417,1
418,1
419,0
420,1
421,2
422,5
423,2
424,1
425,3
426,1
427,0
428,2
429,3
430,1
431,3
432,2
433,1
434,2
435,0
436,1
437,2
438,0
439,0
440,1
441,2
442,5
443,0
444,2
445,1
446,0
447,1
448,0
449,1
450,0
451,1
452,1
453,1
454,1
455,0
456,3
457,1
458,3
459,2
460,1
461,0
462,0
463,2
464,0
465,2
466,3
467,0
468,3
469,2
470,3
471,4
472,2
473,4
474,1
475,2
476,5
477,2
478,0
479,1
480,1
481,0
482,2
483,0
484,2
485,1
486,0
487,2
488,1
489,1
490,0
491,2
492,0
493,1
494,1
495,2
496,1
497,3
498,1
499,2
500,0
501,4
502,1
503,2
504,1
505,3
506,2
507,5
508,2
509,0
510,1
511,2
512,3
513,1
514,4
515,0
516,1
517,1
518,1
519,0
520,1
521,0
522,0
523,0
524,1
525,0
526,1
527,2
528,0
529,3
530,1
531,3
532,1
533,1
534,1
535,0
536,2
537,1
538,2
539,1
540,1
541,4
542,1
543,0
544,2
545,0
546,2
547,2
548,0
549,2
550,0
551,1
552,1
553,2
554,1
555,2
556,1
557,1
558,1
559,0
560,1
561,0
562,0
563,0
564,1
565,0
566,1
567,0
568,1
569,0
570,2
571,2
572,1
573,0
574,0
575,6
576,2
577,3
578,2
579,0
580,0
581,3
582,0
583,4
584,1
585,1
586,0
587,1
588,2
589,2
590,2
591,0
592,1
593,0
594,1
595,3
596,0
597,4
598,1
599,1
600,0
601,0
602,2
603,0
604,1
605,2
606,4
607,1
608,0
609,1
610,4
611,2
612,0
613,2
614,2
615,2
616,2
617,2
618,1
619,0
620,2
621,0
622,0
623,0
624,0
625,2
626,0
627,1
628,3
629,1
630,0
631,2
632,0
633,2
634,2
635,1
636,1
637,1
638,0
639,0
640,2
641,1
642,2
643,2
644,2
645,4
646,0
647,1
648,4
649,2
650,2
651,1
652,3
653,0
654,1
655,3
656,0
657,3
658,2
659,1
660,2
661,1
662,0
663,0
664,0
665,1
666,0
667,2
668,0
669,0
670,0
671,2
672,2
673,1
674,2
675,1
676,0
677,1
678,1
679,2
680,1
681,0
682,1
683,1
684,1
685,1
686,0
687,2
688,1
689,0
690,1
691,1
692,1
693,3
694,3
695,0
696,1
697,0
698,4
699,1
700,1
701,0
702,1
703,0
704,1
705,3
706,0
707,1
708,1
709,0
710,4
711,0
712,3
713,2
714,1
715,1
716,1
717,0
718,0
719,0
720,1
721,2
722,1
723,2
724,0
725,1
726,3
727,1
728,2
729,4
730,2
731,1
732,0
733,1
734,2
735,3
736,0
737,2
738,0
739,1
740,0
741,2
742,1
743,1
744,2
745,2
746,1
747,0
748,0
749,1
750,0
751,2
752,0
753,5
754,0
755,1
756,0
757,2
758,0
759,0
760,1
761,0
762,2
763,0
764,3
765,0
766,3
767,3
768,0
769,0
770,3
771,1
772,7
773,1
774,3
775,1
776,0
777,1
778,2
779,2
780,2
781,0
782,0
783,1
784,0
785,1
786,1
787,1
788,2
789,0
790,1
791,0
792,0
793,5
794,0
795,2
796,0
797,0
798,0
799,2
800,1
801,2
802,3
803,2
804,1
805,0
806,0
807,2
808,0
809,1
810,2
811,1
812,0
813,1
814,2
815,2
816,2
817,0
818,0
819,7
820,0
821,1
822,0
823,4
824,2
825,2
826,1
827,0
828,0
829,0
830,0
831,2
832,2
833,0
834,2
835,14
836,1
837,4
838,1
839,0
840,0
841,0
842,0
843,2
844,0
845,1
846,0
847,0
848,1
849,1
850,0
851,1
852,0
853,1
854,1
855,0
856,3
857,0
858,0
859,2
860,1
861,4
862,1
863,4
864,4
865,1
866,0
867,1
868,2
869,0
870,2
871,7
872,2
873,0
874,2
875,1
876,2
877,4
878,14
879,1
880,2
881,2
882,0
883,2
884,1
885,1
886,1
887,0
888,0
889,0
890,0
891,1
892,2
893,2
894,2
895,0
896,0
897,2
898,1
899,0
900,2
901,1
902,2
903,2
904,1
905,0
906,2
907,1
908,5
909,0
910,0
911,3
912,0
913,0
914,2
915,0
916,1
917,1
918,1
919,4
920,1
921,1
922,1
923,0
924,0
925,0
926,2
927,0
928,1
929,0
930,0
931,0
932,0
933,1
934,0
935,0
936,0
937,1
938,1
939,2
940,3
941,4
942,1
943,0
944,0
945,1
946,2
947,2
948,1
949,11
950,1
951,3
952,1
953,5
954,1
955,0
956,2
957,0
958,0
959,2
960,0
961,1
962,2
963,2
964,2
965,3
966,0
967,3
968,3
969,3
970,1
971,2
972,0
973,1
974,1
975,1
976,1
977,3
978,1
979,0
980,1
981,1
982,1
983,0
984,0
985,0
986,3
987,1
988,0
989,1
990,3
991,1
992,2
993,3
994,3
995,1
996,1
997,0
998,0
999,1
1000,2
1001,0
1002,2
1003,0
1004,5
1005,0
1006,1
1007,1
1008,4
1009,4
1010,0
1011,1
1012,0
1013,2
1014,0
1015,1
1016,2
1017,1
1018,0
1019,0
1020,1
1021,4
1022,0
1023,0
1024,1
1025,1
1026,5
1027,0
1028,0
1029,4
1030,0
1031,1
1032,2
1033,0
1034,2
1035,3
1036,0
1037,1
1038,1
1039,1
1040,0
1041,2
1042,3
1043,0
1044,1
1045,1
1046,2
1047,1
1048,1
1049,4
1050,1
1051,0
1052,1
1053,1
1054,4
1055,2
1056,1
1057,2
1058,2
1059,0
1060,1
1061,1
1062,0
1063,0
1064,2
1065,2
1066,0
1067,1
1068,1
1069,2
1070,2
1071,0
1072,0
1073,0
1074,1
1075,2
1076,0
1077,2
1078,1
1079,0
1080,1
1081,1
1082,0
1083,1
1084,1
1085,1
1086,0
1087,1
1088,0
1089,7
1090,0
1091,2
1092,1
1093,1
1094,2
1095,1
1096,2
1097,1
1098,1
1099,0
1100,1
1101,0
1102,1
1103,1
1104,0
1105,1
1106,1
1107,2
1108,0
1109,3
1110,2
1111,3
1112,3
1113,1
1114,0
1115,3
1116,0
1117,1
1118,2
1119,3
1120,0
1121,1
1122,1
1123,0
1124,1
1125,1
1126,1
1127,0
1128,0
1129,0
1130,1
1131,3
1132,1
1133,2
1134,0
1135,0
1136,3
1137,0
1138,0
1139,1
1140,1
1141,1
1142,0
1143,0
1144,0
1145,3
1146,0
1147,1
1148,4
1149,2
1150,1
1151,2
1152,1
1153,0
1154,0
1155,1
1156,0
1157,1
1158,0
1159,2
1160,1
1161,1
1162,3
1163,2
1164,1
1165,2
1166,3
1167,1
1168,1
1169,2
1170,3
1171,1
1172,2
1173,1
1174,3
1175,2
1176,4
1177,2
1178,4
1179,0
1180,2
1181,0
1182,3
1183,3
1184,0
1185,0
1186,0
1187,2
1188,0
1189,0
1190,2
1191,4
1192,0
1193,2
1194,0
1195,1
1196,11
1197,0
1198,2
1199,0
1200,0
1201,4
1202,1
1203,1
1204,1
1205,4
1206,0
1207,0
1208,0
1209,2
1210,1
1211,3
1212,1
1213,2
1214,5
1215,1
1216,2
1217,0
1218,6
1219,0
1220,0
1221,2
1222,0
1223,2
1224,1
1225,4
1226,0
1227,6
1228,2
1229,3
1230,0
1231,4
1232,1
1233,0
1234,0
1235,4
1236,0
1237,1
1238,2
1239,0
1240,0
1241,2
1242,2
1243,1
1244,3
1245,0
1246,1
1247,1
1248,1
1249,0
1250,3
1251,0
1252,0
1253,1
1254,0
1255,2
1256,3
1257,0
1258,0
1259,3
1260,0
1261,0
1262,1
1263,1
1264,0
1265,2
1266,1
1267,3
1268,1
1269,0
1270,1
1271,0
1272,2
1273,3
1274,1
1275,0
1276,3
1277,5
1278,1
1279,12
1280,2
1281,1
1282,0
1283,1
1284,0
1285,1
1286,2
1287,0
1288,0
1289,1
1290,4
1291,3
1292,3
1293,0
1294,1
1295,0
1296,0
1297,2
1298,1
1299,0
1300,2
1301,0
1302,5
1303,1
1304,0
1305,2
1306,0
1307,1
1308,4
1309,1
1310,1
1311,3
1312,0
1313,1
1314,1
1315,3
1316,0
1317,1
1318,2
1319,3
1320,2
1321,2
1322,3
1323,2
1324,1
1325,4
1326,0
1327,2
1328,2
1329,0
1330,4
1331,2
1332,2
1333,2
1334,1
1335,1
1336,1
1337,2
1338,0
1339,1
1340,0
1341,2
1342,0
1343,7
1344,2
1345,2
1346,1
1347,3
1348,0
1349,0
1350,0
1351,1
1352,2
1353,3
1354,2
1355,1
1356,0
1357,3
1358,2
1359,2
1360,4
1361,3
1362,1
1363,0
1364,0
1365,0
1366,1
1367,5
1368,0
1369,7
1370,0
1371,5
1372,3
1373,3
1374,0
1375,0
1376,1
1377,0
1378,1
1379,2
1380,2
1381,0
1382,2
1383,1
1384,0
1385,3
1386,3
1387,1
1388,1
1389,1
1390,0
1391,1
1392,4
1393,3
1394,0
1395,1
1396,4
1397,1
1398,2
1399,4
1400,3
1401,1
1402,1
1403,2
1404,1
1405,0
1406,1
1407,1
1408,2
1409,1
1410,1
1411,0
1412,3
1413,0
1414,3
1415,3
1416,1
1417,0
1418,2
1419,0
1420,1
1421,11
1422,0
1423,1
1424,0
1425,0
1426,2
1427,1
1428,1
1429,0
1430,1
1431,0
1432,1
1433,0
1434,7
1435,7
1436,0
1437,1
1438,1
1439,0
1440,5
1441,0
1442,17
1443,2
1444,4
1445,1
1446,1
1447,0
1448,2
1449,2
1450,1
1451,2
1452,2
1453,3
1454,3
1455,1
1456,2
1457,0
1458,2
1459,0
1460,5
1461,1
1462,3
1463,2
1464,2
1465,2
1466,1
1467,1
1468,0
1469,0
1470,1
1471,0
1472,1
1473,0
1474,0
1475,4
1476,2
1477,1
1478,0
1479,0
1480,0
1481,1
1482,4
1483,3
1484,2
1485,2
1486,1
1487,0
1488,1
1489,3
1490,0
1491,2
1492,0
1493,2
1494,1
1495,0
1496,2
1497,1
1498,3
1499,4
1500,2
1501,1
1502,3
1503,1
1504,1
1505,1
1506,0
1507,1
1508,2
1509,4
1510,0
1511,3
1512,1
1513,1
1514,1
1515,0
1516,1
1517,0
1518,2
1519,1
1520,1
1521,0
1522,1
1523,5
1524,0
1525,13
1526,2
1527,1
1528,0
1529,0
1530,2
1531,0
1532,1
1533,1
1534,0
1535,0
1536,2
1537,2
1538,1
1539,2
1540,0
1541,0
1542,2
1543,0
1544,2
1545,2
1546,2
1547,1
1548,2
1549,4
1550,1
1551,1
1552,0
1553,1
1554,1
1555,0
1556,0
1557,4
1558,2
1559,3
1560,1
1561,1
1562,5
1563,2
1564,1
1565,1
1566,0
1567,1
1568,2
1569,3
1570,0
1571,0
1572,1
1573,1
1574,2
1575,1
1576,0
1577,1
1578,1
1579,1
1580,1
1581,3
1582,0
1583,1
1584,1
1585,1
1586,3
1587,1
1588,0
1589,4
1590,5
1591,1
1592,4
1593,0
1594,4
1595,1
1596,1
1597,2
1598,1
1599,1
1600,2
1601,4
1602,0
1603,1
1604,0
1605,1
1606,2
1607,0
1608,1
1609,0
1610,1
1611,1
1612,1
1613,7
1614,2
1615,7
1616,0
1617,0
1618,1
1619,2
1620,0
1621,4
1622,0
1623,0
1624,4
1625,1
1626,2
1627,1
1628,0
1629,1
1630,1
1631,0
1632,0
1633,3
1634,3
1635,3
1636,5
1637,1
1638,2
1639,4
1640,2
1641,1
1642,0
1643,0
1644,0
1645,1
1646,1
1647,2
1648,1
1649,1
1650,0
1651,0
1652,3
1653,2
1654,0
1655,1
1656,1
1657,0
1658,1
1659,0
1660,1
1661,0
1662,0
1663,0
1664,4
1665,1
1666,0
1667,1
1668,4
1669,0
1670,1
1671,0
1672,0
1673,0
1674,1
1675,1
1676,1
1677,0
1678,1
1679,1
1680,0
1681,2
1682,1
1683,4
1684,2
1685,1
1686,2
1687,1
1688,0
1689,1
1690,0
1691,0
1692,1
1693,0
1694,3
1695,0
1696,0
1697,1
1698,0
1699,4
1700,0
1701,1
1702,3
1703,2
1704,1
1705,5
1706,2
1707,1
1708,1
1709,2
1710,1
1711,1
1712,1
1713,4
1714,5
1715,1
1716,2
1717,3
1718,3
1719,1
1720,1
1721,0
1722,1
1723,0
1724,0
1725,2
1726,0
1727,2
1728,0
1729,0
1730,2
1731,3
1732,0
1733,1
1734,2
1735,3
1736,0
1737,3
1738,3
1739,1
1740,1
1741,0
1742,3
1743,1
1744,2
1745,1
1746,0
1747,0
1748,2
1749,2
1750,0
1751,1
1752,0
1753,1
1754,1
1755,2
1756,0
1757,1
1758,2
1759,2
1760,1
1761,1
1762,1
1763,0
1764,0
1765,0
1766,0
1767,4
1768,1
1769,1
1770,0
1771,0
1772,3
1773,2
1774,0
1775,2
1776,0
1777,0
1778,2
1779,1
1780,0
1781,3
1782,1
1783,1
1784,0
1785,2
1786,1
1787,1
1788,0
1789,1
1790,3
1791,1
1792,4
1793,1
1794,1
1795,1
1796,1
1797,1
1798,2
1799,0
1800,1
1801,0
1802,1
1803,2
1804,2
1805,1
1806,13
1807,1
1808,0
1809,2
1810,1
1811,2
1812,0
1813,4
1814,4
1815,3
1816,0
1817,1
1818,0
1819,3
1820,2
1821,17
1822,0
1823,0
1824,0
1825,1
1826,3
1827,2
1828,0
1829,1
1830,0
1831,0
1832,3
1833,2
1834,0
1835,1
1836,0
1837,3
1838,1
1839,1
1840,1
1841,3
1842,0
1843,0
1844,0
1845,0
1846,1
1847,0
1848,3
1849,6
1850,1
1851,0
1852,3
1853,1
1854,1
1855,0
1856,0
1857,0
1858,2
1859,0
1860,1
1861,2
1862,0
1863,3
1864,0
1865,1
1866,0
1867,1
1868,0
1869,7
1870,3
1871,0
1872,2
1873,1
1874,0
1875,0
1876,0
1877,0
1878,1
1879,2
1880,2
1881,0
1882,0
1883,3
1884,1
1885,0
1886,1
1887,3
1888,0
1889,0
1890,0
1891,3
1892,3
1893,3
1894,0
1895,5
1896,1
1897,1
1898,3
1899,5
1900,2
1901,4
1902,0
1903,0
1904,6
1905,4
1906,1
1907,2
1908,0
1909,1
1910,2
1911,0
1912,0
1913,0
1914,0
1915,1
1916,0
1917,1
1918,2
1919,3
1920,2
1921,4
1922,0
1923,1
1924,0
1925,2
1926,2
1927,0
1928,2
1929,5
1930,3
1931,2
1932,0
1933,4
1934,0
1935,6
1936,1
1937,1
1938,1
1939,1
1940,4
1941,3
1942,2
1943,1
1944,2
1945,1
1946,5
1947,5
1948,1
1949,0
1950,2
1951,1
1952,4
1953,2
1954,2
1955,0
1956,0
1957,0
1958,0
