0,25.0
1,104.0
2,41.0
3,48.0
4,
5,50.0
6,111.0
7,54.0
8,51.0
9,63.0
10,38.0
11,38.0
12,25.0
13,37.0
14,32.0
15,4.0
16,33.0
17,23.0
18,37.0
19,34.0
20,42.0
21,34.0
22,25.0
23,26.0
24,29.0
25,5.0
26,34.0
27,30.0
28,61.0
29,
30,71.0
31,53.0
32,42.0
33,34.0
34,26.0
35,5.0
36,30.0
37,36.0
38,48.0
39,50.0
40,
41,35.0
42,30.0
43,34.0
44,92.0
45,51.0
46,72.0
47,48.0
48,50.0
49,37.0
50,72.0
51,134.0
52,41.0
53,28.0
54,24.0
55,12.0
56,50.0
57,93.0
58,52.0
59,32.0
60,48.0
61,69.0
62,47.0
63,42.0
64,33.0
65,25.0
66,14.0
67,33.0
68,25.0
69,44.0
70,44.0
71,33.0
72,149.0
73,35.0
74,50.0
75,69.0
76,82.0
77,33.0
78,4.0
79,
80,72.0
81,48.0
82,53.0
83,36.0
84,34.0
85,41.0
86,73.0
87,31.0
88,92.0
89,73.0
90,34.0
91,49.0
92,32.0
93,40.0
94,104.0
95,22.0
96,41.0
97,36.0
98,35.0
99,40.0
100,
101,35.0
102,51.0
103,57.0
104,31.0
105,39.0
106,34.0
107,37.0
108,34.0
109,33.0
110,27.0
111,35.0
112,48.0
113,93.0
114,41.0
115,37.0
116,45.0
117,31.0
118,66.0
119,51.0
120,37.0
121,31.0
122,63.0
123,44.0
124,48.0
125,36.0
126,40.0
127,51.0
128,41.0
129,48.0
130,81.0
131,33.0
132,44.0
133,37.0
134,34.0
135,9.0
136,37.0
137,100.0
138,39.0
139,21.0
140,43.0
141,21.0
142,34.0
143,53.0
144,47.0
145,51.0
146,36.0
147,37.0
148,25.0
149,69.0
150,44.0
151,32.0
152,96.0
153,72.0
154,54.0
155,
156,69.0
157,34.0
158,33.0
159,54.0
160,53.0
161,44.0
162,27.0
163,15.0
164,35.0
165,24.0
166,92.0
167,44.0
168,32.0
169,22.0
170,34.0
171,56.0
172,67.0
173,53.0
174,
175,31.0
176,48.0
177,14.0
178,53.0
179,74.0
180,30.0
181,53.0
182,34.0
183,69.0
184,44.0
185,35.0
186,33.0
187,104.0
188,104.0
189,37.0
190,65.0
191,
192,40.0
193,38.0
194,
195,4.0
196,49.0
197,25.0
198,52.0
199,
200,21.0
201,21.0
202,27.0
203,44.0
204,28.0
205,82.0
206,34.0
207,41.0
208,
209,104.0
210,44.0
211,114.0
212,63.0
213,43.0
214,25.0
215,28.0
216,17.0
217,45.0
218,35.0
219,42.0
220,93.0
221,96.0
222,31.0
223,51.0
224,96.0
225,
226,
227,37.0
228,72.0
229,9.0
230,48.0
231,42.0
232,12.0
233,65.0
234,
235,43.0
236,43.0
237,25.0
238,44.0
239,29.0
240,25.0
241,49.0
242,15.0
243,31.0
244,23.0
245,69.0
246,53.0
247,47.0
248,38.0
249,17.0
250,25.0
251,71.0
252,50.0
253,31.0
254,111.0
255,36.0
256,44.0
257,77.0
258,96.0
259,153.0
260,21.0
261,26.0
262,82.0
263,33.0
264,37.0
265,35.0
266,32.0
267,40.0
268,37.0
269,92.0
270,38.0
271,21.0
272,15.0
273,31.0
274,44.0
275,43.0
276,37.0
277,56.0
278,63.0
279,37.0
280,23.0
281,42.0
282,44.0
283,47.0
284,47.0
285,34.0
286,25.0
287,71.0
288,43.0
289,53.0
290,71.0
291,
292,37.0
293,36.0
294,48.0
295,71.0
296,
297,25.0
298,31.0
299,35.0
300,34.0
301,26.0
302,33.0
303,75.0
304,27.0
305,63.0
306,71.0
307,23.0
308,
309,
310,34.0
311,54.0
312,28.0
313,43.0
314,38.0
315,42.0
316,32.0
317,49.0
318,41.0
319,48.0
320,44.0
321,69.0
322,37.0
323,35.0
324,51.0
325,18.0
326,45.0
327,63.0
328,71.0
329,71.0
330,63.0
331,
332,38.0
333,31.0
334,26.0
335,84.0
336,14.0
337,32.0
338,34.0
339,45.0
340,42.0
341,42.0
342,40.0
343,54.0
344,44.0
345,26.0
346,50.0
347,15.0
348,28.0
349,46.0
350,47.0
351,97.0
352,42.0
353,27.0
354,25.0
355,47.0
356,42.0
357,31.0
358,49.0
359,
360,53.0
361,43.0
362,65.0
363,25.0
364,34.0
365,72.0
366,69.0
367,17.0
368,104.0
369,34.0
370,38.0
371,39.0
372,41.0
373,52.0
374,34.0
375,71.0
376,53.0
377,22.0
378,37.0
379,32.0
380,71.0
381,27.0
382,46.0
383,32.0
384,66.0
385,31.0
386,37.0
387,40.0
388,32.0
389,33.0
390,34.0
391,88.0
392,18.0
393,12.0
394,44.0
395,25.0
396,26.0
397,26.0
398,54.0
399,41.0
400,46.0
401,44.0
402,48.0
403,72.0
404,63.0
405,57.0
406,34.0
407,3.0
408,104.0
409,29.0
410,38.0
411,45.0
412,37.0
413,25.0
414,39.0
415,42.0
416,42.0
417,43.0
418,37.0
419,
420,50.0
421,41.0
422,96.0
423,82.0
424,44.0
425,96.0
426,33.0
427,96.0
428,15.0
429,53.0
430,
431,39.0
432,72.0
433,31.0
434,8.0
435,38.0
436,50.0
437,33.0
438,23.0
439,29.0
440,56.0
441,21.0
442,42.0
443,48.0
444,33.0
445,32.0
446,40.0
447,41.0
448,45.0
449,53.0
450,
451,104.0
452,34.0
453,51.0
454,33.0
455,15.0
456,33.0
457,93.0
458,38.0
459,39.0
460,25.0
461,49.0
462,45.0
463,51.0
464,65.0
465,39.0
466,72.0
467,34.0
468,15.0
469,73.0
470,51.0
471,25.0
472,33.0
473,114.0
474,42.0
475,33.0
476,27.0
477,25.0
478,30.0
479,
480,32.0
481,63.0
482,60.0
483,31.0
484,50.0
485,37.0
486,54.0
487,25.0
488,40.0
489,26.0
490,36.0
491,34.0
492,41.0
493,40.0
494,9.0
495,25.0
496,34.0
497,72.0
498,30.0
499,34.0
500,37.0
501,46.0
502,49.0
503,
504,65.0
505,41.0
506,25.0
507,50.0
508,34.0
509,35.0
510,42.0
511,42.0
512,50.0
513,31.0
514,114.0
515,48.0
516,34.0
517,50.0
518,30.0
519,
520,85.0
521,17.0
522,36.0
523,
524,38.0
525,
526,22.0
527,51.0
528,50.0
529,72.0
530,33.0
531,37.0
532,39.0
533,50.0
534,45.0
535,61.0
536,49.0
537,52.0
538,25.0
539,50.0
540,35.0
541,48.0
542,72.0
543,27.0
544,39.0
545,30.0
546,35.0
547,25.0
548,71.0
549,53.0
550,104.0
551,31.0
552,84.0
553,32.0
554,47.0
555,30.0
556,53.0
557,
558,49.0
559,41.0
560,22.0
561,
562,37.0
563,30.0
564,35.0
565,45.0
566,50.0
567,71.0
568,48.0
569,32.0
570,35.0
571,33.0
572,30.0
573,25.0
574,12.0
575,53.0
576,53.0
577,40.0
578,33.0
579,27.0
580,19.0
581,72.0
582,34.0
583,104.0
584,51.0
585,35.0
586,43.0
587,44.0
588,84.0
589,34.0
590,26.0
591,56.0
592,60.0
593,95.0
594,54.0
595,31.0
596,31.0
597,24.0
598,44.0
599,
600,43.0
601,24.0
602,34.0
603,41.0
604,35.0
605,35.0
606,35.0
607,
608,72.0
609,45.0
610,39.0
611,41.0
612,82.0
613,51.0
614,
615,39.0
616,44.0
617,37.0
618,34.0
619,46.0
620,104.0
621,8.0
622,15.0
623,4.0
624,27.0
625,114.0
626,31.0
627,31.0
628,18.0
629,
630,25.0
631,36.0
632,17.0
633,12.0
634,21.0
635,42.0
636,50.0
637,41.0
638,41.0
639,41.0
640,34.0
641,50.0
642,53.0
643,34.0
644,45.0
645,56.0
646,37.0
647,30.0
648,21.0
649,77.0
650,37.0
651,49.0
652,72.0
653,44.0
654,9.0
655,48.0
656,27.0
657,14.0
658,
659,
660,53.0
661,73.0
662,36.0
663,46.0
664,37.0
665,49.0
666,51.0
667,33.0
668,77.0
669,72.0
670,36.0
671,37.0
672,59.0
673,41.0
674,67.0
675,69.0
676,34.0
677,30.0
678,32.0
679,34.0
680,12.0
681,41.0
682,21.0
683,22.0
684,18.0
685,25.0
686,25.0
687,46.0
688,35.0
689,26.0
690,7.0
691,18.0
692,53.0
693,45.0
694,38.0
695,37.0
696,32.0
697,
698,29.0
699,51.0
700,35.0
701,33.0
702,41.0
703,35.0
704,34.0
705,36.0
706,93.0
707,15.0
708,49.0
709,37.0
710,44.0
711,96.0
712,48.0
713,30.0
714,69.0
715,35.0
716,38.0
717,
718,55.0
719,35.0
720,21.0
721,34.0
722,25.0
723,8.0
724,33.0
725,36.0
726,37.0
727,23.0
728,75.0
729,33.0
730,23.0
731,22.0
732,38.0
733,52.0
734,149.0
735,25.0
736,44.0
737,54.0
738,54.0
739,38.0
740,39.0
741,29.0
742,56.0
743,31.0
744,30.0
745,14.0
746,45.0
747,41.0
748,69.0
749,37.0
750,33.0
751,41.0
752,44.0
753,240.0
754,53.0
755,114.0
756,36.0
757,69.0
758,34.0
759,60.0
760,54.0
761,44.0
762,111.0
763,37.0
764,51.0
765,36.0
766,25.0
767,38.0
768,27.0
769,49.0
770,28.0
771,34.0
772,32.0
773,85.0
774,44.0
775,48.0
776,34.0
777,
778,21.0
779,47.0
780,48.0
781,44.0
782,21.0
783,47.0
784,85.0
785,72.0
786,31.0
787,35.0
788,39.0
789,3.0
790,26.0
791,43.0
792,
793,40.0
794,25.0
795,74.0
796,73.0
797,
798,240.0
799,21.0
800,31.0
801,45.0
802,46.0
803,53.0
804,49.0
805,31.0
806,63.0
807,149.0
808,36.0
809,34.0
810,44.0
811,64.0
812,82.0
813,31.0
814,31.0
815,73.0
816,36.0
817,65.0
818,31.0
819,31.0
820,31.0
821,21.0
822,25.0
823,44.0
824,32.0
825,43.0
826,39.0
827,46.0
828,21.0
829,22.0
830,39.0
831,
832,15.0
833,31.0
834,114.0
835,34.0
836,50.0
837,44.0
838,31.0
839,21.0
840,45.0
841,51.0
842,41.0
843,40.0
844,43.0
845,43.0
846,25.0
847,31.0
848,49.0
849,36.0
850,48.0
851,37.0
852,37.0
853,33.0
854,47.0
855,32.0
856,34.0
857,30.0
858,34.0
859,27.0
860,48.0
861,44.0
862,240.0
863,240.0
864,
865,33.0
866,123.0
867,25.0
868,56.0
869,49.0
870,35.0
871,36.0
872,21.0
873,33.0
874,42.0
875,41.0
876,3.0
877,63.0
878,81.0
879,53.0
880,18.0
881,21.0
882,67.0
883,72.0
884,36.0
885,31.0
886,48.0
887,53.0
888,85.0
889,56.0
890,34.0
891,21.0
892,37.0
893,34.0
894,31.0
895,80.0
896,59.0
897,51.0
898,46.0
899,34.0
900,35.0
901,37.0
902,21.0
903,33.0
904,26.0
905,37.0
906,42.0
907,31.0
908,30.0
909,32.0
910,69.0
911,36.0
912,42.0
913,30.0
914,48.0
915,36.0
916,23.0
917,21.0
918,25.0
919,37.0
920,
921,37.0
922,104.0
923,25.0
924,45.0
925,25.0
926,42.0
927,31.0
928,43.0
929,31.0
930,32.0
931,37.0
932,35.0
933,36.0
934,38.0
935,73.0
936,33.0
937,72.0
938,85.0
939,12.0
940,33.0
941,45.0
942,38.0
943,33.0
944,56.0
945,65.0
946,111.0
947,48.0
948,52.0
949,71.0
950,53.0
951,3.0
952,82.0
953,53.0
954,47.0
955,3.0
956,32.0
957,36.0
958,49.0
959,18.0
960,72.0
961,3.0
962,32.0
963,37.0
964,27.0
965,48.0
966,7.0
967,37.0
968,47.0
969,53.0
970,49.0
971,44.0
972,39.0
973,9.0
974,33.0
975,36.0
976,12.0
977,34.0
978,43.0
979,48.0
980,48.0
981,31.0
982,53.0
983,35.0
984,9.0
985,96.0
986,25.0
987,25.0
988,35.0
989,63.0
990,
991,31.0
992,49.0
993,67.0
994,47.0
995,48.0
996,53.0
997,44.0
998,96.0
999,25.0
1000,35.0
1001,41.0
1002,21.0
1003,38.0
1004,
1005,46.0
1006,72.0
1007,49.0
1008,72.0
1009,36.0
1010,59.0
1011,32.0
1012,36.0
1013,82.0
1014,35.0
1015,37.0
1016,43.0
1017,3.0
1018,
1019,30.0
1020,82.0
1021,69.0
1022,34.0
1023,38.0
1024,16.0
1025,50.0
1026,42.0
1027,64.0
1028,72.0
1029,41.0
1030,53.0
1031,26.0
1032,37.0
1033,56.0
1034,37.0
1035,35.0
1036,44.0
1037,39.0
1038,32.0
1039,71.0
1040,37.0
1041,35.0
1042,
1043,104.0
1044,24.0
1045,27.0
1046,53.0
1047,30.0
1048,35.0
1049,32.0
1050,30.0
1051,42.0
1052,50.0
1053,8.0
1054,25.0
1055,43.0
1056,31.0
1057,44.0
1058,56.0
1059,37.0
1060,125.0
1061,41.0
1062,42.0
1063,98.0
1064,44.0
1065,63.0
1066,
1067,25.0
1068,9.0
1069,39.0
1070,44.0
1071,39.0
1072,48.0
1073,38.0
1074,30.0
1075,41.0
1076,64.0
1077,25.0
1078,56.0
1079,12.0
1080,37.0
1081,34.0
1082,92.0
1083,26.0
1084,37.0
1085,46.0
1086,54.0
1087,38.0
1088,69.0
1089,14.0
1090,25.0
1091,37.0
1092,37.0
1093,35.0
1094,25.0
1095,46.0
1096,48.0
1097,42.0
1098,114.0
1099,65.0
1100,44.0
1101,33.0
1102,36.0
1103,53.0
1104,31.0
1105,34.0
1106,
1107,37.0
1108,54.0
1109,14.0
1110,49.0
1111,109.0
1112,43.0
1113,41.0
1114,51.0
1115,
1116,41.0
1117,48.0
1118,37.0
1119,114.0
1120,25.0
1121,104.0
1122,75.0
1123,37.0
1124,36.0
1125,34.0
1126,42.0
1127,96.0
1128,44.0
1129,82.0
1130,34.0
1131,147.0
1132,39.0
1133,23.0
1134,36.0
1135,14.0
1136,25.0
1137,104.0
1138,15.0
1139,25.0
1140,39.0
1141,32.0
1142,50.0
1143,31.0
1144,17.0
1145,39.0
1146,45.0
1147,34.0
1148,39.0
1149,34.0
1150,43.0
1151,32.0
1152,44.0
1153,
1154,3.0
1155,36.0
1156,44.0
1157,43.0
1158,80.0
1159,45.0
1160,41.0
1161,98.0
1162,56.0
1163,82.0
1164,35.0
1165,67.0
1166,39.0
1167,82.0
1168,29.0
1169,27.0
1170,44.0
1171,54.0
1172,25.0
1173,37.0
1174,104.0
1175,48.0
1176,104.0
1177,73.0
1178,63.0
1179,25.0
1180,67.0
1181,27.0
1182,73.0
1183,51.0
1184,38.0
1185,54.0
1186,31.0
1187,27.0
1188,34.0
1189,
1190,
1191,43.0
1192,96.0
1193,37.0
1194,33.0
1195,32.0
1196,52.0
1197,38.0
1198,28.0
1199,30.0
1200,34.0
1201,100.0
1202,50.0
1203,30.0
1204,47.0
1205,35.0
1206,36.0
1207,48.0
1208,48.0
1209,39.0
1210,41.0
1211,60.0
1212,47.0
1213,53.0
1214,96.0
1215,44.0
1216,41.0
1217,48.0
1218,51.0
1219,47.0
1220,42.0
1221,17.0
1222,51.0
1223,66.0
1224,53.0
1225,50.0
1226,41.0
1227,39.0
1228,50.0
1229,38.0
1230,25.0
1231,80.0
1232,49.0
1233,75.0
1234,53.0
1235,44.0
1236,22.0
1237,15.0
1238,43.0
1239,32.0
1240,51.0
1241,25.0
1242,24.0
1243,36.0
1244,32.0
1245,36.0
1246,96.0
1247,74.0
1248,51.0
1249,35.0
1250,15.0
1251,45.0
1252,54.0
1253,52.0
1254,47.0
1255,36.0
1256,69.0
1257,34.0
1258,37.0
1259,16.0
1260,36.0
1261,51.0
1262,65.0
1263,21.0
1264,39.0
1265,38.0
1266,97.0
1267,44.0
1268,45.0
1269,31.0
1270,31.0
1271,36.0
1272,50.0
1273,75.0
1274,32.0
1275,
1276,99.0
1277,40.0
1278,21.0
1279,37.0
1280,21.0
1281,26.0
1282,51.0
1283,52.0
1284,26.0
1285,40.0
1286,31.0
1287,92.0
1288,50.0
1289,31.0
1290,
1291,56.0
1292,
1293,39.0
1294,26.0
1295,21.0
1296,69.0
1297,32.0
1298,25.0
1299,32.0
1300,51.0
1301,26.0
1302,55.0
1303,40.0
1304,41.0
1305,53.0
1306,35.0
1307,31.0
1308,23.0
1309,47.0
1310,36.0
1311,50.0
1312,33.0
1313,
1314,65.0
1315,38.0
1316,38.0
1317,69.0
1318,39.0
1319,
1320,32.0
1321,43.0
1322,56.0
1323,
1324,37.0
1325,43.0
1326,47.0
1327,72.0
1328,30.0
1329,25.0
1330,34.0
1331,39.0
1332,63.0
1333,37.0
1334,42.0
1335,40.0
1336,36.0
1337,26.0
1338,25.0
1339,31.0
1340,56.0
1341,44.0
1342,39.0
1343,54.0
1344,34.0
1345,46.0
1346,71.0
1347,138.0
1348,51.0
1349,33.0
1350,33.0
1351,12.0
1352,25.0
1353,39.0
1354,47.0
1355,31.0
1356,37.0
1357,48.0
1358,68.0
1359,31.0
1360,33.0
1361,
1362,44.0
1363,80.0
1364,31.0
1365,
1366,55.0
1367,33.0
1368,72.0
1369,47.0
1370,73.0
1371,35.0
1372,25.0
1373,48.0
1374,36.0
1375,25.0
1376,50.0
1377,
1378,44.0
1379,35.0
1380,26.0
1381,71.0
1382,39.0
1383,
1384,37.0
1385,4.0
1386,71.0
1387,35.0
1388,31.0
1389,41.0
1390,51.0
1391,53.0
1392,75.0
1393,13.0
1394,100.0
1395,34.0
1396,
1397,32.0
1398,41.0
1399,32.0
1400,44.0
1401,30.0
1402,32.0
1403,45.0
1404,
1405,37.0
1406,48.0
1407,51.0
1408,48.0
1409,45.0
1410,40.0
1411,31.0
1412,37.0
1413,31.0
1414,44.0
1415,51.0
1416,21.0
1417,61.0
1418,
1419,50.0
1420,40.0
1421,73.0
1422,45.0
1423,26.0
1424,72.0
1425,37.0
1426,32.0
1427,20.0
1428,72.0
1429,44.0
1430,65.0
1431,36.0
1432,39.0
1433,31.0
1434,36.0
1435,38.0
1436,93.0
1437,33.0
1438,31.0
1439,37.0
1440,32.0
1441,22.0
1442,
1443,35.0
1444,35.0
1445,53.0
1446,45.0
1447,45.0
1448,32.0
1449,32.0
1450,36.0
1451,165.0
1452,26.0
1453,56.0
1454,43.0
1455,51.0
1456,12.0
1457,36.0
1458,96.0
1459,38.0
1460,123.0
1461,59.0
1462,9.0
1463,39.0
1464,25.0
1465,48.0
1466,41.0
1467,
1468,27.0
1469,34.0
1470,37.0
1471,56.0
1472,25.0
1473,71.0
1474,25.0
1475,35.0
1476,39.0
1477,74.0
1478,82.0
1479,31.0
1480,43.0
1481,71.0
1482,35.0
1483,49.0
1484,48.0
1485,67.0
1486,34.0
1487,48.0
1488,50.0
1489,41.0
1490,56.0
1491,33.0
1492,31.0
1493,104.0
1494,44.0
1495,39.0
1496,
1497,69.0
1498,34.0
1499,35.0
1500,32.0
1501,26.0
1502,44.0
1503,104.0
1504,
1505,
1506,41.0
1507,45.0
1508,50.0
1509,43.0
1510,32.0
1511,48.0
1512,82.0
1513,37.0
1514,49.0
1515,36.0
1516,75.0
1517,40.0
1518,31.0
1519,37.0
1520,3.0
1521,37.0
1522,73.0
1523,43.0
1524,82.0
1525,15.0
1526,34.0
1527,31.0
1528,36.0
1529,23.0
1530,32.0
1531,37.0
1532,38.0
1533,84.0
1534,83.0
1535,25.0
1536,41.0
1537,30.0
1538,50.0
1539,104.0
1540,48.0
1541,74.0
1542,72.0
1543,25.0
1544,34.0
1545,8.0
1546,48.0
1547,51.0
1548,40.0
1549,47.0
1550,73.0
1551,72.0
1552,37.0
1553,21.0
1554,32.0
1555,49.0
1556,46.0
1557,50.0
1558,42.0
1559,26.0
1560,34.0
1561,42.0
1562,37.0
1563,43.0
1564,44.0
1565,44.0
1566,33.0
1567,32.0
1568,48.0
1569,41.0
1570,37.0
1571,41.0
1572,35.0
1573,39.0
1574,28.0
1575,27.0
1576,31.0
1577,46.0
1578,53.0
1579,36.0
1580,36.0
1581,27.0
1582,31.0
1583,38.0
1584,43.0
1585,25.0
1586,73.0
1587,32.0
1588,27.0
1589,37.0
1590,
1591,53.0
1592,35.0
1593,32.0
1594,
1595,12.0
1596,
1597,36.0
1598,35.0
1599,92.0
1600,39.0
1601,37.0
1602,42.0
1603,42.0
1604,31.0
1605,44.0
1606,42.0
1607,93.0
1608,30.0
1609,50.0
1610,41.0
1611,16.0
1612,21.0
1613,61.0
1614,39.0
1615,41.0
1616,37.0
1617,51.0
1618,37.0
1619,32.0
1620,23.0
1621,26.0
1622,40.0
1623,41.0
1624,44.0
1625,39.0
1626,35.0
1627,38.0
1628,37.0
1629,66.0
1630,92.0
1631,41.0
1632,42.0
1633,25.0
1634,68.0
1635,28.0
1636,3.0
1637,62.0
1638,43.0
1639,74.0
1640,38.0
1641,38.0
1642,46.0
1643,47.0
1644,
1645,
1646,57.0
1647,46.0
1648,31.0
1649,37.0
1650,50.0
1651,35.0
1652,37.0
1653,26.0
1654,104.0
1655,41.0
1656,39.0
1657,38.0
1658,37.0
1659,97.0
1660,96.0
1661,56.0
1662,41.0
1663,
1664,27.0
1665,34.0
1666,48.0
1667,56.0
1668,48.0
1669,41.0
1670,35.0
1671,41.0
1672,37.0
1673,48.0
1674,37.0
1675,69.0
1676,38.0
1677,43.0
1678,45.0
1679,41.0
1680,25.0
1681,42.0
1682,51.0
1683,24.0
1684,39.0
1685,96.0
1686,47.0
1687,114.0
1688,41.0
1689,38.0
1690,
1691,41.0
1692,37.0
1693,96.0
1694,17.0
1695,67.0
1696,37.0
1697,32.0
1698,35.0
1699,38.0
1700,75.0
1701,37.0
1702,28.0
1703,69.0
1704,57.0
1705,32.0
1706,35.0
1707,25.0
1708,31.0
1709,21.0
1710,42.0
1711,37.0
1712,5.0
1713,39.0
1714,46.0
1715,46.0
1716,29.0
1717,37.0
1718,46.0
1719,23.0
1720,
1721,56.0
1722,30.0
1723,12.0
1724,43.0
1725,47.0
1726,37.0
1727,73.0
1728,37.0
1729,56.0
1730,47.0
1731,31.0
1732,24.0
1733,25.0
1734,47.0
1735,41.0
1736,35.0
1737,31.0
1738,28.0
1739,71.0
1740,35.0
1741,85.0
1742,123.0
1743,41.0
1744,26.0
1745,48.0
1746,48.0
1747,44.0
1748,47.0
1749,63.0
1750,31.0
1751,25.0
1752,51.0
1753,50.0
1754,
1755,39.0
1756,65.0
1757,97.0
1758,33.0
1759,26.0
1760,111.0
1761,128.0
1762,25.0
1763,25.0
1764,25.0
1765,53.0
1766,37.0
1767,64.0
1768,35.0
1769,25.0
1770,34.0
1771,39.0
1772,71.0
1773,43.0
1774,30.0
1775,43.0
1776,31.0
1777,
1778,36.0
1779,25.0
1780,57.0
1781,31.0
1782,27.0
1783,15.0
1784,44.0
1785,44.0
1786,53.0
1787,
1788,100.0
1789,74.0
1790,41.0
1791,48.0
1792,72.0
1793,42.0
1794,41.0
1795,25.0
1796,26.0
1797,45.0
1798,64.0
1799,36.0
1800,37.0
1801,165.0
1802,21.0
1803,53.0
1804,25.0
1805,73.0
1806,37.0
1807,92.0
1808,45.0
1809,50.0
1810,63.0
1811,44.0
1812,25.0
1813,31.0
1814,32.0
1815,44.0
1816,92.0
1817,45.0
1818,44.0
1819,35.0
1820,72.0
1821,69.0
1822,36.0
1823,97.0
1824,51.0
1825,41.0
1826,46.0
1827,49.0
1828,43.0
1829,45.0
1830,23.0
1831,35.0
1832,32.0
1833,37.0
1834,50.0
1835,96.0
1836,37.0
1837,32.0
1838,73.0
1839,49.0
1840,21.0
1841,30.0
1842,25.0
1843,44.0
1844,53.0
1845,41.0
1846,
1847,43.0
1848,37.0
1849,37.0
1850,48.0
1851,44.0
1852,36.0
1853,34.0
1854,31.0
1855,44.0
1856,50.0
1857,69.0
1858,
1859,34.0
1860,53.0
1861,64.0
1862,31.0
1863,69.0
1864,43.0
1865,31.0
1866,
1867,50.0
1868,51.0
1869,25.0
1870,34.0
1871,96.0
1872,33.0
1873,47.0
1874,104.0
1875,
1876,
1877,25.0
1878,42.0
1879,61.0
1880,97.0
1881,25.0
1882,16.0
1883,41.0
1884,41.0
1885,37.0
1886,97.0
1887,75.0
1888,53.0
1889,37.0
1890,37.0
1891,69.0
1892,41.0
1893,37.0
1894,15.0
1895,37.0
1896,75.0
1897,37.0
1898,37.0
1899,50.0
1900,48.0
1901,41.0
1902,37.0
1903,40.0
1904,25.0
1905,39.0
1906,69.0
1907,37.0
1908,12.0
1909,37.0
1910,27.0
1911,96.0
1912,27.0
1913,46.0
1914,54.0
1915,37.0
1916,42.0
1917,34.0
1918,30.0
1919,69.0
1920,44.0
1921,44.0
1922,40.0
1923,54.0
1924,57.0
1925,92.0
1926,37.0
1927,41.0
1928,27.0
1929,21.0
1930,34.0
1931,35.0
1932,39.0
1933,50.0
1934,75.0
1935,41.0
1936,51.0
1937,66.0
1938,26.0
1939,22.0
1940,72.0
1941,25.0
1942,23.0
1943,37.0
1944,30.0
1945,
1946,
1947,34.0
1948,46.0
1949,50.0
1950,
1951,38.0
1952,50.0
1953,92.0
1954,37.0
1955,48.0
1956,35.0
1957,25.0
1958,34.0
