0,13.0
1,50.0
2,52.0
3,43.0
4,4.0
5,20.0
6,46.0
7,15.0
8,39.0
9,3.0
10,56.0
11,15.0
12,14.0
13,11.0
14,19.0
15,9.0
16,54.0
17,14.0
18,5.0
19,17.0
20,9.0
21,3.0
22,13.0
23,13.0
24,2.0
25,10.0
26,17.0
27,10.0
28,28.0
29,
30,14.0
31,
32,31.0
33,57.0
34,54.0
35,
36,10.0
37,3.0
38,26.0
39,17.0
40,3.0
41,23.0
42,13.0
43,49.0
44,37.0
45,39.0
46,22.0
47,24.0
48,20.0
49,47.0
50,22.0
51,13.0
52,11.0
53,16.0
54,49.0
55,33.0
56,34.0
57,26.0
58,12.0
59,26.0
60,29.0
61,17.0
62,53.0
63,7.0
64,10.0
65,6.0
66,
67,45.0
68,14.0
69,
70,10.0
71,4.0
72,72.0
73,23.0
74,32.0
75,11.0
76,45.0
77,11.0
78,15.0
79,4.0
80,22.0
81,15.0
82,6.0
83,27.0
84,49.0
85,18.0
86,9.0
87,26.0
88,37.0
89,15.0
90,57.0
91,59.0
92,48.0
93,19.0
94,50.0
95,41.0
96,14.0
97,
98,
99,14.0
100,6.0
101,8.0
102,13.0
103,37.0
104,42.0
105,15.0
106,48.0
107,
108,2.0
109,30.0
110,7.0
111,15.0
112,2.0
113,26.0
114,12.0
115,5.0
116,27.0
117,14.0
118,57.0
119,4.0
120,47.0
121,7.0
122,
123,55.0
124,
125,30.0
126,12.0
127,2.0
128,
129,30.0
130,42.0
131,11.0
132,2.0
133,46.0
134,49.0
135,
136,46.0
137,8.0
138,9.0
139,52.0
140,12.0
141,48.0
142,39.0
143,51.0
144,50.0
145,15.0
146,
147,5.0
148,14.0
149,12.0
150,14.0
151,14.0
152,3.0
153,8.0
154,4.0
155,
156,44.0
157,49.0
158,8.0
159,
160,
161,37.0
162,
163,26.0
164,15.0
165,49.0
166,37.0
167,46.0
168,9.0
169,41.0
170,51.0
171,53.0
172,17.0
173,51.0
174,3.0
175,36.0
176,29.0
177,43.0
178,51.0
179,2.0
180,35.0
181,51.0
182,55.0
183,6.0
184,55.0
185,33.0
186,45.0
187,50.0
188,50.0
189,9.0
190,43.0
191,7.0
192,19.0
193,56.0
194,6.0
195,15.0
196,59.0
197,14.0
198,13.0
199,14.0
200,18.0
201,48.0
202,7.0
203,15.0
204,43.0
205,45.0
206,11.0
207,48.0
208,
209,50.0
210,55.0
211,23.0
212,12.0
213,12.0
214,14.0
215,43.0
216,51.0
217,31.0
218,41.0
219,7.0
220,26.0
221,3.0
222,7.0
223,2.0
224,3.0
225,3.0
226,
227,12.0
228,8.0
229,
230,39.0
231,9.0
232,33.0
233,15.0
234,5.0
235,12.0
236,12.0
237,13.0
238,14.0
239,56.0
240,14.0
241,23.0
242,
243,26.0
244,22.0
245,16.0
246,51.0
247,46.0
248,12.0
249,43.0
250,13.0
251,14.0
252,34.0
253,47.0
254,46.0
255,3.0
256,
257,25.0
258,3.0
259,52.0
260,35.0
261,54.0
262,45.0
263,3.0
264,55.0
265,11.0
266,9.0
267,32.0
268,15.0
269,37.0
270,56.0
271,48.0
272,22.0
273,41.0
274,37.0
275,25.0
276,8.0
277,53.0
278,13.0
279,33.0
280,14.0
281,13.0
282,8.0
283,46.0
284,24.0
285,8.0
286,14.0
287,14.0
288,12.0
289,12.0
290,14.0
291,
292,9.0
293,3.0
294,29.0
295,14.0
296,
297,18.0
298,47.0
299,54.0
300,10.0
301,49.0
302,10.0
303,14.0
304,12.0
305,13.0
306,14.0
307,14.0
308,
309,15.0
310,20.0
311,
312,51.0
313,26.0
314,56.0
315,9.0
316,20.0
317,59.0
318,15.0
319,39.0
320,37.0
321,11.0
322,55.0
323,54.0
324,25.0
325,8.0
326,
327,13.0
328,14.0
329,14.0
330,
331,16.0
332,43.0
333,3.0
334,49.0
335,8.0
336,43.0
337,12.0
338,20.0
339,31.0
340,9.0
341,9.0
342,14.0
343,15.0
344,29.0
345,49.0
346,13.0
347,
348,16.0
349,25.0
350,26.0
351,52.0
352,9.0
353,7.0
354,14.0
355,11.0
356,7.0
357,42.0
358,6.0
359,7.0
360,27.0
361,12.0
362,47.0
363,14.0
364,28.0
365,8.0
366,16.0
367,
368,50.0
369,51.0
370,28.0
371,11.0
372,
373,13.0
374,57.0
375,14.0
376,6.0
377,41.0
378,5.0
379,2.0
380,24.0
381,18.0
382,
383,48.0
384,57.0
385,53.0
386,33.0
387,1.0
388,58.0
389,45.0
390,20.0
391,51.0
392,11.0
393,33.0
394,24.0
395,14.0
396,49.0
397,12.0
398,4.0
399,10.0
400,14.0
401,40.0
402,10.0
403,22.0
404,8.0
405,19.0
406,49.0
407,57.0
408,50.0
409,56.0
410,
411,11.0
412,32.0
413,6.0
414,
415,7.0
416,43.0
417,12.0
418,46.0
419,4.0
420,32.0
421,14.0
422,3.0
423,45.0
424,10.0
425,3.0
426,54.0
427,3.0
428,
429,31.0
430,15.0
431,32.0
432,8.0
433,17.0
434,29.0
435,28.0
436,15.0
437,54.0
438,1.0
439,2.0
440,
441,35.0
442,7.0
443,24.0
444,11.0
445,8.0
446,6.0
447,10.0
448,11.0
449,24.0
450,16.0
451,50.0
452,
453,32.0
454,10.0
455,13.0
456,45.0
457,26.0
458,54.0
459,24.0
460,14.0
461,59.0
462,27.0
463,39.0
464,47.0
465,37.0
466,8.0
467,28.0
468,13.0
469,46.0
470,7.0
471,13.0
472,45.0
473,23.0
474,7.0
475,45.0
476,17.0
477,14.0
478,2.0
479,14.0
480,17.0
481,3.0
482,25.0
483,32.0
484,34.0
485,16.0
486,48.0
487,13.0
488,19.0
489,40.0
490,17.0
491,53.0
492,14.0
493,10.0
494,
495,14.0
496,
497,8.0
498,29.0
499,17.0
500,16.0
501,52.0
502,6.0
503,6.0
504,10.0
505,10.0
506,13.0
507,17.0
508,51.0
509,35.0
510,9.0
511,9.0
512,2.0
513,13.0
514,23.0
515,29.0
516,17.0
517,34.0
518,8.0
519,13.0
520,11.0
521,43.0
522,3.0
523,13.0
524,56.0
525,
526,47.0
527,3.0
528,10.0
529,8.0
530,45.0
531,8.0
532,4.0
533,13.0
534,
535,28.0
536,59.0
537,16.0
538,13.0
539,50.0
540,23.0
541,29.0
542,8.0
543,17.0
544,11.0
545,35.0
546,15.0
547,14.0
548,24.0
549,51.0
550,50.0
551,17.0
552,
553,29.0
554,
555,10.0
556,42.0
557,
558,59.0
559,59.0
560,47.0
561,15.0
562,52.0
563,16.0
564,23.0
565,18.0
566,50.0
567,24.0
568,29.0
569,58.0
570,50.0
571,8.0
572,10.0
573,13.0
574,33.0
575,12.0
576,51.0
577,13.0
578,45.0
579,7.0
580,15.0
581,22.0
582,14.0
583,50.0
584,13.0
585,
586,12.0
587,46.0
588,
589,14.0
590,54.0
591,53.0
592,47.0
593,55.0
594,4.0
595,47.0
596,17.0
597,49.0
598,37.0
599,13.0
600,59.0
601,9.0
602,20.0
603,
604,23.0
605,35.0
606,23.0
607,8.0
608,43.0
609,1.0
610,13.0
611,10.0
612,45.0
613,15.0
614,13.0
615,
616,46.0
617,32.0
618,49.0
619,24.0
620,50.0
621,29.0
622,7.0
623,15.0
624,17.0
625,49.0
626,38.0
627,7.0
628,8.0
629,1.0
630,14.0
631,22.0
632,43.0
633,33.0
634,48.0
635,43.0
636,
637,59.0
638,22.0
639,59.0
640,49.0
641,20.0
642,
643,57.0
644,40.0
645,35.0
646,53.0
647,43.0
648,52.0
649,25.0
650,14.0
651,59.0
652,
653,2.0
654,
655,39.0
656,23.0
657,43.0
658,7.0
659,
660,42.0
661,9.0
662,14.0
663,1.0
664,5.0
665,59.0
666,16.0
667,54.0
668,25.0
669,22.0
670,30.0
671,37.0
672,31.0
673,59.0
674,17.0
675,11.0
676,45.0
677,15.0
678,58.0
679,57.0
680,33.0
681,23.0
682,52.0
683,41.0
684,8.0
685,13.0
686,14.0
687,52.0
688,
689,
690,3.0
691,11.0
692,6.0
693,8.0
694,11.0
695,46.0
696,35.0
697,7.0
698,52.0
699,13.0
700,15.0
701,55.0
702,
703,33.0
704,49.0
705,13.0
706,26.0
707,26.0
708,59.0
709,
710,55.0
711,3.0
712,43.0
713,2.0
714,17.0
715,23.0
716,
717,
718,7.0
719,12.0
720,10.0
721,49.0
722,14.0
723,29.0
724,45.0
725,3.0
726,16.0
727,1.0
728,19.0
729,11.0
730,1.0
731,32.0
732,1.0
733,12.0
734,72.0
735,14.0
736,37.0
737,18.0
738,18.0
739,43.0
740,2.0
741,56.0
742,53.0
743,14.0
744,2.0
745,43.0
746,40.0
747,24.0
748,44.0
749,30.0
750,8.0
751,38.0
752,15.0
753,22.0
754,42.0
755,23.0
756,16.0
757,11.0
758,20.0
759,25.0
760,4.0
761,55.0
762,12.0
763,25.0
764,25.0
765,3.0
766,14.0
767,12.0
768,18.0
769,59.0
770,45.0
771,49.0
772,48.0
773,11.0
774,14.0
775,39.0
776,20.0
777,7.0
778,48.0
779,43.0
780,29.0
781,14.0
782,10.0
783,11.0
784,39.0
785,28.0
786,17.0
787,50.0
788,15.0
789,57.0
790,49.0
791,25.0
792,10.0
793,5.0
794,11.0
795,14.0
796,46.0
797,7.0
798,22.0
799,35.0
800,47.0
801,8.0
802,19.0
803,31.0
804,59.0
805,14.0
806,
807,72.0
808,10.0
809,17.0
810,15.0
811,53.0
812,45.0
813,13.0
814,47.0
815,46.0
816,22.0
817,10.0
818,17.0
819,47.0
820,15.0
821,48.0
822,11.0
823,37.0
824,29.0
825,12.0
826,2.0
827,12.0
828,35.0
829,41.0
830,1.0
831,16.0
832,7.0
833,47.0
834,23.0
835,51.0
836,32.0
837,2.0
838,47.0
839,35.0
840,11.0
841,14.0
842,15.0
843,19.0
844,12.0
845,12.0
846,14.0
847,15.0
848,49.0
849,10.0
850,39.0
851,53.0
852,15.0
853,4.0
854,14.0
855,48.0
856,12.0
857,43.0
858,49.0
859,11.0
860,39.0
861,46.0
862,22.0
863,22.0
864,6.0
865,11.0
866,38.0
867,14.0
868,50.0
869,29.0
870,19.0
871,3.0
872,35.0
873,45.0
874,7.0
875,14.0
876,57.0
877,12.0
878,42.0
879,12.0
880,11.0
881,10.0
882,17.0
883,22.0
884,14.0
885,41.0
886,46.0
887,27.0
888,11.0
889,53.0
890,39.0
891,48.0
892,32.0
893,
894,18.0
895,5.0
896,31.0
897,30.0
898,25.0
899,15.0
900,35.0
901,32.0
902,35.0
903,11.0
904,38.0
905,8.0
906,13.0
907,47.0
908,10.0
909,12.0
910,16.0
911,3.0
912,7.0
913,35.0
914,11.0
915,16.0
916,3.0
917,10.0
918,14.0
919,16.0
920,21.0
921,30.0
922,50.0
923,14.0
924,11.0
925,62.0
926,9.0
927,13.0
928,12.0
929,36.0
930,18.0
931,8.0
932,7.0
933,22.0
934,43.0
935,15.0
936,11.0
937,11.0
938,11.0
939,33.0
940,45.0
941,31.0
942,56.0
943,55.0
944,
945,10.0
946,12.0
947,46.0
948,13.0
949,24.0
950,
951,57.0
952,45.0
953,
954,26.0
955,57.0
956,8.0
957,13.0
958,29.0
959,14.0
960,11.0
961,57.0
962,8.0
963,13.0
964,17.0
965,29.0
966,2.0
967,16.0
968,15.0
969,31.0
970,4.0
971,19.0
972,11.0
973,
974,12.0
975,3.0
976,33.0
977,48.0
978,25.0
979,43.0
980,43.0
981,42.0
982,
983,36.0
984,
985,3.0
986,14.0
987,14.0
988,23.0
989,3.0
990,7.0
991,7.0
992,59.0
993,51.0
994,50.0
995,29.0
996,27.0
997,15.0
998,3.0
999,14.0
1000,36.0
1001,10.0
1002,35.0
1003,56.0
1004,4.0
1005,19.0
1006,28.0
1007,6.0
1008,28.0
1009,3.0
1010,13.0
1011,35.0
1012,22.0
1013,45.0
1014,36.0
1015,32.0
1016,12.0
1017,7.0
1018,
1019,29.0
1020,22.0
1021,11.0
1022,49.0
1023,30.0
1024,5.0
1025,34.0
1026,7.0
1027,13.0
1028,22.0
1029,
1030,42.0
1031,15.0
1032,32.0
1033,50.0
1034,5.0
1035,23.0
1036,2.0
1037,11.0
1038,14.0
1039,14.0
1040,13.0
1041,50.0
1042,
1043,50.0
1044,49.0
1045,11.0
1046,12.0
1047,11.0
1048,23.0
1049,53.0
1050,29.0
1051,7.0
1052,20.0
1053,29.0
1054,14.0
1055,28.0
1056,41.0
1057,14.0
1058,53.0
1059,5.0
1060,45.0
1061,10.0
1062,9.0
1063,8.0
1064,9.0
1065,33.0
1066,14.0
1067,14.0
1068,
1069,9.0
1070,46.0
1071,
1072,2.0
1073,43.0
1074,2.0
1075,
1076,53.0
1077,14.0
1078,
1079,33.0
1080,37.0
1081,5.0
1082,37.0
1083,13.0
1084,19.0
1085,25.0
1086,18.0
1087,56.0
1088,10.0
1089,43.0
1090,6.0
1091,9.0
1092,32.0
1093,15.0
1094,14.0
1095,1.0
1096,46.0
1097,13.0
1098,23.0
1099,15.0
1100,55.0
1101,11.0
1102,17.0
1103,
1104,17.0
1105,17.0
1106,4.0
1107,46.0
1108,13.0
1109,10.0
1110,
1111,66.0
1112,12.0
1113,37.0
1114,31.0
1115,5.0
1116,18.0
1117,14.0
1118,32.0
1119,23.0
1120,13.0
1121,50.0
1122,27.0
1123,52.0
1124,3.0
1125,49.0
1126,13.0
1127,3.0
1128,14.0
1129,45.0
1130,12.0
1131,31.0
1132,3.0
1133,1.0
1134,3.0
1135,
1136,13.0
1137,50.0
1138,22.0
1139,14.0
1140,13.0
1141,15.0
1142,20.0
1143,9.0
1144,51.0
1145,15.0
1146,40.0
1147,49.0
1148,32.0
1149,49.0
1150,59.0
1151,43.0
1152,55.0
1153,7.0
1154,57.0
1155,
1156,14.0
1157,12.0
1158,5.0
1159,12.0
1160,48.0
1161,8.0
1162,53.0
1163,45.0
1164,23.0
1165,17.0
1166,4.0
1167,45.0
1168,52.0
1169,12.0
1170,37.0
1171,18.0
1172,14.0
1173,13.0
1174,50.0
1175,10.0
1176,50.0
1177,46.0
1178,
1179,14.0
1180,17.0
1181,17.0
1182,1.0
1183,7.0
1184,10.0
1185,20.0
1186,13.0
1187,12.0
1188,28.0
1189,23.0
1190,7.0
1191,25.0
1192,3.0
1193,8.0
1194,8.0
1195,18.0
1196,16.0
1197,1.0
1198,
1199,10.0
1200,57.0
1201,8.0
1202,10.0
1203,35.0
1204,26.0
1205,22.0
1206,3.0
1207,30.0
1208,43.0
1209,
1210,9.0
1211,47.0
1212,26.0
1213,
1214,3.0
1215,14.0
1216,10.0
1217,24.0
1218,
1219,26.0
1220,18.0
1221,43.0
1222,
1223,57.0
1224,12.0
1225,20.0
1226,46.0
1227,
1228,8.0
1229,1.0
1230,14.0
1231,5.0
1232,26.0
1233,27.0
1234,12.0
1235,2.0
1236,10.0
1237,26.0
1238,12.0
1239,48.0
1240,13.0
1241,14.0
1242,49.0
1243,
1244,67.0
1245,13.0
1246,3.0
1247,14.0
1248,7.0
1249,59.0
1250,26.0
1251,40.0
1252,54.0
1253,16.0
1254,50.0
1255,3.0
1256,12.0
1257,7.0
1258,59.0
1259,12.0
1260,14.0
1261,14.0
1262,47.0
1263,48.0
1264,6.0
1265,56.0
1266,52.0
1267,37.0
1268,52.0
1269,8.0
1270,38.0
1271,4.0
1272,34.0
1273,27.0
1274,18.0
1275,7.0
1276,
1277,32.0
1278,48.0
1279,33.0
1280,48.0
1281,38.0
1282,31.0
1283,12.0
1284,49.0
1285,14.0
1286,47.0
1287,37.0
1288,34.0
1289,47.0
1290,7.0
1291,53.0
1292,5.0
1293,15.0
1294,38.0
1295,18.0
1296,11.0
1297,58.0
1298,14.0
1299,67.0
1300,9.0
1301,12.0
1302,7.0
1303,32.0
1304,52.0
1305,12.0
1306,40.0
1307,7.0
1308,20.0
1309,53.0
1310,23.0
1311,50.0
1312,45.0
1313,
1314,15.0
1315,12.0
1316,10.0
1317,10.0
1318,37.0
1319,5.0
1320,58.0
1321,12.0
1322,59.0
1323,7.0
1324,15.0
1325,12.0
1326,43.0
1327,22.0
1328,10.0
1329,14.0
1330,
1331,4.0
1332,17.0
1333,8.0
1334,9.0
1335,48.0
1336,10.0
1337,15.0
1338,6.0
1339,41.0
1340,50.0
1341,2.0
1342,37.0
1343,26.0
1344,49.0
1345,12.0
1346,14.0
1347,52.0
1348,7.0
1349,
1350,11.0
1351,33.0
1352,14.0
1353,12.0
1354,12.0
1355,9.0
1356,10.0
1357,51.0
1358,3.0
1359,36.0
1360,45.0
1361,
1362,8.0
1363,5.0
1364,47.0
1365,3.0
1366,7.0
1367,55.0
1368,8.0
1369,50.0
1370,46.0
1371,7.0
1372,14.0
1373,10.0
1374,14.0
1375,14.0
1376,20.0
1377,
1378,14.0
1379,35.0
1380,9.0
1381,14.0
1382,8.0
1383,4.0
1384,33.0
1385,12.0
1386,14.0
1387,40.0
1388,3.0
1389,9.0
1390,7.0
1391,27.0
1392,14.0
1393,18.0
1394,8.0
1395,48.0
1396,13.0
1397,58.0
1398,38.0
1399,8.0
1400,55.0
1401,29.0
1402,14.0
1403,31.0
1404,
1405,
1406,10.0
1407,3.0
1408,29.0
1409,11.0
1410,32.0
1411,14.0
1412,11.0
1413,14.0
1414,55.0
1415,8.0
1416,10.0
1417,38.0
1418,7.0
1419,20.0
1420,19.0
1421,1.0
1422,27.0
1423,12.0
1424,22.0
1425,13.0
1426,52.0
1427,34.0
1428,8.0
1429,14.0
1430,2.0
1431,30.0
1432,8.0
1433,7.0
1434,13.0
1435,43.0
1436,26.0
1437,45.0
1438,42.0
1439,46.0
1440,20.0
1441,41.0
1442,15.0
1443,
1444,23.0
1445,8.0
1446,6.0
1447,33.0
1448,15.0
1449,18.0
1450,3.0
1451,19.0
1452,54.0
1453,53.0
1454,12.0
1455,4.0
1456,33.0
1457,14.0
1458,3.0
1459,11.0
1460,26.0
1461,13.0
1462,
1463,
1464,14.0
1465,24.0
1466,7.0
1467,7.0
1468,17.0
1469,7.0
1470,52.0
1471,53.0
1472,14.0
1473,24.0
1474,14.0
1475,
1476,9.0
1477,2.0
1478,45.0
1479,47.0
1480,19.0
1481,24.0
1482,28.0
1483,59.0
1484,24.0
1485,17.0
1486,8.0
1487,14.0
1488,20.0
1489,10.0
1490,53.0
1491,45.0
1492,3.0
1493,50.0
1494,24.0
1495,11.0
1496,
1497,49.0
1498,49.0
1499,23.0
1500,14.0
1501,12.0
1502,14.0
1503,50.0
1504,14.0
1505,14.0
1506,46.0
1507,14.0
1508,8.0
1509,5.0
1510,26.0
1511,29.0
1512,45.0
1513,33.0
1514,
1515,13.0
1516,14.0
1517,19.0
1518,38.0
1519,19.0
1520,57.0
1521,
1522,1.0
1523,12.0
1524,45.0
1525,13.0
1526,51.0
1527,47.0
1528,3.0
1529,3.0
1530,58.0
1531,16.0
1532,43.0
1533,
1534,
1535,14.0
1536,
1537,10.0
1538,1.0
1539,50.0
1540,39.0
1541,54.0
1542,22.0
1543,6.0
1544,51.0
1545,29.0
1546,24.0
1547,31.0
1548,5.0
1549,
1550,15.0
1551,8.0
1552,13.0
1553,48.0
1554,58.0
1555,59.0
1556,35.0
1557,15.0
1558,7.0
1559,49.0
1560,1.0
1561,13.0
1562,30.0
1563,12.0
1564,14.0
1565,37.0
1566,8.0
1567,19.0
1568,29.0
1569,48.0
1570,3.0
1571,14.0
1572,23.0
1573,32.0
1574,45.0
1575,12.0
1576,41.0
1577,11.0
1578,12.0
1579,13.0
1580,9.0
1581,5.0
1582,47.0
1583,43.0
1584,59.0
1585,4.0
1586,46.0
1587,12.0
1588,17.0
1589,9.0
1590,
1591,31.0
1592,10.0
1593,43.0
1594,
1595,33.0
1596,7.0
1597,
1598,23.0
1599,37.0
1600,6.0
1601,51.0
1602,9.0
1603,13.0
1604,36.0
1605,9.0
1606,13.0
1607,26.0
1608,10.0
1609,20.0
1610,9.0
1611,12.0
1612,48.0
1613,28.0
1614,4.0
1615,11.0
1616,25.0
1617,3.0
1618,25.0
1619,
1620,14.0
1621,
1622,32.0
1623,14.0
1624,45.0
1625,32.0
1626,23.0
1627,56.0
1628,3.0
1629,57.0
1630,37.0
1631,9.0
1632,7.0
1633,14.0
1634,3.0
1635,10.0
1636,57.0
1637,35.0
1638,25.0
1639,54.0
1640,32.0
1641,32.0
1642,11.0
1643,4.0
1644,4.0
1645,1.0
1646,37.0
1647,10.0
1648,14.0
1649,15.0
1650,15.0
1651,14.0
1652,37.0
1653,12.0
1654,50.0
1655,15.0
1656,11.0
1657,1.0
1658,
1659,52.0
1660,3.0
1661,18.0
1662,46.0
1663,7.0
1664,17.0
1665,55.0
1666,
1667,52.0
1668,43.0
1669,46.0
1670,36.0
1671,13.0
1672,37.0
1673,
1674,19.0
1675,49.0
1676,
1677,12.0
1678,32.0
1679,9.0
1680,11.0
1681,9.0
1682,31.0
1683,49.0
1684,13.0
1685,3.0
1686,14.0
1687,23.0
1688,46.0
1689,51.0
1690,
1691,15.0
1692,52.0
1693,3.0
1694,51.0
1695,17.0
1696,5.0
1697,10.0
1698,50.0
1699,43.0
1700,19.0
1701,46.0
1702,11.0
1703,12.0
1704,23.0
1705,11.0
1706,12.0
1707,19.0
1708,13.0
1709,48.0
1710,9.0
1711,53.0
1712,
1713,12.0
1714,35.0
1715,14.0
1716,14.0
1717,11.0
1718,51.0
1719,14.0
1720,16.0
1721,35.0
1722,2.0
1723,33.0
1724,25.0
1725,46.0
1726,15.0
1727,46.0
1728,25.0
1729,
1730,26.0
1731,7.0
1732,49.0
1733,62.0
1734,11.0
1735,37.0
1736,12.0
1737,7.0
1738,51.0
1739,14.0
1740,23.0
1741,28.0
1742,38.0
1743,9.0
1744,38.0
1745,29.0
1746,46.0
1747,37.0
1748,14.0
1749,
1750,14.0
1751,19.0
1752,4.0
1753,20.0
1754,14.0
1755,9.0
1756,15.0
1757,52.0
1758,54.0
1759,15.0
1760,46.0
1761,56.0
1762,62.0
1763,62.0
1764,14.0
1765,
1766,59.0
1767,53.0
1768,44.0
1769,62.0
1770,17.0
1771,37.0
1772,30.0
1773,12.0
1774,29.0
1775,12.0
1776,15.0
1777,7.0
1778,36.0
1779,62.0
1780,37.0
1781,47.0
1782,23.0
1783,13.0
1784,29.0
1785,8.0
1786,
1787,
1788,8.0
1789,54.0
1790,10.0
1791,9.0
1792,28.0
1793,13.0
1794,48.0
1795,62.0
1796,12.0
1797,55.0
1798,53.0
1799,10.0
1800,13.0
1801,19.0
1802,48.0
1803,42.0
1804,14.0
1805,15.0
1806,55.0
1807,37.0
1808,27.0
1809,13.0
1810,12.0
1811,14.0
1812,14.0
1813,41.0
1814,27.0
1815,14.0
1816,37.0
1817,1.0
1818,14.0
1819,33.0
1820,28.0
1821,44.0
1822,17.0
1823,52.0
1824,27.0
1825,10.0
1826,24.0
1827,
1828,12.0
1829,1.0
1830,14.0
1831,50.0
1832,18.0
1833,30.0
1834,2.0
1835,3.0
1836,9.0
1837,19.0
1838,46.0
1839,59.0
1840,48.0
1841,29.0
1842,14.0
1843,15.0
1844,4.0
1845,
1846,7.0
1847,12.0
1848,13.0
1849,30.0
1850,14.0
1851,37.0
1852,3.0
1853,8.0
1854,47.0
1855,40.0
1856,17.0
1857,44.0
1858,
1859,8.0
1860,27.0
1861,14.0
1862,20.0
1863,12.0
1864,19.0
1865,13.0
1866,14.0
1867,17.0
1868,7.0
1869,14.0
1870,22.0
1871,3.0
1872,11.0
1873,14.0
1874,50.0
1875,
1876,3.0
1877,14.0
1878,7.0
1879,38.0
1880,52.0
1881,19.0
1882,9.0
1883,11.0
1884,23.0
1885,15.0
1886,52.0
1887,6.0
1888,12.0
1889,3.0
1890,17.0
1891,12.0
1892,15.0
1893,53.0
1894,26.0
1895,11.0
1896,6.0
1897,53.0
1898,13.0
1899,15.0
1900,2.0
1901,7.0
1902,
1903,30.0
1904,62.0
1905,53.0
1906,12.0
1907,11.0
1908,33.0
1909,5.0
1910,12.0
1911,3.0
1912,5.0
1913,11.0
1914,15.0
1915,13.0
1916,9.0
1917,17.0
1918,13.0
1919,11.0
1920,45.0
1921,45.0
1922,1.0
1923,
1924,19.0
1925,37.0
1926,32.0
1927,48.0
1928,5.0
1929,48.0
1930,49.0
1931,40.0
1932,32.0
1933,10.0
1934,14.0
1935,10.0
1936,32.0
1937,57.0
1938,13.0
1939,47.0
1940,28.0
1941,14.0
1942,3.0
1943,14.0
1944,10.0
1945,7.0
1946,
1947,57.0
1948,1.0
1949,15.0
1950,11.0
1951,56.0
1952,32.0
1953,37.0
1954,3.0
1955,24.0
1956,15.0
1957,62.0
1958,49.0
