0,420
1,11022
2,522
3,4595
4,224
5,5306
6,2682
7,6274
8,17350
9,10970
10,4883
11,1277
12,725
13,703
14,5306
15,5306
16,5625
17,823
18,744
19,480
20,5306
21,689
22,420
23,420
24,5745
25,1082
26,480
27,556
28,309
29,3086
30,818
31,1652
32,150
33,1109
34,423
35,2080
36,3834
37,146
38,16233
39,904
40,5745
41,2182
42,744
43,7092
44,3811
45,17350
46,1466
47,708
48,593
49,1790
50,2805
51,285
52,3299
53,507
54,1257
55,296
56,2098
57,510
58,432
59,1092
60,336
61,11408
62,3670
63,2682
64,365
65,692
66,1728
67,1277
68,2592
69,51
70,3710
71,1445
72,1445
73,88
74,38420
75,172
76,823
77,649
78,48
79,224
80,238
81,1287
82,316
83,5306
84,7092
85,1386
86,411
87,1408
88,4765
89,1408
90,75
91,906
92,5033
93,5306
94,4872
95,1652
96,3620
97,259
98,1445
99,53
100,93
101,1656
102,5819
103,1994
104,5306
105,10042
106,10042
107,5306
108,45
109,5306
110,570
111,4592
112,772
113,10042
114,5000
115,5698
116,2786
117,778
118,1277
119,90
120,1603
121,4385
122,1046
123,10983
124,293
125,1192
126,5177
127,11408
128,32
129,3086
130,17350
131,2002
132,2182
133,507
134,234
135,689
136,1035
137,1196
138,4464
139,349
140,1393
141,170
142,130
143,349
144,823
145,109
146,2468
147,369
148,2592
149,2296
150,584
151,778
152,3086
153,110
154,5000
155,3086
156,145
157,442
158,185
159,2561
160,603
161,933
162,11408
163,9046
164,540
165,1257
166,4765
167,38420
168,38420
169,2683
170,451
171,5306
172,548
173,349
174,5745
175,496
176,77
177,111
178,349
179,1107
180,472
181,349
182,2682
183,5000
184,
185,46
186,239
187,17350
188,3052
189,4765
190,142
191,3037
192,4553
193,288
194,93
195,48
196,778
197,2592
198,350
199,670
200,205
201,170
202,570
203,705
204,570
205,5306
206,104
207,399
208,1277
209,4595
210,10983
211,392
212,10970
213,593
214,185
215,570
216,5306
217,125
218,2228
219,2682
220,221
221,744
222,4385
223,11408
224,5745
225,5745
226,675
227,4883
228,110
229,5306
230,1445
231,6375
232,1896
233,5000
234,404
235,1393
236,1393
237,618
238,942
239,1728
240,185
241,137
242,6375
243,1408
244,360
245,2351
246,349
247,1713
248,8613
249,5625
250,10970
251,2682
252,315
253,38420
254,2682
255,50
256,51
257,271
258,3086
259,326
260,154
261,5033
262,2683
263,24
264,36631
265,562
266,38420
267,1402
268,3705
269,3811
270,744
271,817
272,1035
273,8
274,933
275,1896
276,206
277,642
278,12
279,33
280,1245
281,2032
282,1352
283,1713
284,536
285,
286,725
287,510
288,1393
289,120
290,510
291,4
292,420
293,50
294,388
295,510
296,652
297,5000
298,38420
299,1445
300,357
301,377
302,365
303,1713
304,357
305,12
306,510
307,1245
308,2296
309,333
310,10983
311,2373
312,11408
313,2080
314,744
315,947
316,3086
317,4464
318,510
319,1445
320,3152
321,172
322,36631
323,2683
324,4883
325,649
326,2561
327,206
328,4883
329,242
330,362
331,3299
332,552
333,190
334,1445
335,1119
336,264
337,2497
338,10983
339,125
340,6375
341,6375
342,53
343,6274
344,581
345,1445
346,303
347,6375
348,507
349,2931
350,756
351,431
352,570
353,570
354,1445
355,207
356,8523
357,5306
358,3086
359,5000
360,1257
361,2810
362,3636
363,568
364,8343
365,110
366,2351
367,218
368,20
369,451
370,1445
371,2805
372,384
373,1092
374,241
375,510
376,316
377,1652
378,5698
379,1145
380,704
381,618
382,1813
383,5033
384,1382
385,26
386,981
387,404
388,326
389,4883
390,10983
391,5033
392,619
393,5306
394,529
395,725
396,1445
397,1386
398,5000
399,624
400,7
401,38420
402,552
403,1466
404,1628
405,1063
406,1035
407,2468
408,1257
409,1728
410,4908
411,543
412,1445
413,692
414,51
415,796
416,256
417,2810
418,266
419,1069
420,38420
421,92
422,3299
423,2683
424,3710
425,10042
426,411
427,663
428,96
429,10454
430,333
431,467
432,110
433,1156
434,772
435,1445
436,326
437,411
438,76
439,5745
440,719
441,154
442,2682
443,472
444,2002
445,10454
446,259
447,30
448,543
449,1362
450,490
451,3086
452,729
453,916
454,365
455,1217
456,1277
457,221
458,1790
459,669
460,8613
461,4464
462,814
463,534
464,3636
465,38420
466,110
467,8343
468,1217
469,13149
470,837
471,420
472,1402
473,392
474,8523
475,1277
476,475
477,185
478,5625
479,670
480,3303
481,10970
482,38420
483,326
484,315
485,317
486,2958
487,618
488,5306
489,837
490,7537
491,117
492,618
493,11022
494,5306
495,364
496,729
497,110
498,1825
499,480
500,287
501,374
502,249
503,93
504,3086
505,112
506,308
507,345
508,451
509,117
510,570
511,6375
512,185
513,10983
514,392
515,620
516,480
517,216
518,5000
519,10983
520,152
521,5625
522,50
523,10983
524,10970
525,880
526,918
527,512
528,10454
529,110
530,4883
531,206
532,618
533,303
534,2561
535,572
536,1628
537,210
538,618
539,276
540,88
541,77
542,13149
543,475
544,2805
545,377
546,540
547,185
548,1063
549,349
550,4872
551,1156
552,253
553,551
554,1713
555,3834
556,337
557,4
558,4464
559,922
560,918
561,333
562,1087
563,365
564,88
565,5698
566,276
567,1358
568,6274
569,326
570,38420
571,1035
572,547
573,420
574,2683
575,120
576,349
577,49
578,744
579,570
580,533
581,185
582,2683
583,3052
584,2592
585,1445
586,744
587,38420
588,117
589,2683
590,8613
591,642
592,569
593,4559
594,5625
595,5000
596,1156
597,
598,2805
599,10983
600,983
601,664
602,1910
603,32
604,88
605,9046
606,88
607,1092
608,5745
609,922
610,762
611,624
612,5306
613,109
614,10983
615,2286
616,38420
617,1176
618,442
619,94
620,202
621,5033
622,1245
623,48
624,475
625,1378
626,187
627,5000
628,649
629,534
630,108
631,1245
632,1827
633,2683
634,11
635,256
636,420
637,865
638,5082
639,38420
640,7092
641,5625
642,381
643,241
644,17350
645,250
646,6274
647,2729
648,349
649,271
650,127
651,4464
652,864
653,2182
654,1473
655,2683
656,942
657,111
658,11022
659,514
660,547
661,411
662,37
663,996
664,17350
665,4464
666,297
667,5625
668,271
669,1728
670,1192
671,944
672,4134
673,922
674,274
675,172
676,675
677,124
678,326
679,75
680,5306
681,7092
682,1402
683,39
684,649
685,420
686,725
687,374
688,3086
689,
690,2671
691,619
692,316
693,374
694,821
695,2577
696,1596
697,3037
698,5819
699,5819
700,363
701,396
702,2279
703,46
704,111
705,10042
706,510
707,9046
708,4464
709,1362
710,10983
711,154
712,180
713,94
714,1646
715,1277
716,4908
717,1382
718,296
719,93
720,9046
721,7092
722,725
723,6274
724,744
725,146
726,4385
727,442
728,1728
729,649
730,442
731,452
732,953
733,432
734,689
735,108
736,933
737,533
738,709
739,552
740,2182
741,1728
742,11408
743,778
744,94
745,111
746,9121
747,5177
748,38420
749,744
750,152
751,75
752,705
753,186
754,337
755,550
756,248
757,172
758,515
759,677
760,5625
761,10983
762,16233
763,817
764,4883
765,1445
766,744
767,981
768,5000
769,4464
770,10454
771,7092
772,5033
773,152
774,942
775,2683
776,515
777,1713
778,170
779,275
780,77
781,362
782,8613
783,236
784,11408
785,273
786,533
787,17350
788,508
789,5306
790,163
791,1896
792,392
793,3299
794,156
795,580
796,124
797,1713
798,186
799,154
800,38420
801,374
802,
803,10454
804,1628
805,778
806,2660
807,127
808,4
809,480
810,705
811,153
812,823
813,10983
814,38420
815,4464
816,1245
817,820
818,1156
819,3303
820,362
821,170
822,156
823,3152
824,551
825,1393
826,2182
827,10042
828,154
829,1652
830,594
831,111
832,1245
833,38420
834,392
835,451
836,38420
837,2182
838,38420
839,154
840,6375
841,837
842,510
843,5306
844,593
845,593
846,2592
847,362
848,3086
849,4
850,1445
851,804
852,2468
853,1445
854,43
855,5033
856,2805
857,2729
858,442
859,45
860,2683
861,38420
862,357
863,186
864,10042
865,2002
866,1633
867,568
868,5000
869,668
870,310
871,67
872,154
873,744
874,2682
875,1864
876,280
877,10970
878,17350
879,120
880,619
881,8613
882,2683
883,2805
884,37
885,196
886,563
887,823
888,152
889,642
890,130
891,170
892,472
893,1408
894,5819
895,504
896,2024
897,1119
898,2931
899,428
900,4464
901,1358
902,154
903,2002
904,2683
905,206
906,2032
907,279
908,817
909,2497
910,5000
911,67
912,2682
913,472
914,332
915,248
916,872
917,8613
918,1362
919,317
920,1445
921,240
922,202
923,725
924,543
925,4977
926,947
927,10983
928,1393
929,496
930,10042
931,206
932,81
933,1245
934,552
935,1408
936,2002
937,1386
938,152
939,224
940,1402
941,4595
942,4883
943,396
944,719
945,820
946,16233
947,980
948,787
949,1358
950,1652
951,5306
952,201
953,1652
954,756
955,5306
956,736
957,82
958,619
959,10454
960,5033
961,5306
962,10454
963,4
964,475
965,2079
966,17350
967,317
968,1896
969,10454
970,2024
971,819
972,1445
973,689
974,125
975,67
976,2683
977,10042
978,1896
979,10983
980,4595
981,5306
982,603
983,1652
984,1473
985,3152
986,725
987,725
988,88
989,1092
990,1713
991,4385
992,4464
993,121
994,25
995,383
996,823
997,705
998,3086
999,552
1000,176
1001,624
1002,154
1003,6
1004,3035
1005,
1006,273
1007,3086
1008,273
1009,5306
1010,1713
1011,1596
1012,814
1013,823
1014,176
1015,1156
1016,744
1017,347
1018,347
1019,1825
1020,11408
1021,172
1022,2805
1023,942
1024,2931
1025,216
1026,2682
1027,2555
1028,1728
1029,38420
1030,547
1031,1935
1032,1445
1033,5000
1034,369
1035,1277
1036,2182
1037,1445
1038,1445
1039,510
1040,4
1041,17350
1042,2296
1043,834
1044,2078
1045,618
1046,8613
1047,709
1048,88
1049,10983
1050,1825
1051,8523
1052,5625
1053,5745
1054,2592
1055,817
1056,196
1057,751
1058,5306
1059,189
1060,17350
1061,624
1062,798
1063,477
1064,2931
1065,562
1066,670
1067,303
1068,1473
1069,4464
1070,38420
1071,51
1072,772
1073,1342
1074,94
1075,22982
1076,153
1077,820
1078,3086
1079,2683
1080,4908
1081,1353
1082,1825
1083,814
1084,1150
1085,2931
1086,803
1087,744
1088,5000
1089,111
1090,1969
1091,4765
1092,1445
1093,540
1094,820
1095,5177
1096,980
1097,4559
1098,550
1099,514
1100,127
1101,2002
1102,7537
1103,1652
1104,1156
1105,11022
1106,224
1107,507
1108,111
1109,38420
1110,2786
1111,369
1112,2810
1113,4883
1114,2351
1115,404
1116,1386
1117,127
1118,1156
1119,550
1120,420
1121,818
1122,557
1123,131
1124,188
1125,7092
1126,1827
1127,11408
1128,115
1129,5306
1130,2805
1131,11209
1132,1277
1133,442
1134,146
1135,1728
1136,420
1137,4595
1138,772
1139,5625
1140,725
1141,618
1142,113
1143,5306
1144,2683
1145,36631
1146,17350
1147,168
1148,467
1149,629
1150,983
1151,3538
1152,10970
1153,11022
1154,5306
1155,2468
1156,115
1157,744
1158,504
1159,244
1160,8613
1161,477
1162,1445
1163,5306
1164,88
1165,1665
1166,618
1167,5306
1168,5819
1169,827
1170,3152
1171,803
1172,2592
1173,1445
1174,3052
1175,1728
1176,11022
1177,412
1178,362
1179,244
1180,3299
1181,475
1182,1417
1183,837
1184,2373
1185,1069
1186,1994
1187,827
1188,8343
1189,5000
1190,1713
1191,1896
1192,294
1193,206
1194,152
1195,10042
1196,210
1197,953
1198,347
1199,982
1200,241
1201,1196
1202,1277
1203,472
1204,412
1205,770
1206,146
1207,3086
1208,10983
1209,51
1210,13141
1211,569
1212,412
1213,1652
1214,5745
1215,115
1216,624
1217,5000
1218,3811
1219,756
1220,2032
1221,5625
1222,3811
1223,1277
1224,120
1225,5625
1226,359
1227,1864
1228,2671
1229,953
1230,2592
1231,504
1232,3264
1233,557
1234,120
1235,2182
1236,1445
1237,5306
1238,1393
1239,5033
1240,930
1241,2468
1242,5819
1243,259
1244,785
1245,82
1246,5745
1247,580
1248,837
1249,281
1250,9046
1251,2671
1252,744
1253,210
1254,5625
1255,1445
1256,2296
1257,149
1258,13141
1259,3303
1260,4553
1261,837
1262,3636
1263,170
1264,736
1265,744
1266,127
1267,3834
1268,436
1269,4553
1270,187
1271,3588
1272,315
1273,557
1274,10042
1275,942
1276,3303
1277,15
1278,449
1279,77
1280,449
1281,304
1282,2351
1283,1402
1284,1445
1285,53
1286,38420
1287,3811
1288,315
1289,38420
1290,942
1291,176
1292,404
1293,36631
1294,304
1295,205
1296,172
1297,326
1298,568
1299,785
1300,167
1301,1386
1302,296
1303,1402
1304,85
1305,120
1306,138
1307,5000
1308,177
1309,169
1310,853
1311,276
1312,744
1313,130
1314,514
1315,8613
1316,2373
1317,5000
1318,38420
1319,404
1320,326
1321,169
1322,837
1323,1713
1324,2958
1325,169
1326,578
1327,5306
1328,287
1329,2468
1330,2682
1331,618
1332,8523
1333,206
1334,570
1335,1018
1336,4
1337,1935
1338,692
1339,168
1340,5000
1341,2182
1342,210
1343,55
1344,372
1345,10042
1346,242
1347,1713
1348,837
1349,2958
1350,2002
1351,5306
1352,820
1353,2079
1354,4464
1355,840
1356,2497
1357,2786
1358,980
1359,38420
1360,4883
1361,55
1362,2182
1363,504
1364,3303
1365,5745
1366,2729
1367,396
1368,13149
1369,61
1370,124
1371,81
1372,303
1373,552
1374,4553
1375,820
1376,113
1377,130
1378,584
1379,5082
1380,1033
1381,2682
1382,17
1383,3035
1384,77
1385,942
1386,510
1387,138
1388,190
1389,13141
1390,187
1391,823
1392,1713
1393,295
1394,1196
1395,5306
1396,3086
1397,326
1398,75
1399,703
1400,10983
1401,1825
1402,1445
1403,125
1404,675
1405,238
1406,552
1407,512
1408,613
1409,543
1410,89
1411,778
1412,1969
1413,778
1414,10983
1415,522
1416,8613
1417,563
1418,1713
1419,5306
1420,4553
1421,8523
1422,814
1423,960
1424,1368
1425,4
1426,5306
1427,2682
1428,13149
1429,115
1430,92
1431,1192
1432,440
1433,4385
1434,10042
1435,552
1436,17350
1437,4883
1438,4592
1439,2577
1440,3086
1441,39
1442,333
1443,3152
1444,2182
1445,237
1446,5082
1447,118
1448,618
1449,10042
1450,1445
1451,5306
1452,5033
1453,1445
1454,169
1455,450
1456,5306
1457,4553
1458,5745
1459,3299
1460,1499
1461,1713
1462,1473
1463,51
1464,185
1465,708
1466,115
1467,997
1468,475
1469,149
1470,131
1471,1445
1472,2577
1473,1358
1474,303
1475,1445
1476,4464
1477,174
1478,5306
1479,5000
1480,5451
1481,1358
1482,294
1483,8343
1484,708
1485,2683
1486,4765
1487,127
1488,14
1489,624
1490,5306
1491,10983
1492,190
1493,4872
1494,1402
1495,1445
1496,1277
1497,
1498,49
1499,2497
1500,1445
1501,5463
1502,751
1503,4595
1504,563
1505,670
1506,359
1507,4385
1508,2671
1509,5082
1510,1092
1511,6274
1512,201
1513,33
1514,1046
1515,82
1516,1713
1517,2592
1518,187
1519,1150
1520,280
1521,238
1522,2958
1523,349
1524,201
1525,1217
1526,451
1527,5000
1528,1445
1529,1368
1530,326
1531,3834
1532,4134
1533,2351
1534,878
1535,38420
1536,32
1537,3834
1538,30
1539,818
1540,38420
1541,624
1542,5306
1543,692
1544,451
1545,772
1546,2592
1547,2351
1548,3299
1549,1713
1550,1408
1551,13149
1552,4
1553,449
1554,118
1555,563
1556,1910
1557,52
1558,2682
1559,1445
1560,8613
1561,5177
1562,744
1563,744
1564,115
1565,10454
1566,4553
1567,5306
1568,6274
1569,10042
1570,1353
1571,92
1572,423
1573,467
1574,10454
1575,827
1576,8
1577,4078
1578,8613
1579,207
1580,36
1581,1596
1582,38420
1583,552
1584,983
1585,447
1586,4464
1587,2497
1588,475
1589,5463
1590,3086
1591,10454
1592,10983
1593,3538
1594,652
1595,5306
1596,5000
1597,259
1598,88
1599,1825
1600,736
1601,13141
1602,5177
1603,3862
1604,496
1605,2002
1606,1827
1607,933
1608,287
1609,113
1610,13141
1611,3303
1612,449
1613,166
1614,50
1615,703
1616,2371
1617,3636
1618,2371
1619,906
1620,1245
1621,178
1622,89
1623,3620
1624,1969
1625,1526
1626,4464
1627,288
1628,116
1629,1239
1630,4765
1631,13141
1632,2682
1633,2592
1634,980
1635,519
1636,5306
1637,618
1638,1896
1639,624
1640,996
1641,996
1642,4078
1643,920
1644,1069
1645,534
1646,1212
1647,440
1648,778
1649,3705
1650,2729
1651,11408
1652,4908
1653,960
1654,1499
1655,16
1656,499
1657,953
1658,1362
1659,431
1660,744
1661,11408
1662,359
1663,11022
1664,475
1665,2682
1666,293
1667,607
1668,224
1669,359
1670,1652
1671,8343
1672,27
1673,293
1674,1150
1675,
1676,4908
1677,2810
1678,630
1679,13141
1680,156
1681,663
1682,2351
1683,1257
1684,725
1685,5745
1686,43
1687,550
1688,359
1689,831
1690,3086
1691,16
1692,131
1693,2577
1694,5306
1695,929
1696,189
1697,2098
1698,38420
1699,274
1700,1728
1701,1035
1702,505
1703,2296
1704,5698
1705,16364
1706,1596
1707,677
1708,10983
1709,449
1710,570
1711,804
1712,2080
1713,3506
1714,1910
1715,7
1716,455
1717,703
1718,570
1719,1245
1720,3299
1721,198
1722,94
1723,5306
1724,1896
1725,1713
1726,4765
1727,4464
1728,432
1729,10042
1730,412
1731,5000
1732,235
1733,163
1734,207
1735,4883
1736,1596
1737,5000
1738,11408
1739,510
1740,88
1741,374
1742,1633
1743,13141
1744,2683
1745,336
1746,113
1747,3834
1748,43
1749,362
1750,778
1751,677
1752,450
1753,5306
1754,670
1755,722
1756,5000
1757,874
1758,5625
1759,1935
1760,2682
1761,1596
1762,163
1763,163
1764,2296
1765,603
1766,13141
1767,153
1768,1596
1769,163
1770,480
1771,38420
1772,268
1773,1393
1774,1825
1775,593
1776,362
1777,5000
1778,1378
1779,163
1780,1212
1781,279
1782,1713
1783,1217
1784,581
1785,1352
1786,5177
1787,1277
1788,1196
1789,624
1790,112
1791,1402
1792,273
1793,2032
1794,1705
1795,4977
1796,5463
1797,1596
1798,17350
1799,818
1800,4
1801,5306
1802,170
1803,547
1804,2592
1805,1656
1806,36631
1807,1825
1808,814
1809,10042
1810,565
1811,751
1812,2683
1813,168
1814,360
1815,942
1816,4765
1817,922
1818,115
1819,46
1820,273
1821,2182
1822,7537
1823,874
1824,945
1825,30
1826,511
1827,2786
1828,2810
1829,922
1830,1245
1831,297
1832,1358
1833,744
1834,13149
1835,436
1836,2299
1837,5306
1838,4464
1839,4464
1840,11
1841,1825
1842,364
1843,705
1844,351
1845,32
1846,3037
1847,744
1848,56
1849,744
1850,127
1851,3834
1852,146
1853,4765
1854,38420
1855,38420
1856,345
1857,38420
1858,233
1859,
1860,1257
1861,2805
1862,
1863,2296
1864,5451
1865,10983
1866,563
1867,345
1868,187
1869,725
1870,2078
1871,295
1872,2002
1873,43
1874,4595
1875,2501
1876,5745
1877,185
1878,2497
1879,563
1880,127
1881,677
1882,255
1883,703
1884,8613
1885,352
1886,874
1887,1007
1888,8613
1889,1353
1890,206
1891,2296
1892,16
1893,804
1894,9046
1895,703
1896,1007
1897,804
1898,56
1899,52
1900,996
1901,115
1902,10042
1903,432
1904,45
1905,4595
1906,2296
1907,703
1908,1896
1909,5698
1910,827
1911,92
1912,1596
1913,84
1914,6274
1915,1445
1916,663
1917,639
1918,744
1919,172
1920,1969
1921,1969
1922,404
1923,2561
1924,1063
1925,1825
1926,1156
1927,1705
1928,1596
1929,170
1930,778
1931,404
1932,1526
1933,2561
1934,1713
1935,624
1936,916
1937,1382
1938,9046
1939,918
1940,273
1941,424
1942,872
1943,2228
1944,3834
1945,5000
1946,55
1947,241
1948,996
1949,502
1950,5177
1951,237
1952,95
1953,1825
1954,1353
1955,5625
1956,135
1957,4977
1958,624
