0,4
1,1
2,6
3,1
4,1
5,1
6,1
7,5
8,3
9,3
10,3
11,1
12,5
13,2
14,1
15,0
16,1
17,1
18,1
19,3
20,3
21,1
22,3
23,5
24,0
25,2
26,3
27,0
28,5
29,0
30,2
31,2
32,1
33,1
34,3
35,0
36,4
37,0
38,6
39,1
40,5
41,2
42,1
43,2
44,1
45,3
46,1
47,1
48,1
49,2
50,4
51,3
52,2
53,0
54,1
55,2
56,0
57,3
58,3
59,2
60,3
61,3
62,1
63,3
64,1
65,1
66,3
67,1
68,2
69,2
70,1
71,2
72,0
73,3
74,1
75,1
76,2
77,2
78,0
79,2
80,1
81,2
82,2
83,1
84,2
85,1
86,2
87,0
88,3
89,1
90,2
91,0
92,3
93,0
94,2
95,1
96,2
97,2
98,0
99,0
100,4
101,0
102,1
103,4
104,2
105,2
106,1
107,3
108,3
109,1
110,4
111,0
112,0
113,2
114,0
115,2
116,1
117,0
118,0
119,0
120,0
121,0
122,2
123,0
124,3
125,1
126,1
127,1
128,2
129,1
130,4
131,1
132,0
133,4
134,2
135,1
136,1
137,0
138,2
139,3
140,4
141,3
142,2
143,4
144,2
145,0
146,4
147,3
148,2
149,2
150,1
151,3
152,0
153,3
154,1
155,0
156,1
157,1
158,0
159,1
160,3
161,2
162,2
163,0
164,1
165,1
166,3
167,0
168,1
169,0
170,5
171,2
172,1
173,3
174,4
175,2
176,3
177,1
178,3
179,2
180,1
181,4
182,1
183,1
184,1
185,1
186,1
187,3
188,2
189,3
190,2
191,3
192,2
193,4
194,4
195,1
196,4
197,1
198,1
199,2
200,2
201,4
202,4
203,1
204,3
205,2
206,2
207,1
208,3
209,2
210,1
211,3
212,2
213,3
214,4
215,2
216,4
217,2
218,2
219,3
220,3
221,3
222,2
223,1
224,0
225,5
226,2
227,4
228,3
229,3
230,2
231,1
232,1
233,3
234,1
235,4
236,3
237,1
238,1
239,1
240,4
241,1
242,3
243,0
244,1
245,2
246,4
247,2
248,2
249,1
250,2
251,3
252,0
253,1
254,1
255,1
256,1
257,0
258,0
259,1
260,4
261,2
262,1
263,0
264,8
265,3
266,1
267,3
268,2
269,3
270,2
271,3
272,1
273,1
274,2
275,1
276,4
277,0
278,3
279,2
280,3
281,1
282,3
283,4
284,1
285,1
286,4
287,4
288,5
289,4
290,3
291,5
292,3
293,1
294,4
295,3
296,1
297,1
298,1
299,2
300,1
301,1
302,3
303,2
304,4
305,2
306,1
307,4
308,2
309,1
310,2
311,3
312,1
313,3
314,1
315,3
316,0
317,4
318,4
319,4
320,2
321,2
322,4
323,3
324,4
325,0
326,0
327,0
328,5
329,4
330,1
331,3
332,1
333,1
334,1
335,1
336,2
337,1
338,3
339,1
340,1
341,3
342,1
343,5
344,3
345,1
346,5
347,2
348,2
349,0
350,1
351,2
352,1
353,2
354,3
355,3
356,1
357,1
358,0
359,1
360,4
361,1
362,1
363,2
364,3
365,3
366,3
367,1
368,1
369,1
370,3
371,4
372,2
373,0
374,5
375,0
376,2
377,1
378,2
379,6
380,1
381,2
382,3
383,4
384,0
385,2
386,1
387,3
388,5
389,1
390,2
391,3
392,1
393,2
394,4
395,3
396,1
397,0
398,1
399,3
400,1
401,1
402,4
403,3
404,1
405,0
406,1
407,1
408,2
409,1
410,3
411,0
412,2
413,1
414,2
415,1
416,1
417,1
418,2
419,2
420,1
421,5
422,2
423,1
424,1
425,1
426,2
427,2
428,2
429,3
430,2
431,3
432,2
433,5
434,2
435,4
436,2
437,3
438,1
439,0
440,0
441,4
442,3
443,3
444,2
445,1
446,4
447,1
448,4
449,1
450,1
451,4
452,2
453,1
454,2
455,3
456,1
457,2
458,2
459,2
460,6
461,3
462,3
463,2
464,1
465,2
466,3
467,0
468,2
469,2
470,3
471,3
472,1
473,1
474,1
475,1
476,4
477,3
478,3
479,2
480,1
481,3
482,1
483,4
484,0
485,2
486,5
487,1
488,5
489,3
490,1
491,1
492,1
493,2
494,1
495,1
496,1
497,3
498,0
499,4
500,2
501,1
502,1
503,6
504,0
505,5
506,1
507,0
508,4
509,2
510,1
511,1
512,5
513,0
514,2
515,1
516,3
517,0
518,1
519,1
520,2
521,1
522,1
523,1
524,3
525,2
526,4
527,5
528,1
529,3
530,2
531,2
532,1
533,2
534,1
535,1
536,1
537,2
538,1
539,7
540,3
541,3
542,1
543,3
544,4
545,1
546,1
547,6
548,3
549,4
550,1
551,3
552,2
553,3
554,2
555,4
556,4
557,3
558,2
559,3
560,2
561,1
562,1
563,0
564,3
565,1
566,5
567,3
568,4
569,4
570,2
571,4
572,1
573,3
574,0
575,3
576,4
577,0
578,1
579,3
580,3
581,3
582,4
583,2
584,1
585,2
586,0
587,1
588,1
589,0
590,4
591,0
592,1
593,0
594,2
595,1
596,4
597,3
598,1
599,2
600,2
601,2
602,2
603,1
604,2
605,1
606,6
607,2
608,0
609,2
610,0
611,2
612,1
613,1
614,1
615,1
616,1
617,0
618,2
619,0
620,3
621,3
622,2
623,1
624,0
625,2
626,0
627,3
628,1
629,1
630,1
631,0
632,0
633,0
634,3
635,1
636,5
637,0
638,4
639,1
640,2
641,2
642,2
643,1
644,2
645,0
646,2
647,2
648,5
649,2
650,1
651,1
652,2
653,1
654,1
655,1
656,2
657,0
658,1
659,1
660,1
661,2
662,1
663,3
664,2
665,2
666,1
667,1
668,1
669,4
670,1
671,2
672,0
673,1
674,0
675,3
676,2
677,0
678,3
679,1
680,1
681,2
682,0
683,1
684,1
685,4
686,0
687,1
688,1
689,0
690,0
691,1
692,0
693,2
694,1
695,1
696,0
697,0
698,2
699,1
700,1
701,2
702,6
703,0
704,1
705,0
706,2
707,2
708,0
709,5
710,3
711,1
712,2
713,1
714,1
715,1
716,0
717,0
718,0
719,5
720,0
721,2
722,3
723,2
724,1
725,1
726,0
727,2
728,2
729,3
730,0
731,0
732,2
733,0
734,2
735,1
736,2
737,1
738,1
739,0
740,1
741,0
742,1
743,2
744,1
745,1
746,2
747,0
748,1
749,2
750,4
751,1
752,2
753,1
754,5
755,4
756,4
757,3
758,2
759,2
760,0
761,4
762,4
763,2
764,3
765,1
766,3
767,2
768,2
769,2
770,1
771,2
772,1
773,1
774,1
775,2
776,2
777,0
778,3
779,0
780,2
781,1
782,2
783,2
784,4
785,5
786,1
787,4
788,2
789,0
790,1
791,1
792,2
793,2
794,1
795,2
796,2
797,1
798,1
799,4
800,2
801,2
802,2
803,3
804,2
805,2
806,1
807,2
808,3
809,3
810,3
811,2
812,2
813,1
814,2
815,2
816,3
817,2
818,5
819,2
820,1
821,1
822,1
823,1
824,2
825,4
826,3
827,1
828,4
829,1
830,2
831,1
832,1
833,2
834,2
835,3
836,0
837,1
838,4
839,3
840,1
841,3
842,5
843,3
844,5
845,4
846,2
847,2
848,0
849,2
850,4
851,2
852,1
853,2
854,2
855,3
856,2
857,1
858,4
859,1
860,0
861,1
862,2
863,1
864,2
865,1
866,1
867,2
868,0
869,2
870,1
871,1
872,4
873,1
874,3
875,1
876,1
877,2
878,4
879,4
880,0
881,2
882,0
883,1
884,1
885,3
886,1
887,1
888,1
889,0
890,2
891,3
892,1
893,1
894,2
895,3
896,1
897,4
898,0
899,1
900,1
901,5
902,3
903,1
904,1
905,3
906,1
907,2
908,3
909,1
910,1
911,2
912,3
913,0
914,4
915,2
916,0
917,2
918,1
919,1
920,2
921,5
922,1
923,2
924,3
925,5
926,3
927,1
928,3
929,3
930,1
931,3
932,3
933,2
934,1
935,1
936,1
937,1
938,1
939,3
940,2
941,1
942,4
943,4
944,1
945,3
946,2
947,1
948,0
949,2
950,1
951,0
952,1
953,1
954,0
955,0
956,0
957,1
958,1
959,2
960,3
961,3
962,2
963,1
964,3
965,1
966,3
967,1
968,2
969,4
970,1
971,1
972,4
973,1
974,4
975,2
976,0
977,1
978,1
979,1
980,1
981,1
982,0
983,2
984,1
985,1
986,2
987,3
988,3
989,1
990,5
991,1
992,1
993,3
994,2
995,4
996,1
997,1
998,0
999,0
1000,3
1001,2
1002,4
1003,2
1004,0
1005,2
1006,2
1007,0
1008,1
1009,3
1010,4
1011,1
1012,1
1013,1
1014,4
1015,2
1016,0
1017,1
1018,1
1019,0
1020,3
1021,1
1022,1
1023,3
1024,0
1025,0
1026,3
1027,1
1028,4
1029,1
1030,1
1031,2
1032,1
1033,1
1034,2
1035,2
1036,1
1037,0
1038,4
1039,0
1040,2
1041,3
1042,2
1043,1
1044,5
1045,1
1046,0
1047,1
1048,4
1049,4
1050,0
1051,1
1052,2
1053,1
1054,0
1055,1
1056,2
1057,4
1058,1
1059,2
1060,4
1061,2
1062,3
1063,1
1064,1
1065,2
1066,1
1067,0
1068,2
1069,2
1070,2
1071,1
1072,3
1073,1
1074,1
1075,1
1076,2
1077,4
1078,2
1079,0
1080,3
1081,1
1082,1
1083,2
1084,0
1085,0
1086,1
1087,2
1088,1
1089,1
1090,1
1091,4
1092,1
1093,1
1094,2
1095,0
1096,1
1097,0
1098,1
1099,5
1100,2
1101,1
1102,1
1103,1
1104,4
1105,2
1106,1
1107,3
1108,2
1109,2
1110,2
1111,1
1112,1
1113,1
1114,1
1115,1
1116,3
1117,2
1118,1
1119,1
1120,3
1121,2
1122,6
1123,1
1124,2
1125,2
1126,2
1127,4
1128,2
1129,1
1130,0
1131,1
1132,0
1133,0
1134,0
1135,3
1136,0
1137,1
1138,1
1139,1
1140,1
1141,1
1142,1
1143,1
1144,1
1145,3
1146,1
1147,3
1148,1
1149,1
1150,1
1151,1
1152,1
1153,1
1154,1
1155,3
1156,3
1157,0
1158,3
1159,1
1160,1
1161,1
1162,3
1163,1
1164,3
1165,2
1166,1
1167,1
1168,4
1169,1
1170,2
1171,2
1172,3
1173,2
1174,1
1175,1
1176,1
1177,3
1178,0
1179,1
1180,3
1181,1
1182,1
1183,3
1184,2
1185,1
1186,2
1187,1
1188,2
1189,0
1190,2
1191,2
1192,0
1193,3
1194,3
1195,1
1196,4
1197,2
1198,1
1199,1
1200,1
1201,0
1202,1
1203,0
1204,1
1205,1
1206,0
1207,1
1208,1
1209,2
1210,2
1211,1
1212,2
1213,1
1214,0
1215,3
1216,3
1217,1
1218,0
1219,0
1220,1
1221,0
1222,5
1223,1
1224,3
1225,2
1226,0
1227,0
1228,0
1229,5
1230,3
1231,0
1232,4
1233,3
1234,4
1235,1
1236,3
1237,2
1238,3
1239,2
1240,0
1241,1
1242,4
1243,2
1244,3
1245,1
1246,0
1247,1
1248,3
1249,1
1250,2
1251,4
1252,2
1253,2
1254,0
1255,1
1256,3
1257,1
1258,1
1259,1
1260,2
1261,2
1262,1
1263,3
1264,1
1265,1
1266,2
1267,2
1268,1
1269,1
1270,0
1271,2
1272,0
1273,2
1274,3
1275,1
1276,0
1277,3
1278,4
1279,3
1280,3
1281,1
1282,1
1283,1
1284,1
1285,1
1286,1
1287,2
1288,0
1289,3
1290,1
1291,3
1292,1
1293,2
1294,1
1295,1
1296,1
1297,2
1298,2
1299,4
1300,0
1301,4
1302,2
1303,3
1304,2
1305,4
1306,1
1307,3
1308,1
1309,1
1310,1
1311,4
1312,1
1313,2
1314,4
1315,2
1316,2
1317,1
1318,1
1319,1
1320,4
1321,2
1322,1
1323,3
1324,1
1325,5
1326,3
1327,0
1328,4
1329,1
1330,2
1331,1
1332,0
1333,2
1334,2
1335,2
1336,2
1337,3
1338,1
1339,4
1340,0
1341,1
1342,1
1343,4
1344,1
1345,1
1346,7
1347,4
1348,2
1349,3
1350,1
1351,3
1352,2
1353,1
1354,3
1355,1
1356,3
1357,1
1358,1
1359,1
1360,2
1361,2
1362,1
1363,2
1364,1
1365,5
1366,1
1367,3
1368,1
1369,1
1370,2
1371,3
1372,0
1373,1
1374,1
1375,2
1376,4
1377,2
1378,2
1379,3
1380,2
1381,0
1382,3
1383,2
1384,6
1385,1
1386,0
1387,1
1388,1
1389,3
1390,2
1391,1
1392,1
1393,1
1394,0
1395,3
1396,1
1397,3
1398,4
1399,2
1400,3
1401,0
1402,3
1403,1
1404,3
1405,2
1406,5
1407,3
1408,2
1409,4
1410,1
1411,2
1412,0
1413,1
1414,3
1415,4
1416,2
1417,2
1418,2
1419,0
1420,1
1421,1
1422,2
1423,1
1424,3
1425,2
1426,2
1427,1
1428,1
1429,2
1430,1
1431,1
1432,2
1433,2
1434,0
1435,2
1436,4
1437,2
1438,1
1439,1
1440,1
1441,1
1442,1
1443,0
1444,2
1445,3
1446,4
1447,3
1448,0
1449,4
1450,1
1451,2
1452,3
1453,1
1454,2
1455,3
1456,0
1457,1
1458,0
1459,2
1460,3
1461,1
1462,2
1463,1
1464,5
1465,1
1466,2
1467,4
1468,2
1469,1
1470,1
1471,1
1472,1
1473,3
1474,0
1475,2
1476,1
1477,1
1478,2
1479,1
1480,1
1481,3
1482,1
1483,0
1484,2
1485,0
1486,4
1487,2
1488,1
1489,2
1490,0
1491,1
1492,1
1493,1
1494,3
1495,3
1496,2
1497,2
1498,3
1499,2
1500,3
1501,4
1502,5
1503,1
1504,1
1505,2
1506,2
1507,0
1508,0
1509,2
1510,3
1511,2
1512,2
1513,3
1514,1
1515,1
1516,2
1517,4
1518,1
1519,0
1520,1
1521,3
1522,2
1523,4
1524,3
1525,2
1526,4
1527,2
1528,1
1529,2
1530,3
1531,1
1532,1
1533,1
1534,0
1535,3
1536,2
1537,2
1538,0
1539,3
1540,2
1541,1
1542,1
1543,1
1544,1
1545,2
1546,1
1547,1
1548,1
1549,3
1550,1
1551,1
1552,2
1553,4
1554,2
1555,4
1556,3
1557,2
1558,2
1559,1
1560,1
1561,3
1562,2
1563,0
1564,1
1565,1
1566,1
1567,2
1568,2
1569,1
1570,4
1571,2
1572,2
1573,2
1574,1
1575,1
1576,0
1577,3
1578,0
1579,2
1580,2
1581,0
1582,3
1583,2
1584,1
1585,1
1586,2
1587,2
1588,2
1589,3
1590,0
1591,5
1592,1
1593,1
1594,2
1595,1
1596,0
1597,2
1598,3
1599,2
1600,2
1601,0
1602,1
1603,4
1604,3
1605,2
1606,2
1607,1
1608,3
1609,1
1610,2
1611,0
1612,2
1613,0
1614,1
1615,1
1616,4
1617,3
1618,4
1619,2
1620,2
1621,1
1622,0
1623,3
1624,2
1625,5
1626,4
1627,4
1628,0
1629,4
1630,0
1631,1
1632,2
1633,2
1634,2
1635,0
1636,4
1637,3
1638,0
1639,1
1640,4
1641,2
1642,0
1643,6
1644,2
1645,2
1646,1
1647,0
1648,2
1649,2
1650,2
1651,1
1652,2
1653,1
1654,3
1655,1
1656,0
1657,2
1658,4
1659,5
1660,1
1661,3
1662,0
1663,2
1664,2
1665,1
1666,3
1667,0
1668,2
1669,1
1670,0
1671,2
1672,1
1673,2
1674,0
1675,1
1676,2
1677,1
1678,3
1679,3
1680,1
1681,2
1682,0
1683,1
1684,0
1685,0
1686,1
1687,2
1688,2
1689,2
1690,0
1691,1
1692,3
1693,2
1694,3
1695,1
1696,2
1697,0
1698,1
1699,1
1700,1
1701,1
1702,0
1703,2
1704,3
1705,2
1706,2
1707,7
1708,0
1709,3
1710,4
1711,1
1712,3
1713,5
1714,3
1715,2
1716,4
1717,4
1718,5
1719,3
1720,2
1721,3
1722,1
1723,3
1724,1
1725,5
1726,4
1727,1
1728,1
1729,2
1730,0
1731,2
1732,3
1733,3
1734,5
1735,1
1736,2
1737,2
1738,1
1739,4
1740,5
1741,2
1742,1
1743,1
1744,1
1745,1
1746,1
1747,2
1748,1
1749,1
1750,2
1751,5
1752,4
1753,3
1754,3
1755,1
1756,1
1757,1
1758,1
1759,3
1760,1
1761,2
1762,2
1763,1
1764,3
1765,3
1766,4
1767,2
1768,2
1769,2
1770,3
1771,1
1772,2
1773,3
1774,0
1775,3
1776,1
1777,1
1778,0
1779,3
1780,4
1781,3
1782,1
1783,2
1784,4
1785,3
1786,4
1787,1
1788,0
1789,1
1790,4
1791,4
1792,1
1793,2
1794,1
1795,3
1796,1
1797,2
1798,2
1799,1
1800,3
1801,2
1802,3
1803,1
1804,2
1805,4
1806,4
1807,2
1808,3
1809,2
1810,2
1811,7
1812,0
1813,3
1814,2
1815,1
1816,1
1817,4
1818,1
1819,2
1820,3
1821,5
1822,1
1823,1
1824,2
1825,2
1826,2
1827,3
1828,1
1829,4
1830,3
1831,1
1832,1
1833,2
1834,2
1835,0
1836,4
1837,1
1838,1
1839,1
1840,4
1841,0
1842,1
1843,2
1844,2
1845,2
1846,3
1847,0
1848,1
1849,2
1850,2
1851,1
1852,0
1853,1
1854,4
1855,2
1856,0
1857,1
1858,2
1859,4
1860,1
1861,1
1862,1
1863,0
1864,2
1865,0
1866,1
1867,0
1868,0
1869,3
1870,2
1871,0
1872,2
1873,1
1874,2
1875,1
1876,5
1877,4
1878,1
1879,1
1880,1
1881,6
1882,3
1883,2
1884,3
1885,2
1886,1
1887,2
1888,0
1889,5
1890,3
1891,1
1892,3
1893,1
1894,4
1895,2
1896,3
1897,1
1898,1
1899,1
1900,1
1901,2
1902,0
1903,1
1904,4
1905,1
1906,2
1907,2
1908,1
1909,4
1910,1
1911,4
1912,1
1913,2
1914,3
1915,3
1916,3
1917,2
1918,1
1919,2
1920,1
1921,2
1922,1
1923,2
1924,7
1925,2
1926,1
1927,2
1928,1
1929,3
1930,3
1931,3
1932,3
1933,2
1934,0
1935,4
1936,1
1937,1
1938,1
1939,3
1940,1
1941,2
1942,1
1943,0
1944,5
1945,1
1946,1
1947,3
1948,3
1949,3
1950,1
1951,3
1952,3
1953,2
1954,4
1955,1
1956,4
1957,5
1958,3
