0,19
1,41
2,37
3,52
4,53
5,31
6,51
7,18
8,22
9,44
10,29
11,28
12,46
13,19
14,31
15,31
16,49
17,32
18,28
19,31
20,31
21,28
22,19
23,19
24,39
25,30
26,31
27,9
28,56
29,32
30,59
31,40
32,41
33,19
34,23
35,26
36,38
37,32
38,28
39,18
40,39
41,12
42,28
43,29
44,30
45,22
46,39
47,21
48,28
49,10
50,39
51,10
52,56
53,32
54,19
55,20
56,30
57,14
58,14
59,28
60,24
61,50
62,40
63,51
64,36
65,16
66,31
67,28
68,48
69,22
70,18
71,40
72,40
73,15
74,20
75,
76,32
77,45
78,10
79,53
80,30
81,22
82,18
83,31
84,29
85,30
86,21
87,39
88,25
89,39
90,
91,32
92,25
93,31
94,46
95,40
96,24
97,34
98,40
99,
100,37
101,15
102,25
103,48
104,31
105,53
106,53
107,31
108,30
109,31
110,31
111,52
112,22
113,53
114,23
115,
116,50
117,21
118,28
119,18
120,46
121,42
122,16
123,44
124,39
125,22
126,23
127,50
128,17
129,32
130,22
131,19
132,12
133,26
134,28
135,21
136,38
137,25
138,51
139,18
140,16
141,15
142,32
143,18
144,32
145,34
146,36
147,29
148,48
149,16
150,40
151,30
152,32
153,13
154,23
155,32
156,26
157,35
158,42
159,37
160,16
161,32
162,50
163,52
164,17
165,19
166,25
167,20
168,20
169,35
170,13
171,31
172,45
173,18
174,39
175,
176,23
177,4
178,18
179,26
180,6
181,18
182,51
183,23
184,54
185,3
186,18
187,22
188,67
189,25
190,15
191,45
192,55
193,22
194,37
195,10
196,30
197,48
198,24
199,27
200,48
201,15
202,31
203,35
204,19
205,31
206,24
207,32
208,28
209,52
210,44
211,27
212,44
213,16
214,42
215,19
216,31
217,15
218,54
219,51
220,22
221,34
222,42
223,50
224,39
225,39
226,46
227,29
228,13
229,31
230,40
231,29
232,19
233,23
234,38
235,16
236,16
237,30
238,43
239,31
240,42
241,18
242,29
243,39
244,31
245,32
246,18
247,17
248,47
249,49
250,44
251,51
252,35
253,20
254,51
255,8
256,22
257,3
258,32
259,30
260,22
261,25
262,35
263,
264,43
265,28
266,20
267,41
268,36
269,30
270,28
271,31
272,38
273,40
274,32
275,19
276,12
277,14
278,44
279,27
280,42
281,39
282,28
283,17
284,10
285,
286,46
287,28
288,16
289,15
290,28
291,40
292,43
293,8
294,21
295,28
296,41
297,23
298,20
299,40
300,18
301,7
302,36
303,17
304,18
305,44
306,28
307,42
308,16
309,24
310,44
311,23
312,50
313,26
314,28
315,34
316,32
317,51
318,28
319,40
320,25
321,
322,43
323,35
324,29
325,45
326,37
327,21
328,29
329,
330,9
331,56
332,35
333,50
334,40
335,13
336,33
337,18
338,44
339,15
340,29
341,29
342,
343,18
344,33
345,40
346,35
347,29
348,32
349,41
350,17
351,12
352,31
353,31
354,40
355,23
356,32
357,31
358,32
359,23
360,19
361,26
362,
363,37
364,47
365,13
366,32
367,18
368,47
369,13
370,40
371,39
372,46
373,28
374,41
375,28
376,18
377,40
378,
379,48
380,23
381,30
382,27
383,25
384,31
385,24
386,37
387,24
388,21
389,29
390,44
391,25
392,26
393,31
394,33
395,46
396,40
397,30
398,23
399,34
400,11
401,20
402,35
403,39
404,38
405,12
406,38
407,36
408,19
409,31
410,24
411,31
412,40
413,16
414,24
415,33
416,28
417,26
418,11
419,24
420,20
421,17
422,56
423,35
424,18
425,53
426,39
427,46
428,14
429,26
430,24
431,38
432,13
433,12
434,22
435,40
436,30
437,39
438,7
439,39
440,40
441,22
442,51
443,16
444,19
445,26
446,12
447,20
448,31
449,14
450,3
451,32
452,26
453,33
454,36
455,17
456,28
457,22
458,10
459,16
460,47
461,51
462,30
463,39
464,
465,20
466,13
467,47
468,17
469,39
470,11
471,19
472,41
473,27
474,32
475,28
476,17
477,42
478,49
479,27
480,36
481,44
482,20
483,21
484,35
485,12
486,4
487,30
488,31
489,11
490,22
491,35
492,30
493,41
494,31
495,38
496,26
497,13
498,20
499,31
500,17
501,16
502,41
503,37
504,32
505,35
506,30
507,4
508,13
509,8
510,31
511,29
512,33
513,44
514,27
515,38
516,31
517,28
518,23
519,44
520,18
521,49
522,8
523,44
524,44
525,24
526,
527,33
528,26
529,13
530,29
531,12
532,30
533,35
534,37
535,30
536,38
537,33
538,30
539,15
540,15
541,23
542,39
543,17
544,39
545,55
546,17
547,42
548,12
549,18
550,46
551,12
552,14
553,11
554,17
555,38
556,17
557,40
558,51
559,34
560,
561,24
562,35
563,36
564,15
565,
566,15
567,49
568,18
569,21
570,20
571,38
572,15
573,19
574,35
575,15
576,18
577,40
578,28
579,31
580,33
581,42
582,35
583,67
584,48
585,40
586,28
587,20
588,45
589,35
590,47
591,14
592,30
593,22
594,49
595,23
596,12
597,
598,39
599,44
600,13
601,29
602,23
603,17
604,15
605,52
606,15
607,28
608,39
609,5
610,39
611,34
612,31
613,34
614,44
615,16
616,20
617,46
618,35
619,19
620,39
621,25
622,42
623,10
624,17
625,25
626,14
627,23
628,45
629,
630,43
631,42
632,31
633,35
634,25
635,28
636,43
637,33
638,18
639,20
640,29
641,49
642,63
643,41
644,22
645,53
646,18
647,34
648,18
649,3
650,9
651,51
652,9
653,12
654,43
655,35
656,43
657,4
658,41
659,32
660,15
661,21
662,19
663,42
664,22
665,51
666,18
667,49
668,3
669,31
670,22
671,33
672,
673,34
674,26
675,
676,26
677,25
678,21
679,
680,31
681,29
682,41
683,17
684,45
685,19
686,46
687,16
688,32
689,
690,28
691,26
692,18
693,33
694,
695,32
696,12
697,45
698,25
699,25
700,41
701,31
702,
703,3
704,17
705,53
706,14
707,52
708,51
709,14
710,44
711,14
712,19
713,16
714,54
715,28
716,24
717,26
718,18
719,17
720,52
721,29
722,46
723,18
724,28
725,32
726,42
727,34
728,31
729,45
730,34
731,28
732,29
733,14
734,28
735,43
736,32
737,
738,31
739,35
740,12
741,31
742,50
743,21
744,16
745,4
746,36
747,23
748,20
749,28
750,18
751,14
752,35
753,10
754,17
755,33
756,40
757,
758,26
759,28
760,49
761,44
762,28
763,31
764,29
765,40
766,34
767,37
768,23
769,51
770,26
771,29
772,25
773,18
774,43
775,35
776,26
777,17
778,15
779,37
780,23
781,38
782,47
783,24
784,50
785,30
786,33
787,22
788,31
789,31
790,31
791,19
792,22
793,56
794,26
795,17
796,27
797,17
798,10
799,22
800,20
801,33
802,
803,26
804,38
805,21
806,52
807,44
808,16
809,31
810,35
811,17
812,32
813,44
814,20
815,51
816,42
817,46
818,12
819,36
820,9
821,15
822,26
823,25
824,11
825,16
826,12
827,53
828,22
829,40
830,31
831,24
832,42
833,20
834,27
835,13
836,20
837,12
838,20
839,22
840,29
841,11
842,28
843,31
844,16
845,16
846,48
847,9
848,32
849,16
850,40
851,31
852,36
853,40
854,9
855,25
856,39
857,34
858,35
859,17
860,35
861,20
862,19
863,10
864,53
865,19
866,24
867,37
868,23
869,19
870,21
871,15
872,22
873,28
874,51
875,33
876,32
877,44
878,22
879,15
880,26
881,47
882,35
883,39
884,19
885,21
886,42
887,32
888,18
889,14
890,32
891,15
892,6
893,39
894,25
895,4
896,44
897,13
898,41
899,30
900,51
901,49
902,22
903,19
904,35
905,12
906,39
907,24
908,31
909,18
910,23
911,15
912,51
913,6
914,9
915,40
916,53
917,47
918,14
919,12
920,40
921,23
922,39
923,46
924,31
925,47
926,34
927,44
928,16
929,
930,53
931,12
932,35
933,42
934,35
935,39
936,19
937,30
938,18
939,53
940,41
941,52
942,29
943,31
944,40
945,46
946,28
947,33
948,25
949,49
950,40
951,31
952,15
953,40
954,17
955,31
956,15
957,26
958,26
959,26
960,25
961,31
962,26
963,38
964,17
965,13
966,22
967,12
968,19
969,26
970,44
971,10
972,40
973,21
974,16
975,15
976,35
977,53
978,19
979,44
980,52
981,31
982,16
983,40
984,43
985,25
986,46
987,46
988,15
989,28
990,17
991,42
992,51
993,
994,
995,17
996,32
997,35
998,32
999,35
1000,32
1001,34
1002,22
1003,
1004,29
1005,
1006,30
1007,32
1008,30
1009,31
1010,17
1011,12
1012,30
1013,32
1014,32
1015,12
1016,28
1017,15
1018,37
1019,20
1020,50
1021,
1022,39
1023,43
1024,41
1025,28
1026,51
1027,32
1028,31
1029,20
1030,15
1031,31
1032,40
1033,23
1034,29
1035,28
1036,12
1037,40
1038,40
1039,28
1040,38
1041,22
1042,16
1043,24
1044,28
1045,38
1046,47
1047,31
1048,15
1049,44
1050,20
1051,32
1052,49
1053,39
1054,48
1055,31
1056,21
1057,15
1058,31
1059,43
1060,22
1061,34
1062,50
1063,34
1064,41
1065,10
1066,27
1067,51
1068,43
1069,51
1070,20
1071,24
1072,22
1073,31
1074,16
1075,27
1076,17
1077,9
1078,32
1079,35
1080,24
1081,20
1082,20
1083,30
1084,29
1085,41
1086,26
1087,28
1088,23
1089,4
1090,50
1091,25
1092,40
1093,17
1094,9
1095,23
1096,33
1097,22
1098,33
1099,41
1100,9
1101,19
1102,22
1103,40
1104,12
1105,41
1106,53
1107,26
1108,24
1109,20
1110,50
1111,35
1112,26
1113,29
1114,32
1115,38
1116,30
1117,34
1118,12
1119,33
1120,19
1121,59
1122,27
1123,10
1124,33
1125,29
1126,31
1127,50
1128,16
1129,31
1130,39
1131,43
1132,28
1133,34
1134,32
1135,31
1136,19
1137,52
1138,22
1139,49
1140,46
1141,38
1142,33
1143,31
1144,35
1145,43
1146,22
1147,20
1148,38
1149,29
1150,13
1151,31
1152,44
1153,41
1154,31
1155,36
1156,16
1157,28
1158,4
1159,30
1160,47
1161,34
1162,40
1163,31
1164,15
1165,38
1166,30
1167,31
1168,25
1169,35
1170,25
1171,26
1172,48
1173,40
1174,67
1175,31
1176,41
1177,17
1178,9
1179,34
1180,56
1181,17
1182,26
1183,11
1184,23
1185,24
1186,48
1187,35
1188,47
1189,23
1190,17
1191,19
1192,29
1193,12
1194,18
1195,53
1196,33
1197,29
1198,12
1199,30
1200,41
1201,25
1202,28
1203,6
1204,36
1205,30
1206,32
1207,32
1208,44
1209,24
1210,39
1211,30
1212,36
1213,40
1214,39
1215,16
1216,34
1217,23
1218,30
1219,17
1220,39
1221,49
1222,30
1223,28
1224,15
1225,49
1226,4
1227,33
1228,28
1229,29
1230,48
1231,4
1232,46
1233,27
1234,15
1235,12
1236,22
1237,31
1238,16
1239,25
1240,34
1241,36
1242,25
1243,34
1244,23
1245,26
1246,39
1247,17
1248,11
1249,24
1250,52
1251,28
1252,41
1253,33
1254,49
1255,40
1256,16
1257,18
1258,39
1259,36
1260,55
1261,11
1262,
1263,15
1264,15
1265,28
1266,34
1267,38
1268,9
1269,55
1270,14
1271,37
1272,35
1273,27
1274,53
1275,43
1276,36
1277,29
1278,40
1279,23
1280,40
1281,31
1282,32
1283,41
1284,40
1285,
1286,20
1287,30
1288,35
1289,20
1290,43
1291,31
1292,38
1293,43
1294,31
1295,48
1296,
1297,21
1298,37
1299,23
1300,44
1301,30
1302,18
1303,41
1304,16
1305,15
1306,18
1307,23
1308,11
1309,22
1310,14
1311,15
1312,28
1313,3
1314,41
1315,47
1316,23
1317,23
1318,20
1319,38
1320,21
1321,38
1322,11
1323,17
1324,4
1325,38
1326,16
1327,31
1328,3
1329,36
1330,51
1331,30
1332,32
1333,12
1334,31
1335,26
1336,16
1337,31
1338,16
1339,15
1340,23
1341,12
1342,20
1343,31
1344,8
1345,53
1346,
1347,17
1348,11
1349,4
1350,19
1351,31
1352,9
1353,13
1354,51
1355,8
1356,18
1357,50
1358,33
1359,20
1360,29
1361,25
1362,12
1363,4
1364,36
1365,39
1366,34
1367,31
1368,39
1369,51
1370,27
1371,35
1372,51
1373,35
1374,55
1375,9
1376,33
1377,3
1378,40
1379,18
1380,44
1381,51
1382,6
1383,29
1384,23
1385,43
1386,28
1387,18
1388,50
1389,39
1390,
1391,32
1392,17
1393,35
1394,25
1395,31
1396,32
1397,21
1398,14
1399,19
1400,44
1401,20
1402,40
1403,15
1404,46
1405,30
1406,35
1407,33
1408,16
1409,31
1410,31
1411,21
1412,50
1413,21
1414,44
1415,30
1416,47
1417,42
1418,17
1419,31
1420,55
1421,32
1422,30
1423,29
1424,47
1425,38
1426,31
1427,51
1428,39
1429,16
1430,20
1431,22
1432,34
1433,42
1434,53
1435,35
1436,22
1437,29
1438,52
1439,32
1440,32
1441,17
1442,24
1443,25
1444,12
1445,22
1446,18
1447,18
1448,38
1449,53
1450,40
1451,31
1452,25
1453,40
1454,38
1455,25
1456,31
1457,55
1458,39
1459,56
1460,47
1461,17
1462,43
1463,24
1464,42
1465,21
1466,25
1467,24
1468,17
1469,18
1470,10
1471,40
1472,32
1473,49
1474,51
1475,40
1476,51
1477,44
1478,31
1479,23
1480,27
1481,49
1482,29
1483,47
1484,21
1485,35
1486,25
1487,34
1488,23
1489,34
1490,31
1491,44
1492,50
1493,46
1494,41
1495,40
1496,28
1497,
1498,8
1499,18
1500,40
1501,34
1502,15
1503,52
1504,42
1505,27
1506,4
1507,42
1508,28
1509,18
1510,28
1511,18
1512,15
1513,27
1514,16
1515,26
1516,17
1517,48
1518,14
1519,29
1520,32
1521,30
1522,4
1523,10
1524,15
1525,17
1526,13
1527,23
1528,40
1529,47
1530,21
1531,38
1532,
1533,32
1534,17
1535,20
1536,17
1537,38
1538,50
1539,59
1540,20
1541,23
1542,31
1543,16
1544,13
1545,22
1546,48
1547,32
1548,56
1549,17
1550,39
1551,39
1552,38
1553,40
1554,18
1555,42
1556,23
1557,17
1558,51
1559,40
1560,47
1561,23
1562,28
1563,28
1564,16
1565,26
1566,55
1567,31
1568,18
1569,53
1570,20
1571,17
1572,17
1573,38
1574,26
1575,35
1576,40
1577,38
1578,47
1579,24
1580,
1581,12
1582,20
1583,35
1584,13
1585,21
1586,51
1587,18
1588,17
1589,34
1590,32
1591,26
1592,44
1593,31
1594,41
1595,31
1596,23
1597,34
1598,15
1599,20
1600,15
1601,39
1602,23
1603,45
1604,
1605,19
1606,31
1607,32
1608,3
1609,33
1610,39
1611,36
1612,40
1613,8
1614,37
1615,19
1616,38
1617,
1618,38
1619,32
1620,42
1621,12
1622,31
1623,24
1624,50
1625,46
1626,51
1627,22
1628,14
1629,24
1630,25
1631,39
1632,51
1633,48
1634,33
1635,7
1636,31
1637,
1638,19
1639,23
1640,42
1641,42
1642,38
1643,35
1644,24
1645,
1646,35
1647,32
1648,21
1649,36
1650,34
1651,50
1652,24
1653,29
1654,47
1655,13
1656,13
1657,29
1658,14
1659,12
1660,34
1661,50
1662,4
1663,41
1664,17
1665,51
1666,39
1667,54
1668,19
1669,4
1670,40
1671,47
1672,
1673,39
1674,29
1675,
1676,24
1677,26
1678,25
1679,39
1680,26
1681,46
1682,32
1683,19
1684,46
1685,39
1686,9
1687,33
1688,4
1689,6
1690,32
1691,13
1692,10
1693,32
1694,31
1695,21
1696,43
1697,30
1698,20
1699,12
1700,31
1701,38
1702,16
1703,16
1704,
1705,34
1706,12
1707,28
1708,44
1709,40
1710,31
1711,31
1712,26
1713,22
1714,23
1715,11
1716,9
1717,19
1718,31
1719,42
1720,56
1721,18
1722,16
1723,31
1724,19
1725,17
1726,25
1727,51
1728,34
1729,53
1730,36
1731,23
1732,17
1733,20
1734,23
1735,29
1736,12
1737,23
1738,50
1739,28
1740,15
1741,16
1742,24
1743,39
1744,35
1745,24
1746,29
1747,38
1748,9
1749,9
1750,21
1751,28
1752,25
1753,31
1754,27
1755,18
1756,23
1757,37
1758,49
1759,31
1760,51
1761,12
1762,20
1763,20
1764,16
1765,16
1766,39
1767,17
1768,12
1769,20
1770,31
1771,20
1772,25
1773,16
1774,20
1775,16
1776,9
1777,23
1778,25
1779,20
1780,35
1781,24
1782,17
1783,17
1784,33
1785,28
1786,23
1787,28
1788,25
1789,23
1790,35
1791,41
1792,30
1793,39
1794,13
1795,47
1796,34
1797,12
1798,22
1799,24
1800,38
1801,31
1802,15
1803,15
1804,48
1805,15
1806,43
1807,20
1808,30
1809,53
1810,25
1811,15
1812,35
1813,15
1814,
1815,43
1816,25
1817,5
1818,16
1819,3
1820,30
1821,12
1822,22
1823,37
1824,33
1825,20
1826,35
1827,50
1828,26
1829,5
1830,42
1831,18
1832,49
1833,28
1834,39
1835,34
1836,24
1837,31
1838,51
1839,51
1840,25
1841,20
1842,38
1843,35
1844,32
1845,17
1846,45
1847,28
1848,7
1849,28
1850,34
1851,38
1852,32
1853,25
1854,20
1855,20
1856,4
1857,20
1858,16
1859,
1860,19
1861,39
1862,10
1863,16
1864,27
1865,44
1866,42
1867,4
1868,
1869,46
1870,28
1871,48
1872,19
1873,9
1874,52
1875,36
1876,39
1877,42
1878,18
1879,42
1880,34
1881,28
1882,16
1883,19
1884,47
1885,34
1886,37
1887,41
1888,47
1889,20
1890,21
1891,16
1892,13
1893,31
1894,52
1895,19
1896,41
1897,31
1898,7
1899,17
1900,42
1901,25
1902,53
1903,34
1904,22
1905,52
1906,16
1907,19
1908,19
1909,
1910,35
1911,23
1912,12
1913,28
1914,18
1915,40
1916,46
1917,24
1918,28
1919,
1920,50
1921,50
1922,24
1923,37
1924,12
1925,20
1926,12
1927,13
1928,12
1929,15
1930,30
1931,24
1932,46
1933,37
1934,17
1935,34
1936,33
1937,31
1938,52
1939,
1940,30
1941,41
1942,53
1943,54
1944,38
1945,23
1946,25
1947,41
1948,42
1949,18
1950,23
1951,22
1952,36
1953,20
1954,20
1955,49
1956,21
1957,47
1958,18
