0,128.0
1,36.0
2,55.0
3,15.0
4,
5,25.0
6,32.0
7,44.0
8,31.0
9,42.0
10,48.0
11,38.0
12,40.0
13,61.0
14,25.0
15,25.0
16,72.0
17,95.0
18,35.0
19,34.0
20,25.0
21,39.0
22,128.0
23,128.0
24,35.0
25,38.0
26,34.0
27,41.0
28,77.0
29,33.0
30,41.0
31,41.0
32,37.0
33,118.0
34,32.0
35,34.0
36,50.0
37,130.0
38,
39,28.0
40,35.0
41,33.0
42,35.0
43,85.0
44,23.0
45,31.0
46,48.0
47,33.0
48,17.0
49,28.0
50,26.0
51,74.0
52,9.0
53,33.0
54,38.0
55,44.0
56,45.0
57,44.0
58,51.0
59,49.0
60,53.0
61,44.0
62,31.0
63,32.0
64,153.0
65,35.0
66,12.0
67,38.0
68,56.0
69,37.0
70,46.0
71,82.0
72,82.0
73,39.0
74,104.0
75,27.0
76,95.0
77,48.0
78,56.0
79,
80,34.0
81,51.0
82,51.0
83,25.0
84,85.0
85,37.0
86,53.0
87,74.0
88,64.0
89,74.0
90,
91,42.0
92,38.0
93,25.0
94,50.0
95,41.0
96,37.0
97,32.0
98,82.0
99,30.0
100,47.0
101,49.0
102,96.0
103,45.0
104,25.0
105,24.0
106,24.0
107,25.0
108,30.0
109,25.0
110,127.0
111,15.0
112,63.0
113,24.0
114,
115,37.0
116,37.0
117,84.0
118,38.0
119,48.0
120,41.0
121,51.0
122,52.0
123,42.0
124,38.0
125,37.0
126,26.0
127,44.0
128,8.0
129,33.0
130,31.0
131,44.0
132,33.0
133,45.0
134,
135,41.0
136,31.0
137,31.0
138,42.0
139,45.0
140,71.0
141,48.0
142,51.0
143,45.0
144,95.0
145,41.0
146,48.0
147,34.0
148,56.0
149,53.0
150,40.0
151,48.0
152,33.0
153,54.0
154,
155,33.0
156,97.0
157,48.0
158,34.0
159,46.0
160,41.0
161,18.0
162,44.0
163,42.0
164,93.0
165,38.0
166,64.0
167,104.0
168,104.0
169,50.0
170,71.0
171,25.0
172,85.0
173,45.0
174,35.0
175,43.0
176,32.0
177,33.0
178,45.0
179,64.0
180,25.0
181,45.0
182,32.0
183,
184,
185,37.0
186,36.0
187,31.0
188,59.0
189,64.0
190,35.0
191,65.0
192,90.0
193,37.0
194,47.0
195,56.0
196,48.0
197,56.0
198,51.0
199,37.0
200,39.0
201,48.0
202,127.0
203,41.0
204,43.0
205,25.0
206,78.0
207,25.0
208,38.0
209,15.0
210,42.0
211,50.0
212,42.0
213,21.0
214,34.0
215,43.0
216,25.0
217,37.0
218,43.0
219,32.0
220,35.0
221,49.0
222,51.0
223,44.0
224,35.0
225,35.0
226,30.0
227,48.0
228,54.0
229,25.0
230,82.0
231,114.0
232,29.0
233,
234,37.0
235,71.0
236,71.0
237,32.0
238,32.0
239,12.0
240,34.0
241,31.0
242,114.0
243,74.0
244,35.0
245,
246,45.0
247,31.0
248,34.0
249,72.0
250,42.0
251,32.0
252,123.0
253,104.0
254,32.0
255,30.0
256,37.0
257,
258,33.0
259,23.0
260,42.0
261,38.0
262,50.0
263,
264,37.0
265,103.0
266,104.0
267,37.0
268,36.0
269,23.0
270,35.0
271,31.0
272,31.0
273,13.0
274,18.0
275,29.0
276,45.0
277,44.0
278,54.0
279,33.0
280,31.0
281,37.0
282,59.0
283,31.0
284,28.0
285,
286,40.0
287,43.0
288,71.0
289,77.0
290,43.0
291,
292,37.0
293,30.0
294,43.0
295,43.0
296,26.0
297,
298,104.0
299,82.0
300,32.0
301,31.0
302,153.0
303,31.0
304,32.0
305,54.0
306,43.0
307,31.0
308,53.0
309,47.0
310,42.0
311,26.0
312,44.0
313,34.0
314,35.0
315,39.0
316,33.0
317,42.0
318,43.0
319,82.0
320,67.0
321,27.0
322,37.0
323,50.0
324,48.0
325,48.0
326,46.0
327,42.0
328,48.0
329,
330,81.0
331,9.0
332,42.0
333,48.0
334,82.0
335,31.0
336,29.0
337,44.0
338,42.0
339,37.0
340,114.0
341,114.0
342,30.0
343,44.0
344,138.0
345,82.0
346,51.0
347,114.0
348,33.0
349,37.0
350,60.0
351,31.0
352,127.0
353,127.0
354,82.0
355,19.0
356,54.0
357,25.0
358,33.0
359,
360,38.0
361,35.0
362,64.0
363,36.0
364,
365,54.0
366,
367,60.0
368,19.0
369,71.0
370,82.0
371,26.0
372,32.0
373,49.0
374,73.0
375,43.0
376,51.0
377,41.0
378,37.0
379,31.0
380,38.0
381,32.0
382,41.0
383,38.0
384,23.0
385,29.0
386,43.0
387,35.0
388,60.0
389,48.0
390,42.0
391,38.0
392,
393,25.0
394,39.0
395,40.0
396,82.0
397,37.0
398,
399,62.0
400,65.0
401,104.0
402,42.0
403,48.0
404,46.0
405,49.0
406,31.0
407,48.0
408,38.0
409,12.0
410,51.0
411,149.0
412,82.0
413,35.0
414,33.0
415,32.0
416,37.0
417,35.0
418,55.0
419,41.0
420,104.0
421,50.0
422,9.0
423,50.0
424,46.0
425,24.0
426,85.0
427,48.0
428,70.0
429,69.0
430,47.0
431,127.0
432,54.0
433,53.0
434,63.0
435,82.0
436,23.0
437,85.0
438,34.0
439,35.0
440,35.0
441,42.0
442,32.0
443,29.0
444,44.0
445,69.0
446,54.0
447,7.0
448,149.0
449,34.0
450,37.0
451,33.0
452,46.0
453,37.0
454,153.0
455,37.0
456,38.0
457,35.0
458,28.0
459,47.0
460,34.0
461,42.0
462,3.0
463,30.0
464,64.0
465,104.0
466,54.0
467,
468,37.0
469,48.0
470,37.0
471,128.0
472,37.0
473,50.0
474,54.0
475,38.0
476,31.0
477,34.0
478,72.0
479,37.0
480,27.0
481,42.0
482,104.0
483,60.0
484,123.0
485,33.0
486,41.0
487,32.0
488,25.0
489,37.0
490,72.0
491,29.0
492,32.0
493,36.0
494,25.0
495,49.0
496,46.0
497,54.0
498,15.0
499,34.0
500,18.0
501,35.0
502,27.0
503,47.0
504,33.0
505,65.0
506,72.0
507,49.0
508,71.0
509,63.0
510,127.0
511,114.0
512,53.0
513,42.0
514,50.0
515,40.0
516,34.0
517,37.0
518,
519,42.0
520,33.0
521,72.0
522,30.0
523,42.0
524,42.0
525,67.0
526,53.0
527,61.0
528,69.0
529,54.0
530,48.0
531,45.0
532,32.0
533,51.0
534,46.0
535,54.0
536,46.0
537,61.0
538,32.0
539,83.0
540,39.0
541,32.0
542,48.0
543,31.0
544,26.0
545,68.0
546,93.0
547,34.0
548,49.0
549,45.0
550,50.0
551,53.0
552,
553,45.0
554,31.0
555,50.0
556,48.0
557,
558,42.0
559,37.0
560,53.0
561,47.0
562,77.0
563,153.0
564,39.0
565,37.0
566,83.0
567,34.0
568,44.0
569,60.0
570,104.0
571,31.0
572,65.0
573,128.0
574,50.0
575,77.0
576,45.0
577,23.0
578,35.0
579,127.0
580,36.0
581,34.0
582,50.0
583,59.0
584,56.0
585,82.0
586,35.0
587,104.0
588,
589,50.0
590,34.0
591,44.0
592,26.0
593,50.0
594,72.0
595,
596,53.0
597,
598,26.0
599,42.0
600,54.0
601,37.0
602,47.0
603,8.0
604,39.0
605,42.0
606,39.0
607,49.0
608,35.0
609,56.0
610,29.0
611,62.0
612,25.0
613,41.0
614,42.0
615,39.0
616,104.0
617,76.0
618,48.0
619,111.0
620,41.0
621,38.0
622,31.0
623,56.0
624,31.0
625,37.0
626,65.0
627,
628,48.0
629,
630,49.0
631,31.0
632,31.0
633,50.0
634,65.0
635,37.0
636,37.0
637,35.0
638,64.0
639,104.0
640,85.0
641,72.0
642,6.0
643,73.0
644,31.0
645,65.0
646,44.0
647,37.0
648,45.0
649,
650,40.0
651,42.0
652,65.0
653,33.0
654,63.0
655,50.0
656,32.0
657,33.0
658,36.0
659,44.0
660,65.0
661,53.0
662,40.0
663,63.0
664,31.0
665,42.0
666,46.0
667,72.0
668,
669,12.0
670,37.0
671,107.0
672,37.0
673,37.0
674,75.0
675,27.0
676,69.0
677,48.0
678,60.0
679,
680,25.0
681,85.0
682,37.0
683,21.0
684,48.0
685,128.0
686,40.0
687,35.0
688,33.0
689,
690,41.0
691,
692,51.0
693,25.0
694,16.0
695,23.0
696,36.0
697,65.0
698,96.0
699,96.0
700,47.0
701,33.0
702,35.0
703,37.0
704,44.0
705,24.0
706,44.0
707,42.0
708,42.0
709,34.0
710,42.0
711,41.0
712,65.0
713,25.0
714,21.0
715,38.0
716,51.0
717,71.0
718,47.0
719,67.0
720,42.0
721,85.0
722,40.0
723,44.0
724,35.0
725,130.0
726,51.0
727,45.0
728,12.0
729,48.0
730,45.0
731,46.0
732,47.0
733,51.0
734,39.0
735,49.0
736,18.0
737,53.0
738,74.0
739,42.0
740,33.0
741,12.0
742,44.0
743,84.0
744,25.0
745,33.0
746,47.0
747,26.0
748,104.0
749,35.0
750,33.0
751,35.0
752,41.0
753,49.0
754,48.0
755,38.0
756,93.0
757,27.0
758,34.0
759,73.0
760,72.0
761,42.0
762,
763,31.0
764,48.0
765,82.0
766,49.0
767,43.0
768,
769,42.0
770,69.0
771,85.0
772,38.0
773,33.0
774,32.0
775,50.0
776,34.0
777,31.0
778,48.0
779,46.0
780,32.0
781,4.0
782,34.0
783,51.0
784,44.0
785,45.0
786,36.0
787,31.0
788,56.0
789,25.0
790,16.0
791,29.0
792,78.0
793,9.0
794,13.0
795,40.0
796,36.0
797,31.0
798,49.0
799,42.0
800,104.0
801,25.0
802,
803,69.0
804,46.0
805,84.0
806,
807,71.0
808,
809,34.0
810,41.0
811,27.0
812,95.0
813,42.0
814,104.0
815,42.0
816,31.0
817,47.0
818,53.0
819,27.0
820,81.0
821,48.0
822,13.0
823,67.0
824,45.0
825,71.0
826,33.0
827,24.0
828,42.0
829,41.0
830,47.0
831,35.0
832,31.0
833,104.0
834,50.0
835,71.0
836,104.0
837,33.0
838,104.0
839,42.0
840,114.0
841,37.0
842,43.0
843,25.0
844,21.0
845,21.0
846,56.0
847,81.0
848,33.0
849,
850,82.0
851,44.0
852,48.0
853,82.0
854,35.0
855,38.0
856,26.0
857,37.0
858,48.0
859,
860,50.0
861,104.0
862,48.0
863,49.0
864,24.0
865,44.0
866,37.0
867,36.0
868,
869,25.0
870,16.0
871,44.0
872,42.0
873,35.0
874,32.0
875,53.0
876,32.0
877,42.0
878,31.0
879,77.0
880,
881,34.0
882,50.0
883,26.0
884,40.0
885,47.0
886,69.0
887,95.0
888,33.0
889,44.0
890,51.0
891,48.0
892,25.0
893,74.0
894,96.0
895,37.0
896,59.0
897,31.0
898,37.0
899,26.0
900,42.0
901,34.0
902,42.0
903,44.0
904,50.0
905,45.0
906,37.0
907,54.0
908,31.0
909,44.0
910,
911,44.0
912,32.0
913,25.0
914,47.0
915,93.0
916,59.0
917,34.0
918,34.0
919,33.0
920,82.0
921,49.0
922,41.0
923,40.0
924,149.0
925,38.0
926,39.0
927,42.0
928,71.0
929,43.0
930,24.0
931,45.0
932,73.0
933,31.0
934,42.0
935,74.0
936,44.0
937,37.0
938,33.0
939,
940,37.0
941,15.0
942,48.0
943,33.0
944,35.0
945,47.0
946,
947,51.0
948,51.0
949,34.0
950,41.0
951,25.0
952,49.0
953,41.0
954,60.0
955,25.0
956,44.0
957,56.0
958,
959,69.0
960,38.0
961,25.0
962,69.0
963,20.0
964,31.0
965,57.0
966,31.0
967,33.0
968,29.0
969,69.0
970,59.0
971,50.0
972,82.0
973,41.0
974,39.0
975,44.0
976,50.0
977,24.0
978,29.0
979,42.0
980,15.0
981,25.0
982,41.0
983,41.0
984,63.0
985,67.0
986,40.0
987,40.0
988,39.0
989,49.0
990,31.0
991,51.0
992,42.0
993,46.0
994,60.0
995,33.0
996,95.0
997,41.0
998,33.0
999,42.0
1000,48.0
1001,62.0
1002,42.0
1003,
1004,67.0
1005,
1006,45.0
1007,33.0
1008,45.0
1009,25.0
1010,31.0
1011,36.0
1012,3.0
1013,95.0
1014,48.0
1015,53.0
1016,35.0
1017,81.0
1018,53.0
1019,15.0
1020,44.0
1021,27.0
1022,26.0
1023,32.0
1024,37.0
1025,37.0
1026,32.0
1027,70.0
1028,12.0
1029,104.0
1030,65.0
1031,41.0
1032,82.0
1033,
1034,34.0
1035,38.0
1036,33.0
1037,82.0
1038,82.0
1039,43.0
1040,20.0
1041,31.0
1042,53.0
1043,41.0
1044,51.0
1045,32.0
1046,34.0
1047,74.0
1048,39.0
1049,42.0
1050,15.0
1051,54.0
1052,72.0
1053,35.0
1054,56.0
1055,31.0
1056,47.0
1057,51.0
1058,25.0
1059,78.0
1060,31.0
1061,62.0
1062,25.0
1063,49.0
1064,37.0
1065,30.0
1066,37.0
1067,48.0
1068,63.0
1069,42.0
1070,104.0
1071,33.0
1072,63.0
1073,50.0
1074,25.0
1075,35.0
1076,27.0
1077,48.0
1078,33.0
1079,50.0
1080,51.0
1081,63.0
1082,15.0
1083,3.0
1084,43.0
1085,37.0
1086,37.0
1087,35.0
1088,
1089,33.0
1090,32.0
1091,64.0
1092,82.0
1093,93.0
1094,48.0
1095,26.0
1096,51.0
1097,50.0
1098,38.0
1099,87.0
1100,40.0
1101,44.0
1102,72.0
1103,41.0
1104,53.0
1105,36.0
1106,
1107,45.0
1108,47.0
1109,104.0
1110,37.0
1111,36.0
1112,35.0
1113,48.0
1114,
1115,37.0
1116,37.0
1117,71.0
1118,53.0
1119,38.0
1120,128.0
1121,41.0
1122,34.0
1123,35.0
1124,3.0
1125,85.0
1126,31.0
1127,44.0
1128,48.0
1129,25.0
1130,26.0
1131,39.0
1132,38.0
1133,45.0
1134,130.0
1135,12.0
1136,128.0
1137,15.0
1138,63.0
1139,72.0
1140,40.0
1141,32.0
1142,34.0
1143,25.0
1144,50.0
1145,37.0
1146,31.0
1147,36.0
1148,127.0
1149,32.0
1150,54.0
1151,53.0
1152,42.0
1153,36.0
1154,25.0
1155,48.0
1156,48.0
1157,35.0
1158,37.0
1159,17.0
1160,34.0
1161,49.0
1162,82.0
1163,25.0
1164,39.0
1165,39.0
1166,32.0
1167,25.0
1168,96.0
1169,96.0
1170,67.0
1171,37.0
1172,56.0
1173,82.0
1174,59.0
1175,12.0
1176,36.0
1177,32.0
1178,81.0
1179,91.0
1180,9.0
1181,31.0
1182,34.0
1183,37.0
1184,26.0
1185,41.0
1186,45.0
1187,96.0
1188,
1189,
1190,31.0
1191,29.0
1192,75.0
1193,45.0
1194,33.0
1195,24.0
1196,61.0
1197,47.0
1198,39.0
1199,39.0
1200,73.0
1201,31.0
1202,38.0
1203,25.0
1204,21.0
1205,29.0
1206,130.0
1207,33.0
1208,42.0
1209,33.0
1210,48.0
1211,26.0
1212,21.0
1213,41.0
1214,35.0
1215,48.0
1216,62.0
1217,
1218,23.0
1219,60.0
1220,37.0
1221,72.0
1222,23.0
1223,38.0
1224,77.0
1225,72.0
1226,83.0
1227,53.0
1228,41.0
1229,47.0
1230,56.0
1231,37.0
1232,31.0
1233,34.0
1234,77.0
1235,33.0
1236,42.0
1237,25.0
1238,71.0
1239,38.0
1240,37.0
1241,48.0
1242,96.0
1243,32.0
1244,73.0
1245,56.0
1246,35.0
1247,40.0
1248,37.0
1249,50.0
1250,42.0
1251,41.0
1252,42.0
1253,61.0
1254,72.0
1255,82.0
1256,53.0
1257,27.0
1258,48.0
1259,27.0
1260,90.0
1261,37.0
1262,64.0
1263,48.0
1264,44.0
1265,35.0
1266,71.0
1267,50.0
1268,48.0
1269,90.0
1270,65.0
1271,51.0
1272,123.0
1273,34.0
1274,24.0
1275,32.0
1276,27.0
1277,44.0
1278,50.0
1279,32.0
1280,50.0
1281,34.0
1282,
1283,37.0
1284,82.0
1285,30.0
1286,104.0
1287,23.0
1288,123.0
1289,104.0
1290,32.0
1291,128.0
1292,37.0
1293,37.0
1294,34.0
1295,39.0
1296,27.0
1297,60.0
1298,36.0
1299,73.0
1300,45.0
1301,37.0
1302,47.0
1303,37.0
1304,69.0
1305,77.0
1306,63.0
1307,
1308,
1309,7.0
1310,53.0
1311,83.0
1312,35.0
1313,49.0
1314,87.0
1315,34.0
1316,26.0
1317,
1318,104.0
1319,37.0
1320,60.0
1321,60.0
1322,37.0
1323,31.0
1324,41.0
1325,60.0
1326,44.0
1327,25.0
1328,50.0
1329,48.0
1330,32.0
1331,32.0
1332,54.0
1333,45.0
1334,127.0
1335,66.0
1336,
1337,41.0
1338,35.0
1339,28.0
1340,
1341,33.0
1342,94.0
1343,35.0
1344,44.0
1345,24.0
1346,
1347,31.0
1348,37.0
1349,41.0
1350,44.0
1351,25.0
1352,48.0
1353,57.0
1354,42.0
1355,45.0
1356,44.0
1357,37.0
1358,51.0
1359,104.0
1360,48.0
1361,52.0
1362,33.0
1363,37.0
1364,27.0
1365,35.0
1366,37.0
1367,33.0
1368,48.0
1369,
1370,36.0
1371,73.0
1372,48.0
1373,42.0
1374,90.0
1375,48.0
1376,34.0
1377,49.0
1378,40.0
1379,64.0
1380,59.0
1381,32.0
1382,41.0
1383,67.0
1384,32.0
1385,32.0
1386,43.0
1387,63.0
1388,48.0
1389,48.0
1390,
1391,95.0
1392,31.0
1393,
1394,31.0
1395,25.0
1396,33.0
1397,60.0
1398,35.0
1399,61.0
1400,42.0
1401,15.0
1402,82.0
1403,37.0
1404,30.0
1405,74.0
1406,42.0
1407,61.0
1408,34.0
1409,149.0
1410,33.0
1411,84.0
1412,32.0
1413,84.0
1414,42.0
1415,43.0
1416,34.0
1417,69.0
1418,31.0
1419,25.0
1420,90.0
1421,54.0
1422,3.0
1423,135.0
1424,33.0
1425,20.0
1426,25.0
1427,32.0
1428,48.0
1429,48.0
1430,35.0
1431,37.0
1432,51.0
1433,51.0
1434,24.0
1435,42.0
1436,31.0
1437,48.0
1438,15.0
1439,23.0
1440,33.0
1441,21.0
1442,47.0
1443,67.0
1444,33.0
1445,25.0
1446,64.0
1447,44.0
1448,32.0
1449,24.0
1450,82.0
1451,25.0
1452,38.0
1453,82.0
1454,60.0
1455,30.0
1456,25.0
1457,90.0
1458,35.0
1459,9.0
1460,46.0
1461,31.0
1462,63.0
1463,33.0
1464,34.0
1465,33.0
1466,29.0
1467,41.0
1468,31.0
1469,27.0
1470,35.0
1471,82.0
1472,23.0
1473,34.0
1474,48.0
1475,82.0
1476,42.0
1477,31.0
1478,25.0
1479,
1480,40.0
1481,34.0
1482,75.0
1483,
1484,33.0
1485,50.0
1486,64.0
1487,71.0
1488,21.0
1489,62.0
1490,25.0
1491,42.0
1492,48.0
1493,50.0
1494,37.0
1495,82.0
1496,38.0
1497,
1498,37.0
1499,44.0
1500,82.0
1501,31.0
1502,51.0
1503,15.0
1504,69.0
1505,37.0
1506,83.0
1507,51.0
1508,41.0
1509,64.0
1510,49.0
1511,44.0
1512,49.0
1513,33.0
1514,52.0
1515,56.0
1516,31.0
1517,56.0
1518,65.0
1519,43.0
1520,32.0
1521,74.0
1522,41.0
1523,64.0
1524,49.0
1525,37.0
1526,71.0
1527,
1528,82.0
1529,33.0
1530,60.0
1531,50.0
1532,37.0
1533,
1534,30.0
1535,104.0
1536,8.0
1537,50.0
1538,16.0
1539,41.0
1540,104.0
1541,23.0
1542,25.0
1543,35.0
1544,71.0
1545,63.0
1546,56.0
1547,
1548,9.0
1549,31.0
1550,74.0
1551,48.0
1552,20.0
1553,50.0
1554,44.0
1555,69.0
1556,47.0
1557,45.0
1558,32.0
1559,82.0
1560,34.0
1561,26.0
1562,35.0
1563,35.0
1564,48.0
1565,69.0
1566,90.0
1567,25.0
1568,44.0
1569,24.0
1570,63.0
1571,50.0
1572,30.0
1573,127.0
1574,69.0
1575,96.0
1576,13.0
1577,39.0
1578,34.0
1579,36.0
1580,
1581,36.0
1582,104.0
1583,42.0
1584,54.0
1585,37.0
1586,42.0
1587,44.0
1588,31.0
1589,31.0
1590,33.0
1591,69.0
1592,42.0
1593,53.0
1594,26.0
1595,25.0
1596,
1597,32.0
1598,39.0
1599,15.0
1600,44.0
1601,48.0
1602,26.0
1603,55.0
1604,43.0
1605,44.0
1606,31.0
1607,18.0
1608,50.0
1609,34.0
1610,48.0
1611,27.0
1612,50.0
1613,13.0
1614,34.0
1615,61.0
1616,35.0
1617,64.0
1618,35.0
1619,42.0
1620,31.0
1621,
1622,33.0
1623,37.0
1624,32.0
1625,40.0
1626,42.0
1627,37.0
1628,25.0
1629,35.0
1630,64.0
1631,48.0
1632,32.0
1633,56.0
1634,51.0
1635,72.0
1636,25.0
1637,45.0
1638,29.0
1639,23.0
1640,63.0
1641,63.0
1642,39.0
1643,21.0
1644,41.0
1645,
1646,36.0
1647,97.0
1648,84.0
1649,36.0
1650,37.0
1651,44.0
1652,51.0
1653,135.0
1654,46.0
1655,37.0
1656,4.0
1657,47.0
1658,34.0
1659,31.0
1660,49.0
1661,44.0
1662,83.0
1663,36.0
1664,31.0
1665,32.0
1666,38.0
1667,47.0
1668,27.0
1669,83.0
1670,41.0
1671,
1672,28.0
1673,38.0
1674,43.0
1675,
1676,51.0
1677,35.0
1678,89.0
1679,48.0
1680,13.0
1681,48.0
1682,
1683,38.0
1684,40.0
1685,35.0
1686,35.0
1687,38.0
1688,83.0
1689,44.0
1690,33.0
1691,37.0
1692,35.0
1693,23.0
1694,25.0
1695,37.0
1696,78.0
1697,45.0
1698,104.0
1699,38.0
1700,12.0
1701,31.0
1702,44.0
1703,53.0
1704,37.0
1705,47.0
1706,36.0
1707,73.0
1708,42.0
1709,50.0
1710,127.0
1711,44.0
1712,34.0
1713,56.0
1714,47.0
1715,65.0
1716,155.0
1717,61.0
1718,127.0
1719,31.0
1720,9.0
1721,30.0
1722,25.0
1723,25.0
1724,29.0
1725,31.0
1726,64.0
1727,42.0
1728,50.0
1729,24.0
1730,21.0
1731,
1732,45.0
1733,36.0
1734,19.0
1735,48.0
1736,36.0
1737,
1738,44.0
1739,43.0
1740,39.0
1741,35.0
1742,37.0
1743,48.0
1744,50.0
1745,53.0
1746,138.0
1747,50.0
1748,35.0
1749,81.0
1750,84.0
1751,73.0
1752,30.0
1753,25.0
1754,37.0
1755,65.0
1756,
1757,95.0
1758,72.0
1759,41.0
1760,32.0
1761,36.0
1762,36.0
1763,36.0
1764,53.0
1765,41.0
1766,48.0
1767,27.0
1768,36.0
1769,36.0
1770,34.0
1771,104.0
1772,24.0
1773,71.0
1774,15.0
1775,21.0
1776,81.0
1777,
1778,37.0
1779,36.0
1780,36.0
1781,54.0
1782,31.0
1783,37.0
1784,138.0
1785,59.0
1786,26.0
1787,38.0
1788,31.0
1789,23.0
1790,65.0
1791,37.0
1792,45.0
1793,37.0
1794,47.0
1795,38.0
1796,31.0
1797,36.0
1798,31.0
1799,32.0
1800,20.0
1801,25.0
1802,48.0
1803,65.0
1804,56.0
1805,49.0
1806,37.0
1807,15.0
1808,3.0
1809,24.0
1810,72.0
1811,51.0
1812,50.0
1813,28.0
1814,70.0
1815,32.0
1816,64.0
1817,56.0
1818,48.0
1819,37.0
1820,45.0
1821,49.0
1822,72.0
1823,95.0
1824,38.0
1825,7.0
1826,26.0
1827,37.0
1828,35.0
1829,56.0
1830,31.0
1831,46.0
1832,34.0
1833,35.0
1834,48.0
1835,20.0
1836,8.0
1837,25.0
1838,42.0
1839,42.0
1840,65.0
1841,15.0
1842,49.0
1843,41.0
1844,39.0
1845,8.0
1846,65.0
1847,35.0
1848,44.0
1849,35.0
1850,71.0
1851,50.0
1852,130.0
1853,64.0
1854,104.0
1855,104.0
1856,49.0
1857,104.0
1858,95.0
1859,
1860,38.0
1861,26.0
1862,30.0
1863,53.0
1864,40.0
1865,42.0
1866,69.0
1867,49.0
1868,
1869,40.0
1870,51.0
1871,23.0
1872,44.0
1873,35.0
1874,15.0
1875,45.0
1876,35.0
1877,34.0
1878,44.0
1879,69.0
1880,71.0
1881,73.0
1882,23.0
1883,61.0
1884,34.0
1885,33.0
1886,95.0
1887,30.0
1888,34.0
1889,63.0
1890,42.0
1891,53.0
1892,37.0
1893,44.0
1894,42.0
1895,61.0
1896,30.0
1897,44.0
1898,44.0
1899,45.0
1900,63.0
1901,29.0
1902,24.0
1903,50.0
1904,22.0
1905,15.0
1906,53.0
1907,61.0
1908,29.0
1909,37.0
1910,96.0
1911,88.0
1912,36.0
1913,23.0
1914,44.0
1915,82.0
1916,48.0
1917,41.0
1918,35.0
1919,27.0
1920,32.0
1921,32.0
1922,35.0
1923,46.0
1924,49.0
1925,15.0
1926,53.0
1927,47.0
1928,36.0
1929,48.0
1930,48.0
1931,35.0
1932,40.0
1933,46.0
1934,31.0
1935,62.0
1936,37.0
1937,23.0
1938,42.0
1939,53.0
1940,45.0
1941,37.0
1942,59.0
1943,43.0
1944,50.0
1945,
1946,52.0
1947,73.0
1948,63.0
1949,55.0
1950,26.0
1951,25.0
1952,39.0
1953,15.0
1954,63.0
1955,72.0
1956,51.0
1957,38.0
1958,39.0
