0,4.0
1,159.0
2,3.0
3,78.0
4,2.0
5,79.0
6,45.0
7,47.0
8,537.0
9,155.0
10,33.0
11,21.0
12,9.0
13,3.0
14,79.0
15,79.0
16,44.0
17,9.0
18,6.0
19,2.0
20,79.0
21,4.0
22,4.0
23,4.0
24,88.0
25,15.0
26,2.0
27,1.0
28,2.0
29,56.0
30,17.0
31,36.0
32,1.0
33,17.0
34,5.0
35,21.0
36,34.0
37,
38,323.0
39,19.0
40,88.0
41,21.0
42,6.0
43,22.0
44,31.0
45,537.0
46,10.0
47,5.0
48,9.0
49,29.0
50,8.0
51,2.0
52,37.0
53,5.0
54,13.0
55,4.0
56,16.0
57,5.0
58,
59,23.0
60,2.0
61,125.0
62,26.0
63,45.0
64,5.0
65,3.0
66,16.0
67,21.0
68,32.0
69,
70,24.0
71,11.0
72,11.0
73,
74,493.0
75,2.0
76,9.0
77,3.0
78,1.0
79,2.0
80,
81,14.0
82,1.0
83,79.0
84,22.0
85,39.0
86,4.0
87,7.0
88,29.0
89,7.0
90,
91,20.0
92,86.0
93,79.0
94,58.0
95,36.0
96,50.0
97,
98,11.0
99,
100,
101,25.0
102,111.0
103,59.0
104,79.0
105,170.0
106,170.0
107,79.0
108,
109,79.0
110,3.0
111,78.0
112,11.0
113,170.0
114,43.0
115,74.0
116,35.0
117,6.0
118,21.0
119,
120,21.0
121,73.0
122,23.0
123,155.0
124,2.0
125,10.0
126,58.0
127,125.0
128,
129,56.0
130,537.0
131,13.0
132,21.0
133,8.0
134,3.0
135,12.0
136,15.0
137,10.0
138,64.0
139,
140,12.0
141,1.0
142,
143,
144,9.0
145,
146,10.0
147,2.0
148,32.0
149,32.0
150,6.0
151,11.0
152,56.0
153,1.0
154,43.0
155,56.0
156,2.0
157,8.0
158,1.0
159,24.0
160,16.0
161,13.0
162,125.0
163,97.0
164,2.0
165,13.0
166,29.0
167,493.0
168,493.0
169,36.0
170,3.0
171,79.0
172,9.0
173,
174,88.0
175,9.0
176,
177,
178,
179,16.0
180,5.0
181,
182,45.0
183,43.0
184,
185,
186,2.0
187,537.0
188,42.0
189,29.0
190,1.0
191,13.0
192,47.0
193,6.0
194,
195,1.0
196,11.0
197,32.0
198,5.0
199,9.0
200,2.0
201,1.0
202,3.0
203,5.0
204,2.0
205,79.0
206,1.0
207,1.0
208,21.0
209,78.0
210,155.0
211,1.0
212,155.0
213,3.0
214,1.0
215,2.0
216,79.0
217,
218,37.0
219,45.0
220,3.0
221,6.0
222,73.0
223,125.0
224,88.0
225,88.0
226,7.0
227,33.0
228,1.0
229,79.0
230,11.0
231,24.0
232,20.0
233,43.0
234,1.0
235,12.0
236,12.0
237,7.0
238,5.0
239,16.0
240,1.0
241,1.0
242,24.0
243,7.0
244,
245,11.0
246,
247,19.0
248,90.0
249,44.0
250,155.0
251,45.0
252,
253,493.0
254,45.0
255,
256,
257,2.0
258,56.0
259,1.0
260,
261,86.0
262,36.0
263,
264,91.0
265,4.0
266,493.0
267,15.0
268,68.0
269,31.0
270,6.0
271,8.0
272,15.0
273,
274,13.0
275,20.0
276,
277,10.0
278,
279,
280,14.0
281,15.0
282,12.0
283,19.0
284,10.0
285,
286,9.0
287,1.0
288,12.0
289,3.0
290,1.0
291,
292,2.0
293,
294,1.0
295,1.0
296,7.0
297,43.0
298,493.0
299,11.0
300,2.0
301,
302,5.0
303,19.0
304,2.0
305,
306,1.0
307,14.0
308,32.0
309,6.0
310,155.0
311,18.0
312,125.0
313,21.0
314,6.0
315,11.0
316,56.0
317,64.0
318,1.0
319,11.0
320,58.0
321,2.0
322,91.0
323,36.0
324,33.0
325,3.0
326,24.0
327,3.0
328,33.0
329,1.0
330,3.0
331,37.0
332,3.0
333,
334,11.0
335,4.0
336,1.0
337,25.0
338,155.0
339,
340,24.0
341,24.0
342,
343,47.0
344,6.0
345,11.0
346,3.0
347,24.0
348,5.0
349,23.0
350,6.0
351,3.0
352,3.0
353,3.0
354,11.0
355,2.0
356,91.0
357,79.0
358,56.0
359,43.0
360,13.0
361,28.0
362,54.0
363,2.0
364,148.0
365,1.0
366,11.0
367,2.0
368,
369,3.0
370,11.0
371,8.0
372,4.0
373,23.0
374,3.0
375,1.0
376,1.0
377,36.0
378,74.0
379,30.0
380,7.0
381,7.0
382,32.0
383,86.0
384,12.0
385,
386,4.0
387,4.0
388,2.0
389,33.0
390,155.0
391,86.0
392,3.0
393,79.0
394,8.0
395,9.0
396,11.0
397,39.0
398,43.0
399,4.0
400,
401,493.0
402,3.0
403,10.0
404,18.0
405,27.0
406,15.0
407,10.0
408,13.0
409,16.0
410,90.0
411,3.0
412,11.0
413,3.0
414,
415,5.0
416,
417,28.0
418,1.0
419,22.0
420,493.0
421,
422,37.0
423,36.0
424,24.0
425,170.0
426,2.0
427,8.0
428,
429,118.0
430,6.0
431,9.0
432,1.0
433,16.0
434,11.0
435,11.0
436,1.0
437,2.0
438,1.0
439,88.0
440,7.0
441,
442,45.0
443,3.0
444,13.0
445,118.0
446,
447,
448,3.0
449,24.0
450,5.0
451,56.0
452,5.0
453,10.0
454,5.0
455,17.0
456,21.0
457,3.0
458,29.0
459,16.0
460,90.0
461,64.0
462,13.0
463,3.0
464,54.0
465,493.0
466,1.0
467,148.0
468,17.0
469,258.0
470,5.0
471,4.0
472,15.0
473,1.0
474,91.0
475,21.0
476,4.0
477,1.0
478,44.0
479,9.0
480,22.0
481,155.0
482,493.0
483,2.0
484,
485,4.0
486,29.0
487,7.0
488,79.0
489,5.0
490,99.0
491,1.0
492,7.0
493,159.0
494,79.0
495,2.0
496,5.0
497,1.0
498,34.0
499,2.0
500,3.0
501,
502,1.0
503,
504,56.0
505,
506,4.0
507,1.0
508,3.0
509,
510,3.0
511,24.0
512,1.0
513,155.0
514,1.0
515,6.0
516,2.0
517,2.0
518,43.0
519,155.0
520,3.0
521,44.0
522,
523,155.0
524,155.0
525,6.0
526,5.0
527,
528,118.0
529,1.0
530,33.0
531,
532,7.0
533,3.0
534,24.0
535,8.0
536,18.0
537,1.0
538,7.0
539,11.0
540,
541,
542,258.0
543,4.0
544,8.0
545,4.0
546,2.0
547,1.0
548,27.0
549,
550,58.0
551,16.0
552,3.0
553,4.0
554,19.0
555,34.0
556,1.0
557,
558,64.0
559,8.0
560,5.0
561,6.0
562,22.0
563,5.0
564,
565,74.0
566,11.0
567,11.0
568,47.0
569,2.0
570,493.0
571,15.0
572,1.0
573,4.0
574,36.0
575,3.0
576,
577,
578,6.0
579,3.0
580,3.0
581,1.0
582,36.0
583,42.0
584,32.0
585,11.0
586,6.0
587,493.0
588,2.0
589,36.0
590,90.0
591,10.0
592,9.0
593,36.0
594,44.0
595,43.0
596,16.0
597,
598,8.0
599,155.0
600,9.0
601,8.0
602,21.0
603,
604,
605,97.0
606,
607,23.0
608,88.0
609,22.0
610,22.0
611,4.0
612,79.0
613,
614,155.0
615,23.0
616,493.0
617,2.0
618,8.0
619,1.0
620,2.0
621,86.0
622,14.0
623,1.0
624,4.0
625,3.0
626,1.0
627,43.0
628,3.0
629,9.0
630,1.0
631,14.0
632,9.0
633,36.0
634,
635,
636,2.0
637,21.0
638,43.0
639,493.0
640,22.0
641,44.0
642,16.0
643,3.0
644,537.0
645,4.0
646,47.0
647,21.0
648,
649,2.0
650,2.0
651,64.0
652,13.0
653,21.0
654,22.0
655,36.0
656,5.0
657,
658,159.0
659,4.0
660,1.0
661,4.0
662,
663,16.0
664,537.0
665,64.0
666,2.0
667,44.0
668,2.0
669,16.0
670,10.0
671,14.0
672,76.0
673,8.0
674,2.0
675,2.0
676,10.0
677,2.0
678,2.0
679,
680,79.0
681,22.0
682,15.0
683,
684,3.0
685,4.0
686,9.0
687,
688,56.0
689,
690,39.0
691,3.0
692,1.0
693,2.0
694,2.0
695,37.0
696,16.0
697,13.0
698,111.0
699,111.0
700,7.0
701,2.0
702,45.0
703,
704,
705,170.0
706,5.0
707,97.0
708,64.0
709,24.0
710,155.0
711,4.0
712,2.0
713,1.0
714,33.0
715,21.0
716,90.0
717,13.0
718,5.0
719,1.0
720,97.0
721,22.0
722,9.0
723,47.0
724,6.0
725,
726,73.0
727,3.0
728,16.0
729,3.0
730,3.0
731,5.0
732,20.0
733,
734,4.0
735,1.0
736,13.0
737,12.0
738,10.0
739,3.0
740,21.0
741,16.0
742,125.0
743,6.0
744,1.0
745,
746,34.0
747,58.0
748,493.0
749,6.0
750,3.0
751,
752,5.0
753,
754,1.0
755,4.0
756,1.0
757,2.0
758,
759,10.0
760,44.0
761,155.0
762,323.0
763,8.0
764,33.0
765,11.0
766,6.0
767,4.0
768,43.0
769,64.0
770,118.0
771,22.0
772,86.0
773,3.0
774,5.0
775,36.0
776,
777,19.0
778,1.0
779,8.0
780,
781,3.0
782,90.0
783,5.0
784,125.0
785,1.0
786,3.0
787,537.0
788,6.0
789,79.0
790,1.0
791,20.0
792,10.0
793,37.0
794,
795,6.0
796,
797,19.0
798,
799,
800,493.0
801,2.0
802,
803,118.0
804,18.0
805,6.0
806,44.0
807,
808,
809,2.0
810,5.0
811,1.0
812,9.0
813,155.0
814,493.0
815,64.0
816,14.0
817,11.0
818,16.0
819,22.0
820,3.0
821,1.0
822,
823,58.0
824,4.0
825,12.0
826,21.0
827,170.0
828,
829,36.0
830,5.0
831,
832,14.0
833,493.0
834,1.0
835,3.0
836,493.0
837,21.0
838,493.0
839,
840,24.0
841,5.0
842,1.0
843,79.0
844,3.0
845,3.0
846,32.0
847,3.0
848,56.0
849,
850,11.0
851,10.0
852,10.0
853,11.0
854,
855,86.0
856,8.0
857,21.0
858,8.0
859,1.0
860,36.0
861,493.0
862,8.0
863,
864,170.0
865,13.0
866,10.0
867,2.0
868,43.0
869,10.0
870,3.0
871,
872,
873,6.0
874,45.0
875,38.0
876,5.0
877,155.0
878,537.0
879,3.0
880,3.0
881,90.0
882,36.0
883,8.0
884,
885,2.0
886,8.0
887,9.0
888,3.0
889,10.0
890,
891,1.0
892,5.0
893,7.0
894,111.0
895,4.0
896,29.0
897,4.0
898,23.0
899,4.0
900,64.0
901,11.0
902,
903,13.0
904,36.0
905,
906,15.0
907,2.0
908,8.0
909,25.0
910,43.0
911,
912,45.0
913,5.0
914,2.0
915,1.0
916,9.0
917,90.0
918,24.0
919,4.0
920,11.0
921,4.0
922,2.0
923,9.0
924,3.0
925,57.0
926,11.0
927,155.0
928,12.0
929,9.0
930,170.0
931,
932,
933,14.0
934,3.0
935,7.0
936,13.0
937,39.0
938,3.0
939,2.0
940,15.0
941,78.0
942,33.0
943,2.0
944,7.0
945,11.0
946,323.0
947,15.0
948,6.0
949,11.0
950,36.0
951,79.0
952,2.0
953,36.0
954,6.0
955,79.0
956,20.0
957,
958,3.0
959,118.0
960,86.0
961,79.0
962,118.0
963,
964,4.0
965,28.0
966,537.0
967,4.0
968,20.0
969,118.0
970,29.0
971,15.0
972,11.0
973,12.0
974,3.0
975,
976,36.0
977,170.0
978,20.0
979,155.0
980,78.0
981,79.0
982,16.0
983,36.0
984,22.0
985,58.0
986,9.0
987,9.0
988,
989,23.0
990,19.0
991,73.0
992,64.0
993,1.0
994,
995,2.0
996,9.0
997,5.0
998,56.0
999,3.0
1000,4.0
1001,4.0
1002,
1003,
1004,32.0
1005,
1006,1.0
1007,56.0
1008,1.0
1009,79.0
1010,19.0
1011,16.0
1012,13.0
1013,9.0
1014,4.0
1015,16.0
1016,6.0
1017,2.0
1018,4.0
1019,34.0
1020,125.0
1021,2.0
1022,8.0
1023,5.0
1024,23.0
1025,2.0
1026,45.0
1027,5.0
1028,16.0
1029,493.0
1030,1.0
1031,26.0
1032,11.0
1033,43.0
1034,2.0
1035,21.0
1036,21.0
1037,11.0
1038,11.0
1039,1.0
1040,
1041,537.0
1042,32.0
1043,11.0
1044,32.0
1045,8.0
1046,90.0
1047,10.0
1048,
1049,155.0
1050,34.0
1051,91.0
1052,44.0
1053,88.0
1054,32.0
1055,8.0
1056,2.0
1057,1.0
1058,79.0
1059,2.0
1060,537.0
1061,4.0
1062,11.0
1063,3.0
1064,23.0
1065,5.0
1066,9.0
1067,1.0
1068,22.0
1069,64.0
1070,493.0
1071,
1072,11.0
1073,26.0
1074,1.0
1075,18.0
1076,1.0
1077,4.0
1078,56.0
1079,36.0
1080,90.0
1081,15.0
1082,34.0
1083,13.0
1084,6.0
1085,23.0
1086,11.0
1087,6.0
1088,43.0
1089,
1090,36.0
1091,29.0
1092,11.0
1093,2.0
1094,4.0
1095,58.0
1096,15.0
1097,36.0
1098,4.0
1099,2.0
1100,2.0
1101,13.0
1102,99.0
1103,36.0
1104,16.0
1105,159.0
1106,2.0
1107,8.0
1108,
1109,493.0
1110,35.0
1111,
1112,28.0
1113,33.0
1114,11.0
1115,1.0
1116,39.0
1117,2.0
1118,16.0
1119,4.0
1120,4.0
1121,17.0
1122,2.0
1123,4.0
1124,4.0
1125,22.0
1126,9.0
1127,125.0
1128,
1129,79.0
1130,8.0
1131,62.0
1132,21.0
1133,3.0
1134,
1135,16.0
1136,4.0
1137,78.0
1138,11.0
1139,44.0
1140,9.0
1141,8.0
1142,
1143,79.0
1144,36.0
1145,91.0
1146,537.0
1147,4.0
1148,9.0
1149,6.0
1150,9.0
1151,57.0
1152,155.0
1153,159.0
1154,79.0
1155,10.0
1156,
1157,6.0
1158,4.0
1159,
1160,90.0
1161,3.0
1162,11.0
1163,79.0
1164,
1165,22.0
1166,7.0
1167,79.0
1168,111.0
1169,12.0
1170,58.0
1171,11.0
1172,32.0
1173,11.0
1174,42.0
1175,16.0
1176,159.0
1177,4.0
1178,3.0
1179,1.0
1180,37.0
1181,4.0
1182,17.0
1183,5.0
1184,18.0
1185,22.0
1186,59.0
1187,12.0
1188,148.0
1189,43.0
1190,19.0
1191,20.0
1192,6.0
1193,
1194,3.0
1195,170.0
1196,1.0
1197,20.0
1198,2.0
1199,7.0
1200,3.0
1201,10.0
1202,21.0
1203,5.0
1204,3.0
1205,7.0
1206,
1207,56.0
1208,155.0
1209,
1210,258.0
1211,9.0
1212,3.0
1213,36.0
1214,88.0
1215,
1216,4.0
1217,43.0
1218,31.0
1219,6.0
1220,15.0
1221,44.0
1222,31.0
1223,21.0
1224,3.0
1225,44.0
1226,6.0
1227,38.0
1228,39.0
1229,20.0
1230,32.0
1231,4.0
1232,46.0
1233,2.0
1234,3.0
1235,21.0
1236,48.0
1237,79.0
1238,12.0
1239,86.0
1240,4.0
1241,10.0
1242,111.0
1243,
1244,14.0
1245,
1246,88.0
1247,6.0
1248,5.0
1249,2.0
1250,97.0
1251,39.0
1252,7.0
1253,1.0
1254,44.0
1255,11.0
1256,32.0
1257,
1258,258.0
1259,22.0
1260,47.0
1261,5.0
1262,54.0
1263,1.0
1264,20.0
1265,6.0
1266,2.0
1267,34.0
1268,5.0
1269,47.0
1270,1.0
1271,38.0
1272,
1273,2.0
1274,170.0
1275,5.0
1276,22.0
1277,
1278,1.0
1279,
1280,1.0
1281,
1282,11.0
1283,15.0
1284,11.0
1285,
1286,493.0
1287,31.0
1288,
1289,493.0
1290,5.0
1291,1.0
1292,1.0
1293,91.0
1294,
1295,2.0
1296,2.0
1297,2.0
1298,2.0
1299,14.0
1300,
1301,39.0
1302,5.0
1303,15.0
1304,4.0
1305,3.0
1306,4.0
1307,43.0
1308,
1309,
1310,16.0
1311,11.0
1312,6.0
1313,1.0
1314,2.0
1315,90.0
1316,18.0
1317,43.0
1318,493.0
1319,1.0
1320,2.0
1321,
1322,5.0
1323,19.0
1324,29.0
1325,
1326,5.0
1327,79.0
1328,
1329,10.0
1330,45.0
1331,7.0
1332,91.0
1333,
1334,3.0
1335,13.0
1336,
1337,26.0
1338,3.0
1339,
1340,43.0
1341,21.0
1342,2.0
1343,
1344,3.0
1345,170.0
1346,1.0
1347,19.0
1348,5.0
1349,29.0
1350,13.0
1351,79.0
1352,4.0
1353,28.0
1354,64.0
1355,21.0
1356,25.0
1357,35.0
1358,15.0
1359,493.0
1360,33.0
1361,
1362,21.0
1363,4.0
1364,22.0
1365,88.0
1366,21.0
1367,2.0
1368,258.0
1369,
1370,
1371,
1372,1.0
1373,3.0
1374,47.0
1375,4.0
1376,
1377,1.0
1378,6.0
1379,43.0
1380,17.0
1381,45.0
1382,
1383,32.0
1384,
1385,5.0
1386,1.0
1387,4.0
1388,
1389,258.0
1390,1.0
1391,9.0
1392,19.0
1393,1.0
1394,10.0
1395,79.0
1396,56.0
1397,2.0
1398,
1399,3.0
1400,155.0
1401,34.0
1402,11.0
1403,
1404,7.0
1405,1.0
1406,3.0
1407,
1408,5.0
1409,3.0
1410,1.0
1411,6.0
1412,36.0
1413,6.0
1414,155.0
1415,7.0
1416,90.0
1417,8.0
1418,19.0
1419,79.0
1420,47.0
1421,91.0
1422,13.0
1423,14.0
1424,25.0
1425,
1426,79.0
1427,45.0
1428,258.0
1429,
1430,
1431,10.0
1432,1.0
1433,73.0
1434,170.0
1435,3.0
1436,537.0
1437,33.0
1438,78.0
1439,37.0
1440,56.0
1441,
1442,6.0
1443,58.0
1444,21.0
1445,
1446,43.0
1447,1.0
1448,8.0
1449,170.0
1450,11.0
1451,79.0
1452,86.0
1453,11.0
1454,
1455,
1456,79.0
1457,47.0
1458,88.0
1459,37.0
1460,23.0
1461,19.0
1462,22.0
1463,
1464,1.0
1465,5.0
1466,1.0
1467,18.0
1468,4.0
1469,
1470,4.0
1471,11.0
1472,37.0
1473,11.0
1474,1.0
1475,11.0
1476,64.0
1477,
1478,79.0
1479,43.0
1480,21.0
1481,11.0
1482,6.0
1483,148.0
1484,5.0
1485,36.0
1486,29.0
1487,2.0
1488,1.0
1489,4.0
1490,79.0
1491,155.0
1492,
1493,58.0
1494,15.0
1495,11.0
1496,21.0
1497,
1498,
1499,25.0
1500,11.0
1501,13.0
1502,1.0
1503,78.0
1504,8.0
1505,9.0
1506,6.0
1507,73.0
1508,39.0
1509,43.0
1510,23.0
1511,47.0
1512,2.0
1513,
1514,23.0
1515,
1516,19.0
1517,32.0
1518,1.0
1519,6.0
1520,5.0
1521,1.0
1522,29.0
1523,5.0
1524,2.0
1525,17.0
1526,3.0
1527,43.0
1528,11.0
1529,25.0
1530,2.0
1531,34.0
1532,76.0
1533,11.0
1534,15.0
1535,493.0
1536,
1537,34.0
1538,
1539,17.0
1540,493.0
1541,7.0
1542,79.0
1543,3.0
1544,3.0
1545,11.0
1546,32.0
1547,11.0
1548,37.0
1549,19.0
1550,7.0
1551,258.0
1552,
1553,1.0
1554,1.0
1555,8.0
1556,21.0
1557,
1558,45.0
1559,11.0
1560,90.0
1561,58.0
1562,6.0
1563,6.0
1564,
1565,118.0
1566,47.0
1567,79.0
1568,47.0
1569,170.0
1570,15.0
1571,
1572,
1573,9.0
1574,118.0
1575,12.0
1576,
1577,18.0
1578,90.0
1579,1.0
1580,
1581,16.0
1582,493.0
1583,3.0
1584,9.0
1585,4.0
1586,64.0
1587,25.0
1588,4.0
1589,13.0
1590,56.0
1591,118.0
1592,155.0
1593,57.0
1594,7.0
1595,79.0
1596,43.0
1597,
1598,
1599,34.0
1600,20.0
1601,258.0
1602,58.0
1603,63.0
1604,9.0
1605,13.0
1606,9.0
1607,13.0
1608,
1609,
1610,258.0
1611,22.0
1612,1.0
1613,
1614,
1615,3.0
1616,22.0
1617,54.0
1618,22.0
1619,20.0
1620,14.0
1621,2.0
1622,1.0
1623,50.0
1624,36.0
1625,31.0
1626,64.0
1627,6.0
1628,
1629,9.0
1630,29.0
1631,258.0
1632,45.0
1633,32.0
1634,15.0
1635,19.0
1636,79.0
1637,9.0
1638,20.0
1639,7.0
1640,16.0
1641,16.0
1642,18.0
1643,5.0
1644,22.0
1645,9.0
1646,9.0
1647,9.0
1648,6.0
1649,68.0
1650,21.0
1651,125.0
1652,90.0
1653,14.0
1654,23.0
1655,
1656,6.0
1657,20.0
1658,24.0
1659,3.0
1660,6.0
1661,125.0
1662,6.0
1663,159.0
1664,4.0
1665,45.0
1666,2.0
1667,10.0
1668,2.0
1669,6.0
1670,36.0
1671,148.0
1672,
1673,2.0
1674,6.0
1675,
1676,90.0
1677,28.0
1678,10.0
1679,258.0
1680,
1681,8.0
1682,11.0
1683,13.0
1684,9.0
1685,88.0
1686,
1687,4.0
1688,6.0
1689,14.0
1690,56.0
1691,
1692,4.0
1693,37.0
1694,79.0
1695,17.0
1696,2.0
1697,16.0
1698,493.0
1699,
1700,16.0
1701,15.0
1702,1.0
1703,32.0
1704,74.0
1705,76.0
1706,16.0
1707,10.0
1708,155.0
1709,1.0
1710,3.0
1711,10.0
1712,21.0
1713,5.0
1714,21.0
1715,
1716,10.0
1717,3.0
1718,3.0
1719,14.0
1720,37.0
1721,
1722,1.0
1723,79.0
1724,20.0
1725,19.0
1726,29.0
1727,64.0
1728,2.0
1729,170.0
1730,3.0
1731,43.0
1732,
1733,
1734,2.0
1735,33.0
1736,16.0
1737,43.0
1738,125.0
1739,1.0
1740,
1741,
1742,10.0
1743,258.0
1744,36.0
1745,2.0
1746,2.0
1747,34.0
1748,
1749,3.0
1750,6.0
1751,10.0
1752,
1753,79.0
1754,9.0
1755,2.0
1756,43.0
1757,10.0
1758,44.0
1759,26.0
1760,45.0
1761,16.0
1762,
1763,
1764,32.0
1765,16.0
1766,258.0
1767,1.0
1768,16.0
1769,
1770,2.0
1771,493.0
1772,3.0
1773,12.0
1774,34.0
1775,3.0
1776,3.0
1777,43.0
1778,3.0
1779,
1780,9.0
1781,2.0
1782,19.0
1783,17.0
1784,6.0
1785,12.0
1786,58.0
1787,21.0
1788,10.0
1789,7.0
1790,
1791,15.0
1792,1.0
1793,15.0
1794,8.0
1795,57.0
1796,13.0
1797,16.0
1798,537.0
1799,6.0
1800,
1801,79.0
1802,1.0
1803,1.0
1804,32.0
1805,25.0
1806,91.0
1807,34.0
1808,13.0
1809,170.0
1810,4.0
1811,1.0
1812,36.0
1813,
1814,3.0
1815,5.0
1816,29.0
1817,22.0
1818,
1819,
1820,1.0
1821,36.0
1822,99.0
1823,10.0
1824,2.0
1825,
1826,6.0
1827,35.0
1828,28.0
1829,22.0
1830,14.0
1831,2.0
1832,11.0
1833,6.0
1834,258.0
1835,3.0
1836,19.0
1837,79.0
1838,64.0
1839,64.0
1840,
1841,34.0
1842,2.0
1843,5.0
1844,3.0
1845,
1846,13.0
1847,6.0
1848,1.0
1849,6.0
1850,2.0
1851,34.0
1852,
1853,29.0
1854,493.0
1855,493.0
1856,1.0
1857,493.0
1858,5.0
1859,
1860,13.0
1861,8.0
1862,
1863,32.0
1864,21.0
1865,155.0
1866,8.0
1867,1.0
1868,1.0
1869,9.0
1870,32.0
1871,
1872,13.0
1873,
1874,78.0
1875,32.0
1876,88.0
1877,1.0
1878,25.0
1879,8.0
1880,2.0
1881,10.0
1882,1.0
1883,3.0
1884,90.0
1885,2.0
1886,10.0
1887,6.0
1888,90.0
1889,15.0
1890,3.0
1891,32.0
1892,
1893,10.0
1894,97.0
1895,3.0
1896,6.0
1897,10.0
1898,1.0
1899,
1900,16.0
1901,1.0
1902,170.0
1903,2.0
1904,1.0
1905,78.0
1906,32.0
1907,3.0
1908,20.0
1909,74.0
1910,12.0
1911,2.0
1912,16.0
1913,
1914,47.0
1915,11.0
1916,8.0
1917,2.0
1918,6.0
1919,2.0
1920,36.0
1921,36.0
1922,4.0
1923,24.0
1924,27.0
1925,34.0
1926,16.0
1927,8.0
1928,16.0
1929,1.0
1930,11.0
1931,4.0
1932,31.0
1933,24.0
1934,19.0
1935,4.0
1936,10.0
1937,12.0
1938,97.0
1939,5.0
1940,1.0
1941,14.0
1942,9.0
1943,37.0
1944,34.0
1945,43.0
1946,
1947,3.0
1948,16.0
1949,8.0
1950,58.0
1951,
1952,3.0
1953,34.0
1954,15.0
1955,44.0
1956,1.0
1957,57.0
1958,4.0
