0,215.0
1,72.0
2,252.0
3,237.0
4,244.0
5,43.0
6,117.0
7,47.0
8,60.0
9,
10,116.0
11,112.0
12,175.0
13,261.0
14,115.0
15,122.0
16,85.0
17,212.0
18,247.0
19,257.0
20,141.0
21,192.0
22,215.0
23,195.0
24,75.0
25,104.0
26,257.0
27,199.0
28,284.0
29,82.0
30,272.0
31,213.0
32,262.0
33,121.0
34,85.0
35,233.0
36,245.0
37,256.0
38,266.0
39,266.0
40,116.0
41,98.0
42,157.0
43,130.0
44,72.0
45,60.0
46,195.0
47,77.0
48,204.0
49,168.0
50,105.0
51,161.0
52,155.0
53,106.0
54,98.0
55,117.0
56,322.0
57,121.0
58,129.0
59,198.0
60,242.0
61,272.0
62,149.0
63,123.0
64,225.0
65,96.0
66,73.0
67,143.0
68,66.0
69,120.0
70,179.0
71,189.0
72,223.0
73,71.0
74,41.0
75,237.0
76,183.0
77,149.0
78,75.0
79,244.0
80,181.0
81,112.0
82,62.0
83,135.0
84,130.0
85,71.0
86,190.0
87,75.0
88,90.0
89,224.0
90,62.0
91,154.0
92,79.0
93,255.0
94,79.0
95,270.0
96,63.0
97,17.0
98,40.0
99,78.0
100,286.0
101,118.0
102,210.0
103,43.0
104,90.0
105,63.0
106,48.0
107,93.0
108,198.0
109,270.0
110,283.0
111,138.0
112,200.0
113,238.0
114,168.0
115,235.0
116,275.0
117,173.0
118,244.0
119,227.0
120,275.0
121,269.0
122,46.0
123,175.0
124,201.0
125,139.0
126,191.0
127,183.0
128,181.0
129,109.0
130,159.0
131,131.0
132,99.0
133,161.0
134,50.0
135,146.0
136,29.0
137,122.0
138,81.0
139,80.0
140,161.0
141,120.0
142,128.0
143,256.0
144,94.0
145,158.0
146,140.0
147,108.0
148,203.0
149,169.0
150,221.0
151,238.0
152,168.0
153,115.0
154,159.0
155,82.0
156,29.0
157,167.0
158,51.0
159,34.0
160,102.0
161,208.0
162,139.0
163,232.0
164,67.0
165,98.0
166,90.0
167,96.0
168,185.0
169,126.0
170,237.0
171,271.0
172,90.0
173,256.0
174,116.0
175,140.0
176,227.0
177,145.0
178,256.0
179,298.0
180,144.0
181,256.0
182,118.0
183,190.0
184,183.0
185,150.0
186,223.0
187,302.0
188,232.0
189,100.0
190,82.0
191,30.0
192,199.0
193,26.0
194,286.0
195,75.0
196,200.0
197,203.0
198,170.0
199,67.0
200,171.0
201,120.0
202,283.0
203,42.0
204,213.0
205,37.0
206,108.0
207,216.0
208,194.0
209,173.0
210,175.0
211,167.0
212,265.0
213,180.0
214,187.0
215,213.0
216,231.0
217,154.0
218,233.0
219,123.0
220,162.0
221,139.0
222,269.0
223,183.0
224,97.0
225,116.0
226,160.0
227,143.0
228,115.0
229,94.0
230,137.0
231,46.0
232,140.0
233,282.0
234,138.0
235,161.0
236,158.0
237,215.0
238,76.0
239,143.0
240,187.0
241,178.0
242,141.0
243,75.0
244,170.0
245,261.0
246,256.0
247,716.0
248,267.0
249,38.0
250,221.0
251,198.0
252,261.0
253,251.0
254,117.0
255,229.0
256,120.0
257,246.0
258,168.0
259,189.0
260,157.0
261,134.0
262,209.0
263,224.0
264,73.0
265,136.0
266,185.0
267,199.0
268,294.0
269,72.0
270,171.0
271,124.0
272,257.0
273,150.0
274,208.0
275,283.0
276,167.0
277,163.0
278,127.0
279,73.0
280,153.0
281,325.0
282,32.0
283,362.0
284,176.0
285,225.0
286,181.0
287,260.0
288,158.0
289,253.0
290,260.0
291,134.0
292,100.0
293,229.0
294,221.0
295,260.0
296,130.0
297,176.0
298,271.0
299,210.0
300,195.0
301,261.0
302,225.0
303,145.0
304,189.0
305,127.0
306,213.0
307,153.0
308,236.0
309,190.0
310,217.0
311,75.0
312,96.0
313,244.0
314,264.0
315,97.0
316,3.0
317,250.0
318,234.0
319,137.0
320,139.0
321,237.0
322,73.0
323,219.0
324,183.0
325,63.0
326,111.0
327,237.0
328,273.0
329,202.0
330,243.0
331,45.0
332,238.0
333,64.0
334,106.0
335,214.0
336,168.0
337,220.0
338,217.0
339,154.0
340,46.0
341,46.0
342,78.0
343,47.0
344,252.0
345,106.0
346,79.0
347,141.0
348,106.0
349,203.0
350,187.0
351,118.0
352,152.0
353,283.0
354,196.0
355,178.0
356,152.0
357,90.0
358,152.0
359,155.0
360,144.0
361,135.0
362,208.0
363,143.0
364,37.0
365,115.0
366,261.0
367,47.0
368,248.0
369,237.0
370,143.0
371,237.0
372,110.0
373,164.0
374,191.0
375,213.0
376,62.0
377,270.0
378,235.0
379,134.0
380,184.0
381,52.0
382,225.0
383,79.0
384,255.0
385,284.0
386,32.0
387,211.0
388,274.0
389,168.0
390,217.0
391,150.0
392,160.0
393,96.0
394,57.0
395,175.0
396,106.0
397,293.0
398,159.0
399,254.0
400,189.0
401,155.0
402,89.0
403,195.0
404,161.0
405,105.0
406,244.0
407,99.0
408,146.0
409,143.0
410,154.0
411,71.0
412,92.0
413,96.0
414,171.0
415,53.0
416,120.0
417,135.0
418,81.0
419,287.0
420,41.0
421,141.0
422,252.0
423,209.0
424,179.0
425,152.0
426,120.0
427,146.0
428,131.0
429,211.0
430,190.0
431,287.0
432,115.0
433,68.0
434,212.0
435,143.0
436,111.0
437,120.0
438,202.0
439,75.0
440,259.0
441,157.0
442,123.0
443,130.0
444,131.0
445,142.0
446,108.0
447,54.0
448,71.0
449,42.0
450,98.0
451,26.0
452,224.0
453,279.0
454,225.0
455,91.0
456,143.0
457,162.0
458,278.0
459,129.0
460,132.0
461,250.0
462,245.0
463,120.0
464,208.0
465,282.0
466,115.0
467,37.0
468,91.0
469,95.0
470,222.0
471,215.0
472,232.0
473,248.0
474,152.0
475,143.0
476,68.0
477,187.0
478,212.0
479,67.0
480,46.0
481,
482,23.0
483,235.0
484,261.0
485,228.0
486,159.0
487,215.0
488,255.0
489,135.0
490,248.0
491,221.0
492,226.0
493,92.0
494,94.0
495,223.0
496,224.0
497,115.0
498,281.0
499,257.0
500,145.0
501,48.0
502,114.0
503,286.0
504,67.0
505,146.0
506,64.0
507,172.0
508,237.0
509,295.0
510,152.0
511,46.0
512,136.0
513,191.0
514,167.0
515,230.0
516,257.0
517,28.0
518,100.0
519,201.0
520,229.0
521,38.0
522,229.0
523,201.0
524,116.0
525,100.0
526,255.0
527,108.0
528,174.0
529,115.0
530,168.0
531,167.0
532,102.0
533,79.0
534,111.0
535,262.0
536,112.0
537,137.0
538,215.0
539,209.0
540,71.0
541,227.0
542,76.0
543,68.0
544,237.0
545,204.0
546,67.0
547,187.0
548,107.0
549,256.0
550,79.0
551,68.0
552,176.0
553,221.0
554,232.0
555,245.0
556,138.0
557,134.0
558,250.0
559,61.0
560,255.0
561,190.0
562,147.0
563,243.0
564,71.0
565,122.0
566,209.0
567,67.0
568,204.0
569,274.0
570,52.0
571,23.0
572,215.0
573,215.0
574,114.0
575,253.0
576,256.0
577,83.0
578,245.0
579,283.0
580,188.0
581,159.0
582,186.0
583,232.0
584,178.0
585,40.0
586,167.0
587,96.0
588,199.0
589,186.0
590,96.0
591,163.0
592,134.0
593,71.0
594,127.0
595,118.0
596,68.0
597,72.0
598,116.0
599,201.0
600,90.0
601,161.0
602,249.0
603,181.0
604,71.0
605,201.0
606,71.0
607,43.0
608,202.0
609,92.0
610,208.0
611,254.0
612,37.0
613,158.0
614,201.0
615,211.0
616,96.0
617,142.0
618,167.0
619,75.0
620,227.0
621,276.0
622,224.0
623,75.0
624,68.0
625,142.0
626,127.0
627,113.0
628,63.0
629,274.0
630,175.0
631,191.0
632,85.0
633,114.0
634,238.0
635,120.0
636,128.0
637,49.0
638,171.0
639,99.0
640,130.0
641,58.0
642,91.0
643,191.0
644,218.0
645,107.0
646,114.0
647,108.0
648,80.0
649,246.0
650,200.0
651,250.0
652,159.0
653,99.0
654,157.0
655,201.0
656,233.0
657,145.0
658,302.0
659,204.0
660,146.0
661,190.0
662,251.0
663,285.0
664,47.0
665,250.0
666,133.0
667,85.0
668,246.0
669,267.0
670,139.0
671,247.0
672,195.0
673,61.0
674,69.0
675,237.0
676,278.0
677,237.0
678,274.0
679,62.0
680,72.0
681,173.0
682,271.0
683,171.0
684,63.0
685,215.0
686,181.0
687,48.0
688,166.0
689,194.0
690,48.0
691,160.0
692,62.0
693,172.0
694,265.0
695,124.0
696,36.0
697,30.0
698,155.0
699,210.0
700,193.0
701,276.0
702,139.0
703,150.0
704,226.0
705,232.0
706,121.0
707,232.0
708,250.0
709,192.0
710,175.0
711,156.0
712,212.0
713,135.0
714,123.0
715,59.0
716,154.0
717,83.0
718,64.0
719,154.0
720,114.0
721,130.0
722,99.0
723,186.0
724,245.0
725,256.0
726,59.0
727,247.0
728,147.0
729,149.0
730,247.0
731,68.0
732,44.0
733,129.0
734,234.0
735,175.0
736,208.0
737,240.0
738,145.0
739,238.0
740,243.0
741,143.0
742,229.0
743,173.0
744,135.0
745,145.0
746,260.0
747,263.0
748,90.0
749,198.0
750,181.0
751,222.0
752,42.0
753,162.0
754,138.0
755,76.0
756,235.0
757,237.0
758,280.0
759,172.0
760,127.0
761,249.0
762,48.0
763,107.0
764,183.0
765,218.0
766,127.0
767,270.0
768,37.0
769,250.0
770,166.0
771,130.0
772,79.0
773,229.0
774,76.0
775,85.0
776,280.0
777,211.0
778,120.0
779,104.0
780,227.0
781,265.0
782,170.0
783,184.0
784,225.0
785,196.0
786,262.0
787,45.0
788,129.0
789,254.0
790,169.0
791,283.0
792,39.0
793,161.0
794,219.0
795,268.0
796,99.0
797,211.0
798,162.0
799,157.0
800,295.0
801,172.0
802,119.0
803,211.0
804,112.0
805,173.0
806,267.0
807,265.0
808,102.0
809,257.0
810,42.0
811,101.0
812,183.0
813,191.0
814,295.0
815,216.0
816,191.0
817,73.0
818,68.0
819,158.0
820,301.0
821,120.0
822,219.0
823,139.0
824,221.0
825,161.0
826,243.0
827,122.0
828,157.0
829,270.0
830,182.0
831,246.0
832,224.0
833,295.0
834,167.0
835,237.0
836,41.0
837,99.0
838,271.0
839,157.0
840,148.0
841,164.0
842,234.0
843,255.0
844,180.0
845,180.0
846,203.0
847,301.0
848,223.0
849,102.0
850,137.0
851,143.0
852,252.0
853,189.0
854,85.0
855,79.0
856,241.0
857,108.0
858,167.0
859,190.0
860,201.0
861,96.0
862,75.0
863,162.0
864,83.0
865,131.0
866,138.0
867,143.0
868,124.0
869,124.0
870,98.0
871,155.0
872,157.0
873,245.0
874,123.0
875,180.0
876,133.0
877,265.0
878,159.0
879,253.0
880,160.0
881,170.0
882,41.0
883,118.0
884,251.0
885,243.0
886,164.0
887,232.0
888,229.0
889,163.0
890,128.0
891,120.0
892,141.0
893,74.0
894,134.0
895,67.0
896,245.0
897,243.0
898,203.0
899,78.0
900,201.0
901,183.0
902,157.0
903,131.0
904,156.0
905,167.0
906,325.0
907,295.0
908,224.0
909,220.0
910,229.0
911,155.0
912,123.0
913,144.0
914,238.0
915,235.0
916,19.0
917,170.0
918,134.0
919,228.0
920,68.0
921,100.0
922,227.0
923,175.0
924,71.0
925,73.0
926,97.0
927,191.0
928,158.0
929,140.0
930,49.0
931,167.0
932,61.0
933,191.0
934,238.0
935,224.0
936,131.0
937,196.0
938,229.0
939,66.0
940,232.0
941,244.0
942,193.0
943,276.0
944,259.0
945,73.0
946,48.0
947,133.0
948,111.0
949,67.0
950,213.0
951,254.0
952,104.0
953,213.0
954,187.0
955,167.0
956,23.0
957,160.0
958,132.0
959,101.0
960,152.0
961,254.0
962,142.0
963,137.0
964,68.0
965,290.0
966,119.0
967,228.0
968,126.0
969,211.0
970,250.0
971,117.0
972,107.0
973,146.0
974,192.0
975,155.0
976,114.0
977,48.0
978,283.0
979,256.0
980,237.0
981,90.0
982,102.0
983,149.0
984,157.0
985,157.0
986,181.0
987,99.0
988,71.0
989,86.0
990,143.0
991,269.0
992,250.0
993,311.0
994,231.0
995,271.0
996,232.0
997,42.0
998,168.0
999,134.0
1000,236.0
1001,254.0
1002,157.0
1003,78.0
1004,274.0
1005,119.0
1006,196.0
1007,152.0
1008,196.0
1009,95.0
1010,108.0
1011,36.0
1012,224.0
1013,183.0
1014,236.0
1015,136.0
1016,167.0
1017,191.0
1018,95.0
1019,281.0
1020,205.0
1021,237.0
1022,187.0
1023,265.0
1024,99.0
1025,28.0
1026,123.0
1027,136.0
1028,267.0
1029,150.0
1030,146.0
1031,169.0
1032,62.0
1033,124.0
1034,108.0
1035,59.0
1036,99.0
1037,107.0
1038,186.0
1039,213.0
1040,137.0
1041,45.0
1042,236.0
1043,272.0
1044,66.0
1045,151.0
1046,207.0
1047,48.0
1048,71.0
1049,218.0
1050,281.0
1051,152.0
1052,229.0
1053,188.0
1054,203.0
1055,231.0
1056,243.0
1057,263.0
1058,271.0
1059,127.0
1060,121.0
1061,254.0
1062,225.0
1063,107.0
1064,155.0
1065,203.0
1066,67.0
1067,120.0
1068,157.0
1069,81.0
1070,96.0
1071,171.0
1072,200.0
1073,292.0
1074,135.0
1075,215.0
1076,101.0
1077,104.0
1078,232.0
1079,114.0
1080,165.0
1081,257.0
1082,98.0
1083,89.0
1084,50.0
1085,203.0
1086,218.0
1087,171.0
1088,68.0
1089,145.0
1090,202.0
1091,100.0
1092,62.0
1093,67.0
1094,104.0
1095,219.0
1096,133.0
1097,109.0
1098,76.0
1099,197.0
1100,261.0
1101,131.0
1102,248.0
1103,213.0
1104,68.0
1105,140.0
1106,244.0
1107,161.0
1108,175.0
1109,246.0
1110,98.0
1111,249.0
1112,135.0
1113,225.0
1114,95.0
1115,138.0
1116,71.0
1117,234.0
1118,136.0
1119,76.0
1120,215.0
1121,90.0
1122,137.0
1123,84.0
1124,117.0
1125,130.0
1126,275.0
1127,79.0
1128,247.0
1129,107.0
1130,241.0
1131,226.0
1132,159.0
1133,247.0
1134,256.0
1135,73.0
1136,215.0
1137,173.0
1138,209.0
1139,180.0
1140,110.0
1141,136.0
1142,118.0
1143,227.0
1144,140.0
1145,119.0
1146,218.0
1147,230.0
1148,287.0
1149,94.0
1150,90.0
1151,35.0
1152,147.0
1153,302.0
1154,167.0
1155,140.0
1156,247.0
1157,167.0
1158,67.0
1159,41.0
1160,77.0
1161,107.0
1162,94.0
1163,37.0
1164,71.0
1165,76.0
1166,102.0
1167,37.0
1168,155.0
1169,77.0
1170,139.0
1171,218.0
1172,185.0
1173,175.0
1174,232.0
1175,74.0
1176,72.0
1177,231.0
1178,243.0
1179,251.0
1180,20.0
1181,68.0
1182,173.0
1183,222.0
1184,186.0
1185,60.0
1186,223.0
1187,77.0
1188,37.0
1189,144.0
1190,143.0
1191,283.0
1192,110.0
1193,167.0
1194,181.0
1195,49.0
1196,137.0
1197,44.0
1198,80.0
1199,120.0
1200,191.0
1201,122.0
1202,217.0
1203,144.0
1204,65.0
1205,194.0
1206,256.0
1207,109.0
1208,256.0
1209,171.0
1210,24.0
1211,134.0
1212,65.0
1213,213.0
1214,97.0
1215,247.0
1216,254.0
1217,118.0
1218,89.0
1219,187.0
1220,202.0
1221,38.0
1222,89.0
1223,244.0
1224,253.0
1225,58.0
1226,188.0
1227,270.0
1228,117.0
1229,44.0
1230,185.0
1231,67.0
1232,175.0
1233,137.0
1234,253.0
1235,99.0
1236,238.0
1237,45.0
1238,158.0
1239,79.0
1240,178.0
1241,121.0
1242,92.0
1243,17.0
1244,113.0
1245,160.0
1246,97.0
1247,268.0
1248,222.0
1249,225.0
1250,232.0
1251,245.0
1252,106.0
1253,137.0
1254,125.0
1255,218.0
1256,169.0
1257,146.0
1258,62.0
1259,175.0
1260,219.0
1261,164.0
1262,208.0
1263,120.0
1264,219.0
1265,171.0
1266,116.0
1267,163.0
1268,195.0
1269,203.0
1270,127.0
1271,201.0
1272,261.0
1273,137.0
1274,49.0
1275,185.0
1276,21.0
1277,205.0
1278,73.0
1279,38.0
1280,73.0
1281,93.0
1282,95.0
1283,163.0
1284,175.0
1285,78.0
1286,251.0
1287,72.0
1288,261.0
1289,295.0
1290,114.0
1291,192.0
1292,138.0
1293,119.0
1294,93.0
1295,171.0
1296,237.0
1297,274.0
1298,143.0
1299,113.0
1300,198.0
1301,293.0
1302,64.0
1303,199.0
1304,146.0
1305,253.0
1306,216.0
1307,113.0
1308,163.0
1309,194.0
1310,56.0
1311,209.0
1312,245.0
1313,196.0
1314,197.0
1315,267.0
1316,186.0
1317,68.0
1318,282.0
1319,138.0
1320,274.0
1321,182.0
1322,264.0
1323,211.0
1324,73.0
1325,182.0
1326,228.0
1327,162.0
1328,172.0
1329,121.0
1330,100.0
1331,102.0
1332,272.0
1333,167.0
1334,152.0
1335,138.0
1336,102.0
1337,169.0
1338,96.0
1339,221.0
1340,124.0
1341,99.0
1342,272.0
1343,203.0
1344,188.0
1345,122.0
1346,202.0
1347,199.0
1348,222.0
1349,171.0
1350,131.0
1351,95.0
1352,104.0
1353,70.0
1354,187.0
1355,245.0
1356,224.0
1357,307.0
1358,303.0
1359,28.0
1360,168.0
1361,270.0
1362,111.0
1363,67.0
1364,158.0
1365,116.0
1366,243.0
1367,276.0
1368,76.0
1369,77.0
1370,99.0
1371,61.0
1372,120.0
1373,89.0
1374,219.0
1375,104.0
1376,118.0
1377,196.0
1378,221.0
1379,222.0
1380,193.0
1381,198.0
1382,215.0
1383,274.0
1384,38.0
1385,175.0
1386,213.0
1387,216.0
1388,64.0
1389,24.0
1390,271.0
1391,232.0
1392,145.0
1393,192.0
1394,122.0
1395,31.0
1396,172.0
1397,274.0
1398,222.0
1399,77.0
1400,175.0
1401,281.0
1402,186.0
1403,154.0
1404,160.0
1405,202.0
1406,89.0
1407,108.0
1408,265.0
1409,71.0
1410,31.0
1411,173.0
1412,185.0
1413,173.0
1414,175.0
1415,74.0
1416,170.0
1417,164.0
1418,101.0
1419,43.0
1420,199.0
1421,184.0
1422,245.0
1423,242.0
1424,205.0
1425,137.0
1426,210.0
1427,103.0
1428,76.0
1429,247.0
1430,60.0
1431,139.0
1432,67.0
1433,269.0
1434,232.0
1435,238.0
1436,184.0
1437,168.0
1438,39.0
1439,124.0
1440,3.0
1441,171.0
1442,190.0
1443,100.0
1444,98.0
1445,152.0
1446,134.0
1447,143.0
1448,136.0
1449,49.0
1450,218.0
1451,50.0
1452,134.0
1453,134.0
1454,182.0
1455,245.0
1456,183.0
1457,219.0
1458,97.0
1459,228.0
1460,288.0
1461,108.0
1462,157.0
1463,171.0
1464,187.0
1465,77.0
1466,149.0
1467,166.0
1468,68.0
1469,146.0
1470,84.0
1471,94.0
1472,152.0
1473,67.0
1474,120.0
1475,40.0
1476,81.0
1477,106.0
1478,93.0
1479,118.0
1480,203.0
1481,67.0
1482,84.0
1483,213.0
1484,77.0
1485,41.0
1486,86.0
1487,234.0
1488,85.0
1489,254.0
1490,188.0
1491,60.0
1492,64.0
1493,79.0
1494,85.0
1495,107.0
1496,194.0
1497,65.0
1498,177.0
1499,183.0
1500,186.0
1501,232.0
1502,263.0
1503,173.0
1504,65.0
1505,67.0
1506,188.0
1507,89.0
1508,117.0
1509,120.0
1510,198.0
1511,204.0
1512,104.0
1513,73.0
1514,227.0
1515,160.0
1516,145.0
1517,211.0
1518,127.0
1519,50.0
1520,133.0
1521,202.0
1522,186.0
1523,55.0
1524,104.0
1525,91.0
1526,237.0
1527,118.0
1528,218.0
1529,58.0
1530,274.0
1531,213.0
1532,272.0
1533,117.0
1534,131.0
1535,245.0
1536,181.0
1537,245.0
1538,264.0
1539,90.0
1540,223.0
1541,252.0
1542,162.0
1543,96.0
1544,237.0
1545,212.0
1546,119.0
1547,95.0
1548,161.0
1549,232.0
1550,224.0
1551,76.0
1552,137.0
1553,73.0
1554,240.0
1555,176.0
1556,222.0
1557,167.0
1558,123.0
1559,106.0
1560,67.0
1561,116.0
1562,198.0
1563,167.0
1564,247.0
1565,155.0
1566,26.0
1567,115.0
1568,204.0
1569,292.0
1570,133.0
1571,141.0
1572,99.0
1573,287.0
1574,166.0
1575,77.0
1576,150.0
1577,67.0
1578,207.0
1579,171.0
1580,118.0
1581,191.0
1582,295.0
1583,238.0
1584,90.0
1585,49.0
1586,216.0
1587,220.0
1588,68.0
1589,231.0
1590,82.0
1591,211.0
1592,141.0
1593,35.0
1594,179.0
1595,72.0
1596,155.0
1597,17.0
1598,71.0
1599,98.0
1600,219.0
1601,137.0
1602,85.0
1603,113.0
1604,140.0
1605,290.0
1606,275.0
1607,17.0
1608,172.0
1609,118.0
1610,24.0
1611,175.0
1612,73.0
1613,182.0
1614,226.0
1615,116.0
1616,11.0
1617,87.0
1618,11.0
1619,64.0
1620,153.0
1621,146.0
1622,31.0
1623,63.0
1624,274.0
1625,227.0
1626,14.0
1627,26.0
1628,96.0
1629,183.0
1630,90.0
1631,24.0
1632,123.0
1633,185.0
1634,303.0
1635,176.0
1636,254.0
1637,232.0
1638,283.0
1639,252.0
1640,220.0
1641,220.0
1642,67.0
1643,258.0
1644,287.0
1645,274.0
1646,179.0
1647,91.0
1648,173.0
1649,294.0
1650,130.0
1651,175.0
1652,165.0
1653,242.0
1654,36.0
1655,226.0
1656,187.0
1657,44.0
1658,192.0
1659,118.0
1660,139.0
1661,108.0
1662,188.0
1663,302.0
1664,68.0
1665,118.0
1666,201.0
1667,270.0
1668,112.0
1669,188.0
1670,149.0
1671,221.0
1672,187.0
1673,201.0
1674,50.0
1675,65.0
1676,154.0
1677,135.0
1678,94.0
1679,24.0
1680,219.0
1681,203.0
1682,95.0
1683,98.0
1684,110.0
1685,97.0
1686,85.0
1687,76.0
1688,188.0
1689,168.0
1690,38.0
1691,226.0
1692,84.0
1693,151.0
1694,231.0
1695,55.0
1696,127.0
1697,75.0
1698,52.0
1699,255.0
1700,147.0
1701,29.0
1702,101.0
1703,169.0
1704,58.0
1705,252.0
1706,161.0
1707,222.0
1708,191.0
1709,73.0
1710,152.0
1711,143.0
1712,233.0
1713,251.0
1714,222.0
1715,189.0
1716,243.0
1717,261.0
1718,181.0
1719,153.0
1720,45.0
1721,187.0
1722,135.0
1723,95.0
1724,283.0
1725,362.0
1726,255.0
1727,216.0
1728,83.0
1729,281.0
1730,65.0
1731,113.0
1732,45.0
1733,32.0
1734,178.0
1735,225.0
1736,161.0
1737,113.0
1738,96.0
1739,260.0
1740,71.0
1741,297.0
1742,138.0
1743,24.0
1744,156.0
1745,242.0
1746,250.0
1747,163.0
1748,85.0
1749,243.0
1750,173.0
1751,222.0
1752,245.0
1753,150.0
1754,67.0
1755,170.0
1756,282.0
1757,130.0
1758,85.0
1759,169.0
1760,117.0
1761,121.0
1762,32.0
1763,32.0
1764,142.0
1765,102.0
1766,62.0
1767,101.0
1768,150.0
1769,32.0
1770,257.0
1771,282.0
1772,127.0
1773,158.0
1774,281.0
1775,180.0
1776,301.0
1777,155.0
1778,68.0
1779,32.0
1780,179.0
1781,295.0
1782,137.0
1783,91.0
1784,252.0
1785,32.0
1786,146.0
1787,194.0
1788,122.0
1789,252.0
1790,146.0
1791,231.0
1792,196.0
1793,325.0
1794,227.0
1795,73.0
1796,232.0
1797,247.0
1798,227.0
1799,168.0
1800,137.0
1801,50.0
1802,120.0
1803,146.0
1804,185.0
1805,243.0
1806,73.0
1807,98.0
1808,245.0
1809,140.0
1810,109.0
1811,263.0
1812,141.0
1813,221.0
1814,244.0
1815,76.0
1816,90.0
1817,92.0
1818,247.0
1819,150.0
1820,196.0
1821,96.0
1822,248.0
1823,130.0
1824,169.0
1825,54.0
1826,127.0
1827,98.0
1828,135.0
1829,92.0
1830,153.0
1831,55.0
1832,148.0
1833,198.0
1834,64.0
1835,274.0
1836,197.0
1837,115.0
1838,216.0
1839,250.0
1840,238.0
1841,281.0
1842,223.0
1843,42.0
1844,275.0
1845,181.0
1846,30.0
1847,167.0
1848,146.0
1849,198.0
1850,234.0
1851,163.0
1852,256.0
1853,86.0
1854,271.0
1855,155.0
1856,172.0
1857,90.0
1858,240.0
1859,225.0
1860,144.0
1861,108.0
1862,228.0
1863,169.0
1864,203.0
1865,191.0
1866,65.0
1867,172.0
1868,271.0
1869,175.0
1870,116.0
1871,123.0
1872,131.0
1873,85.0
1874,173.0
1875,233.0
1876,116.0
1877,187.0
1878,203.0
1879,164.0
1880,116.0
1881,222.0
1882,179.0
1883,116.0
1884,200.0
1885,80.0
1886,130.0
1887,101.0
1888,207.0
1889,133.0
1890,268.0
1891,169.0
1892,226.0
1893,143.0
1894,232.0
1895,261.0
1896,101.0
1897,143.0
1898,146.0
1899,167.0
1900,59.0
1901,149.0
1902,94.0
1903,252.0
1904,164.0
1905,87.0
1906,169.0
1907,261.0
1908,140.0
1909,235.0
1910,77.0
1911,89.0
1912,191.0
1913,216.0
1914,47.0
1915,175.0
1916,203.0
1917,270.0
1918,157.0
1919,237.0
1920,274.0
1921,274.0
1922,211.0
1923,34.0
1924,105.0
1925,98.0
1926,136.0
1927,227.0
1928,191.0
1929,120.0
1930,213.0
1931,247.0
1932,227.0
1933,222.0
1934,145.0
1935,254.0
1936,279.0
1937,255.0
1938,26.0
1939,255.0
1940,196.0
1941,243.0
1942,19.0
1943,255.0
1944,245.0
1945,155.0
1946,270.0
1947,191.0
1948,285.0
1949,184.0
1950,83.0
1951,141.0
1952,132.0
1953,98.0
1954,133.0
1955,237.0
1956,42.0
1957,73.0
1958,165.0
