0,5
1,1
2,4
3,1
4,6
5,1
6,3
7,1
8,1
9,0
10,2
11,1
12,4
13,3
14,2
15,0
16,1
17,3
18,4
19,4
20,1
21,1
22,3
23,4
24,0
25,4
26,4
27,2
28,5
29,1
30,3
31,5
32,2
33,1
34,1
35,0
36,4
37,0
38,6
39,3
40,5
41,2
42,1
43,1
44,1
45,2
46,3
47,3
48,1
49,3
50,3
51,4
52,2
53,0
54,2
55,2
56,0
57,4
58,1
59,1
60,2
61,4
62,1
63,2
64,1
65,3
66,1
67,4
68,2
69,2
70,4
71,5
72,0
73,2
74,0
75,1
76,2
77,3
78,0
79,6
80,0
81,4
82,0
83,2
84,1
85,1
86,3
87,3
88,2
89,2
90,0
91,1
92,1
93,2
94,2
95,1
96,1
97,1
98,0
99,0
100,4
101,0
102,2
103,1
104,3
105,2
106,0
107,2
108,2
109,1
110,5
111,0
112,0
113,4
114,1
115,2
116,2
117,0
118,0
119,1
120,2
121,0
122,1
123,0
124,3
125,1
126,4
127,3
128,2
129,3
130,3
131,1
132,0
133,7
134,2
135,1
136,2
137,4
138,3
139,2
140,4
141,3
142,2
143,4
144,1
145,0
146,3
147,1
148,2
149,2
150,1
151,1
152,1
153,4
154,1
155,1
156,1
157,1
158,0
159,0
160,4
161,1
162,1
163,1
164,2
165,2
166,2
167,0
168,1
169,0
170,4
171,1
172,1
173,4
174,5
175,3
176,2
177,1
178,4
179,1
180,1
181,4
182,3
183,4
184,1
185,6
186,3
187,3
188,4
189,1
190,1
191,0
192,1
193,2
194,4
195,2
196,1
197,1
198,3
199,1
200,4
201,4
202,6
203,0
204,5
205,2
206,2
207,1
208,5
209,2
210,3
211,2
212,2
213,3
214,4
215,4
216,3
217,3
218,2
219,4
220,3
221,4
222,4
223,3
224,1
225,5
226,1
227,2
228,5
229,1
230,4
231,1
232,1
233,4
234,2
235,4
236,3
237,3
238,2
239,1
240,4
241,1
242,1
243,0
244,2
245,2
246,4
247,3
248,7
249,0
250,3
251,3
252,5
253,3
254,4
255,4
256,1
257,0
258,3
259,1
260,3
261,2
262,2
263,2
264,3
265,2
266,1
267,2
268,3
269,2
270,4
271,3
272,1
273,1
274,3
275,1
276,4
277,1
278,3
279,2
280,2
281,3
282,0
283,6
284,1
285,2
286,3
287,4
288,4
289,3
290,4
291,1
292,2
293,4
294,4
295,3
296,0
297,2
298,4
299,1
300,3
301,1
302,2
303,3
304,4
305,2
306,6
307,2
308,1
309,2
310,2
311,3
312,1
313,2
314,1
315,2
316,0
317,4
318,4
319,2
320,2
321,2
322,3
323,2
324,3
325,0
326,0
327,1
328,5
329,6
330,5
331,1
332,1
333,1
334,1
335,3
336,3
337,2
338,2
339,5
340,1
341,2
342,2
343,1
344,4
345,1
346,3
347,1
348,2
349,5
350,1
351,2
352,2
353,6
354,5
355,6
356,4
357,1
358,1
359,1
360,5
361,2
362,3
363,1
364,1
365,4
366,3
367,0
368,3
369,1
370,1
371,2
372,2
373,0
374,2
375,4
376,0
377,0
378,6
379,1
380,1
381,2
382,1
383,2
384,1
385,2
386,0
387,4
388,5
389,3
390,2
391,3
392,1
393,2
394,0
395,2
396,1
397,0
398,1
399,3
400,4
401,3
402,2
403,4
404,7
405,0
406,1
407,1
408,2
409,4
410,5
411,1
412,2
413,2
414,1
415,1
416,1
417,2
418,2
419,3
420,0
421,1
422,1
423,1
424,3
425,1
426,1
427,3
428,1
429,2
430,3
431,2
432,3
433,1
434,7
435,3
436,2
437,1
438,1
439,0
440,0
441,3
442,4
443,1
444,2
445,3
446,3
447,0
448,3
449,0
450,3
451,1
452,2
453,2
454,1
455,2
456,2
457,2
458,2
459,1
460,3
461,1
462,3
463,2
464,4
465,4
466,4
467,0
468,1
469,3
470,3
471,3
472,1
473,2
474,3
475,2
476,2
477,4
478,2
479,1
480,1
481,0
482,0
483,3
484,3
485,5
486,3
487,2
488,3
489,2
490,1
491,1
492,1
493,1
494,2
495,1
496,1
497,4
498,2
499,5
500,2
501,0
502,2
503,5
504,1
505,3
506,2
507,5
508,2
509,4
510,1
511,1
512,2
513,6
514,1
515,1
516,3
517,0
518,1
519,1
520,1
521,0
522,4
523,1
524,3
525,2
526,1
527,2
528,2
529,4
530,3
531,2
532,2
533,2
534,1
535,1
536,2
537,4
538,5
539,6
540,2
541,2
542,1
543,0
544,2
545,1
546,3
547,4
548,3
549,4
550,1
551,2
552,2
553,2
554,2
555,5
556,3
557,1
558,9
559,2
560,1
561,2
562,3
563,0
564,2
565,1
566,5
567,1
568,5
569,5
570,1
571,0
572,3
573,3
574,1
575,2
576,4
577,0
578,4
579,5
580,3
581,1
582,1
583,3
584,2
585,0
586,3
587,2
588,1
589,0
590,1
591,0
592,3
593,1
594,1
595,1
596,1
597,1
598,2
599,1
600,2
601,1
602,2
603,3
604,1
605,1
606,2
607,0
608,1
609,2
610,0
611,3
612,1
613,2
614,1
615,2
616,2
617,1
618,2
619,2
620,2
621,4
622,3
623,1
624,0
625,1
626,0
627,1
628,0
629,2
630,3
631,0
632,0
633,1
634,2
635,3
636,4
637,2
638,3
639,1
640,1
641,2
642,1
643,1
644,2
645,4
646,2
647,2
648,1
649,2
650,3
651,6
652,2
653,0
654,1
655,1
656,2
657,1
658,2
659,3
660,1
661,2
662,4
663,4
664,3
665,3
666,1
667,1
668,2
669,1
670,2
671,2
672,0
673,0
674,0
675,3
676,3
677,2
678,3
679,0
680,1
681,1
682,0
683,2
684,0
685,3
686,0
687,0
688,1
689,0
690,1
691,2
692,0
693,3
694,1
695,2
696,0
697,0
698,1
699,1
700,1
701,4
702,3
703,4
704,2
705,1
706,3
707,5
708,0
709,2
710,2
711,1
712,1
713,1
714,4
715,3
716,0
717,0
718,1
719,2
720,0
721,1
722,1
723,3
724,4
725,1
726,0
727,2
728,2
729,2
730,2
731,1
732,1
733,0
734,4
735,3
736,1
737,2
738,1
739,0
740,1
741,0
742,3
743,2
744,1
745,2
746,2
747,0
748,2
749,3
750,5
751,1
752,0
753,2
754,3
755,3
756,5
757,3
758,3
759,2
760,0
761,2
762,3
763,2
764,2
765,2
766,3
767,4
768,0
769,6
770,5
771,1
772,2
773,2
774,1
775,3
776,2
777,0
778,3
779,2
780,3
781,2
782,4
783,3
784,4
785,3
786,1
787,2
788,2
789,0
790,2
791,1
792,0
793,2
794,2
795,4
796,1
797,1
798,2
799,3
800,3
801,3
802,3
803,4
804,2
805,1
806,7
807,2
808,3
809,4
810,1
811,2
812,2
813,5
814,2
815,4
816,6
817,1
818,1
819,4
820,1
821,1
822,2
823,3
824,1
825,4
826,1
827,1
828,3
829,1
830,2
831,3
832,2
833,4
834,1
835,1
836,0
837,0
838,6
839,2
840,1
841,4
842,4
843,4
844,6
845,4
846,1
847,2
848,2
849,1
850,2
851,1
852,3
853,3
854,4
855,1
856,5
857,1
858,3
859,1
860,0
861,2
862,2
863,1
864,1
865,1
866,1
867,1
868,1
869,3
870,2
871,3
872,3
873,3
874,4
875,2
876,2
877,2
878,3
879,2
880,0
881,4
882,1
883,2
884,2
885,3
886,1
887,1
888,1
889,2
890,2
891,3
892,1
893,1
894,2
895,2
896,2
897,4
898,3
899,2
900,2
901,4
902,3
903,1
904,3
905,4
906,2
907,3
908,4
909,4
910,4
911,2
912,2
913,1
914,4
915,3
916,0
917,4
918,1
919,3
920,0
921,2
922,1
923,1
924,2
925,3
926,1
927,5
928,4
929,5
930,1
931,4
932,0
933,5
934,1
935,2
936,1
937,4
938,1
939,3
940,3
941,2
942,4
943,4
944,3
945,1
946,1
947,3
948,0
949,0
950,3
951,0
952,1
953,5
954,0
955,0
956,0
957,1
958,1
959,1
960,2
961,1
962,3
963,3
964,0
965,1
966,2
967,4
968,3
969,4
970,3
971,1
972,1
973,1
974,2
975,3
976,2
977,1
978,1
979,4
980,1
981,1
982,0
983,3
984,1
985,2
986,1
987,1
988,2
989,1
990,2
991,1
992,4
993,3
994,2
995,7
996,1
997,0
998,2
999,0
1000,3
1001,2
1002,3
1003,2
1004,3
1005,2
1006,2
1007,4
1008,2
1009,1
1010,2
1011,0
1012,1
1013,2
1014,3
1015,2
1016,3
1017,1
1018,1
1019,1
1020,2
1021,1
1022,1
1023,5
1024,2
1025,0
1026,4
1027,1
1028,1
1029,5
1030,1
1031,3
1032,1
1033,2
1034,1
1035,3
1036,0
1037,0
1038,3
1039,4
1040,4
1041,2
1042,5
1043,3
1044,1
1045,1
1046,3
1047,0
1048,2
1049,5
1050,4
1051,1
1052,4
1053,4
1054,0
1055,3
1056,1
1057,3
1058,2
1059,1
1060,2
1061,2
1062,3
1063,1
1064,7
1065,2
1066,1
1067,2
1068,1
1069,2
1070,3
1071,1
1072,5
1073,3
1074,1
1075,2
1076,2
1077,2
1078,5
1079,4
1080,6
1081,2
1082,1
1083,2
1084,1
1085,2
1086,1
1087,3
1088,2
1089,2
1090,1
1091,0
1092,0
1093,4
1094,2
1095,4
1096,2
1097,1
1098,1
1099,6
1100,8
1101,1
1102,1
1103,3
1104,1
1105,1
1106,7
1107,4
1108,1
1109,3
1110,2
1111,2
1112,4
1113,4
1114,2
1115,2
1116,1
1117,4
1118,1
1119,1
1120,4
1121,1
1122,4
1123,1
1124,1
1125,1
1126,3
1127,1
1128,2
1129,2
1130,0
1131,3
1132,1
1133,2
1134,0
1135,1
1136,0
1137,2
1138,3
1139,1
1140,1
1141,2
1142,1
1143,1
1144,4
1145,4
1146,2
1147,4
1148,1
1149,1
1150,2
1151,1
1152,1
1153,4
1154,3
1155,2
1156,5
1157,5
1158,1
1159,1
1160,1
1161,1
1162,1
1163,1
1164,2
1165,1
1166,2
1167,1
1168,1
1169,1
1170,3
1171,2
1172,4
1173,1
1174,1
1175,1
1176,1
1177,4
1178,0
1179,3
1180,0
1181,0
1182,1
1183,2
1184,1
1185,1
1186,3
1187,1
1188,1
1189,0
1190,3
1191,1
1192,1
1193,4
1194,3
1195,1
1196,3
1197,1
1198,1
1199,3
1200,1
1201,5
1202,2
1203,1
1204,2
1205,2
1206,0
1207,1
1208,2
1209,1
1210,0
1211,2
1212,3
1213,1
1214,1
1215,3
1216,3
1217,1
1218,0
1219,0
1220,2
1221,0
1222,2
1223,1
1224,1
1225,2
1226,1
1227,1
1228,1
1229,3
1230,6
1231,0
1232,2
1233,3
1234,2
1235,1
1236,3
1237,0
1238,3
1239,1
1240,0
1241,1
1242,2
1243,1
1244,3
1245,3
1246,1
1247,5
1248,3
1249,3
1250,4
1251,2
1252,2
1253,4
1254,0
1255,4
1256,2
1257,2
1258,1
1259,1
1260,3
1261,2
1262,4
1263,3
1264,2
1265,2
1266,5
1267,3
1268,2
1269,3
1270,2
1271,2
1272,5
1273,2
1274,2
1275,3
1276,0
1277,4
1278,4
1279,0
1280,3
1281,1
1282,1
1283,2
1284,2
1285,2
1286,2
1287,2
1288,5
1289,4
1290,2
1291,3
1292,2
1293,2
1294,1
1295,3
1296,1
1297,3
1298,3
1299,3
1300,2
1301,3
1302,3
1303,2
1304,2
1305,4
1306,1
1307,2
1308,1
1309,3
1310,1
1311,5
1312,4
1313,4
1314,5
1315,4
1316,3
1317,2
1318,11
1319,2
1320,4
1321,1
1322,4
1323,1
1324,4
1325,2
1326,2
1327,0
1328,2
1329,2
1330,3
1331,1
1332,4
1333,1
1334,3
1335,2
1336,2
1337,7
1338,2
1339,4
1340,2
1341,0
1342,5
1343,3
1344,2
1345,1
1346,6
1347,3
1348,2
1349,4
1350,1
1351,1
1352,2
1353,1
1354,2
1355,5
1356,4
1357,1
1358,1
1359,0
1360,2
1361,3
1362,3
1363,1
1364,3
1365,5
1366,3
1367,3
1368,1
1369,1
1370,1
1371,0
1372,1
1373,2
1374,1
1375,2
1376,3
1377,4
1378,2
1379,3
1380,1
1381,0
1382,1
1383,3
1384,3
1385,1
1386,4
1387,1
1388,1
1389,1
1390,1
1391,1
1392,2
1393,1
1394,5
1395,2
1396,1
1397,2
1398,3
1399,2
1400,4
1401,2
1402,3
1403,2
1404,5
1405,1
1406,3
1407,2
1408,3
1409,2
1410,0
1411,1
1412,3
1413,2
1414,4
1415,2
1416,3
1417,2
1418,2
1419,0
1420,2
1421,1
1422,4
1423,1
1424,2
1425,2
1426,4
1427,2
1428,1
1429,2
1430,2
1431,1
1432,1
1433,5
1434,1
1435,1
1436,6
1437,3
1438,2
1439,2
1440,0
1441,3
1442,2
1443,2
1444,2
1445,5
1446,4
1447,5
1448,0
1449,1
1450,3
1451,3
1452,3
1453,2
1454,2
1455,3
1456,1
1457,2
1458,2
1459,1
1460,5
1461,1
1462,3
1463,1
1464,4
1465,3
1466,2
1467,2
1468,0
1469,4
1470,2
1471,1
1472,2
1473,2
1474,1
1475,0
1476,2
1477,2
1478,2
1479,2
1480,1
1481,1
1482,1
1483,1
1484,4
1485,1
1486,2
1487,4
1488,1
1489,3
1490,3
1491,0
1492,1
1493,1
1494,1
1495,1
1496,6
1497,1
1498,3
1499,2
1500,5
1501,5
1502,3
1503,1
1504,1
1505,1
1506,4
1507,2
1508,1
1509,1
1510,1
1511,4
1512,2
1513,3
1514,1
1515,4
1516,2
1517,2
1518,3
1519,1
1520,3
1521,2
1522,4
1523,2
1524,1
1525,1
1526,2
1527,2
1528,3
1529,1
1530,3
1531,2
1532,4
1533,1
1534,1
1535,4
1536,4
1537,4
1538,1
1539,2
1540,1
1541,2
1542,1
1543,2
1544,1
1545,5
1546,2
1547,2
1548,2
1549,2
1550,3
1551,1
1552,4
1553,3
1554,6
1555,3
1556,3
1557,1
1558,2
1559,1
1560,1
1561,1
1562,3
1563,3
1564,1
1565,3
1566,0
1567,2
1568,5
1569,1
1570,3
1571,1
1572,3
1573,1
1574,4
1575,1
1576,0
1577,2
1578,3
1579,3
1580,3
1581,1
1582,5
1583,1
1584,1
1585,0
1586,3
1587,3
1588,0
1589,3
1590,1
1591,5
1592,3
1593,1
1594,3
1595,3
1596,0
1597,1
1598,2
1599,1
1600,2
1601,0
1602,2
1603,4
1604,4
1605,4
1606,2
1607,0
1608,2
1609,1
1610,0
1611,1
1612,2
1613,0
1614,1
1615,4
1616,0
1617,3
1618,0
1619,1
1620,2
1621,2
1622,0
1623,1
1624,4
1625,2
1626,0
1627,2
1628,4
1629,5
1630,0
1631,0
1632,2
1633,5
1634,6
1635,1
1636,1
1637,3
1638,0
1639,2
1640,5
1641,2
1642,0
1643,3
1644,3
1645,2
1646,1
1647,0
1648,2
1649,3
1650,3
1651,1
1652,4
1653,1
1654,0
1655,3
1656,1
1657,1
1658,1
1659,3
1660,2
1661,4
1662,2
1663,3
1664,1
1665,2
1666,3
1667,1
1668,1
1669,2
1670,0
1671,1
1672,2
1673,2
1674,1
1675,0
1676,2
1677,3
1678,3
1679,0
1680,1
1681,2
1682,0
1683,2
1684,0
1685,1
1686,3
1687,2
1688,3
1689,2
1690,0
1691,3
1692,3
1693,3
1694,2
1695,3
1696,1
1697,0
1698,1
1699,2
1700,1
1701,2
1702,0
1703,1
1704,2
1705,4
1706,3
1707,7
1708,4
1709,3
1710,5
1711,1
1712,3
1713,4
1714,3
1715,4
1716,2
1717,4
1718,2
1719,3
1720,1
1721,3
1722,1
1723,1
1724,1
1725,7
1726,5
1727,1
1728,2
1729,4
1730,1
1731,1
1732,2
1733,1
1734,6
1735,4
1736,3
1737,1
1738,1
1739,4
1740,2
1741,2
1742,1
1743,0
1744,3
1745,3
1746,1
1747,3
1748,3
1749,3
1750,1
1751,4
1752,3
1753,1
1754,2
1755,4
1756,1
1757,4
1758,1
1759,3
1760,4
1761,3
1762,2
1763,0
1764,1
1765,2
1766,2
1767,1
1768,2
1769,0
1770,4
1771,2
1772,2
1773,3
1774,2
1775,4
1776,1
1777,3
1778,1
1779,0
1780,3
1781,6
1782,1
1783,1
1784,4
1785,0
1786,2
1787,3
1788,5
1789,3
1790,3
1791,5
1792,1
1793,3
1794,3
1795,2
1796,5
1797,3
1798,3
1799,2
1800,3
1801,3
1802,3
1803,1
1804,5
1805,4
1806,1
1807,1
1808,4
1809,2
1810,3
1811,4
1812,0
1813,4
1814,3
1815,1
1816,1
1817,3
1818,1
1819,1
1820,2
1821,2
1822,1
1823,2
1824,2
1825,1
1826,2
1827,1
1828,2
1829,3
1830,1
1831,0
1832,1
1833,2
1834,1
1835,1
1836,3
1837,2
1838,1
1839,3
1840,4
1841,5
1842,1
1843,0
1844,2
1845,4
1846,0
1847,3
1848,1
1849,2
1850,7
1851,1
1852,1
1853,1
1854,2
1855,2
1856,2
1857,2
1858,1
1859,5
1860,1
1861,3
1862,1
1863,0
1864,3
1865,5
1866,1
1867,3
1868,0
1869,2
1870,1
1871,0
1872,2
1873,1
1874,5
1875,1
1876,5
1877,4
1878,1
1879,2
1880,3
1881,6
1882,2
1883,3
1884,5
1885,1
1886,2
1887,3
1888,0
1889,4
1890,4
1891,2
1892,4
1893,1
1894,6
1895,4
1896,4
1897,1
1898,1
1899,1
1900,2
1901,2
1902,1
1903,4
1904,4
1905,2
1906,4
1907,3
1908,1
1909,7
1910,1
1911,1
1912,3
1913,2
1914,1
1915,2
1916,1
1917,2
1918,2
1919,2
1920,4
1921,3
1922,3
1923,0
1924,4
1925,1
1926,2
1927,6
1928,3
1929,3
1930,1
1931,3
1932,2
1933,2
1934,0
1935,4
1936,2
1937,1
1938,0
1939,2
1940,3
1941,1
1942,0
1943,7
1944,4
1945,2
1946,1
1947,1
1948,4
1949,4
1950,0
1951,2
1952,2
1953,1
1954,4
1955,2
1956,2
1957,3
1958,4
