0,2
1,1
2,1
3,0
4,1
5,1
6,3
7,1
8,0
9,0
10,3
11,0
12,1
13,2
14,1
15,1
16,3
17,2
18,0
19,1
20,1
21,0
22,1
23,0
24,0
25,1
26,0
27,1
28,3
29,0
30,1
31,0
32,2
33,1
34,1
35,0
36,2
37,1
38,0
39,5
40,0
41,2
42,0
43,2
44,3
45,1
46,2
47,1
48,2
49,4
50,1
51,1
52,0
53,1
54,2
55,2
56,1
57,1
58,2
59,2
60,1
61,1
62,0
63,1
64,1
65,1
66,0
67,4
68,2
69,0
70,1
71,1
72,4
73,2
74,1
75,1
76,3
77,2
78,1
79,1
80,2
81,3
82,1
83,0
84,3
85,1
86,1
87,1
88,3
89,1
90,2
91,1
92,2
93,1
94,2
95,0
96,1
97,0
98,0
99,1
100,1
101,1
102,1
103,0
104,0
105,2
106,1
107,0
108,0
109,1
110,2
111,0
112,0
113,0
114,1
115,0
116,1
117,2
118,2
119,1
120,3
121,1
122,0
123,2
124,0
125,1
126,1
127,0
128,0
129,2
130,0
131,2
132,0
133,1
134,1
135,0
136,1
137,1
138,2
139,3
140,2
141,1
142,1
143,3
144,1
145,1
146,0
147,1
148,2
149,1
150,1
151,1
152,1
153,0
154,0
155,0
156,1
157,2
158,1
159,0
160,0
161,2
162,0
163,1
164,1
165,2
166,4
167,0
168,1
169,1
170,4
171,2
172,1
173,2
174,0
175,1
176,1
177,2
178,2
179,0
180,0
181,3
182,1
183,1
184,1
185,1
186,2
187,1
188,3
189,1
190,5
191,1
192,3
193,1
194,1
195,1
196,4
197,1
198,1
199,0
200,4
201,2
202,2
203,1
204,2
205,2
206,1
207,0
208,0
209,1
210,0
211,1
212,1
213,2
214,0
215,2
216,0
217,2
218,1
219,1
220,2
221,0
222,1
223,0
224,0
225,0
226,0
227,1
228,1
229,0
230,2
231,1
232,0
233,1
234,1
235,1
236,3
237,1
238,1
239,1
240,3
241,1
242,0
243,1
244,3
245,0
246,2
247,1
248,1
249,0
250,1
251,0
252,4
253,2
254,3
255,0
256,0
257,1
258,0
259,1
260,1
261,1
262,0
263,0
264,1
265,0
266,1
267,0
268,1
269,5
270,5
271,1
272,0
273,2
274,1
275,1
276,1
277,2
278,1
279,3
280,2
281,1
282,0
283,3
284,1
285,1
286,0
287,2
288,2
289,1
290,4
291,0
292,2
293,1
294,4
295,2
296,0
297,2
298,3
299,3
300,1
301,3
302,1
303,1
304,0
305,1
306,3
307,2
308,0
309,1
310,2
311,0
312,3
313,3
314,1
315,2
316,1
317,2
318,3
319,1
320,1
321,1
322,1
323,3
324,2
325,2
326,0
327,1
328,3
329,2
330,0
331,1
332,1
333,1
334,1
335,2
336,2
337,1
338,2
339,2
340,2
341,1
342,0
343,1
344,2
345,2
346,2
347,0
348,2
349,1
350,1
351,1
352,0
353,1
354,1
355,1
356,1
357,1
358,1
359,1
360,0
361,1
362,4
363,1
364,3
365,1
366,2
367,0
368,0
369,3
370,1
371,0
372,0
373,1
374,8
375,3
376,0
377,1
378,1
379,0
380,4
381,1
382,0
383,1
384,0
385,2
386,2
387,0
388,3
389,2
390,0
391,1
392,1
393,2
394,3
395,2
396,2
397,2
398,1
399,0
400,2
401,0
402,1
403,2
404,1
405,1
406,0
407,4
408,2
409,1
410,0
411,2
412,4
413,1
414,0
415,1
416,1
417,1
418,1
419,1
420,1
421,1
422,0
423,1
424,1
425,0
426,3
427,0
428,0
429,2
430,1
431,2
432,1
433,2
434,4
435,2
436,1
437,2
438,0
439,0
440,0
441,2
442,1
443,2
444,2
445,1
446,1
447,2
448,3
449,1
450,2
451,1
452,0
453,3
454,1
455,1
456,3
457,1
458,1
459,2
460,2
461,1
462,1
463,1
464,1
465,1
466,0
467,2
468,1
469,3
470,1
471,1
472,2
473,3
474,1
475,3
476,2
477,3
478,0
479,2
480,0
481,0
482,1
483,1
484,6
485,0
486,4
487,2
488,6
489,1
490,3
491,1
492,2
493,1
494,0
495,1
496,0
497,1
498,3
499,2
500,3
501,0
502,1
503,2
504,1
505,0
506,1
507,1
508,4
509,1
510,1
511,0
512,0
513,2
514,2
515,0
516,2
517,1
518,0
519,2
520,1
521,2
522,1
523,1
524,3
525,0
526,0
527,0
528,1
529,1
530,2
531,0
532,1
533,1
534,0
535,1
536,0
537,1
538,1
539,1
540,1
541,4
542,1
543,1
544,1
545,1
546,1
547,1
548,3
549,2
550,1
551,1
552,0
553,1
554,0
555,2
556,5
557,0
558,4
559,2
560,1
561,3
562,3
563,1
564,3
565,2
566,1
567,3
568,2
569,3
570,1
571,1
572,1
573,0
574,3
575,2
576,3
577,1
578,4
579,1
580,1
581,0
582,3
583,1
584,1
585,0
586,1
587,1
588,0
589,3
590,2
591,3
592,3
593,3
594,0
595,3
596,1
597,1
598,1
599,1
600,2
601,0
602,0
603,0
604,0
605,1
606,1
607,1
608,1
609,0
610,0
611,1
612,1
613,1
614,1
615,0
616,1
617,2
618,3
619,1
620,0
621,5
622,1
623,1
624,1
625,2
626,2
627,1
628,3
629,0
630,3
631,0
632,2
633,2
634,2
635,0
636,0
637,1
638,1
639,2
640,2
641,2
642,0
643,6
644,1
645,0
646,1
647,0
648,3
649,1
650,2
651,3
652,0
653,0
654,0
655,2
656,1
657,2
658,0
659,0
660,5
661,2
662,2
663,0
664,1
665,1
666,2
667,3
668,0
669,0
670,0
671,3
672,1
673,3
674,1
675,1
676,1
677,3
678,4
679,2
680,1
681,2
682,2
683,1
684,1
685,0
686,1
687,2
688,0
689,0
690,0
691,0
692,0
693,2
694,0
695,1
696,0
697,1
698,1
699,1
700,1
701,2
702,0
703,0
704,1
705,1
706,1
707,0
708,2
709,0
710,2
711,0
712,1
713,0
714,2
715,1
716,0
717,0
718,1
719,2
720,1
721,2
722,1
723,1
724,3
725,1
726,1
727,0
728,1
729,0
730,0
731,1
732,0
733,1
734,3
735,3
736,0
737,0
738,1
739,1
740,0
741,1
742,5
743,4
744,0
745,1
746,1
747,1
748,4
749,2
750,0
751,1
752,0
753,0
754,3
755,1
756,1
757,1
758,0
759,2
760,0
761,3
762,0
763,0
764,1
765,0
766,0
767,0
768,1
769,0
770,1
771,0
772,1
773,1
774,2
775,2
776,0
777,0
778,1
779,3
780,2
781,1
782,1
783,1
784,1
785,4
786,0
787,0
788,1
789,1
790,1
791,2
792,1
793,1
794,1
795,0
796,2
797,2
798,0
799,2
800,3
801,4
802,0
803,0
804,1
805,3
806,0
807,1
808,2
809,2
810,3
811,1
812,4
813,2
814,3
815,3
816,1
817,1
818,0
819,0
820,1
821,0
822,3
823,1
824,1
825,1
826,0
827,1
828,2
829,1
830,0
831,3
832,1
833,2
834,2
835,5
836,1
837,0
838,2
839,5
840,0
841,2
842,2
843,3
844,2
845,2
846,2
847,1
848,1
849,1
850,2
851,1
852,4
853,1
854,2
855,1
856,1
857,1
858,2
859,1
860,1
861,1
862,0
863,0
864,0
865,1
866,1
867,1
868,3
869,1
870,1
871,0
872,1
873,2
874,1
875,1
876,1
877,1
878,1
879,1
880,0
881,2
882,1
883,1
884,2
885,4
886,3
887,1
888,1
889,3
890,1
891,2
892,2
893,0
894,1
895,1
896,2
897,3
898,2
899,1
900,1
901,1
902,4
903,1
904,2
905,1
906,0
907,3
908,1
909,1
910,2
911,2
912,1
913,1
914,1
915,2
916,1
917,3
918,1
919,2
920,1
921,2
922,2
923,1
924,2
925,1
926,2
927,2
928,3
929,1
930,0
931,0
932,1
933,1
934,1
935,2
936,2
937,2
938,1
939,2
940,4
941,1
942,4
943,3
944,0
945,0
946,0
947,1
948,1
949,1
950,0
951,2
952,1
953,0
954,1
955,1
956,1
957,1
958,0
959,1
960,1
961,3
962,1
963,1
964,1
965,1
966,0
967,1
968,1
969,3
970,1
971,1
972,1
973,0
974,2
975,0
976,3
977,2
978,2
979,2
980,2
981,1
982,0
983,1
984,0
985,0
986,2
987,1
988,2
989,0
990,2
991,1
992,2
993,2
994,2
995,3
996,0
997,2
998,0
999,1
1000,1
1001,0
1002,3
1003,1
1004,0
1005,0
1006,2
1007,1
1008,1
1009,1
1010,1
1011,2
1012,1
1013,3
1014,1
1015,2
1016,0
1017,0
1018,0
1019,3
1020,1
1021,1
1022,1
1023,2
1024,2
1025,2
1026,1
1027,2
1028,0
1029,0
1030,4
1031,1
1032,2
1033,2
1034,1
1035,1
1036,0
1037,0
1038,1
1039,3
1040,1
1041,4
1042,0
1043,0
1044,1
1045,0
1046,0
1047,1
1048,3
1049,2
1050,5
1051,1
1052,1
1053,4
1054,2
1055,0
1056,2
1057,1
1058,3
1059,1
1060,3
1061,1
1062,1
1063,1
1064,1
1065,1
1066,1
1067,1
1068,0
1069,2
1070,0
1071,0
1072,0
1073,1
1074,0
1075,0
1076,0
1077,2
1078,0
1079,5
1080,1
1081,1
1082,1
1083,0
1084,1
1085,2
1086,1
1087,1
1088,0
1089,3
1090,1
1091,1
1092,0
1093,0
1094,1
1095,0
1096,2
1097,1
1098,1
1099,2
1100,3
1101,2
1102,3
1103,0
1104,0
1105,0
1106,0
1107,1
1108,1
1109,1
1110,0
1111,2
1112,1
1113,0
1114,3
1115,1
1116,1
1117,0
1118,2
1119,1
1120,2
1121,0
1122,0
1123,3
1124,1
1125,2
1126,0
1127,1
1128,1
1129,1
1130,1
1131,4
1132,0
1133,0
1134,1
1135,0
1136,3
1137,1
1138,4
1139,2
1140,1
1141,2
1142,1
1143,0
1144,2
1145,2
1146,2
1147,0
1148,1
1149,2
1150,2
1151,2
1152,2
1153,1
1154,4
1155,0
1156,1
1157,0
1158,1
1159,1
1160,1
1161,1
1162,2
1163,1
1164,3
1165,1
1166,1
1167,2
1168,2
1169,1
1170,2
1171,2
1172,2
1173,1
1174,0
1175,1
1176,1
1177,6
1178,0
1179,2
1180,1
1181,1
1182,0
1183,0
1184,1
1185,1
1186,1
1187,1
1188,4
1189,1
1190,2
1191,4
1192,0
1193,1
1194,0
1195,1
1196,2
1197,0
1198,0
1199,1
1200,4
1201,2
1202,2
1203,1
1204,0
1205,1
1206,0
1207,1
1208,2
1209,0
1210,1
1211,2
1212,1
1213,0
1214,0
1215,1
1216,2
1217,1
1218,0
1219,1
1220,1
1221,1
1222,0
1223,3
1224,1
1225,0
1226,1
1227,0
1228,1
1229,0
1230,1
1231,1
1232,1
1233,1
1234,1
1235,0
1236,1
1237,1
1238,3
1239,1
1240,2
1241,1
1242,1
1243,0
1244,2
1245,1
1246,0
1247,1
1248,1
1249,2
1250,1
1251,1
1252,2
1253,1
1254,2
1255,0
1256,5
1257,1
1258,1
1259,2
1260,1
1261,2
1262,2
1263,2
1264,1
1265,2
1266,2
1267,1
1268,4
1269,2
1270,1
1271,0
1272,6
1273,1
1274,1
1275,1
1276,0
1277,1
1278,2
1279,4
1280,1
1281,0
1282,2
1283,3
1284,2
1285,1
1286,2
1287,5
1288,5
1289,5
1290,1
1291,1
1292,2
1293,1
1294,0
1295,4
1296,1
1297,3
1298,2
1299,1
1300,1
1301,2
1302,2
1303,2
1304,3
1305,1
1306,1
1307,0
1308,1
1309,2
1310,2
1311,1
1312,5
1313,0
1314,3
1315,1
1316,1
1317,1
1318,1
1319,2
1320,3
1321,2
1322,4
1323,2
1324,0
1325,2
1326,2
1327,0
1328,1
1329,1
1330,0
1331,1
1332,3
1333,0
1334,2
1335,3
1336,2
1337,1
1338,1
1339,4
1340,3
1341,0
1342,1
1343,3
1344,2
1345,1
1346,2
1347,3
1348,0
1349,0
1350,0
1351,3
1352,2
1353,1
1354,2
1355,2
1356,2
1357,0
1358,0
1359,0
1360,2
1361,0
1362,1
1363,1
1364,2
1365,0
1366,2
1367,2
1368,1
1369,2
1370,3
1371,1
1372,1
1373,1
1374,1
1375,2
1376,3
1377,0
1378,1
1379,2
1380,0
1381,1
1382,1
1383,1
1384,2
1385,1
1386,3
1387,1
1388,1
1389,1
1390,1
1391,1
1392,2
1393,1
1394,0
1395,2
1396,1
1397,3
1398,2
1399,1
1400,1
1401,4
1402,1
1403,2
1404,0
1405,0
1406,1
1407,2
1408,4
1409,4
1410,2
1411,0
1412,0
1413,3
1414,2
1415,3
1416,1
1417,1
1418,2
1419,0
1420,2
1421,0
1422,0
1423,1
1424,2
1425,1
1426,1
1427,1
1428,1
1429,1
1430,0
1431,1
1432,1
1433,1
1434,1
1435,1
1436,1
1437,5
1438,0
1439,2
1440,1
1441,2
1442,1
1443,0
1444,2
1445,1
1446,1
1447,1
1448,2
1449,1
1450,1
1451,1
1452,2
1453,4
1454,1
1455,1
1456,2
1457,1
1458,0
1459,1
1460,1
1461,1
1462,0
1463,0
1464,3
1465,0
1466,0
1467,1
1468,1
1469,1
1470,3
1471,1
1472,3
1473,2
1474,0
1475,0
1476,1
1477,0
1478,3
1479,2
1480,1
1481,3
1482,1
1483,0
1484,1
1485,1
1486,0
1487,2
1488,0
1489,1
1490,3
1491,5
1492,1
1493,1
1494,2
1495,1
1496,0
1497,4
1498,1
1499,1
1500,2
1501,1
1502,1
1503,1
1504,1
1505,2
1506,1
1507,0
1508,1
1509,1
1510,2
1511,2
1512,1
1513,2
1514,0
1515,0
1516,1
1517,1
1518,2
1519,2
1520,2
1521,0
1522,0
1523,1
1524,2
1525,0
1526,3
1527,3
1528,0
1529,1
1530,2
1531,1
1532,0
1533,0
1534,0
1535,1
1536,0
1537,1
1538,0
1539,0
1540,2
1541,1
1542,0
1543,1
1544,1
1545,3
1546,2
1547,2
1548,1
1549,0
1550,1
1551,1
1552,0
1553,3
1554,4
1555,4
1556,4
1557,0
1558,0
1559,3
1560,0
1561,0
1562,2
1563,1
1564,1
1565,1
1566,1
1567,1
1568,1
1569,3
1570,1
1571,2
1572,2
1573,1
1574,1
1575,1
1576,2
1577,1
1578,1
1579,0
1580,2
1581,1
1582,3
1583,1
1584,1
1585,1
1586,5
1587,1
1588,1
1589,2
1590,0
1591,2
1592,3
1593,0
1594,0
1595,1
1596,1
1597,0
1598,2
1599,2
1600,1
1601,1
1602,1
1603,1
1604,1
1605,1
1606,1
1607,1
1608,1
1609,2
1610,1
1611,0
1612,3
1613,1
1614,1
1615,2
1616,1
1617,0
1618,1
1619,0
1620,1
1621,0
1622,1
1623,1
1624,1
1625,3
1626,0
1627,1
1628,1
1629,3
1630,2
1631,1
1632,1
1633,2
1634,0
1635,1
1636,1
1637,3
1638,3
1639,1
1640,2
1641,1
1642,0
1643,1
1644,1
1645,0
1646,2
1647,1
1648,3
1649,0
1650,1
1651,1
1652,1
1653,1
1654,1
1655,2
1656,2
1657,0
1658,0
1659,1
1660,0
1661,2
1662,1
1663,1
1664,1
1665,1
1666,0
1667,0
1668,0
1669,1
1670,0
1671,0
1672,2
1673,0
1674,2
1675,4
1676,0
1677,1
1678,4
1679,1
1680,2
1681,0
1682,2
1683,4
1684,1
1685,0
1686,1
1687,1
1688,1
1689,3
1690,0
1691,1
1692,3
1693,0
1694,1
1695,0
1696,1
1697,1
1698,2
1699,0
1700,1
1701,1
1702,1
1703,3
1704,2
1705,1
1706,2
1707,3
1708,1
1709,1
1710,2
1711,0
1712,0
1713,1
1714,5
1715,1
1716,2
1717,1
1718,2
1719,2
1720,2
1721,3
1722,0
1723,2
1724,2
1725,3
1726,0
1727,2
1728,1
1729,0
1730,0
1731,0
1732,3
1733,3
1734,4
1735,0
1736,3
1737,1
1738,3
1739,3
1740,2
1741,1
1742,1
1743,1
1744,2
1745,1
1746,3
1747,1
1748,2
1749,0
1750,1
1751,5
1752,1
1753,1
1754,1
1755,1
1756,2
1757,2
1758,1
1759,0
1760,3
1761,1
1762,3
1763,6
1764,1
1765,0
1766,3
1767,1
1768,4
1769,3
1770,2
1771,1
1772,2
1773,3
1774,4
1775,2
1776,1
1777,2
1778,4
1779,4
1780,3
1781,4
1782,3
1783,0
1784,1
1785,1
1786,0
1787,0
1788,2
1789,1
1790,1
1791,2
1792,0
1793,1
1794,1
1795,3
1796,1
1797,4
1798,2
1799,4
1800,1
1801,2
1802,1
1803,3
1804,3
1805,1
1806,1
1807,3
1808,1
1809,1
1810,1
1811,1
1812,1
1813,3
1814,2
1815,1
1816,2
1817,0
1818,1
1819,1
1820,0
1821,2
1822,1
1823,2
1824,2
1825,3
1826,2
1827,0
1828,0
1829,0
1830,0
1831,4
1832,1
1833,2
1834,0
1835,0
1836,1
1837,2
1838,2
1839,0
1840,3
1841,4
1842,1
1843,2
1844,0
1845,0
1846,1
1847,0
1848,2
1849,1
1850,1
1851,1
1852,1
1853,1
1854,1
1855,0
1856,1
1857,3
1858,0
1859,1
1860,1
1861,0
1862,2
1863,2
1864,1
1865,2
1866,1
1867,1
1868,1
1869,3
1870,1
1871,0
1872,1
1873,1
1874,1
1875,0
1876,0
1877,2
1878,1
1879,1
1880,1
1881,4
1882,2
1883,2
1884,3
1885,0
1886,2
1887,1
1888,0
1889,0
1890,1
1891,2
1892,2
1893,1
1894,1
1895,1
1896,1
1897,0
1898,1
1899,1
1900,0
1901,1
1902,0
1903,2
1904,2
1905,1
1906,1
1907,0
1908,2
1909,1
1910,1
1911,0
1912,2
1913,3
1914,1
1915,1
1916,0
1917,2
1918,0
1919,1
1920,1
1921,0
1922,0
1923,0
1924,1
1925,3
1926,2
1927,1
1928,0
1929,1
1930,1
1931,2
1932,3
1933,0
1934,0
1935,1
1936,3
1937,1
1938,1
1939,1
1940,4
1941,1
1942,1
1943,0
1944,1
1945,1
1946,0
1947,2
1948,0
1949,1
1950,1
1951,1
1952,1
1953,2
1954,0
1955,2
1956,2
1957,3
1958,1
