0,1.0
1,493.0
2,10.0
3,258.0
4,323.0
5,36.0
6,2.0
7,91.0
8,73.0
9,17.0
10,21.0
11,5.0
12,79.0
13,1.0
14,5.0
15,
16,7.0
17,1.0
18,
19,5.0
20,155.0
21,
22,1.0
23,18.0
24,
25,
26,5.0
27,4.0
28,3.0
29,1.0
30,12.0
31,38.0
32,
33,
34,58.0
35,1.0
36,21.0
37,2.0
38,6.0
39,1.0
40,2.0
41,7.0
42,2.0
43,90.0
44,16.0
45,73.0
46,44.0
47,1.0
48,36.0
49,
50,44.0
51,13.0
52,1.0
53,
54,170.0
55,16.0
56,2.0
57,303.0
58,1.0
59,1.0
60,33.0
61,13.0
62,2.0
63,64.0
64,
65,
66,1.0
67,3.0
68,79.0
69,3.0
70,6.0
71,1.0
72,3.0
73,6.0
74,26.0
75,4.0
76,11.0
77,2.0
78,1.0
79,323.0
80,44.0
81,3.0
82,4.0
83,
84,90.0
85,36.0
86,6.0
87,
88,16.0
89,10.0
90,
91,27.0
92,2.0
93,9.0
94,493.0
95,19.0
96,6.0
97,3.0
98,31.0
99,2.0
100,4.0
101,
102,5.0
103,9.0
104,15.0
105,23.0
106,12.0
107,1.0
108,1.0
109,2.0
110,3.0
111,6.0
112,
113,303.0
114,
115,10.0
116,5.0
117,7.0
118,
119,38.0
120,11.0
121,2.0
122,1.0
123,25.0
124,
125,68.0
126,
127,2.0
128,5.0
129,
130,65.0
131,2.0
132,8.0
133,39.0
134,90.0
135,37.0
136,39.0
137,2.0
138,4.0
139,1.0
140,1.0
141,3.0
142,4.0
143,2.0
144,6.0
145,
146,
147,
148,79.0
149,8.0
150,47.0
151,8.0
152,111.0
153,
154,1.0
155,1.0
156,118.0
157,90.0
158,56.0
159,2.0
160,
161,125.0
162,62.0
163,78.0
164,28.0
165,170.0
166,16.0
167,10.0
168,
169,19.0
170,14.0
171,32.0
172,58.0
173,2.0
174,2.0
175,537.0
176,33.0
177,44.0
178,2.0
179,2.0
180,42.0
181,2.0
182,2.0
183,1.0
184,25.0
185,
186,3.0
187,493.0
188,493.0
189,2.0
190,6.0
191,43.0
192,9.0
193,21.0
194,4.0
195,1.0
196,27.0
197,79.0
198,23.0
199,6.0
200,1.0
201,3.0
202,3.0
203,
204,19.0
205,11.0
206,12.0
207,41.0
208,1.0
209,493.0
210,25.0
211,24.0
212,22.0
213,1.0
214,79.0
215,19.0
216,9.0
217,3.0
218,3.0
219,64.0
220,303.0
221,111.0
222,2.0
223,2.0
224,111.0
225,2.0
226,
227,
228,
229,37.0
230,10.0
231,155.0
232,16.0
233,
234,
235,1.0
236,1.0
237,
238,2.0
239,20.0
240,79.0
241,2.0
242,
243,
244,3.0
245,10.0
246,2.0
247,34.0
248,7.0
249,6.0
250,1.0
251,12.0
252,2.0
253,19.0
254,2.0
255,2.0
256,3.0
257,2.0
258,111.0
259,5.0
260,3.0
261,58.0
262,1.0
263,3.0
264,5.0
265,
266,
267,6.0
268,74.0
269,16.0
270,21.0
271,3.0
272,34.0
273,13.0
274,125.0
275,
276,
277,32.0
278,11.0
279,5.0
280,1.0
281,97.0
282,3.0
283,34.0
284,
285,
286,79.0
287,12.0
288,1.0
289,16.0
290,12.0
291,3.0
292,5.0
293,2.0
294,33.0
295,12.0
296,
297,
298,19.0
299,3.0
300,2.0
301,8.0
302,
303,2.0
304,19.0
305,11.0
306,12.0
307,1.0
308,
309,2.0
310,195.0
311,2.0
312,
313,4.0
314,21.0
315,155.0
316,36.0
317,27.0
318,2.0
319,10.0
320,125.0
321,4.0
322,5.0
323,3.0
324,1.0
325,
326,9.0
327,11.0
328,12.0
329,12.0
330,6.0
331,11.0
332,86.0
333,3.0
334,8.0
335,6.0
336,44.0
337,
338,195.0
339,3.0
340,155.0
341,155.0
342,2.0
343,91.0
344,
345,8.0
346,2.0
347,
348,
349,3.0
350,76.0
351,40.0
352,155.0
353,3.0
354,79.0
355,1.0
356,64.0
357,15.0
358,19.0
359,43.0
360,57.0
361,1.0
362,9.0
363,79.0
364,6.0
365,
366,10.0
367,
368,493.0
369,14.0
370,6.0
371,1.0
372,1.0
373,23.0
374,
375,12.0
376,4.0
377,19.0
378,10.0
379,1.0
380,13.0
381,22.0
382,2.0
383,2.0
384,14.0
385,46.0
386,5.0
387,1.0
388,4.0
389,3.0
390,195.0
391,2.0
392,4.0
393,16.0
394,13.0
395,79.0
396,8.0
397,2.0
398,1.0
399,1.0
400,2.0
401,7.0
402,1.0
403,44.0
404,1.0
405,
406,90.0
407,4.0
408,493.0
409,20.0
410,
411,
412,4.0
413,
414,
415,64.0
416,3.0
417,1.0
418,39.0
419,323.0
420,26.0
421,6.0
422,111.0
423,1.0
424,6.0
425,111.0
426,7.0
427,111.0
428,
429,4.0
430,2.0
431,22.0
432,
433,
434,19.0
435,6.0
436,34.0
437,7.0
438,4.0
439,
440,1.0
441,3.0
442,64.0
443,1.0
444,2.0
445,8.0
446,
447,3.0
448,
449,1.0
450,11.0
451,493.0
452,1.0
453,3.0
454,
455,3.0
456,3.0
457,303.0
458,9.0
459,2.0
460,79.0
461,27.0
462,8.0
463,73.0
464,9.0
465,7.0
466,
467,6.0
468,3.0
469,14.0
470,
471,1.0
472,3.0
473,24.0
474,64.0
475,3.0
476,1.0
477,79.0
478,
479,6.0
480,5.0
481,17.0
482,6.0
483,3.0
484,2.0
485,9.0
486,5.0
487,
488,9.0
489,2.0
490,1.0
491,2.0
492,1.0
493,6.0
494,37.0
495,79.0
496,1.0
497,
498,11.0
499,5.0
500,
501,13.0
502,19.0
503,4.0
504,13.0
505,1.0
506,
507,4.0
508,14.0
509,18.0
510,155.0
511,155.0
512,58.0
513,4.0
514,24.0
515,33.0
516,5.0
517,36.0
518,2.0
519,
520,
521,6.0
522,2.0
523,
524,21.0
525,
526,60.0
527,10.0
528,15.0
529,
530,3.0
531,
532,8.0
533,2.0
534,9.0
535,1.0
536,27.0
537,1.0
538,
539,5.0
540,6.0
541,33.0
542,99.0
543,1.0
544,1.0
545,42.0
546,28.0
547,79.0
548,13.0
549,2.0
550,493.0
551,
552,46.0
553,24.0
554,5.0
555,21.0
556,16.0
557,3.0
558,27.0
559,26.0
560,60.0
561,2.0
562,91.0
563,5.0
564,6.0
565,7.0
566,5.0
567,13.0
568,33.0
569,4.0
570,15.0
571,56.0
572,1.0
573,1.0
574,16.0
575,16.0
576,2.0
577,
578,3.0
579,3.0
580,1.0
581,44.0
582,5.0
583,493.0
584,1.0
585,31.0
586,5.0
587,10.0
588,46.0
589,5.0
590,58.0
591,32.0
592,15.0
593,9.0
594,
595,19.0
596,
597,170.0
598,125.0
599,
600,3.0
601,10.0
602,195.0
603,5.0
604,6.0
605,18.0
606,6.0
607,14.0
608,4.0
609,3.0
610,3.0
611,1.0
612,11.0
613,
614,
615,2.0
616,10.0
617,4.0
618,90.0
619,24.0
620,493.0
621,19.0
622,4.0
623,1.0
624,1.0
625,1.0
626,9.0
627,10.0
628,
629,5.0
630,79.0
631,26.0
632,6.0
633,16.0
634,3.0
635,3.0
636,
637,26.0
638,1.0
639,26.0
640,90.0
641,36.0
642,10.0
643,
644,59.0
645,58.0
646,50.0
647,21.0
648,1.0
649,2.0
650,1.0
651,27.0
652,15.0
653,8.0
654,37.0
655,10.0
656,4.0
657,44.0
658,
659,
660,16.0
661,6.0
662,13.0
663,23.0
664,76.0
665,27.0
666,1.0
667,7.0
668,2.0
669,44.0
670,68.0
671,21.0
672,17.0
673,26.0
674,58.0
675,4.0
676,40.0
677,3.0
678,4.0
679,
680,16.0
681,2.0
682,1.0
683,19.0
684,
685,1.0
686,79.0
687,13.0
688,10.0
689,7.0
690,
691,4.0
692,4.0
693,
694,57.0
695,39.0
696,
697,43.0
698,66.0
699,5.0
700,6.0
701,186.0
702,
703,
704,90.0
705,159.0
706,303.0
707,78.0
708,27.0
709,6.0
710,25.0
711,111.0
712,258.0
713,
714,13.0
715,6.0
716,
717,2.0
718,63.0
719,88.0
720,21.0
721,90.0
722,79.0
723,19.0
724,3.0
725,2.0
726,4.0
727,4.0
728,
729,2.0
730,4.0
731,3.0
732,2.0
733,1.0
734,3.0
735,79.0
736,125.0
737,35.0
738,35.0
739,86.0
740,2.0
741,20.0
742,32.0
743,7.0
744,
745,44.0
746,59.0
747,13.0
748,118.0
749,
750,3.0
751,2.0
752,
753,2.0
754,16.0
755,24.0
756,9.0
757,4.0
758,195.0
759,6.0
760,
761,25.0
762,1.0
763,23.0
764,1.0
765,2.0
766,79.0
767,7.0
768,22.0
769,27.0
770,18.0
771,90.0
772,2.0
773,
774,2.0
775,10.0
776,195.0
777,43.0
778,3.0
779,11.0
780,33.0
781,47.0
782,21.0
783,1.0
784,8.0
785,18.0
786,
787,15.0
788,23.0
789,4.0
790,8.0
791,
792,148.0
793,31.0
794,
795,2.0
796,14.0
797,43.0
798,2.0
799,3.0
800,19.0
801,
802,1.0
803,4.0
804,27.0
805,7.0
806,6.0
807,3.0
808,16.0
809,5.0
810,
811,43.0
812,11.0
813,4.0
814,19.0
815,14.0
816,26.0
817,13.0
818,
819,19.0
820,14.0
821,3.0
822,
823,125.0
824,24.0
825,1.0
826,2.0
827,18.0
828,3.0
829,19.0
830,62.0
831,
832,4.0
833,19.0
834,24.0
835,14.0
836,26.0
837,8.0
838,19.0
839,3.0
840,
841,
842,2.0
843,9.0
844,1.0
845,1.0
846,79.0
847,14.0
848,2.0
849,16.0
850,10.0
851,50.0
852,
853,1.0
854,
855,2.0
856,5.0
857,21.0
858,90.0
859,
860,10.0
861,10.0
862,2.0
863,2.0
864,3.0
865,2.0
866,
867,79.0
868,22.0
869,36.0
870,4.0
871,2.0
872,3.0
873,3.0
874,64.0
875,3.0
876,4.0
877,22.0
878,65.0
879,16.0
880,4.0
881,21.0
882,58.0
883,44.0
884,13.0
885,13.0
886,8.0
887,57.0
888,
889,32.0
890,4.0
891,3.0
892,4.0
893,
894,1.0
895,1.0
896,17.0
897,6.0
898,3.0
899,
900,18.0
901,1.0
902,3.0
903,2.0
904,4.0
905,
906,97.0
907,19.0
908,4.0
909,
910,10.0
911,2.0
912,64.0
913,42.0
914,4.0
915,9.0
916,37.0
917,21.0
918,79.0
919,9.0
920,
921,
922,493.0
923,79.0
924,
925,2.0
926,155.0
927,4.0
928,1.0
929,537.0
930,7.0
931,
932,
933,26.0
934,86.0
935,10.0
936,2.0
937,17.0
938,
939,16.0
940,3.0
941,3.0
942,21.0
943,186.0
944,1.0
945,13.0
946,1.0
947,11.0
948,23.0
949,13.0
950,38.0
951,4.0
952,11.0
953,38.0
954,76.0
955,4.0
956,1.0
957,159.0
958,36.0
959,13.0
960,17.0
961,4.0
962,8.0
963,1.0
964,1.0
965,33.0
966,3.0
967,9.0
968,8.0
969,4.0
970,14.0
971,4.0
972,1.0
973,37.0
974,3.0
975,2.0
976,16.0
977,12.0
978,
979,258.0
980,258.0
981,15.0
982,
983,24.0
984,37.0
985,111.0
986,79.0
987,79.0
988,6.0
989,17.0
990,43.0
991,2.0
992,27.0
993,
994,6.0
995,33.0
996,57.0
997,
998,111.0
999,79.0
1000,24.0
1001,1.0
1002,3.0
1003,21.0
1004,323.0
1005,1.0
1006,18.0
1007,19.0
1008,18.0
1009,2.0
1010,29.0
1011,
1012,26.0
1013,11.0
1014,24.0
1015,4.0
1016,5.0
1017,3.0
1018,
1019,11.0
1020,11.0
1021,4.0
1022,90.0
1023,12.0
1024,3.0
1025,36.0
1026,64.0
1027,
1028,44.0
1029,1.0
1030,16.0
1031,2.0
1032,4.0
1033,22.0
1034,
1035,6.0
1036,8.0
1037,1.0
1038,
1039,12.0
1040,1.0
1041,15.0
1042,
1043,493.0
1044,170.0
1045,
1046,16.0
1047,3.0
1048,6.0
1049,
1050,11.0
1051,64.0
1052,36.0
1053,19.0
1054,79.0
1055,3.0
1056,13.0
1057,47.0
1058,32.0
1059,2.0
1060,30.0
1061,1.0
1062,33.0
1063,1.0
1064,3.0
1065,3.0
1066,6.0
1067,79.0
1068,37.0
1069,4.0
1070,10.0
1071,
1072,
1073,86.0
1074,
1075,1.0
1076,43.0
1077,3.0
1078,1.0
1079,16.0
1080,17.0
1081,
1082,16.0
1083,9.0
1084,2.0
1085,3.0
1086,35.0
1087,21.0
1088,10.0
1089,44.0
1090,20.0
1091,2.0
1092,4.0
1093,28.0
1094,3.0
1095,23.0
1096,11.0
1097,97.0
1098,24.0
1099,1.0
1100,25.0
1101,2.0
1102,1.0
1103,38.0
1104,
1105,5.0
1106,323.0
1107,39.0
1108,8.0
1109,
1110,23.0
1111,1.0
1112,1.0
1113,2.0
1114,1.0
1115,
1116,36.0
1117,
1118,4.0
1119,24.0
1120,1.0
1121,493.0
1122,6.0
1123,91.0
1124,2.0
1125,90.0
1126,97.0
1127,111.0
1128,47.0
1129,11.0
1130,5.0
1131,3.0
1132,
1133,4.0
1134,2.0
1135,1.0
1136,1.0
1137,493.0
1138,34.0
1139,79.0
1140,1.0
1141,2.0
1142,36.0
1143,1.0
1144,9.0
1145,23.0
1146,59.0
1147,90.0
1148,22.0
1149,90.0
1150,3.0
1151,3.0
1152,25.0
1153,
1154,4.0
1155,
1156,47.0
1157,5.0
1158,1.0
1159,1.0
1160,14.0
1161,1.0
1162,32.0
1163,11.0
1164,6.0
1165,58.0
1166,8.0
1167,11.0
1168,66.0
1169,19.0
1170,125.0
1171,35.0
1172,79.0
1173,1.0
1174,493.0
1175,1.0
1176,493.0
1177,14.0
1178,6.0
1179,79.0
1180,58.0
1181,1.0
1182,145.0
1183,
1184,1.0
1185,2.0
1186,41.0
1187,19.0
1188,6.0
1189,1.0
1190,43.0
1191,
1192,111.0
1193,
1194,3.0
1195,7.0
1196,1.0
1197,2.0
1198,
1199,8.0
1200,
1201,2.0
1202,
1203,42.0
1204,76.0
1205,1.0
1206,2.0
1207,
1208,258.0
1209,
1210,8.0
1211,15.0
1212,76.0
1213,38.0
1214,111.0
1215,47.0
1216,1.0
1217,10.0
1218,15.0
1219,76.0
1220,
1221,6.0
1222,15.0
1223,
1224,16.0
1225,36.0
1226,19.0
1227,25.0
1228,3.0
1229,2.0
1230,79.0
1231,1.0
1232,8.0
1233,6.0
1234,16.0
1235,8.0
1236,14.0
1237,78.0
1238,1.0
1239,2.0
1240,1.0
1241,79.0
1242,170.0
1243,3.0
1244,45.0
1245,159.0
1246,111.0
1247,2.0
1248,
1249,1.0
1250,78.0
1251,59.0
1252,9.0
1253,1.0
1254,6.0
1255,2.0
1256,8.0
1257,11.0
1258,7.0
1259,10.0
1260,13.0
1261,
1262,9.0
1263,3.0
1264,3.0
1265,21.0
1266,40.0
1267,125.0
1268,8.0
1269,9.0
1270,9.0
1271,2.0
1272,2.0
1273,6.0
1274,7.0
1275,43.0
1276,
1277,2.0
1278,3.0
1279,5.0
1280,3.0
1281,4.0
1282,1.0
1283,1.0
1284,8.0
1285,2.0
1286,19.0
1287,16.0
1288,2.0
1289,19.0
1290,43.0
1291,32.0
1292,
1293,23.0
1294,4.0
1295,1.0
1296,4.0
1297,4.0
1298,79.0
1299,45.0
1300,
1301,2.0
1302,63.0
1303,6.0
1304,22.0
1305,16.0
1306,45.0
1307,10.0
1308,3.0
1309,2.0
1310,50.0
1311,5.0
1312,3.0
1313,3.0
1314,1.0
1315,7.0
1316,1.0
1317,10.0
1318,7.0
1319,
1320,4.0
1321,1.0
1322,5.0
1323,43.0
1324,10.0
1325,1.0
1326,11.0
1327,44.0
1328,21.0
1329,79.0
1330,2.0
1331,8.0
1332,
1333,
1334,155.0
1335,
1336,16.0
1337,2.0
1338,
1339,13.0
1340,22.0
1341,8.0
1342,7.0
1343,
1344,90.0
1345,18.0
1346,12.0
1347,
1348,
1349,1.0
1350,2.0
1351,16.0
1352,3.0
1353,1.0
1354,21.0
1355,
1356,15.0
1357,4.0
1358,1.0
1359,537.0
1360,3.0
1361,
1362,1.0
1363,1.0
1364,19.0
1365,2.0
1366,63.0
1367,186.0
1368,99.0
1369,1.0
1370,14.0
1371,
1372,79.0
1373,1.0
1374,13.0
1375,3.0
1376,36.0
1377,3.0
1378,47.0
1379,8.0
1380,2.0
1381,12.0
1382,
1383,323.0
1384,5.0
1385,3.0
1386,12.0
1387,45.0
1388,3.0
1389,8.0
1390,
1391,57.0
1392,2.0
1393,3.0
1394,2.0
1395,
1396,
1397,4.0
1398,2.0
1399,8.0
1400,25.0
1401,11.0
1402,
1403,3.0
1404,
1405,
1406,1.0
1407,10.0
1408,33.0
1409,
1410,6.0
1411,7.0
1412,23.0
1413,7.0
1414,25.0
1415,2.0
1416,21.0
1417,
1418,43.0
1419,36.0
1420,9.0
1421,10.0
1422,8.0
1423,2.0
1424,44.0
1425,1.0
1426,8.0
1427,4.0
1428,99.0
1429,47.0
1430,4.0
1431,68.0
1432,
1433,2.0
1434,159.0
1435,86.0
1436,303.0
1437,3.0
1438,15.0
1439,39.0
1440,36.0
1441,19.0
1442,2.0
1443,31.0
1444,7.0
1445,1.0
1446,3.0
1447,2.0
1448,2.0
1449,7.0
1450,2.0
1451,1.0
1452,58.0
1453,32.0
1454,1.0
1455,38.0
1456,16.0
1457,13.0
1458,111.0
1459,1.0
1460,1.0
1461,29.0
1462,37.0
1463,
1464,79.0
1465,1.0
1466,29.0
1467,43.0
1468,1.0
1469,11.0
1470,91.0
1471,32.0
1472,79.0
1473,13.0
1474,79.0
1475,31.0
1476,4.0
1477,2.0
1478,11.0
1479,19.0
1480,4.0
1481,13.0
1482,3.0
1483,27.0
1484,1.0
1485,58.0
1486,1.0
1487,
1488,36.0
1489,1.0
1490,32.0
1491,3.0
1492,3.0
1493,493.0
1494,13.0
1495,1.0
1496,1.0
1497,1.0
1498,90.0
1499,6.0
1500,
1501,3.0
1502,47.0
1503,493.0
1504,3.0
1505,6.0
1506,19.0
1507,2.0
1508,3.0
1509,4.0
1510,1.0
1511,33.0
1512,11.0
1513,5.0
1514,23.0
1515,159.0
1516,2.0
1517,9.0
1518,9.0
1519,2.0
1520,4.0
1521,
1522,145.0
1523,1.0
1524,11.0
1525,3.0
1526,14.0
1527,19.0
1528,2.0
1529,37.0
1530,4.0
1531,8.0
1532,86.0
1533,46.0
1534,7.0
1535,3.0
1536,5.0
1537,21.0
1538,5.0
1539,493.0
1540,10.0
1541,1.0
1542,44.0
1543,
1544,14.0
1545,19.0
1546,10.0
1547,1.0
1548,31.0
1549,5.0
1550,10.0
1551,99.0
1552,1.0
1553,3.0
1554,4.0
1555,27.0
1556,24.0
1557,34.0
1558,64.0
1559,8.0
1560,3.0
1561,97.0
1562,
1563,5.0
1564,47.0
1565,125.0
1566,56.0
1567,5.0
1568,33.0
1569,41.0
1570,8.0
1571,6.0
1572,6.0
1573,22.0
1574,18.0
1575,19.0
1576,13.0
1577,1.0
1578,16.0
1579,159.0
1580,1.0
1581,
1582,19.0
1583,86.0
1584,3.0
1585,2.0
1586,14.0
1587,
1588,1.0
1589,3.0
1590,1.0
1591,4.0
1592,
1593,3.0
1594,
1595,16.0
1596,43.0
1597,3.0
1598,6.0
1599,16.0
1600,3.0
1601,9.0
1602,155.0
1603,97.0
1604,537.0
1605,1.0
1606,97.0
1607,303.0
1608,21.0
1609,36.0
1610,8.0
1611,10.0
1612,3.0
1613,3.0
1614,8.0
1615,
1616,23.0
1617,10.0
1618,23.0
1619,
1620,1.0
1621,
1622,6.0
1623,6.0
1624,
1625,22.0
1626,6.0
1627,21.0
1628,8.0
1629,14.0
1630,16.0
1631,8.0
1632,64.0
1633,79.0
1634,1.0
1635,29.0
1636,4.0
1637,28.0
1638,
1639,1.0
1640,3.0
1641,3.0
1642,1.0
1643,5.0
1644,323.0
1645,5.0
1646,9.0
1647,18.0
1648,7.0
1649,74.0
1650,34.0
1651,17.0
1652,17.0
1653,2.0
1654,493.0
1655,1.0
1656,5.0
1657,2.0
1658,6.0
1659,40.0
1660,111.0
1661,27.0
1662,19.0
1663,
1664,1.0
1665,2.0
1666,
1667,2.0
1668,258.0
1669,19.0
1670,24.0
1671,11.0
1672,21.0
1673,
1674,2.0
1675,1.0
1676,
1677,1.0
1678,3.0
1679,8.0
1680,
1681,155.0
1682,1.0
1683,170.0
1684,1.0
1685,111.0
1686,
1687,24.0
1688,19.0
1689,4.0
1690,2.0
1691,1.0
1692,91.0
1693,111.0
1694,9.0
1695,58.0
1696,2.0
1697,
1698,15.0
1699,86.0
1700,
1701,39.0
1702,2.0
1703,8.0
1704,2.0
1705,4.0
1706,
1707,
1708,4.0
1709,3.0
1710,155.0
1711,50.0
1712,1.0
1713,
1714,24.0
1715,2.0
1716,5.0
1717,1.0
1718,10.0
1719,1.0
1720,11.0
1721,58.0
1722,
1723,16.0
1724,
1725,34.0
1726,74.0
1727,14.0
1728,23.0
1729,6.0
1730,76.0
1731,10.0
1732,170.0
1733,2.0
1734,1.0
1735,2.0
1736,
1737,10.0
1738,
1739,12.0
1740,6.0
1741,1.0
1742,
1743,8.0
1744,4.0
1745,33.0
1746,11.0
1747,125.0
1748,
1749,6.0
1750,7.0
1751,
1752,38.0
1753,36.0
1754,6.0
1755,18.0
1756,
1757,40.0
1758,7.0
1759,2.0
1760,2.0
1761,4.0
1762,2.0
1763,2.0
1764,3.0
1765,
1766,7.0
1767,43.0
1768,1.0
1769,2.0
1770,5.0
1771,7.0
1772,3.0
1773,1.0
1774,11.0
1775,1.0
1776,14.0
1777,43.0
1778,
1779,2.0
1780,9.0
1781,19.0
1782,
1783,3.0
1784,
1785,3.0
1786,2.0
1787,1.0
1788,2.0
1789,1.0
1790,1.0
1791,12.0
1792,18.0
1793,97.0
1794,41.0
1795,2.0
1796,3.0
1797,16.0
1798,43.0
1799,16.0
1800,1.0
1801,1.0
1802,3.0
1803,16.0
1804,79.0
1805,
1806,5.0
1807,16.0
1808,8.0
1809,2.0
1810,
1811,47.0
1812,79.0
1813,13.0
1814,9.0
1815,2.0
1816,16.0
1817,3.0
1818,47.0
1819,
1820,18.0
1821,118.0
1822,1.0
1823,40.0
1824,2.0
1825,3.0
1826,24.0
1827,23.0
1828,1.0
1829,3.0
1830,1.0
1831,15.0
1832,7.0
1833,
1834,58.0
1835,111.0
1836,5.0
1837,5.0
1838,14.0
1839,27.0
1840,3.0
1841,11.0
1842,79.0
1843,
1844,6.0
1845,5.0
1846,43.0
1847,5.0
1848,14.0
1849,
1850,
1851,125.0
1852,2.0
1853,1.0
1854,19.0
1855,7.0
1856,4.0
1857,118.0
1858,1.0
1859,
1860,57.0
1861,11.0
1862,15.0
1863,8.0
1864,4.0
1865,4.0
1866,3.0
1867,4.0
1868,
1869,79.0
1870,24.0
1871,111.0
1872,2.0
1873,
1874,493.0
1875,
1876,2.0
1877,79.0
1878,64.0
1879,
1880,40.0
1881,
1882,2.0
1883,
1884,2.0
1885,74.0
1886,40.0
1887,11.0
1888,16.0
1889,8.0
1890,3.0
1891,8.0
1892,1.0
1893,50.0
1894,78.0
1895,1.0
1896,11.0
1897,50.0
1898,14.0
1899,34.0
1900,
1901,29.0
1902,2.0
1903,21.0
1904,2.0
1905,
1906,8.0
1907,1.0
1908,16.0
1909,10.0
1910,19.0
1911,111.0
1912,
1913,6.0
1914,91.0
1915,1.0
1916,155.0
1917,3.0
1918,2.0
1919,4.0
1920,
1921,
1922,1.0
1923,2.0
1924,
1925,16.0
1926,4.0
1927,41.0
1928,
1929,3.0
1930,90.0
1931,1.0
1932,22.0
1933,
1934,2.0
1935,1.0
1936,3.0
1937,14.0
1938,9.0
1939,60.0
1940,18.0
1941,79.0
1942,37.0
1943,
1944,21.0
1945,43.0
1946,
1947,
1948,23.0
1949,34.0
1950,1.0
1951,21.0
1952,26.0
1953,16.0
1954,8.0
1955,10.0
1956,
1957,2.0
1958,90.0
