0,25
1,239
2,275
3,159
4,53
5,198
6,175
7,170
8,31
9,237
10,85
11,206
12,78
13,149
14,192
15,85
16,231
17,181
18,82
19,186
20,111
21,219
22,25
23,88
24,46
25,247
26,186
27,285
28,250
29,243
30,139
31,128
32,72
33,69
34,100
35,210
36,166
37,95
38,62
39,83
40,75
41,480
42,150
43,150
44,236
45,31
46,57
47,179
48,234
49,166
50,109
51,180
52,140
53,187
54,73
55,241
56,241
57,20
58,104
59,81
60,239
61,166
62,81
63,242
64,100
65,200
66,270
67,22
68,70
69,154
70,88
71,251
72,279
73,264
74,272
75,229
76,156
77,182
78,66
79,53
80,155
81,42
82,131
83,269
84,150
85,201
86,72
87,105
88,190
89,116
90,121
91,140
92,96
93,209
94,158
95,156
96,145
97,179
98,42
99,116
100,234
101,294
102,263
103,38
104,81
105,114
106,72
107,169
108,174
109,98
110,150
111,140
112,128
113,165
114,190
115,215
116,246
117,218
118,237
119,65
120,64
121,227
122,181
123,159
124,78
125,102
126,199
127,152
128,254
129,197
130,242
131,51
132,115
133,245
134,159
135,85
136,225
137,152
138,156
139,240
140,111
141,248
142,79
143,166
144,123
145,210
146,204
147,85
148,201
149,188
150,62
151,226
152,217
153,236
154,272
155,243
156,168
157,146
158,222
159,150
160,102
161,176
162,87
163,59
164,107
165,73
166,190
167,195
168,99
169,259
170,230
171,158
172,109
173,166
174,75
175,124
176,17
177,161
178,166
179,111
180,181
181,166
182,67
183,51
184,225
185,71
186,213
187,92
188,95
189,237
190,175
191,183
192,170
193,121
194,234
195,66
196,111
197,201
198,191
199,196
200,267
201,248
202,150
203,107
204,241
205,104
206,146
207,116
208,98
209,189
210,159
211,296
212,284
213,128
214,269
215,241
216,188
217,37
218,160
219,242
220,206
221,82
222,227
223,152
224,230
225,75
226,183
227,75
228,236
229,61
230,123
231,144
232,137
233,229
234,215
235,111
236,124
237,158
238,94
239,82
240,269
241,235
242,207
243,105
244,150
245,251
246,166
247,39
248,232
249,58
250,90
251,106
252,41
253,96
254,175
255,123
256,154
257,135
258,217
259,288
260,71
261,139
262,168
263,121
264,95
265,284
266,99
267,210
268,236
269,236
270,242
271,248
272,147
273,76
274,176
275,226
276,141
277,226
278,21
279,203
280,74
281,228
282,157
283,268
284,84
285,89
286,245
287,128
288,124
289,182
290,128
291,168
292,264
293,123
294,180
295,128
296,238
297,37
298,725
299,117
300,92
301,201
302,100
303,91
304,210
305,21
306,37
307,74
308,80
309,101
310,145
311,186
312,50
313,250
314,65
315,67
316,101
317,149
318,228
319,123
320,72
321,229
322,95
323,107
324,91
325,217
326,164
327,32
328,298
329,291
330,285
331,20
332,119
333,65
334,61
335,203
336,152
337,239
338,145
339,37
340,144
341,144
342,116
343,170
344,206
345,61
346,114
347,207
348,187
349,235
350,188
351,114
352,108
353,150
354,114
355,254
356,207
357,81
358,137
359,140
360,293
361,309
362,124
363,136
364,79
365,236
366,251
367,273
368,83
369,230
370,110
371,83
372,251
373,183
374,145
375,37
376,131
377,156
378,215
379,71
380,55
381,52
382,227
383,96
384,232
385,288
386,34
387,83
388,152
389,77
390,145
391,69
392,251
393,177
394,241
395,78
396,61
397,277
398,272
399,153
400,99
401,123
402,110
403,57
404,110
405,281
406,36
407,175
408,231
409,82
410,74
411,167
412,178
413,200
414,48
415,223
416,264
417,309
418,92
419,80
420,272
421,117
422,302
423,168
424,88
425,153
426,111
427,60
428,126
429,87
430,101
431,76
432,236
433,108
434,133
435,110
436,249
437,111
438,39
439,46
440,272
441,71
442,242
443,657
444,51
445,311
446,64
447,49
448,167
449,218
450,260
451,187
452,289
453,222
454,100
455,36
456,22
457,206
458,141
459,86
460,266
461,149
462,24
463,138
464,124
465,571
466,236
467,79
468,36
469,267
470,157
471,25
472,134
473,138
474,207
475,22
476,268
477,269
478,264
479,196
480,279
481,237
482,86
483,86
484,41
485,292
486,216
487,158
488,209
489,254
490,300
491,227
492,100
493,97
494,61
495,72
496,289
497,236
498,272
499,186
500,280
501,128
502,84
503,234
504,201
505,241
506,35
507,212
508,230
509,215
510,108
511,144
512,227
513,150
514,296
515,206
516,186
517,158
518,36
519,95
520,97
521,58
522,123
523,95
524,66
525,95
526,297
527,59
528,36
529,236
530,77
531,141
532,172
533,114
534,164
535,156
536,115
537,198
538,158
539,83
540,264
541,17
542,221
543,268
544,83
545,180
546,107
547,269
548,123
549,166
550,158
551,108
552,125
553,89
554,63
555,166
556,243
557,168
558,149
559,124
560,297
561,101
562,133
563,80
564,264
565,211
566,83
567,105
568,167
569,152
570,188
571,28
572,193
573,25
574,155
575,182
576,166
577,88
578,273
579,150
580,198
581,190
582,195
583,95
584,137
585,42
586,91
587,195
588,128
589,195
590,60
591,226
592,72
593,526
594,170
595,123
596,108
597,139
598,60
599,95
600,234
601,269
602,239
603,254
604,264
605,78
606,264
607,125
608,88
609,59
610,233
611,153
612,104
613,210
614,95
615,223
616,195
617,261
618,146
619,221
620,238
621,266
622,114
623,66
624,268
625,150
626,136
627,120
628,217
629,75
630,224
631,30
632,185
633,155
634,173
635,264
636,163
637,172
638,44
639,82
640,150
641,131
642,208
643,145
644,238
645,26
646,165
647,142
648,240
649,135
650,64
651,149
652,241
653,115
654,124
655,82
656,104
657,161
658,246
659,238
660,59
661,72
662,258
663,22
664,61
665,149
666,128
667,231
668,135
669,195
670,102
671,286
672,60
673,124
674,101
675,229
676,241
677,34
678,152
679,121
680,79
681,72
682,181
683,31
684,217
685,25
686,245
687,128
688,145
689,277
690,148
691,251
692,131
693,213
694,179
695,229
696,130
697,183
698,247
699,263
700,134
701,16
702,242
703,71
704,88
705,101
706,20
707,59
708,149
709,122
710,159
711,64
712,66
713,152
714,240
715,117
716,74
717,143
718,143
719,286
720,122
721,150
722,267
723,233
724,273
725,95
726,170
727,202
728,88
729,182
730,202
731,192
732,61
733,104
734,169
735,224
736,176
737,238
738,63
739,119
740,185
741,82
742,45
743,218
744,152
745,161
746,221
747,149
748,148
749,243
750,98
751,146
752,107
753,230
754,243
755,156
756,94
757,229
758,280
759,35
760,170
761,185
762,208
763,214
764,91
765,129
766,261
767,108
768,134
769,149
770,211
771,150
772,96
773,97
774,94
775,211
776,280
777,183
778,248
779,267
780,17
781,261
782,268
783,218
784,217
785,65
786,123
787,66
788,240
789,191
790,85
791,226
792,256
793,258
794,87
795,325
796,124
797,183
798,230
799,71
800,544
801,213
802,117
803,87
804,115
805,218
806,56
807,88
808,110
809,186
810,107
811,210
812,156
813,150
814,544
815,274
816,30
817,72
818,108
819,293
820,301
821,248
822,87
823,72
824,89
825,111
826,185
827,84
828,71
829,156
830,230
831,73
832,114
833,544
834,296
835,230
836,272
837,115
838,725
839,71
840,182
841,219
842,228
843,209
844,128
845,128
846,201
847,301
848,105
849,110
850,123
851,288
852,137
853,251
854,238
855,96
856,205
857,142
858,146
859,103
860,82
861,195
862,186
863,230
864,206
865,51
866,253
867,136
868,49
869,169
870,242
871,77
872,71
873,273
874,242
875,282
876,99
877,284
878,242
879,182
880,251
881,268
882,56
883,133
884,258
885,604
886,36
887,199
888,97
889,226
890,79
891,248
892,150
893,58
894,62
895,243
896,107
897,128
898,235
899,153
900,238
901,277
902,71
903,51
904,205
905,141
906,228
907,33
908,68
909,239
910,261
911,77
912,242
913,181
914,38
915,94
916,112
917,268
918,18
919,292
920,172
921,306
922,238
923,78
924,167
925,130
926,67
927,150
928,124
929,124
930,252
931,141
932,34
933,30
934,119
935,116
936,51
937,203
938,97
939,275
940,134
941,130
942,240
943,16
944,272
945,72
946,208
947,234
948,43
949,105
950,128
951,191
952,124
953,128
954,188
955,69
956,102
957,250
958,252
959,261
960,257
961,191
962,311
963,196
964,268
965,188
966,103
967,292
968,58
969,87
970,64
971,69
972,131
973,85
974,140
975,77
976,155
977,72
978,226
979,176
980,159
981,81
982,102
983,222
984,124
985,122
986,245
987,267
988,264
989,149
990,117
991,227
992,149
993,269
994,171
995,273
996,199
997,107
998,217
999,96
1000,181
1001,153
1002,71
1003,173
1004,97
1005,117
1006,65
1007,137
1008,65
1009,83
1010,140
1011,130
1012,92
1013,156
1014,181
1015,229
1016,91
1017,78
1018,29
1019,272
1020,41
1021,229
1022,252
1023,244
1024,83
1025,158
1026,242
1027,38
1028,195
1029,214
1030,59
1031,220
1032,52
1033,49
1034,85
1035,117
1036,115
1037,131
1038,164
1039,37
1040,196
1041,66
1042,80
1043,167
1044,98
1045,108
1046,232
1047,88
1048,264
1049,233
1050,272
1051,207
1052,215
1053,146
1054,201
1055,44
1056,604
1057,87
1058,158
1059,27
1060,317
1061,153
1062,171
1063,203
1064,127
1065,155
1066,196
1067,220
1068,124
1069,156
1070,195
1071,48
1072,128
1073,34
1074,152
1075,214
1076,210
1077,27
1078,105
1079,155
1080,77
1081,111
1082,162
1083,92
1084,91
1085,235
1086,284
1087,242
1088,124
1089,161
1090,30
1091,237
1092,52
1093,107
1094,27
1095,169
1096,234
1097,253
1098,156
1099,93
1100,111
1101,51
1102,300
1103,128
1104,108
1105,304
1106,53
1107,245
1108,233
1109,174
1110,210
1111,220
1112,309
1113,181
1114,249
1115,215
1116,201
1117,243
1118,229
1119,156
1120,25
1121,65
1122,208
1123,86
1124,205
1125,150
1126,223
1127,19
1128,284
1129,197
1130,205
1131,27
1132,210
1133,202
1134,95
1135,270
1136,25
1137,189
1138,52
1139,199
1140,231
1141,115
1142,109
1143,212
1144,114
1145,181
1146,238
1147,291
1148,76
1149,193
1150,234
1151,48
1152,39
1153,246
1154,69
1155,204
1156,284
1157,91
1158,243
1159,75
1160,241
1161,203
1162,146
1163,104
1164,264
1165,156
1166,172
1167,104
1168,247
1169,78
1170,72
1171,284
1172,120
1173,235
1174,95
1175,146
1176,239
1177,154
1178,285
1179,94
1180,70
1181,268
1182,88
1183,157
1184,213
1185,24
1186,117
1187,78
1188,79
1189,32
1190,117
1191,226
1192,66
1193,141
1194,98
1195,252
1196,198
1197,61
1198,187
1199,156
1200,145
1201,152
1202,171
1203,181
1204,110
1205,128
1206,95
1207,197
1208,176
1209,48
1210,280
1211,72
1212,110
1213,128
1214,230
1215,284
1216,153
1217,243
1218,212
1219,188
1220,194
1221,58
1222,212
1223,237
1224,182
1225,131
1226,161
1227,260
1228,179
1229,61
1230,120
1231,243
1232,21
1233,208
1234,182
1235,115
1236,254
1237,269
1238,124
1239,96
1240,265
1241,67
1242,210
1243,179
1244,222
1245,250
1246,230
1247,325
1248,157
1249,62
1250,59
1251,76
1252,119
1253,198
1254,104
1255,129
1256,188
1257,59
1258,155
1259,115
1260,118
1261,219
1262,124
1263,248
1264,68
1265,242
1266,256
1267,66
1268,221
1269,159
1270,136
1271,170
1272,41
1273,208
1274,252
1275,218
1276,83
1277,190
1278,145
1279,136
1280,145
1281,116
1282,249
1283,49
1284,122
1285,116
1286,96
1287,236
1288,41
1289,544
1290,63
1291,154
1292,215
1293,181
1294,116
1295,267
1296,229
1297,152
1298,136
1299,222
1300,147
1301,277
1302,143
1303,210
1304,148
1305,182
1306,56
1307,120
1308,159
1309,52
1310,181
1311,83
1312,273
1313,133
1314,93
1315,232
1316,213
1317,124
1318,571
1319,215
1320,152
1321,335
1322,217
1323,183
1324,119
1325,335
1326,183
1327,188
1328,282
1329,67
1330,273
1331,172
1332,230
1333,141
1334,108
1335,25
1336,110
1337,220
1338,200
1339,50
1340,49
1341,115
1342,66
1343,204
1344,56
1345,84
1346,291
1347,1324
1348,157
1349,194
1350,51
1351,181
1352,27
1353,272
1354,209
1355,284
1356,293
1357,52
1358,239
1359,93
1360,77
1361,144
1362,27
1363,243
1364,293
1365,75
1366,64
1367,16
1368,221
1369,116
1370,124
1371,34
1372,220
1373,110
1374,118
1375,27
1376,109
1377,133
1378,62
1379,90
1380,199
1381,106
1382,242
1383,97
1384,136
1385,182
1386,37
1387,56
1388,65
1389,280
1390,57
1391,199
1392,91
1393,277
1394,152
1395,108
1396,132
1397,152
1398,146
1399,137
1400,159
1401,272
1402,164
1403,37
1404,183
1405,239
1406,110
1407,59
1408,201
1409,167
1410,49
1411,218
1412,82
1413,218
1414,159
1415,123
1416,268
1417,99
1418,103
1419,198
1420,170
1421,260
1422,24
1423,77
1424,115
1425,196
1426,52
1427,111
1428,221
1429,284
1430,158
1431,102
1432,83
1433,227
1434,101
1435,119
1436,137
1437,77
1438,277
1439,229
1440,101
1441,31
1442,101
1443,109
1444,480
1445,219
1446,178
1447,87
1448,115
1449,252
1450,129
1451,129
1452,139
1453,56
1454,335
1455,135
1456,85
1457,118
1458,230
1459,72
1460,181
1461,140
1462,124
1463,48
1464,269
1465,179
1466,212
1467,228
1468,268
1469,59
1470,86
1471,146
1472,229
1473,105
1474,220
1475,42
1476,156
1477,191
1478,164
1479,123
1480,254
1481,105
1482,35
1483,91
1484,179
1485,56
1486,167
1487,243
1488,80
1489,153
1490,99
1491,242
1492,65
1493,158
1494,135
1495,131
1496,98
1497,134
1498,77
1499,29
1500,164
1501,169
1502,87
1503,189
1504,548
1505,196
1506,161
1507,61
1508,179
1509,36
1510,81
1511,167
1512,124
1513,203
1514,235
1515,250
1516,91
1517,116
1518,136
1519,91
1520,99
1521,239
1522,127
1523,150
1524,124
1525,36
1526,230
1527,123
1528,129
1529,275
1530,152
1531,262
1532,264
1533,176
1534,105
1535,31
1536,254
1537,166
1538,238
1539,65
1540,211
1541,225
1542,188
1543,200
1544,230
1545,133
1546,95
1547,249
1548,258
1549,63
1550,116
1551,221
1552,196
1553,145
1554,226
1555,189
1556,202
1557,156
1558,242
1559,61
1560,238
1561,179
1562,243
1563,91
1564,284
1565,78
1566,223
1567,192
1568,167
1569,149
1570,137
1571,117
1572,98
1573,76
1574,211
1575,78
1576,76
1577,243
1578,232
1579,269
1580,227
1581,80
1582,544
1583,119
1584,234
1585,286
1586,274
1587,239
1588,268
1589,240
1590,243
1591,87
1592,219
1593,48
1594,111
1595,79
1596,140
1597,179
1598,264
1599,162
1600,68
1601,103
1602,49
1603,180
1604,124
1605,229
1606,223
1607,136
1608,282
1609,109
1610,280
1611,115
1612,145
1613,76
1614,221
1615,119
1616,78
1617,177
1618,78
1619,202
1620,74
1621,210
1622,49
1623,145
1624,234
1625,122
1626,206
1627,121
1628,20
1629,37
1630,190
1631,280
1632,242
1633,120
1634,239
1635,151
1636,191
1637,245
1638,226
1639,225
1640,75
1641,75
1642,243
1643,160
1644,80
1645,75
1646,246
1647,67
1648,218
1649,236
1650,90
1651,224
1652,77
1653,77
1654,34
1655,162
1656,269
1657,61
1658,122
1659,114
1660,82
1661,106
1662,161
1663,246
1664,268
1665,67
1666,78
1667,262
1668,62
1669,161
1670,222
1671,252
1672,196
1673,78
1674,91
1675,134
1676,74
1677,309
1678,119
1679,280
1680,87
1681,75
1682,249
1683,73
1684,231
1685,230
1686,238
1687,156
1688,161
1689,222
1690,42
1691,162
1692,86
1693,122
1694,188
1695,85
1696,27
1697,50
1698,188
1699,187
1700,88
1701,225
1702,38
1703,188
1704,294
1705,8
1706,161
1707,187
1708,150
1709,145
1710,108
1711,288
1712,210
1713,207
1714,202
1715,99
1716,74
1717,149
1718,128
1719,74
1720,20
1721,119
1722,152
1723,181
1724,226
1725,268
1726,186
1727,274
1728,70
1729,96
1730,110
1731,120
1732,35
1733,153
1734,254
1735,181
1736,161
1737,120
1738,50
1739,128
1740,264
1741,323
1742,253
1743,280
1744,205
1745,239
1746,115
1747,66
1748,238
1749,285
1750,218
1751,187
1752,135
1753,116
1754,196
1755,33
1756,229
1757,147
1758,231
1759,220
1760,175
1761,111
1762,153
1763,153
1764,143
1765,102
1766,155
1767,210
1768,325
1769,153
1770,186
1771,571
1772,215
1773,124
1774,272
1775,128
1776,301
1777,140
1778,144
1779,153
1780,246
1781,33
1782,407
1783,36
1784,206
1785,157
1786,78
1787,98
1788,152
1789,225
1790,241
1791,272
1792,65
1793,228
1794,287
1795,130
1796,169
1797,247
1798,141
1799,141
1800,196
1801,129
1802,248
1803,59
1804,120
1805,206
1806,95
1807,162
1808,24
1809,59
1810,239
1811,87
1812,146
1813,50
1814,91
1815,94
1816,190
1817,59
1818,284
1819,71
1820,65
1821,248
1822,300
1823,147
1824,56
1825,49
1826,224
1827,210
1828,309
1829,59
1830,74
1831,220
1832,82
1833,243
1834,56
1835,117
1836,261
1837,192
1838,274
1839,149
1840,173
1841,272
1842,72
1843,107
1844,167
1845,254
1846,183
1847,91
1848,53
1849,243
1850,243
1851,66
1852,95
1853,167
1854,725
1855,123
1856,212
1857,148
1858,62
1859,89
1860,293
1861,208
1862,105
1863,188
1864,254
1865,150
1866,548
1867,212
1868,57
1869,78
1870,229
1871,91
1872,51
1873,238
1874,189
1875,266
1876,75
1877,269
1878,230
1879,99
1880,256
1881,187
1882,198
1883,119
1884,253
1885,110
1886,147
1887,268
1888,232
1889,137
1890,261
1891,188
1892,162
1893,288
1894,59
1895,149
1896,268
1897,288
1898,53
1899,156
1900,194
1901,212
1902,128
1903,183
1904,231
1905,80
1906,188
1907,149
1908,137
1909,215
1910,78
1911,46
1912,80
1913,168
1914,170
1915,235
1916,75
1917,116
1918,150
1919,229
1920,234
1921,234
1922,83
1923,150
1924,281
1925,162
1926,229
1927,287
1928,80
1929,248
1930,258
1931,102
1932,122
1933,204
1934,91
1935,153
1936,222
1937,232
1938,138
1939,297
1940,65
1941,260
1942,112
1943,32
1944,166
1945,140
1946,144
1947,145
1948,22
1949,232
1950,55
1951,204
1952,197
1953,162
1954,137
1955,214
1956,171
1957,130
1958,243
