0,2240752
1,19334377
2,526145
3,1583121
4,594684
5,17807397
6,1490987
7,8438670
8,2441723
9,137351056
10,1287878
11,24872980
12,993128
13,290108
14,7734960
15,7734960
16,2990115
17,774896
18,9730494
19,833448
20,245733
21,635951
22,2240752
23,2240752
24,18555109
25,14303318
26,833448
27,464625
28,
29,261519
30,87105
31,2708617
32,145364
33,421529
34,301455
35,198273
36,457942
37,73230
38,1961403
39,1214692
40,131561
41,14188
42,134472
43,2877915
44,21071
45,2441723
46,6528225
47,145114464
48,499660
49,6278901
50,17807397
51,58924275
52,216567
53,154281
54,35169223
55,6528225
56,58247291
57,2440118
58,22004229
59,58924275
60,9730494
61,134418
62,2727638
63,7610742
64,1634767
65,3809615
66,6528225
67,303816
68,7734960
69,72012
70,74013
71,237489
72,23996936
73,96340863
74,3260621
75,1132221
76,1892566
77,5744117
78,96339072
79,594684
80,28385884
81,3707120
82,9730494
83,761729
84,2877915
85,927388
86,25344802
87,1997882
88,23817
89,8593016
90,8136063
91,5337
92,790337
93,33668915
94,349593
95,6821013
96,208934
97,58247291
98,579432
99,3423459
100,219971
101,4404360
102,4786778
103,327059582
104,434643
105,66165427
106,2114178
107,383197
108,1572014
109,227897
110,9730494
111,3009148
112,196947
113,960571
114,3423459
115,676712
116,19334377
117,3448426
118,64986
119,20139
120,938630
121,1294491
122,2877915
123,25344802
124,2450411
125,2212399
126,885832
127,3009148
128,109174
129,8531715
130,137351056
131,15637
132,132030717
133,365901
134,202604
135,253507
136,1082103
137,47896
138,2309219
139,81013
140,2727638
141,10187176
142,58924275
143,9730494
144,1524483
145,123153
146,116742
147,495993
148,6230693
149,190688
150,2886
151,2604594
152,4355470
153,2727638
154,3260621
155,261519
156,64714
157,1845400
158,1587094
159,191509
160,429759
161,101775
162,10598679
163,3787635
164,58924275
165,35169223
166,23817
167,8438670
168,395972
169,33668915
170,837087
171,28385884
172,2718756
173,9730494
174,131561
175,834207
176,2727638
177,703268
178,9730494
179,428822
180,128694
181,9730494
182,103687075
183,68667
184,437432
185,948821
186,9730494
187,66506589
188,177466560
189,261310
190,58083
191,1868920
192,2450411
193,1540409
194,219971
195,96339072
196,151920
197,6230693
198,1769666
199,457774
200,1142122
201,10187176
202,9730494
203,414109
204,482546
205,28385884
206,6656488
207,30516
208,18555109
209,8531715
210,25344802
211,3132142
212,137351463
213,10187176
214,2265525
215,482546
216,7734960
217,148529
218,150403
219,7610742
220,49911474
221,597905
222,1294491
223,3009148
224,209440
225,131561
226,371175
227,16703
228,2727638
229,6304159
230,23996936
231,113946
232,33668915
233,21649648
234,4619961
235,2727638
236,681622
237,5900505
238,58924275
239,1659205
240,2265525
241,4335510
242,9730494
243,1997882
244,1540409
245,136917
246,9730494
247,24258
248,21375230
249,7734960
250,2727638
251,883504
252,863026
253,4115309
254,1490987
255,4853159
256,72012
257,2296750
258,4355470
259,6528225
260,6528225
261,49911474
262,94335
263,4115309
264,765664
265,7091598
266,395972
267,9730494
268,1789444
269,21071
270,9346
271,422089
272,7610742
273,8438670
274,101775
275,363537
276,61074
277,837302
278,58924275
279,13574505
280,6528225
281,8593016
282,2737945
283,63592770
284,599463
285,54997184
286,76665
287,10187176
288,681622
289,51233351
290,10187176
291,326286
292,2473285
293,4853159
294,24062
295,10187176
296,785826
297,4451047
298,1995497
299,499660
300,17807397
301,514937
302,1634767
303,23907
304,10922439
305,58924275
306,2727638
307,6528225
308,23907
309,833448
310,1392697
311,3009148
312,2727638
313,1548122
314,108916
315,2727638
316,7078968
317,15419638
318,10187176
319,23996936
320,1130675
321,1132221
322,765664
323,514937
324,9730494
325,577824
326,805759
327,7734960
328,464549
329,1599106
330,1351478
331,14303318
332,28385884
333,306761
334,993128
335,201320
336,80752
337,33668915
338,1392697
339,148529
340,113946
341,113946
342,3423459
343,8438670
344,93480
345,993128
346,459404
347,9730494
348,154281
349,183691
350,468028
351,819301
352,1988092
353,9730494
354,5226334
355,1884382
356,2450411
357,434643
358,9730494
359,34317525
360,1490987
361,34317525
362,17570793
363,14183
364,9671441
365,2727638
366,136917
367,251559
368,3423459
369,837087
370,43263
371,1997833
372,143730
373,129238
374,296892
375,2727638
376,9730494
377,6821013
378,676712
379,56697
380,1597606
381,14303318
382,412485
383,790337
384,3127895
385,4853159
386,1287878
387,8136063
388,1185650
389,2479627
390,1392697
391,385861
392,837302
393,6528225
394,1448363
395,993128
396,993128
397,115789
398,3260621
399,51233351
400,28801096
401,3332222
402,23996936
403,6528225
404,25984
405,990604
406,3121441
407,23996936
408,93821039
409,1659205
410,82116
411,454791
412,2296750
413,3809615
414,11545
415,41389
416,158397
417,34317525
418,261489
419,42910278
420,3260621
421,93821039
422,47024504
423,94335
424,74013
425,2385859
426,395856
427,66165427
428,1141023
429,420483
430,833448
431,1197025
432,2727638
433,7734960
434,2103943
435,43263
436,3009148
437,395856
438,54997184
439,18555109
440,3260621
441,6528225
442,7610742
443,166659
444,15637
445,
446,567700
447,13574505
448,454791
449,306761
450,3260621
451,12304
452,1125685
453,210862
454,1634767
455,17638006
456,303816
457,49911474
458,30033991
459,7610742
460,1294491
461,15419638
462,62832
463,34042379
464,17570793
465,1866681
466,2727638
467,9671441
468,17638006
469,1596472
470,78423
471,2240752
472,281907
473,509327
474,2450411
475,303816
476,3191237
477,2265525
478,1770991
479,457774
480,14303318
481,137351056
482,2471059
483,9730494
484,863026
485,1929422
486,11249696
487,5900505
488,33668915
489,3260621
490,9172795
491,2496076
492,4205549
493,7078968
494,6304159
495,18555109
496,1125685
497,2727638
498,1439563
499,833448
500,1599106
501,1333
502,3127895
503,219971
504,4159
505,4619961
506,4785543
507,15458
508,837087
509,3717867
510,1988092
511,113946
512,6086887
513,27414136
514,3132142
515,13574505
516,833448
517,1097820
518,4451047
519,10598679
520,142272
521,7734960
522,4853159
523,10598679
524,3580709
525,295820
526,532064951
527,728671
528,13232892
529,2727638
530,2479627
531,61074
532,1961501
533,459404
534,805759
535,690335
536,1572014
537,65977
538,5900505
539,133101
540,96340863
541,2727638
542,6390103
543,3191237
544,1997833
545,105803
546,58924275
547,2265525
548,1597606
549,9730494
550,349593
551,7734960
552,6429137
553,5235375
554,58924275
555,457942
556,204600
557,326286
558,15419638
559,17203974
560,532064951
561,833448
562,3009814
563,383197
564,96340863
565,1185650
566,133101
567,3708406
568,198800
569,1185650
570,103687075
571,187298
572,1590535
573,2240752
574,369833
575,51233351
576,9730494
577,6528225
578,9730494
579,9730494
580,1032184
581,205582
582,1997882
583,177466560
584,672192
585,579432
586,96339072
587,8438670
588,2021290
589,1997882
590,19824361
591,837302
592,440173
593,9258033
594,1242065
595,31842
596,7734960
597,825924
598,2708617
599,10598679
600,74648
601,356851
602,11323502
603,109174
604,96340863
605,19824361
606,96340863
607,204518
608,117085
609,67644
610,1978637
611,51233351
612,28385884
613,123153
614,10598679
615,69798242
616,8438670
617,28720
618,1845400
619,31003998
620,718672
621,66670
622,4549231
623,96339072
624,3191237
625,762684
626,17570793
627,4451047
628,577824
629,1131711
630,7734960
631,254042
632,33668915
633,369833
634,1219774
635,158397
636,132030717
637,316928
638,
639,47733
640,2877915
641,904446
642,237723
643,296892
644,61851
645,7723897
646,1159817
647,172315
648,81013
649,2296750
650,68849
651,15419638
652,327059582
653,132030717
654,61770
655,166391
656,35121095
657,703268
658,288643
659,3009148
660,4265
661,25344802
662,8815803
663,546615
664,1411
665,15419638
666,724187
667,2990115
668,2296750
669,23996936
670,2212399
671,39185
672,5659207
673,17203974
674,179807
675,1132221
676,145114464
677,58924275
678,1185650
679,8136063
680,17807397
681,143281597
682,1583121
683,157801
684,577824
685,2240752
686,76665
687,1333
688,30750093
689,166510
690,9268487
691,837302
692,9730494
693,262385
694,988421
695,4169941
696,119481
697,1868920
698,123436
699,4786778
700,1120322
701,909257
702,81061
703,948821
704,177466560
705,532064951
706,2440118
707,3787635
708,15419638
709,1439563
710,25344802
711,1395625
712,2964919
713,203483
714,153691
715,3580709
716,82116
717,3055550
718,204482
719,809276
720,3320936
721,2877915
722,216567
723,2852
724,9730494
725,73230
726,4088060
727,21422277
728,157039
729,5744117
730,21422277
731,3711546
732,56061335
733,22004229
734,160687
735,7734960
736,101775
737,16900883
738,18555109
739,28385884
740,31402902
741,1659205
742,18555109
743,3448426
744,203483
745,703268
746,18096298
747,9730494
748,5226334
749,1884382
750,2810327
751,876750
752,414109
753,806385
754,204600
755,9125
756,30148
757,1132221
758,11323502
759,1356348
760,1242065
761,8198852
762,21422277
763,145114464
764,9730494
765,23996936
766,72598923
767,2034597
768,3423459
769,15419638
770,806385
771,2877915
772,790337
773,142272
774,58924275
775,1980863
776,11323502
777,106331
778,10187176
779,345661
780,2727638
781,5230507
782,917364
783,7297552
784,10748512
785,270247
786,143418
787,1542551
788,51233351
789,3932137
790,1231117
791,363537
792,538233
793,189024
794,4205549
795,632089
796,64410
797,106331
798,806385
799,6528225
800,1995497
801,262385
802,987323
803,420483
804,1572014
805,3448426
806,286420
807,406937
808,128580
809,833448
810,414109
811,3580699
812,1892566
813,27414136
814,1995497
815,3015055
816,254042
817,9741944
818,7734960
819,236505
820,2520110
821,10187176
822,4205549
823,1130675
824,5235375
825,2727638
826,31402902
827,301455
828,6528225
829,6821013
830,1170462
831,521061
832,4549231
833,1995497
834,3132142
835,837087
836,3260621
837,132030717
838,1995497
839,6528225
840,1328650
841,129047
842,10187176
843,33668915
844,10187176
845,10187176
846,6230693
847,2520110
848,561971
849,128580
850,23996936
851,21375230
852,23996936
853,237489
854,659417
855,790337
856,169752
857,172315
858,1845400
859,2708617
860,166391
861,8438670
862,4137683
863,806385
864,707816
865,15637
866,5128314
867,14183
868,35121095
869,1008831
870,819301
871,12283
872,6528225
873,9730494
874,7610742
875,1439563
876,15038
877,137351463
878,137351056
879,51233351
880,837302
881,917364
882,177466560
883,342451
884,8815803
885,19959
886,199776
887,4639419
888,142272
889,837302
890,58924275
891,10187176
892,6528225
893,8136063
894,143608
895,819132
896,103687075
897,5759140
898,183691
899,1151767
900,72598923
901,7297552
902,6528225
903,15637
904,2708617
905,61074
906,8593016
907,9435795
908,856475
909,33668915
910,1584863
911,12283
912,7610742
913,128694
914,8438670
915,30148
916,862415
917,917364
918,18555109
919,1929422
920,33668915
921,408703
922,718672
923,993128
924,454791
925,113734
926,2727638
927,27414136
928,681622
929,834207
930,14303318
931,61074
932,1883991
933,254042
934,28385884
935,8593016
936,15637
937,21649648
938,142272
939,23996936
940,281907
941,214740
942,528330
943,909257
944,3260621
945,9741944
946,21422277
947,6821013
948,1080160
949,3708406
950,2708617
951,3932137
952,264209
953,2708617
954,468028
955,28385884
956,1439563
957,2535888
958,6528225
959,9268487
960,11249696
961,3932137
962,
963,132030717
964,3191237
965,9730494
966,2226671
967,1929422
968,912212
969,420483
970,4003718
971,4003718
972,713396
973,253507
974,1440447
975,12283
976,369833
977,2114178
978,363537
979,366901
980,1583121
981,434643
982,429759
983,272988
984,61770
985,6304159
986,76665
987,216567
988,96340863
989,8351520
990,73904
991,1294491
992,15419638
993,2042428
994,142272
995,137351463
996,4639419
997,414109
998,4355470
999,1798869
1000,385220
1001,51233351
1002,6528225
1003,9495
1004,10629188
1005,987323
1006,270247
1007,9730494
1008,270247
1009,28385884
1010,1123446
1011,119481
1012,18073
1013,1892566
1014,385220
1015,577824
1016,96339072
1017,2666
1018,5705696
1019,1439563
1020,22357255
1021,1132221
1022,2062585
1023,14303318
1024,948821
1025,1097820
1026,7610742
1027,96554
1028,23996936
1029,1607761
1030,4265
1031,312384
1032,61564
1033,35121095
1034,495993
1035,3580709
1036,132030717
1037,713396
1038,1003770
1039,2727638
1040,132030717
1041,1542551
1042,23907
1043,913688
1044,6086887
1045,654542
1046,9268487
1047,2746286
1048,96340863
1049,1966155
1050,1439563
1051,2450411
1052,1242065
1053,6983
1054,6230693
1055,51300
1056,19959
1057,565112
1058,28385884
1059,61124
1060,40427370
1061,51233351
1062,63180
1063,137351463
1064,2810327
1065,19803208
1066,457774
1067,33668915
1068,61770
1069,2309219
1070,8438670
1071,11545
1072,196947
1073,7078968
1074,203483
1075,341782
1076,3580699
1077,5860478
1078,137351463
1079,369833
1080,4380136
1081,211995
1082,526145
1083,949840
1084,404139
1085,183691
1086,5611141
1087,9346
1088,550820
1089,703268
1090,633397
1091,261310
1092,61564
1093,58924275
1094,5860478
1095,529934
1096,6821013
1097,285815
1098,9125
1099,199263
1100,376555
1101,15637
1102,9172795
1103,2708617
1104,7734960
1105,16900883
1106,594684
1107,365901
1108,3303322
1109,4204947
1110,3009148
1111,1295480
1112,34317525
1113,4619961
1114,3009814
1115,4619961
1116,927388
1117,117377
1118,577824
1119,9125
1120,2240752
1121,20850
1122,129047
1123,19824361
1124,2657942
1125,2877915
1126,247398
1127,327059582
1128,9608
1129,6528225
1130,169752
1131,58924275
1132,101174
1133,21422277
1134,73230
1135,6528225
1136,2240752
1137,8531715
1138,7734960
1139,1980863
1140,1427221
1141,1587094
1142,23996936
1143,184081
1144,23996936
1145,21422277
1146,61851
1147,326221
1148,1197025
1149,2877915
1150,74648
1151,54997184
1152,4451047
1153,288643
1154,28385884
1155,116742
1156,9608
1157,96339072
1158,819132
1159,136852
1160,58247291
1161,137351463
1162,33668915
1163,28385884
1164,96340863
1165,892069
1166,1961501
1167,28385884
1168,123436
1169,724983
1170,1130675
1171,5611141
1172,6230693
1173,1634767
1174,177466560
1175,6528225
1176,19334377
1177,114409
1178,1351478
1179,3055550
1180,1823812
1181,3191237
1182,348760
1183,78423
1184,2899020
1185,96339072
1186,4169941
1187,724983
1188,9671441
1189,4451047
1190,73904
1191,363537
1192,18555109
1193,61074
1194,2810327
1195,14303318
1196,65977
1197,56061335
1198,561550
1199,103687075
1200,296892
1201,47896
1202,2613061
1203,128694
1204,1961501
1205,4355470
1206,73230
1207,8531715
1208,366901
1209,11545
1210,40562982
1211,440173
1212,1961501
1213,2708617
1214,209440
1215,9608
1216,51233351
1217,23996936
1218,1769666
1219,468028
1220,12732078
1221,7734960
1222,1769666
1223,64986
1224,51233351
1225,904446
1226,6086887
1227,3522129
1228,51233351
1229,56061335
1230,6230693
1231,819132
1232,18555109
1233,129047
1234,51233351
1235,132030717
1236,8351520
1237,526145
1238,681622
1239,790337
1240,2657942
1241,17807397
1242,28385884
1243,58247291
1244,124320
1245,2535888
1246,209440
1247,632089
1248,78423
1249,9435795
1250,3787635
1251,121864
1252,2254145
1253,65977
1254,876750
1255,23996936
1256,190688
1257,35121095
1258,6086887
1259,3423459
1260,5759140
1261,129047
1262,17570793
1263,10187176
1264,2226671
1265,9346
1266,117377
1267,559937
1268,17570793
1269,795448
1270,17570793
1271,948821
1272,863026
1273,129047
1274,14303318
1275,5795728
1276,97580
1277,720917
1278,861691
1279,1205653
1280,861691
1281,157039
1282,3009814
1283,143281597
1284,2708617
1285,3423459
1286,4115309
1287,21071
1288,863026
1289,1995497
1290,10526650
1291,2657942
1292,4619961
1293,21422277
1294,157039
1295,1142122
1296,1132221
1297,1185650
1298,14183
1299,124320
1300,10922439
1301,115789
1302,204482
1303,9730494
1304,151662
1305,51233351
1306,532309
1307,4451047
1308,34042379
1309,285374
1310,51233351
1311,133101
1312,9730494
1313,173963
1314,199263
1315,21375230
1316,2899020
1317,550820
1318,1866681
1319,4619961
1320,1185650
1321,2018906
1322,172315
1323,106331
1324,16960185
1325,2018906
1326,1883991
1327,28385884
1328,978663
1329,17807397
1330,661449
1331,1961501
1332,2613061
1333,61074
1334,1988092
1335,22004229
1336,128580
1337,312384
1338,3809615
1339,9435795
1340,35121095
1341,132030717
1342,143281597
1343,17807397
1344,321030
1345,301455
1346,1599106
1347,5128314
1348,78423
1349,8853749
1350,15637
1351,84643
1352,5860478
1353,3260621
1354,7371
1355,532064951
1356,8198852
1357,193890
1358,59370
1359,165433
1360,2479627
1361,10910681
1362,276112
1363,819132
1364,236505
1365,131561
1366,2727638
1367,909257
1368,6390103
1369,6528225
1370,64410
1371,1883991
1372,33668915
1373,23996936
1374,5759140
1375,5860478
1376,23996936
1377,173963
1378,2886
1379,1684058
1380,316431
1381,883504
1382,3529266
1383,10629188
1384,1205653
1385,567700
1386,2727638
1387,532309
1388,306761
1389,40562982
1390,676345
1391,4639419
1392,23907
1393,3754
1394,47896
1395,36744
1396,974779
1397,1185650
1398,876750
1399,1929422
1400,25344802
1401,1439563
1402,1003770
1403,148529
1404,371175
1405,154495
1406,23996936
1407,728671
1408,185391
1409,454791
1410,9730494
1411,3448426
1412,163541
1413,3448426
1414,25344802
1415,2520110
1416,917364
1417,8089106
1418,3191237
1419,17807397
1420,2450411
1421,1076433
1422,62832
1423,66165427
1424,23996936
1425,132030717
1426,28385884
1427,5860478
1428,6390103
1429,9608
1430,1287047
1431,2212399
1432,38092
1433,1294491
1434,532064951
1435,28385884
1436,697550
1437,2479627
1438,22265171
1439,4169941
1440,7078968
1441,157801
1442,833448
1443,54490
1444,14188
1445,177843
1446,1081950
1447,940986
1448,1587094
1449,14303318
1450,23996936
1451,28385884
1452,49911474
1453,193890
1454,2018906
1455,339898
1456,18096298
1457,5759140
1458,209440
1459,17807397
1460,720917
1461,1123446
1462,61770
1463,11545
1464,2265525
1465,145114464
1466,1219774
1467,635606
1468,3191237
1469,35121095
1470,19824361
1471,33668915
1472,1583121
1473,3708406
1474,33668915
1475,579432
1476,2309219
1477,294121
1478,237489
1479,31842
1480,293129
1481,3708406
1482,66165427
1483,2754398
1484,145114464
1485,177466560
1486,2825385
1487,117377
1488,644574
1489,51233351
1490,28385884
1491,10187176
1492,306761
1493,349593
1494,17585
1495,713396
1496,18555109
1497,1185650
1498,305585
1499,257757
1500,1003770
1501,10629188
1502,565112
1503,8531715
1504,3357110
1505,457774
1506,6086887
1507,4672690
1508,51233351
1509,8164779
1510,58924275
1511,198800
1512,264209
1513,13574505
1514,960571
1515,2535888
1516,23907
1517,2708617
1518,17570793
1519,404139
1520,15038
1521,154495
1522,960355
1523,2950939
1524,264209
1525,17638006
1526,837087
1527,31842
1528,23996936
1529,
1530,1185650
1531,1845400
1532,42536
1533,103687075
1534,1361036
1535,53547851
1536,109174
1537,457942
1538,785068
1539,20850
1540,23996936
1541,17570793
1542,28385884
1543,3809615
1544,837087
1545,2103943
1546,1966010
1547,3009814
1548,189024
1549,58924275
1550,8593016
1551,6390103
1552,132030717
1553,861691
1554,471568
1555,219858
1556,96340863
1557,1583121
1558,7610742
1559,993128
1560,10748512
1561,14789
1562,1884382
1563,96339072
1564,9608
1565,59096
1566,93821039
1567,7734960
1568,198800
1569,2657942
1570,12989
1571,93821039
1572,5860478
1573,1197025
1574,806385
1575,724983
1576,8438670
1577,169447
1578,9268487
1579,108789
1580,38812
1581,2737945
1582,1995497
1583,28385884
1584,74648
1585,56061335
1586,3015055
1587,33668915
1588,3191237
1589,1553768
1590,261519
1591,420483
1592,8198852
1593,54997184
1594,1627512
1595,17807397
1596,34317525
1597,58247291
1598,96340863
1599,526145
1600,2226671
1601,532064951
1602,72631213
1603,720917
1604,834207
1605,8198852
1606,247398
1607,49911474
1608,978663
1609,23996936
1610,40562982
1611,3423459
1612,861691
1613,85033
1614,8198852
1615,51233351
1616,1329755
1617,3055550
1618,1329755
1619,83828
1620,6528225
1621,1510010
1622,9730494
1623,208934
1624,124320
1625,54467
1626,96339072
1627,1540409
1628,49858736
1629,73839
1630,23817
1631,40562982
1632,7610742
1633,6230693
1634,59370
1635,638968
1636,3932137
1637,10983902
1638,363537
1639,17570793
1640,133101
1641,133101
1642,169447
1643,178211
1644,42910278
1645,1131711
1646,51233351
1647,3127895
1648,3448426
1649,1789444
1650,3932137
1651,2010658
1652,4380136
1653,66165427
1654,97278
1655,38376294
1656,16898156
1657,56061335
1658,1439563
1659,819301
1660,597905
1661,327059582
1662,6086887
1663,288643
1664,3191237
1665,103687075
1666,2450411
1667,1845400
1668,85740
1669,6086887
1670,272988
1671,2519061
1672,670766
1673,2450411
1674,404139
1675,1185650
1676,82116
1677,34317525
1678,33972
1679,40562982
1680,4205549
1681,2726936
1682,3009814
1683,35169223
1684,1427221
1685,209440
1686,659417
1687,9125
1688,6086887
1689,44603611
1690,5511364
1691,38376294
1692,19824361
1693,6230693
1694,7734960
1695,185919
1696,61124
1697,252105
1698,103687075
1699,88663
1700,157039
1701,1082103
1702,27616
1703,190688
1704,4853159
1705,890080
1706,978215
1707,863530
1708,27414136
1709,861691
1710,1988092
1711,21375230
1712,198273
1713,2519061
1714,96340863
1715,28801096
1716,117085
1717,290108
1718,119478
1719,6528225
1720,14303318
1721,215000
1722,203483
1723,84643
1724,363537
1725,63592770
1726,136993
1727,3015055
1728,327059582
1729,532064951
1730,1961501
1731,4451047
1732,10539635
1733,6009901
1734,1884382
1735,4619961
1736,978215
1737,4451047
1738,2727638
1739,10187176
1740,96340863
1741,228536
1742,5128314
1743,40562982
1744,2708617
1745,9730494
1746,985911
1747,559937
1748,659417
1749,1351478
1750,3448426
1751,863530
1752,339898
1753,265259
1754,457774
1755,2671859
1756,21649648
1757,720917
1758,2990115
1759,312384
1760,1490987
1761,330742
1762,6009901
1763,6009901
1764,1237098
1765,429759
1766,6086887
1767,3580699
1768,1367
1769,6009901
1770,833448
1771,1866681
1772,34042379
1773,681622
1774,1439563
1775,10187176
1776,2520110
1777,34317525
1778,978215
1779,6009901
1780,51233351
1781,9435795
1782,3357110
1783,17638006
1784,93480
1785,2737945
1786,275504
1787,18555109
1788,47896
1789,17570793
1790,4619961
1791,10187176
1792,270247
1793,8593016
1794,7078968
1795,113734
1796,10629188
1797,5128314
1798,875062
1799,4202678
1800,132030717
1801,28385884
1802,10187176
1803,4265
1804,6230693
1805,885832
1806,765664
1807,526145
1808,62832
1809,6342
1810,1534255
1811,565112
1812,319939
1813,9435795
1814,2757845
1815,58924275
1816,23817
1817,67644
1818,9608
1819,948821
1820,270247
1821,80315
1822,9172795
1823,720917
1824,145114464
1825,13574505
1826,713396
1827,3009148
1828,34317525
1829,67644
1830,6528225
1831,225199
1832,4451047
1833,1884382
1834,22004229
1835,137351463
1836,2473285
1837,7734960
1838,3015055
1839,15419638
1840,1219774
1841,1439563
1842,18555109
1843,414109
1844,2229954
1845,109174
1846,1868920
1847,96339072
1848,10232
1849,1884382
1850,117377
1851,559937
1852,73230
1853,2825385
1854,1995497
1855,3332222
1856,15458
1857,5226334
1858,93159
1859,54997184
1860,1490987
1861,7734960
1862,4333
1863,190688
1864,293129
1865,27414136
1866,3357110
1867,15458
1868,676345
1869,993128
1870,2746286
1871,58247291
1872,15637
1873,659417
1874,8531715
1875,265303
1876,131561
1877,2265525
1878,96340863
1879,8089106
1880,117377
1881,863530
1882,6009901
1883,51233351
1884,21375230
1885,1052147
1886,720917
1887,356851
1888,9268487
1889,12989
1890,1326405
1891,190688
1892,38376294
1893,21375230
1894,3787635
1895,290108
1896,356851
1897,21375230
1898,10232
1899,1583121
1900,3048641
1901,1219774
1902,1769666
1903,1599106
1904,6009901
1905,6528225
1906,190688
1907,290108
1908,33668915
1909,676712
1910,724983
1911,493876
1912,2737945
1913,110771
1914,8438670
1915,1634767
1916,2726936
1917,1340886
1918,134472
1919,1132221
1920,124320
1921,124320
1922,8136063
1923,191509
1924,990604
1925,526145
1926,577824
1927,7078968
1928,2737945
1929,10187176
1930,4070
1931,398276
1932,54467
1933,1558847
1934,23907
1935,51233351
1936,210862
1937,3127895
1938,322253
1939,532064951
1940,270247
1941,158240
1942,862415
1943,225199
1944,457942
1945,34317525
1946,10910681
1947,296892
1948,546615
1949,450611
1950,6528225
1951,446327
1952,3765787
1953,526145
1954,12989
1955,28385884
1956,111191
1957,113734
1958,9268487
