0,29.0
1,45.0
2,8.0
3,11.0
4,17.0
5,53.0
6,37.0
7,13.0
8,32.0
9,43.0
10,9.0
11,29.0
12,8.0
13,10.0
14,45.0
15,45.0
16,12.0
17,39.0
18,56.0
19,50.0
20,49.0
21,6.0
22,29.0
23,29.0
24,8.0
25,47.0
26,50.0
27,26.0
28,
29,11.0
30,5.0
31,24.0
32,8.0
33,2.0
34,10.0
35,44.0
36,2.0
37,
38,17.0
39,19.0
40,13.0
41,50.0
42,12.0
43,12.0
44,11.0
45,32.0
46,49.0
47,13.0
48,57.0
49,
50,53.0
51,7.0
52,10.0
53,16.0
54,
55,49.0
56,53.0
57,38.0
58,36.0
59,7.0
60,56.0
61,7.0
62,33.0
63,37.0
64,32.0
65,37.0
66,49.0
67,6.0
68,45.0
69,
70,12.0
71,9.0
72,14.0
73,9.0
74,37.0
75,8.0
76,52.0
77,42.0
78,9.0
79,17.0
80,20.0
81,18.0
82,56.0
83,28.0
84,12.0
85,5.0
86,7.0
87,3.0
88,34.0
89,50.0
90,3.0
91,1.0
92,
93,22.0
94,
95,
96,8.0
97,53.0
98,19.0
99,18.0
100,26.0
101,
102,41.0
103,36.0
104,11.0
105,10.0
106,48.0
107,15.0
108,27.0
109,13.0
110,56.0
111,14.0
112,
113,1.0
114,18.0
115,10.0
116,45.0
117,36.0
118,
119,15.0
120,
121,26.0
122,12.0
123,7.0
124,43.0
125,48.0
126,43.0
127,14.0
128,50.0
129,27.0
130,43.0
131,14.0
132,13.0
133,14.0
134,
135,
136,55.0
137,3.0
138,7.0
139,9.0
140,33.0
141,10.0
142,7.0
143,56.0
144,16.0
145,12.0
146,
147,6.0
148,33.0
149,27.0
150,
151,50.0
152,37.0
153,33.0
154,37.0
155,11.0
156,3.0
157,46.0
158,17.0
159,5.0
160,16.0
161,9.0
162,37.0
163,56.0
164,7.0
165,
166,34.0
167,13.0
168,10.0
169,22.0
170,9.0
171,20.0
172,
173,56.0
174,13.0
175,34.0
176,33.0
177,42.0
178,56.0
179,6.0
180,8.0
181,56.0
182,37.0
183,14.0
184,
185,14.0
186,56.0
187,54.0
188,44.0
189,15.0
190,34.0
191,54.0
192,43.0
193,10.0
194,26.0
195,9.0
196,14.0
197,33.0
198,30.0
199,34.0
200,43.0
201,10.0
202,56.0
203,4.0
204,41.0
205,20.0
206,35.0
207,1.0
208,8.0
209,27.0
210,7.0
211,58.0
212,43.0
213,10.0
214,12.0
215,41.0
216,45.0
217,1.0
218,17.0
219,37.0
220,53.0
221,21.0
222,26.0
223,14.0
224,18.0
225,13.0
226,15.0
227,13.0
228,33.0
229,13.0
230,14.0
231,13.0
232,22.0
233,53.0
234,41.0
235,33.0
236,14.0
237,24.0
238,7.0
239,14.0
240,12.0
241,47.0
242,56.0
243,3.0
244,10.0
245,11.0
246,56.0
247,
248,55.0
249,45.0
250,33.0
251,24.0
252,13.0
253,10.0
254,37.0
255,39.0
256,
257,23.0
258,37.0
259,49.0
260,49.0
261,53.0
262,19.0
263,10.0
264,11.0
265,7.0
266,10.0
267,56.0
268,7.0
269,11.0
270,5.0
271,12.0
272,37.0
273,13.0
274,9.0
275,12.0
276,20.0
277,63.0
278,7.0
279,55.0
280,49.0
281,50.0
282,23.0
283,12.0
284,13.0
285,49.0
286,7.0
287,10.0
288,14.0
289,49.0
290,10.0
291,11.0
292,2.0
293,39.0
294,18.0
295,10.0
296,13.0
297,17.0
298,
299,57.0
300,53.0
301,19.0
302,32.0
303,8.0
304,
305,7.0
306,33.0
307,49.0
308,
309,50.0
310,38.0
311,14.0
312,33.0
313,23.0
314,26.0
315,33.0
316,14.0
317,43.0
318,10.0
319,14.0
320,25.0
321,8.0
322,11.0
323,19.0
324,56.0
325,11.0
326,5.0
327,45.0
328,51.0
329,53.0
330,1.0
331,47.0
332,20.0
333,16.0
334,8.0
335,24.0
336,
337,22.0
338,38.0
339,1.0
340,13.0
341,13.0
342,18.0
343,13.0
344,19.0
345,8.0
346,
347,56.0
348,16.0
349,28.0
350,41.0
351,31.0
352,14.0
353,56.0
354,43.0
355,3.0
356,43.0
357,11.0
358,56.0
359,48.0
360,37.0
361,48.0
362,37.0
363,
364,52.0
365,33.0
366,11.0
367,11.0
368,18.0
369,9.0
370,20.0
371,3.0
372,32.0
373,2.0
374,35.0
375,33.0
376,56.0
377,
378,10.0
379,15.0
380,13.0
381,47.0
382,
383,
384,45.0
385,39.0
386,9.0
387,3.0
388,27.0
389,15.0
390,38.0
391,55.0
392,63.0
393,49.0
394,43.0
395,8.0
396,8.0
397,
398,37.0
399,49.0
400,24.0
401,15.0
402,14.0
403,49.0
404,10.0
405,27.0
406,56.0
407,14.0
408,3.0
409,14.0
410,12.0
411,18.0
412,23.0
413,37.0
414,29.0
415,11.0
416,
417,48.0
418,34.0
419,5.0
420,37.0
421,3.0
422,19.0
423,19.0
424,12.0
425,60.0
426,54.0
427,10.0
428,14.0
429,22.0
430,50.0
431,9.0
432,33.0
433,45.0
434,24.0
435,20.0
436,14.0
437,54.0
438,49.0
439,8.0
440,37.0
441,49.0
442,37.0
443,19.0
444,14.0
445,
446,5.0
447,55.0
448,18.0
449,16.0
450,37.0
451,
452,11.0
453,23.0
454,32.0
455,15.0
456,6.0
457,53.0
458,2.0
459,37.0
460,26.0
461,43.0
462,3.0
463,23.0
464,37.0
465,52.0
466,33.0
467,52.0
468,15.0
469,47.0
470,10.0
471,29.0
472,25.0
473,57.0
474,43.0
475,6.0
476,34.0
477,12.0
478,13.0
479,34.0
480,47.0
481,43.0
482,14.0
483,56.0
484,13.0
485,4.0
486,7.0
487,24.0
488,22.0
489,37.0
490,42.0
491,24.0
492,16.0
493,14.0
494,13.0
495,8.0
496,11.0
497,33.0
498,
499,50.0
500,53.0
501,
502,45.0
503,26.0
504,
505,41.0
506,9.0
507,2.0
508,9.0
509,57.0
510,14.0
511,13.0
512,
513,35.0
514,58.0
515,55.0
516,50.0
517,39.0
518,17.0
519,37.0
520,19.0
521,45.0
522,39.0
523,37.0
524,54.0
525,4.0
526,50.0
527,24.0
528,30.0
529,33.0
530,15.0
531,20.0
532,
533,
534,5.0
535,30.0
536,27.0
537,42.0
538,24.0
539,30.0
540,9.0
541,33.0
542,10.0
543,34.0
544,3.0
545,32.0
546,7.0
547,12.0
548,13.0
549,56.0
550,
551,45.0
552,40.0
553,29.0
554,7.0
555,2.0
556,12.0
557,11.0
558,43.0
559,67.0
560,50.0
561,50.0
562,16.0
563,15.0
564,9.0
565,27.0
566,30.0
567,41.0
568,10.0
569,27.0
570,37.0
571,14.0
572,54.0
573,29.0
574,
575,49.0
576,56.0
577,49.0
578,56.0
579,56.0
580,14.0
581,30.0
582,3.0
583,44.0
584,52.0
585,19.0
586,9.0
587,13.0
588,16.0
589,3.0
590,17.0
591,63.0
592,16.0
593,
594,49.0
595,7.0
596,45.0
597,62.0
598,24.0
599,37.0
600,48.0
601,1.0
602,20.0
603,50.0
604,9.0
605,17.0
606,9.0
607,3.0
608,
609,2.0
610,19.0
611,49.0
612,20.0
613,12.0
614,37.0
615,52.0
616,13.0
617,13.0
618,46.0
619,15.0
620,36.0
621,2.0
622,48.0
623,9.0
624,34.0
625,10.0
626,37.0
627,17.0
628,11.0
629,16.0
630,45.0
631,5.0
632,22.0
633,
634,61.0
635,
636,13.0
637,11.0
638,
639,15.0
640,12.0
641,7.0
642,3.0
643,35.0
644,40.0
645,40.0
646,14.0
647,11.0
648,9.0
649,23.0
650,
651,43.0
652,36.0
653,13.0
654,2.0
655,11.0
656,18.0
657,42.0
658,6.0
659,14.0
660,8.0
661,7.0
662,23.0
663,10.0
664,18.0
665,43.0
666,14.0
667,12.0
668,23.0
669,14.0
670,48.0
671,10.0
672,
673,67.0
674,4.0
675,8.0
676,13.0
677,7.0
678,27.0
679,3.0
680,53.0
681,15.0
682,11.0
683,
684,11.0
685,29.0
686,7.0
687,
688,52.0
689,13.0
690,47.0
691,63.0
692,56.0
693,12.0
694,12.0
695,3.0
696,45.0
697,54.0
698,
699,41.0
700,
701,28.0
702,3.0
703,14.0
704,44.0
705,50.0
706,38.0
707,56.0
708,43.0
709,
710,7.0
711,59.0
712,11.0
713,
714,12.0
715,54.0
716,12.0
717,4.0
718,14.0
719,22.0
720,47.0
721,12.0
722,10.0
723,8.0
724,56.0
725,
726,10.0
727,26.0
728,18.0
729,42.0
730,26.0
731,32.0
732,19.0
733,36.0
734,15.0
735,45.0
736,9.0
737,45.0
738,8.0
739,20.0
740,
741,14.0
742,8.0
743,36.0
744,
745,42.0
746,39.0
747,56.0
748,43.0
749,3.0
750,37.0
751,5.0
752,4.0
753,14.0
754,12.0
755,14.0
756,5.0
757,8.0
758,20.0
759,19.0
760,49.0
761,12.0
762,26.0
763,13.0
764,56.0
765,14.0
766,43.0
767,4.0
768,18.0
769,43.0
770,14.0
771,12.0
772,
773,19.0
774,7.0
775,51.0
776,20.0
777,
778,10.0
779,16.0
780,33.0
781,7.0
782,14.0
783,59.0
784,48.0
785,25.0
786,20.0
787,25.0
788,49.0
789,39.0
790,35.0
791,12.0
792,16.0
793,59.0
794,16.0
795,51.0
796,20.0
797,
798,14.0
799,49.0
800,
801,12.0
802,12.0
803,22.0
804,27.0
805,36.0
806,
807,14.0
808,2.0
809,50.0
810,4.0
811,53.0
812,52.0
813,35.0
814,
815,7.0
816,5.0
817,7.0
818,45.0
819,21.0
820,15.0
821,10.0
822,16.0
823,25.0
824,29.0
825,33.0
826,
827,10.0
828,49.0
829,
830,14.0
831,24.0
832,48.0
833,
834,58.0
835,9.0
836,37.0
837,13.0
838,
839,49.0
840,28.0
841,12.0
842,10.0
843,22.0
844,10.0
845,10.0
846,33.0
847,15.0
848,5.0
849,2.0
850,14.0
851,55.0
852,14.0
853,9.0
854,32.0
855,
856,11.0
857,11.0
858,46.0
859,24.0
860,11.0
861,13.0
862,61.0
863,14.0
864,14.0
865,14.0
866,55.0
867,
868,18.0
869,12.0
870,31.0
871,8.0
872,49.0
873,56.0
874,37.0
875,
876,
877,43.0
878,43.0
879,49.0
880,63.0
881,14.0
882,44.0
883,
884,23.0
885,46.0
886,46.0
887,47.0
888,19.0
889,63.0
890,7.0
891,10.0
892,49.0
893,3.0
894,14.0
895,18.0
896,37.0
897,8.0
898,28.0
899,30.0
900,43.0
901,59.0
902,49.0
903,14.0
904,24.0
905,20.0
906,50.0
907,50.0
908,2.0
909,22.0
910,26.0
911,8.0
912,37.0
913,8.0
914,13.0
915,5.0
916,
917,14.0
918,8.0
919,4.0
920,22.0
921,8.0
922,36.0
923,8.0
924,18.0
925,18.0
926,33.0
927,35.0
928,14.0
929,34.0
930,47.0
931,20.0
932,35.0
933,5.0
934,20.0
935,50.0
936,14.0
937,53.0
938,19.0
939,14.0
940,25.0
941,
942,25.0
943,28.0
944,37.0
945,7.0
946,26.0
947,
948,
949,41.0
950,24.0
951,39.0
952,47.0
953,24.0
954,41.0
955,20.0
956,
957,16.0
958,49.0
959,47.0
960,7.0
961,39.0
962,
963,13.0
964,34.0
965,56.0
966,6.0
967,4.0
968,11.0
969,22.0
970,9.0
971,9.0
972,25.0
973,
974,31.0
975,8.0
976,
977,48.0
978,12.0
979,8.0
980,11.0
981,11.0
982,16.0
983,
984,2.0
985,13.0
986,7.0
987,10.0
988,9.0
989,18.0
990,
991,26.0
992,43.0
993,46.0
994,19.0
995,43.0
996,47.0
997,4.0
998,37.0
999,19.0
1000,47.0
1001,49.0
1002,49.0
1003,
1004,57.0
1005,12.0
1006,25.0
1007,56.0
1008,25.0
1009,20.0
1010,17.0
1011,45.0
1012,
1013,52.0
1014,47.0
1015,11.0
1016,9.0
1017,
1018,20.0
1019,
1020,34.0
1021,8.0
1022,29.0
1023,47.0
1024,14.0
1025,39.0
1026,37.0
1027,6.0
1028,14.0
1029,
1030,8.0
1031,14.0
1032,
1033,18.0
1034,6.0
1035,54.0
1036,13.0
1037,25.0
1038,24.0
1039,33.0
1040,13.0
1041,25.0
1042,
1043,21.0
1044,
1045,
1046,47.0
1047,13.0
1048,9.0
1049,5.0
1050,
1051,43.0
1052,49.0
1053,4.0
1054,33.0
1055,12.0
1056,46.0
1057,6.0
1058,20.0
1059,
1060,11.0
1061,49.0
1062,2.0
1063,43.0
1064,37.0
1065,17.0
1066,34.0
1067,22.0
1068,2.0
1069,7.0
1070,13.0
1071,29.0
1072,
1073,14.0
1074,
1075,15.0
1076,53.0
1077,23.0
1078,43.0
1079,
1080,24.0
1081,10.0
1082,8.0
1083,24.0
1084,4.0
1085,28.0
1086,46.0
1087,5.0
1088,12.0
1089,42.0
1090,10.0
1091,15.0
1092,
1093,7.0
1094,23.0
1095,6.0
1096,
1097,8.0
1098,14.0
1099,27.0
1100,47.0
1101,14.0
1102,42.0
1103,24.0
1104,45.0
1105,45.0
1106,17.0
1107,14.0
1108,8.0
1109,10.0
1110,14.0
1111,51.0
1112,48.0
1113,41.0
1114,16.0
1115,41.0
1116,5.0
1117,45.0
1118,11.0
1119,14.0
1120,29.0
1121,
1122,12.0
1123,17.0
1124,55.0
1125,12.0
1126,48.0
1127,36.0
1128,7.0
1129,49.0
1130,11.0
1131,7.0
1132,7.0
1133,26.0
1134,
1135,49.0
1136,29.0
1137,27.0
1138,45.0
1139,51.0
1140,13.0
1141,17.0
1142,14.0
1143,15.0
1144,14.0
1145,26.0
1146,40.0
1147,31.0
1148,9.0
1149,12.0
1150,48.0
1151,49.0
1152,17.0
1153,6.0
1154,20.0
1155,
1156,7.0
1157,9.0
1158,18.0
1159,6.0
1160,53.0
1161,43.0
1162,22.0
1163,20.0
1164,9.0
1165,45.0
1166,
1167,20.0
1168,
1169,13.0
1170,25.0
1171,46.0
1172,33.0
1173,32.0
1174,44.0
1175,49.0
1176,45.0
1177,9.0
1178,1.0
1179,4.0
1180,9.0
1181,34.0
1182,8.0
1183,10.0
1184,35.0
1185,9.0
1186,3.0
1187,13.0
1188,52.0
1189,17.0
1190,
1191,12.0
1192,8.0
1193,20.0
1194,37.0
1195,47.0
1196,42.0
1197,19.0
1198,2.0
1199,37.0
1200,35.0
1201,3.0
1202,
1203,8.0
1204,
1205,37.0
1206,
1207,27.0
1208,8.0
1209,29.0
1210,14.0
1211,16.0
1212,
1213,24.0
1214,18.0
1215,7.0
1216,49.0
1217,14.0
1218,30.0
1219,41.0
1220,29.0
1221,45.0
1222,30.0
1223,
1224,49.0
1225,7.0
1226,
1227,13.0
1228,49.0
1229,19.0
1230,33.0
1231,18.0
1232,8.0
1233,12.0
1234,49.0
1235,13.0
1236,18.0
1237,8.0
1238,14.0
1239,
1240,55.0
1241,53.0
1242,20.0
1243,53.0
1244,20.0
1245,16.0
1246,18.0
1247,51.0
1248,10.0
1249,50.0
1250,56.0
1251,
1252,
1253,42.0
1254,5.0
1255,14.0
1256,27.0
1257,18.0
1258,
1259,18.0
1260,8.0
1261,12.0
1262,37.0
1263,10.0
1264,6.0
1265,5.0
1266,45.0
1267,2.0
1268,37.0
1269,3.0
1270,37.0
1271,14.0
1272,13.0
1273,12.0
1274,47.0
1275,12.0
1276,2.0
1277,50.0
1278,13.0
1279,59.0
1280,13.0
1281,18.0
1282,16.0
1283,15.0
1284,24.0
1285,18.0
1286,10.0
1287,11.0
1288,13.0
1289,
1290,
1291,55.0
1292,41.0
1293,26.0
1294,18.0
1295,43.0
1296,8.0
1297,27.0
1298,
1299,20.0
1300,
1301,
1302,14.0
1303,56.0
1304,
1305,49.0
1306,
1307,17.0
1308,23.0
1309,38.0
1310,49.0
1311,30.0
1312,56.0
1313,26.0
1314,27.0
1315,55.0
1316,35.0
1317,12.0
1318,52.0
1319,41.0
1320,27.0
1321,17.0
1322,11.0
1323,
1324,25.0
1325,17.0
1326,35.0
1327,20.0
1328,47.0
1329,53.0
1330,46.0
1331,
1332,
1333,20.0
1334,14.0
1335,36.0
1336,2.0
1337,14.0
1338,37.0
1339,50.0
1340,18.0
1341,13.0
1342,15.0
1343,53.0
1344,9.0
1345,10.0
1346,53.0
1347,55.0
1348,10.0
1349,15.0
1350,14.0
1351,26.0
1352,23.0
1353,37.0
1354,14.0
1355,50.0
1356,12.0
1357,7.0
1358,
1359,32.0
1360,15.0
1361,18.0
1362,1.0
1363,18.0
1364,21.0
1365,13.0
1366,33.0
1367,28.0
1368,10.0
1369,49.0
1370,20.0
1371,35.0
1372,22.0
1373,14.0
1374,8.0
1375,23.0
1376,14.0
1377,26.0
1378,
1379,12.0
1380,14.0
1381,24.0
1382,18.0
1383,57.0
1384,59.0
1385,5.0
1386,33.0
1387,
1388,16.0
1389,14.0
1390,5.0
1391,47.0
1392,8.0
1393,
1394,3.0
1395,
1396,4.0
1397,27.0
1398,5.0
1399,4.0
1400,7.0
1401,
1402,24.0
1403,1.0
1404,15.0
1405,17.0
1406,14.0
1407,24.0
1408,14.0
1409,18.0
1410,56.0
1411,36.0
1412,10.0
1413,36.0
1414,7.0
1415,15.0
1416,14.0
1417,10.0
1418,34.0
1419,53.0
1420,43.0
1421,45.0
1422,3.0
1423,10.0
1424,14.0
1425,13.0
1426,20.0
1427,23.0
1428,10.0
1429,7.0
1430,10.0
1431,48.0
1432,9.0
1433,26.0
1434,50.0
1435,20.0
1436,1.0
1437,15.0
1438,10.0
1439,3.0
1440,14.0
1441,
1442,50.0
1443,
1444,50.0
1445,14.0
1446,
1447,
1448,17.0
1449,47.0
1450,14.0
1451,20.0
1452,53.0
1453,7.0
1454,17.0
1455,11.0
1456,39.0
1457,8.0
1458,18.0
1459,53.0
1460,50.0
1461,17.0
1462,2.0
1463,29.0
1464,12.0
1465,13.0
1466,61.0
1467,32.0
1468,34.0
1469,18.0
1470,17.0
1471,22.0
1472,11.0
1473,41.0
1474,22.0
1475,19.0
1476,7.0
1477,18.0
1478,9.0
1479,7.0
1480,47.0
1481,41.0
1482,10.0
1483,13.0
1484,13.0
1485,44.0
1486,9.0
1487,45.0
1488,25.0
1489,49.0
1490,20.0
1491,10.0
1492,16.0
1493,
1494,13.0
1495,25.0
1496,8.0
1497,27.0
1498,9.0
1499,
1500,24.0
1501,57.0
1502,6.0
1503,27.0
1504,
1505,34.0
1506,
1507,26.0
1508,49.0
1509,24.0
1510,7.0
1511,10.0
1512,47.0
1513,55.0
1514,1.0
1515,16.0
1516,8.0
1517,24.0
1518,37.0
1519,4.0
1520,
1521,17.0
1522,14.0
1523,48.0
1524,47.0
1525,15.0
1526,9.0
1527,7.0
1528,14.0
1529,
1530,27.0
1531,46.0
1532,19.0
1533,37.0
1534,11.0
1535,1.0
1536,50.0
1537,2.0
1538,6.0
1539,
1540,14.0
1541,37.0
1542,20.0
1543,37.0
1544,9.0
1545,24.0
1546,
1547,16.0
1548,59.0
1549,7.0
1550,50.0
1551,10.0
1552,13.0
1553,13.0
1554,
1555,
1556,9.0
1557,11.0
1558,37.0
1559,8.0
1560,48.0
1561,13.0
1562,3.0
1563,9.0
1564,7.0
1565,5.0
1566,3.0
1567,45.0
1568,10.0
1569,55.0
1570,9.0
1571,3.0
1572,23.0
1573,9.0
1574,14.0
1575,13.0
1576,13.0
1577,5.0
1578,47.0
1579,7.0
1580,23.0
1581,23.0
1582,
1583,20.0
1584,48.0
1585,19.0
1586,7.0
1587,22.0
1588,34.0
1589,14.0
1590,11.0
1591,22.0
1592,12.0
1593,49.0
1594,13.0
1595,53.0
1596,48.0
1597,53.0
1598,9.0
1599,8.0
1600,6.0
1601,50.0
1602,30.0
1603,50.0
1604,34.0
1605,12.0
1606,48.0
1607,53.0
1608,47.0
1609,14.0
1610,14.0
1611,18.0
1612,13.0
1613,8.0
1614,12.0
1615,49.0
1616,2.0
1617,4.0
1618,2.0
1619,45.0
1620,49.0
1621,5.0
1622,56.0
1623,8.0
1624,20.0
1625,16.0
1626,9.0
1627,10.0
1628,12.0
1629,
1630,34.0
1631,14.0
1632,37.0
1633,33.0
1634,
1635,
1636,39.0
1637,64.0
1638,12.0
1639,37.0
1640,30.0
1641,30.0
1642,5.0
1643,7.0
1644,5.0
1645,16.0
1646,49.0
1647,45.0
1648,36.0
1649,7.0
1650,39.0
1651,
1652,24.0
1653,10.0
1654,5.0
1655,51.0
1656,13.0
1657,19.0
1658,
1659,31.0
1660,21.0
1661,36.0
1662,
1663,6.0
1664,34.0
1665,37.0
1666,43.0
1667,46.0
1668,
1669,
1670,
1671,12.0
1672,27.0
1673,43.0
1674,4.0
1675,27.0
1676,12.0
1677,48.0
1678,
1679,14.0
1680,16.0
1681,5.0
1682,16.0
1683,
1684,13.0
1685,18.0
1686,32.0
1687,14.0
1688,
1689,26.0
1690,3.0
1691,51.0
1692,17.0
1693,33.0
1694,45.0
1695,14.0
1696,
1697,
1698,37.0
1699,4.0
1700,18.0
1701,55.0
1702,
1703,27.0
1704,39.0
1705,54.0
1706,5.0
1707,38.0
1708,35.0
1709,13.0
1710,14.0
1711,55.0
1712,44.0
1713,12.0
1714,9.0
1715,24.0
1716,
1717,10.0
1718,6.0
1719,49.0
1720,47.0
1721,25.0
1722,
1723,26.0
1724,12.0
1725,12.0
1726,11.0
1727,7.0
1728,36.0
1729,50.0
1730,
1731,17.0
1732,3.0
1733,10.0
1734,3.0
1735,41.0
1736,5.0
1737,17.0
1738,33.0
1739,10.0
1740,9.0
1741,
1742,55.0
1743,14.0
1744,24.0
1745,56.0
1746,18.0
1747,2.0
1748,32.0
1749,1.0
1750,36.0
1751,38.0
1752,11.0
1753,48.0
1754,34.0
1755,6.0
1756,53.0
1757,50.0
1758,12.0
1759,14.0
1760,37.0
1761,56.0
1762,10.0
1763,10.0
1764,50.0
1765,16.0
1766,
1767,53.0
1768,22.0
1769,10.0
1770,50.0
1771,52.0
1772,23.0
1773,14.0
1774,
1775,10.0
1776,15.0
1777,48.0
1778,5.0
1779,10.0
1780,49.0
1781,50.0
1782,
1783,15.0
1784,19.0
1785,23.0
1786,30.0
1787,8.0
1788,3.0
1789,37.0
1790,41.0
1791,10.0
1792,25.0
1793,50.0
1794,14.0
1795,18.0
1796,57.0
1797,55.0
1798,4.0
1799,42.0
1800,13.0
1801,20.0
1802,10.0
1803,8.0
1804,33.0
1805,43.0
1806,11.0
1807,8.0
1808,3.0
1809,15.0
1810,47.0
1811,6.0
1812,
1813,50.0
1814,35.0
1815,7.0
1816,34.0
1817,2.0
1818,7.0
1819,14.0
1820,25.0
1821,
1822,42.0
1823,50.0
1824,13.0
1825,55.0
1826,25.0
1827,14.0
1828,48.0
1829,2.0
1830,49.0
1831,16.0
1832,17.0
1833,3.0
1834,36.0
1835,43.0
1836,2.0
1837,45.0
1838,7.0
1839,43.0
1840,61.0
1841,
1842,8.0
1843,4.0
1844,
1845,50.0
1846,54.0
1847,9.0
1848,
1849,3.0
1850,45.0
1851,2.0
1852,
1853,9.0
1854,
1855,15.0
1856,2.0
1857,43.0
1858,
1859,49.0
1860,37.0
1861,45.0
1862,18.0
1863,27.0
1864,47.0
1865,35.0
1866,
1867,2.0
1868,5.0
1869,8.0
1870,13.0
1871,53.0
1872,14.0
1873,32.0
1874,27.0
1875,55.0
1876,13.0
1877,12.0
1878,9.0
1879,10.0
1880,45.0
1881,38.0
1882,10.0
1883,49.0
1884,55.0
1885,10.0
1886,50.0
1887,1.0
1888,47.0
1889,9.0
1890,14.0
1891,27.0
1892,51.0
1893,55.0
1894,56.0
1895,10.0
1896,1.0
1897,55.0
1898,
1899,11.0
1900,11.0
1901,61.0
1902,30.0
1903,53.0
1904,10.0
1905,49.0
1906,27.0
1907,10.0
1908,22.0
1909,10.0
1910,13.0
1911,2.0
1912,23.0
1913,
1914,13.0
1915,32.0
1916,5.0
1917,21.0
1918,12.0
1919,8.0
1920,20.0
1921,20.0
1922,3.0
1923,5.0
1924,27.0
1925,8.0
1926,11.0
1927,14.0
1928,23.0
1929,10.0
1930,10.0
1931,14.0
1932,16.0
1933,1.0
1934,8.0
1935,49.0
1936,23.0
1937,45.0
1938,47.0
1939,50.0
1940,25.0
1941,
1942,
1943,16.0
1944,2.0
1945,48.0
1946,18.0
1947,35.0
1948,10.0
1949,23.0
1950,49.0
1951,5.0
1952,11.0
1953,8.0
1954,9.0
1955,20.0
1956,6.0
1957,18.0
1958,47.0
