0,167
1,64
2,115
3,72
4,141
5,65
6,120
7,134
8,78
9,139
10,134
11,252
12,282
13,239
14,30
15,166
16,65
17,149
18,175
19,69
20,44
21,257
22,104
23,61
24,115
25,238
26,73
27,26
28,246
29,121
30,483
31,277
32,28
33,57
34,211
35,162
36,204
37,236
38,301
39,27
40,178
41,143
42,158
43,79
44,46
45,228
46,86
47,22
48,283
49,112
50,111
51,156
52,207
53,227
54,17
55,268
56,82
57,59
58,238
59,246
60,108
61,65
62,42
63,241
64,190
65,101
66,128
67,144
68,234
69,235
70,165
71,314
72,86
73,196
74,271
75,249
76,105
77,234
78,32
79,210
80,169
81,197
82,57
83,155
84,64
85,245
86,170
87,100
88,88
89,275
90,202
91,193
92,104
93,214
94,68
95,225
96,208
97,135
98,101
99,141
100,118
101,36
102,71
103,502
104,237
105,137
106,88
107,210
108,171
109,235
110,162
111,105
112,119
113,230
114,172
115,69
116,125
117,223
118,214
119,190
120,141
121,209
122,191
123,134
124,116
125,241
126,160
127,78
128,102
129,133
130,119
131,83
132,155
133,111
134,90
135,289
136,247
137,32
138,27
139,293
140,214
141,167
142,286
143,208
144,195
145,183
146,47
147,15
148,210
149,222
150,12
151,176
152,75
153,181
154,277
155,202
156,182
157,60
158,146
159,110
160,168
161,282
162,225
163,253
164,265
165,210
166,326
167,222
168,229
169,264
170,322
171,122
172,215
173,164
174,170
175,91
176,261
177,44
178,253
179,75
180,142
181,171
182,244
183,146
184,168
185,60
186,54
187,252
188,75
189,141
190,24
191,35
192,265
193,152
194,69
195,236
196,387
197,8
198,72
199,112
200,93
201,210
202,204
203,164
204,163
205,130
206,166
207,302
208,175
209,253
210,147
211,136
212,33
213,125
214,170
215,186
216,37
217,262
218,249
219,140
220,78
221,222
222,34
223,125
224,134
225,167
226,229
227,259
228,54
229,220
230,40
231,141
232,203
233,75
234,189
235,218
236,251
237,235
238,250
239,38
240,235
241,71
242,209
243,262
244,118
245,177
246,155
247,190
248,174
249,120
250,63
251,149
252,187
253,12
254,204
255,132
256,267
257,63
258,209
259,116
260,201
261,180
262,169
263,152
264,245
265,51
266,522
267,206
268,95
269,108
270,260
271,255
272,59
273,274
274,213
275,69
276,21
277,113
278,42
279,191
280,98
281,51
282,202
283,191
284,248
285,103
286,274
287,27
288,51
289,296
290,220
291,41
292,236
293,175
294,191
295,151
296,143
297,228
298,166
299,118
300,114
301,305
302,143
303,124
304,165
305,92
306,56
307,116
308,79
309,49
310,26
311,310
312,148
313,216
314,273
315,165
316,85
317,205
318,176
319,46
320,52
321,24
322,168
323,58
324,168
325,131
326,257
327,222
328,186
329,43
330,188
331,208
332,275
333,282
334,262
335,274
336,235
337,232
338,75
339,55
340,165
341,264
342,277
343,222
344,55
345,10
346,191
347,213
348,82
349,182
350,218
351,116
352,108
353,93
354,108
355,193
356,171
357,262
358,140
359,281
360,118
361,169
362,65
363,137
364,212
365,251
366,225
367,197
368,184
369,114
370,171
371,247
372,207
373,169
374,166
375,137
376,165
377,238
378,25
379,161
380,247
381,253
382,73
383,152
384,160
385,251
386,104
387,61
388,265
389,336
390,141
391,88
392,190
393,256
394,242
395,187
396,138
397,140
398,252
399,136
400,119
401,258
402,294
403,53
404,121
405,156
406,171
407,143
408,85
409,245
410,155
411,92
412,111
413,131
414,190
415,88
416,270
417,237
418,240
419,196
420,258
421,248
422,25
423,27
424,67
425,119
426,239
427,112
428,161
429,141
430,118
431,272
432,110
433,75
434,157
435,63
436,197
437,102
438,13
439,132
440,115
441,177
442,40
443,137
444,87
445,90
446,125
447,247
448,113
449,85
450,89
451,70
452,236
453,250
454,30
455,129
456,27
457,89
458,240
459,154
460,227
461,108
462,116
463,198
464,143
465,133
466,208
467,38
468,56
469,284
470,110
471,225
472,186
473,268
474,229
475,38
476,138
477,148
478,154
479,249
480,80
481,81
482,129
483,90
484,278
485,209
486,54
487,212
488,189
489,135
490,202
491,217
492,240
493,114
494,85
495,90
496,164
497,108
498,136
499,141
500,50
501,210
502,182
503,285
504,173
505,123
506,108
507,127
508,262
509,237
510,24
511,151
512,99
513,249
514,123
515,122
516,16
517,238
518,117
519,196
520,86
521,296
522,271
523,85
524,76
525,156
526,222
527,145
528,180
529,213
530,159
531,257
532,30
533,127
534,91
535,986
536,231
537,173
538,201
539,114
540,77
541,206
542,51
543,55
544,67
545,112
546,146
547,208
548,250
549,263
550,74
551,60
552,168
553,48
554,202
555,144
556,53
557,74
558,61
559,242
560,85
561,248
562,122
563,129
564,178
565,299
566,199
567,275
568,63
569,146
570,20
571,96
572,61
573,114
574,85
575,88
576,232
577,53
578,73
579,249
580,85
581,142
582,142
583,117
584,234
585,260
586,221
587,47
588,187
589,62
590,128
591,166
592,143
593,231
594,104
595,276
596,68
597,89
598,145
599,276
600,273
601,218
602,39
603,27
604,193
605,200
606,243
607,248
608,111
609,59
610,77
611,30
612,49
613,239
614,93
615,135
616,81
617,49
618,120
619,26
620,90
621,264
622,47
623,151
624,68
625,269
626,258
627,47
628,151
629,233
630,85
631,51
632,249
633,251
634,257
635,171
636,58
637,235
638,171
639,251
640,111
641,101
642,131
643,269
644,84
645,79
646,262
647,177
648,135
649,213
650,123
651,190
652,217
653,143
654,132
655,57
656,294
657,305
658,96
659,219
660,80
661,103
662,193
663,71
664,261
665,89
666,120
667,40
668,28
669,220
670,118
671,163
672,98
673,171
674,240
675,236
676,237
677,258
678,235
679,101
680,47
681,230
682,110
683,219
684,133
685,67
686,288
687,29
688,142
689,149
690,240
691,87
692,211
693,66
694,110
695,153
696,63
697,284
698,252
699,260
700,129
701,72
702,151
703,158
704,60
705,170
706,211
707,227
708,80
709,47
710,186
711,53
712,74
713,221
714,116
715,80
716,233
717,97
718,273
719,48
720,204
721,186
722,164
723,219
724,266
725,150
726,69
727,108
728,41
729,189
730,84
731,297
732,221
733,111
734,142
735,223
736,97
737,138
738,174
739,162
740,144
741,71
742,125
743,199
744,151
745,284
746,163
747,160
748,41
749,253
750,104
751,26
752,216
753,102
754,200
755,124
756,241
757,208
758,89
759,232
760,60
761,122
762,214
763,219
764,239
765,224
766,187
767,53
768,234
769,54
770,162
771,149
772,114
773,34
774,195
775,121
776,85
777,216
778,35
779,43
780,69
781,213
782,162
783,258
784,288
785,116
786,81
787,151
788,233
789,99
790,673
791,179
792,208
793,118
794,194
795,260
796,106
797,61
798,214
799,81
800,261
801,79
802,103
803,130
804,87
805,57
806,105
807,230
808,231
809,54
810,155
811,119
812,69
813,117
814,254
815,87
816,124
817,105
818,41
819,238
820,228
821,177
822,106
823,228
824,248
825,262
826,105
827,151
828,169
829,156
830,263
831,183
832,285
833,159
834,111
835,294
836,19
837,242
838,99
839,62
840,166
841,261
842,172
843,127
844,47
845,198
846,226
847,260
848,138
849,154
850,163
851,52
852,177
853,52
854,118
855,183
856,78
857,51
858,200
859,28
860,249
861,211
862,146
863,223
864,92
865,95
866,56
867,210
868,149
869,56
870,211
871,174
872,179
873,199
874,205
875,221
876,185
877,64
878,227
879,231
880,52
881,215
882,82
883,312
884,207
885,77
886,136
887,158
888,130
889,134
890,32
891,149
892,242
893,135
894,247
895,154
896,255
897,123
898,84
899,228
900,164
901,270
902,74
903,148
904,8
905,104
906,183
907,251
908,123
909,268
910,159
911,274
912,190
913,81
914,197
915,57
916,72
917,267
918,92
919,94
920,83
921,120
922,108
923,273
924,204
925,190
926,118
927,152
928,12
929,266
930,110
931,62
932,208
933,210
934,256
935,121
936,67
937,42
938,58
939,295
940,263
941,243
942,198
943,103
944,195
945,300
946,237
947,177
948,140
949,242
950,260
951,117
952,80
953,210
954,112
955,166
956,55
957,213
958,131
959,216
960,182
961,66
962,22
963,167
964,141
965,176
966,66
967,101
968,162
969,164
970,125
971,138
972,215
973,77
974,112
975,212
976,50
977,205
978,61
979,89
980,240
981,216
982,243
983,282
984,44
985,362
986,179
987,49
988,261
989,73
990,160
991,124
992,24
993,44
994,119
995,243
996,245
997,174
998,211
999,59
1000,220
1001,289
1002,69
1003,198
1004,170
1005,161
1006,180
1007,39
1008,293
1009,94
1010,134
1011,81
1012,82
1013,172
1014,305
1015,221
1016,86
1017,85
1018,119
1019,169
1020,117
1021,247
1022,68
1023,88
1024,152
1025,185
1026,149
1027,89
1028,135
1029,268
1030,102
1031,36
1032,62
1033,122
1034,223
1035,211
1036,120
1037,155
1038,40
1039,226
1040,71
1041,276
1042,88
1043,282
1044,204
1045,27
1046,146
1047,157
1048,215
1049,166
1050,209
1051,296
1052,226
1053,146
1054,252
1055,221
1056,117
1057,286
1058,157
1059,22
1060,70
1061,65
1062,156
1063,96
1064,48
1065,96
1066,251
1067,81
1068,275
1069,284
1070,243
1071,184
1072,98
1073,181
1074,247
1075,182
1076,241
1077,269
1078,212
1079,31
1080,195
1081,258
1082,69
1083,210
1084,97
1085,98
1086,96
1087,161
1088,87
1089,91
1090,240
1091,73
1092,210
1093,242
1094,117
1095,106
1096,72
1097,79
1098,229
1099,260
1100,99
1101,283
1102,239
1103,216
1104,199
1105,81
1106,224
1107,290
1108,216
1109,102
1110,35
1111,177
1112,161
1113,175
1114,162
1115,193
1116,164
1117,104
1118,239
1119,114
1120,104
1121,51
1122,145
1123,511
1124,78
1125,206
1126,45
1127,87
1128,139
1129,294
1130,84
1131,147
1132,284
1133,234
1134,86
1135,89
1136,245
1137,55
1138,231
1139,32
1140,166
1141,186
1142,237
1143,272
1144,174
1145,162
1146,249
1147,177
1148,48
1149,104
1150,254
1151,114
1152,145
1153,197
1154,64
1155,193
1156,104
1157,43
1158,187
1159,58
1160,243
1161,150
1162,112
1163,287
1164,123
1165,45
1166,209
1167,121
1168,202
1169,134
1170,268
1171,98
1172,170
1173,171
1174,67
1175,276
1176,125
1177,55
1178,196
1179,27
1180,36
1181,61
1182,238
1183,127
1184,59
1185,217
1186,230
1187,259
1188,206
1189,247
1190,115
1191,108
1192,151
1193,260
1194,131
1195,115
1196,280
1197,91
1198,58
1199,93
1200,249
1201,718
1202,98
1203,148
1204,112
1205,153
1206,55
1207,99
1208,148
1209,115
1210,24
1211,99
1212,303
1213,214
1214,207
1215,298
1216,246
1217,252
1218,230
1219,134
1220,142
1221,267
1222,246
1223,77
1224,62
1225,61
1226,148
1227,274
1228,92
1229,96
1230,50
1231,107
1232,259
1233,169
1234,267
1235,53
1236,170
1237,105
1238,21
1239,107
1240,81
1241,125
1242,223
1243,217
1244,239
1245,87
1246,261
1247,179
1248,119
1249,176
1250,112
1251,165
1252,19
1253,103
1254,63
1255,189
1256,154
1257,127
1258,27
1259,213
1260,131
1261,97
1262,92
1263,178
1264,297
1265,75
1266,242
1267,155
1268,103
1269,85
1270,98
1271,99
1272,167
1273,161
1274,193
1275,217
1276,254
1277,146
1278,32
1279,179
1280,243
1281,251
1282,252
1283,220
1284,103
1285,134
1286,30
1287,133
1288,41
1289,199
1290,160
1291,143
1292,285
1293,52
1294,78
1295,213
1296,102
1297,263
1298,66
1299,147
1300,262
1301,42
1302,128
1303,71
1304,51
1305,150
1306,187
1307,269
1308,69
1309,165
1310,131
1311,178
1312,219
1313,49
1314,159
1315,118
1316,270
1317,147
1318,49
1319,196
1320,268
1321,37
1322,257
1323,150
1324,264
1325,252
1326,206
1327,36
1328,37
1329,102
1330,163
1331,174
1332,89
1333,284
1334,87
1335,195
1336,182
1337,89
1338,221
1339,210
1340,185
1341,108
1342,27
1343,88
1344,120
1345,43
1346,211
1347,167
1348,283
1349,67
1350,20
1351,108
1352,192
1353,44
1354,119
1355,47
1356,93
1357,68
1358,96
1359,35
1360,177
1361,161
1362,75
1363,132
1364,174
1365,121
1366,107
1367,197
1368,75
1369,227
1370,40
1371,125
1372,177
1373,98
1374,15
1375,270
1376,111
1377,124
1378,167
1379,203
1380,109
1381,239
1382,82
1383,29
1384,92
1385,147
1386,129
1387,78
1388,190
1389,147
1390,234
1391,178
1392,234
1393,141
1394,253
1395,111
1396,91
1397,137
1398,310
1399,8
1400,43
1401,206
1402,41
1403,74
1404,133
1405,237
1406,174
1407,221
1408,70
1409,93
1410,311
1411,43
1412,93
1413,251
1414,187
1415,79
1416,263
1417,133
1418,121
1419,86
1420,96
1421,12
1422,240
1423,236
1424,40
1425,199
1426,56
1427,252
1428,84
1429,242
1430,138
1431,119
1432,77
1433,112
1434,165
1435,241
1436,72
1437,106
1438,115
1439,66
1440,39
1441,168
1442,68
1443,54
1444,121
1445,216
1446,244
1447,104
1448,125
1449,247
1450,109
1451,139
1452,108
1453,48
1454,71
1455,165
1456,157
1457,53
1458,125
1459,203
1460,81
1461,119
1462,92
1463,182
1464,228
1465,190
1466,62
1467,136
1468,131
1469,179
1470,230
1471,142
1472,221
1473,149
1474,187
1475,214
1476,37
1477,237
1478,68
1479,47
1480,205
1481,188
1482,173
1483,79
1484,201
1485,88
1486,366
1487,244
1488,78
1489,25
1490,117
1491,256
1492,70
1493,231
1494,108
1495,198
1496,207
1497,53
1498,126
1499,41
1500,243
1501,50
1502,290
1503,74
1504,14
1505,262
1506,224
1507,301
1508,307
1509,233
1510,95
1511,163
1512,191
1513,158
1514,29
1515,282
1516,81
1517,191
1518,46
1519,32
1520,32
1521,241
1522,76
1523,181
1524,51
1525,138
1526,199
1527,268
1528,54
1529,116
1530,42
1531,111
1532,59
1533,83
1534,72
1535,253
1536,161
1537,80
1538,110
1539,126
1540,124
1541,127
1542,241
1543,131
1544,176
1545,98
1546,173
1547,283
1548,115
1549,185
1550,83
1551,40
1552,80
1553,177
1554,159
1555,159
1556,89
1557,139
1558,70
1559,253
1560,147
1561,197
1562,170
1563,60
1564,245
1565,77
1566,272
1567,51
1568,144
1569,65
1570,288
1571,71
1572,205
1573,44
1574,218
1575,304
1576,96
1577,216
1578,183
1579,204
1580,160
1581,175
1582,175
1583,48
1584,106
1585,222
1586,277
1587,75
1588,130
1589,87
1590,133
1591,282
1592,249
1593,223
1594,20
1595,118
1596,251
1597,46
1598,157
1599,93
1600,101
1601,242
1602,267
1603,70
1604,99
1605,105
1606,220
1607,135
1608,95
1609,39
1610,236
1611,61
1612,50
1613,133
1614,65
1615,231
1616,181
1617,94
1618,56
1619,189
1620,112
1621,142
1622,174
1623,88
1624,268
1625,147
1626,137
1627,186
1628,155
1629,144
1630,122
1631,126
1632,150
1633,18
1634,135
1635,62
1636,71
1637,139
1638,131
1639,88
1640,97
1641,197
1642,46
1643,116
1644,210
1645,187
1646,259
1647,87
1648,270
1649,184
1650,278
1651,177
1652,45
1653,104
1654,29
1655,122
1656,64
1657,211
1658,77
1659,78
1660,119
1661,225
1662,103
1663,159
1664,93
1665,194
1666,160
1667,167
1668,75
1669,229
1670,246
1671,198
1672,37
1673,142
1674,196
1675,95
1676,229
1677,288
1678,178
1679,117
1680,45
1681,111
1682,212
1683,262
1684,145
1685,34
1686,32
1687,238
1688,265
1689,153
1690,123
1691,124
1692,191
1693,220
1694,78
1695,253
1696,300
1697,194
1698,140
1699,178
1700,109
1701,15
1702,125
1703,155
1704,167
1705,102
1706,273
1707,46
1708,115
1709,258
1710,137
1711,272
1712,104
1713,89
1714,248
1715,99
1716,78
1717,66
1718,292
1719,182
1720,178
1721,68
1722,179
1723,92
1724,151
1725,101
1726,216
1727,264
1728,82
1729,213
1730,226
1731,341
1732,269
1733,73
1734,67
1735,230
1736,107
1737,116
1738,146
1739,144
1740,21
1741,75
1742,104
1743,79
1744,90
1745,152
1746,197
1747,188
1748,30
1749,227
1750,135
1751,170
1752,133
1753,258
1754,87
1755,214
1756,194
1757,152
1758,203
1759,191
1760,130
1761,40
1762,113
1763,204
1764,281
1765,162
1766,251
1767,63
1768,33
1769,94
1770,49
1771,103
1772,100
1773,197
1774,74
1775,69
1776,205
1777,1068
1778,151
1779,191
1780,261
1781,66
1782,211
1783,176
1784,78
1785,56
1786,253
1787,260
1788,137
1789,190
1790,50
1791,304
1792,272
1793,115
1794,126
1795,197
1796,471
1797,258
1798,249
1799,182
1800,28
1801,97
1802,133
1803,140
1804,50
1805,254
1806,108
1807,116
1808,240
1809,257
1810,262
1811,44
1812,232
1813,56
1814,115
1815,113
1816,136
1817,243
1818,264
1819,92
1820,206
1821,90
1822,253
1823,119
1824,135
1825,289
1826,66
1827,267
1828,283
1829,211
1830,196
1831,42
1832,213
1833,244
1834,36
1835,260
1836,116
1837,22
1838,75
1839,154
1840,160
1841,65
1842,179
1843,267
1844,34
1845,230
1846,282
1847,217
1848,170
1849,251
1850,108
1851,45
1852,120
1853,151
1854,246
1855,163
1856,156
1857,120
1858,161
1859,213
1860,132
1861,199
1862,195
1863,194
1864,151
1865,240
1866,95
1867,187
1868,151
1869,238
1870,198
1871,212
1872,260
1873,269
1874,102
1875,71
1876,195
1877,292
1878,289
1879,62
1880,100
1881,93
1882,136
1883,191
1884,233
1885,264
1886,138
1887,305
1888,166
1889,247
1890,172
1891,113
1892,144
1893,256
1894,280
1895,132
1896,63
1897,66
1898,183
1899,91
1900,268
1901,144
1902,290
1903,126
1904,76
1905,258
1906,79
1907,105
1908,12
1909,85
1910,176
1911,211
1912,145
1913,131
1914,98
1915,256
1916,46
1917,173
1918,250
1919,152
1920,81
1921,165
1922,209
1923,79
1924,73
1925,86
1926,137
1927,49
1928,56
1929,273
1930,180
1931,101
1932,266
1933,144
1934,208
1935,71
1936,60
1937,60
1938,53
1939,50
1940,56
1941,127
1942,40
1943,99
1944,96
1945,275
1946,266
1947,247
1948,251
1949,171
1950,219
1951,83
1952,88
1953,145
1954,149
1955,30
1956,114
1957,138
1958,282
