0,277636
1,8164779
2,132030717
3,927388
4,72598923
5,2612228
6,6621454
7,23996936
8,21421458
9,33668915
10,1794582
11,912212
12,96340863
13,1335081
14,264209
15,559937
16,3864675
17,110629
18,1682332
19,3222560
20,9443276
21,25344802
22,17807397
23,129047
24,14003823
25,30750093
26,326140
27,47024504
28,514937
29,672192
30,3332222
31,955056
32,65918
33,56663
34,30453
35,7734960
36,23996936
37,133403
38,2612228
39,1798869
40,40562982
41,1053628
42,9741944
43,7546554
44,2727638
45,23996936
46,9730494
47,755810
48,66506589
49,833448
50,195819
51,177466560
52,308273
53,7734960
54,336715
55,2162812
56,34042379
57,1427221
58,327059582
59,532064951
60,14303318
61,215000
62,6086887
63,1688846
64,2042428
65,794291
66,35121095
67,33668915
68,39047
69,174976
70,40562982
71,64433
72,23996936
73,19585280
74,3423459
75,65895
76,6621454
77,9730494
78,208690
79,10526650
80,6621454
81,3303322
82,17807397
83,634630
84,594684
85,152966
86,219552
87,2810327
88,177466560
89,23996936
90,4451047
91,22929
92,28385884
93,14854418
94,930736
95,195467
96,17807397
97,5705696
98,970132
99,72598923
100,96340863
101,137351463
102,7091598
103,19824361
104,17203974
105,6038
106,123617
107,40562982
108,31402902
109,7734960
110,5511364
111,593902
112,788306
113,10187176
114,34317525
115,1045881
116,10748512
117,912212
118,395856
119,7734960
120,19987963
121,2877915
122,2026910
123,7734960
124,1097365
125,93821039
126,6230693
127,1800490
128,19576234
129,1287878
130,359766
131,189730
132,136421
133,58924275
134,1331316
135,305076
136,4202678
137,16960185
138,398276
139,63592770
140,18425
141,19824361
142,13574505
143,43263
144,599463
145,6230693
146,4209686
147,86279
148,6487954
149,5518098
150,533656
151,129047
152,56061335
153,327059582
154,3423459
155,6009901
156,58042
157,5744117
158,12658
159,383622
160,1845400
161,58247291
162,1553139
163,1205653
164,10187176
165,66412
166,7297552
167,327509
168,875062
169,174242
170,1892055
171,51233351
172,10748512
173,51233351
174,241529
175,1363
176,114409
177,3127895
178,3058445
179,875062
180,541720
181,9730494
182,103687075
183,96146
184,1097820
185,8531715
186,2757057
187,17570793
188,921541
189,17377
190,18096298
191,457229
192,51233351
193,13574505
194,585974
195,385271
196,2559712
197,1818655
198,193890
199,824941
200,7734960
201,5913349
202,23996936
203,18555109
204,4169941
205,1363
206,1354142
207,14303318
208,701675
209,28385884
210,2626336
211,56492
212,2313078
213,333234
214,1845400
215,837302
216,165323
217,484059
218,2727638
219,368087
220,5511364
221,1388798
222,532064951
223,2042428
224,58247291
225,278512
226,1801589
227,93821039
228,14769549
229,14303318
230,31003998
231,1130675
232,14303318
233,1097365
234,984592
235,16302506
236,1080426
237,255952
238,1735029
239,2254145
240,634630
241,2103943
242,1082103
243,6009901
244,327294
245,681622
246,103687075
247,3127895
248,1125685
249,51970
250,4209686
251,385538
252,54997184
253,15972172
254,428741
255,526145
256,28385884
257,92163
258,586712
259,177202
260,1798869
261,2916153
262,132380
263,51052
264,19106526
265,6694824
266,3448426
267,1548122
268,18431790
269,2137720
270,21731
271,19585280
272,8593016
273,289084
274,465483
275,137351056
276,6621454
277,417185
278,86279
279,3058445
280,2453651
281,10629188
282,152665
283,177466560
284,6528225
285,6528225
286,148835
287,23383332
288,
289,1845400
290,66506589
291,1205653
292,27414136
293,1131711
294,362941
295,3320936
296,4143407
297,526145
298,348760
299,105349
300,672192
301,102604
302,189776
303,34042379
304,661809
305,1097365
306,960355
307,1361372
308,4637037
309,469057
310,8234
311,3191237
312,3293728
313,507521
314,9730494
315,2284841
316,173189
317,385290
318,18555109
319,22357255
320,7546554
321,19824361
322,711484
323,131689
324,28385884
325,2446639
326,755810
327,3529266
328,1651937
329,66506589
330,275292
331,7734960
332,3439623
333,58924275
334,1147501
335,60366
336,14303318
337,654542
338,22004229
339,9730494
340,270584
341,22265171
342,21421458
343,4637037
344,9730494
345,51233351
346,561550
347,2211842
348,103627
349,563258
350,378399
351,6821013
352,10187176
353,728714
354,6278901
355,2559712
356,3580709
357,1361372
358,1809
359,862426
360,117370
361,23996936
362,22357255
363,1966363
364,209551
365,737219
366,31003998
367,3055550
368,1997882
369,7610742
370,1980863
371,7297552
372,2393172
373,33668915
374,3711546
375,6230693
376,
377,
378,35121095
379,564754
380,327059582
381,1296397
382,6621454
383,107287
384,3708406
385,459404
386,499660
387,166119
388,206775
389,7546554
390,116742
391,5226334
392,318356
393,4209686
394,6528225
395,3423459
396,253507
397,23996936
398,5230507
399,229563
400,1534255
401,59963
402,51233351
403,1340310
404,339898
405,24872980
406,327059582
407,103687075
408,1798869
409,458588
410,11119
411,600791
412,1972907
413,3260621
414,9619
415,2010658
416,1584863
417,34042379
418,21422277
419,2137720
420,567700
421,9172795
422,1164322
423,2726936
424,137351463
425,9741944
426,6344399
427,32006
428,1287878
429,1875024
430,1597606
431,444469
432,7711881
433,103687075
434,1123446
435,564467
436,28801096
437,10539635
438,55409
439,129951
440,3058445
441,6528225
442,1966010
443,3423459
444,1980863
445,150524
446,96339072
447,2386840
448,17807397
449,23383332
450,863026
451,5128314
452,3303322
453,66407
454,9730494
455,405708
456,173401
457,18555109
458,1403424
459,5705696
460,318356
461,72598923
462,7734960
463,10539635
464,9730494
465,2393172
466,2867902
467,2787031
468,99912
469,7827
470,351938
471,54997184
472,470623
473,21375538
474,10526650
475,1798869
476,23996936
477,371175
478,5705696
479,103687075
480,547284
481,12732078
482,34942061
483,12223086
484,136202
485,18555109
486,4115309
487,735205
488,4451047
489,195055
490,4973780
491,35210
492,6528225
493,33668915
494,1164322
495,2705713
496,51233351
497,28385884
498,482238
499,6528225
500,6621454
501,13624857
502,63592770
503,8815803
504,890080
505,2727900
506,4205549
507,5958254
508,484059
509,594852
510,1892566
511,23996936
512,38417
513,1295480
514,15252691
515,512542
516,103439
517,209133
518,13574505
519,137351463
520,8164779
521,22357255
522,212495
523,532064951
524,2877915
525,3009148
526,21649648
527,8438670
528,6278901
529,2726936
530,1045881
531,5900505
532,379596
533,117370
534,16960185
535,8089106
536,9258033
537,6230693
538,
539,145114464
540,18095624
541,28385884
542,10187176
543,9730494
544,657
545,103687075
546,28385884
547,9258033
548,2718756
549,976675
550,8853749
551,212273
552,6390103
553,93821039
554,424314
555,10187176
556,15573
557,927388
558,146305
559,406421
560,4766645
561,5324567
562,2931252
563,66165427
564,3009814
565,10187176
566,18096298
567,17807397
568,2021290
569,226759
570,24872980
571,6009901
572,28385884
573,145579
574,4798
575,7734960
576,4451047
577,330185
578,8593016
579,54997184
580,255098
581,14303318
582,507309
583,4284
584,33668915
585,3711546
586,17807397
587,2708617
588,371175
589,149859
590,58924275
591,4619961
592,23996936
593,17807397
594,3836866
595,51233351
596,17807397
597,28385884
598,189018
599,1184138
600,7546554
601,177466560
602,1097016
603,6086887
604,494180
605,28385884
606,5457047
607,8593016
608,168865
609,408703
610,9730494
611,3581207
612,160776
613,532064951
614,753999
615,512930
616,1123446
617,589092
618,1220091
619,7734960
620,146807
621,137351056
622,74013
623,1557783
624,6009901
625,2708617
626,19803208
627,978215
628,14303318
629,4024985
630,658116
631,192634
632,58924275
633,17203974
634,2137720
635,66165427
636,327059582
637,100177
638,532064951
639,28801096
640,532064951
641,18096298
642,4781234
643,178873
644,1980863
645,3529266
646,1246148
647,2223367
648,482238
649,192966
650,30043
651,316928
652,51233351
653,314017
654,771388
655,21422277
656,58924275
657,24666
658,10187176
659,1478345
660,23996936
661,
662,78913606
663,1170462
664,1277717
665,501289
666,1557783
667,32319
668,189018
669,34042379
670,909546
671,1097820
672,3042924
673,1006438
674,284672
675,4372519
676,379915
677,670766
678,23996936
679,19334377
680,34042379
681,701675
682,532064951
683,1961501
684,58924275
685,48008
686,126802
687,5460407
688,494180
689,796440
690,19585280
691,17570793
692,63592770
693,1472931
694,683676
695,9730494
696,4892567
697,12188102
698,899766
699,805759
700,103687075
701,4024985
702,970132
703,7091598
704,103687075
705,145114464
706,13232892
707,103687075
708,69807918
709,3711546
710,1740846
711,6086887
712,94953
713,6528225
714,3009148
715,1040184
716,96339072
717,990604
718,1326405
719,287816
720,17807397
721,25344802
722,533251
723,28385884
724,23996936
725,327294
726,192987
727,13624857
728,1249096
729,
730,1966155
731,125601
732,9346
733,2689979
734,4143407
735,601922
736,6528225
737,2974639
738,428362
739,5860478
740,3258009
741,281945
742,18096298
743,1935735
744,122013
745,561971
746,14303318
747,1711339
748,253892
749,28385884
750,583198
751,8438670
752,883285
753,365901
754,54997184
755,5261435
756,15570535
757,3825616
758,5128314
759,23383332
760,
761,3580709
762,945881
763,2787031
764,177466560
765,2226671
766,337501
767,2385859
768,1246519
769,86476
770,1524483
771,34942061
772,9730494
773,1542551
774,985894
775,17570793
776,8089106
777,1008831
778,4637037
779,532064951
780,2727638
781,137351463
782,111439
783,2010459
784,7078968
785,1597606
786,1159817
787,33668915
788,15570535
789,21649648
790,8164779
791,41794
792,532064951
793,1045881
794,19585280
795,19334377
796,1995497
797,145114464
798,4205549
799,189453
800,
801,49179
802,1066445
803,532064951
804,24872980
805,1190527
806,216102
807,35169223
808,15419638
809,99912
810,1660032
811,2746286
812,10187176
813,1892055
814,1540409
815,63592770
816,532064951
817,6230693
818,6177
819,129047
820,17570793
821,23996936
822,670766
823,1740846
824,3711546
825,110844
826,5705696
827,818409
828,7546554
829,1055155
830,2183073
831,6009901
832,551427
833,1082103
834,1277717
835,4950542
836,395874
837,6528225
838,363537
839,137351463
840,135513
841,23996936
842,7734960
843,876750
844,1032184
845,28385884
846,158039
847,58924275
848,3015055
849,163627
850,417618
851,90747
852,808766
853,327059582
854,1220091
855,514937
856,2313078
857,5128314
858,33668915
859,17807397
860,15570535
861,215000
862,1772431
863,42910278
864,256022
865,504162
866,532064951
867,64428
868,51233351
869,3581207
870,4115309
871,4204947
872,327059582
873,5958254
874,407829
875,6009901
876,327059582
877,683128
878,58247291
879,1055155
880,7711881
881,23996936
882,21421458
883,645816
884,711484
885,7734960
886,305356
887,960571
888,17638006
889,9730494
890,532064951
891,1377972
892,23996936
893,1184138
894,6487954
895,3222560
896,10187176
897,6246878
898,280726
899,204600
900,16900883
901,17663397
902,8531715
903,4853159
904,1032049
905,102290
906,395856
907,193890
908,2671859
909,289084
910,1236452
911,7546554
912,6230693
913,35169223
914,1572014
915,199263
916,169537
917,202604
918,96340863
919,33668915
920,7734960
921,3581207
922,7723897
923,561971
924,310924
925,149859
926,1798869
927,532064951
928,633397
929,21422277
930,23996936
931,1418114
932,23996936
933,5860478
934,9730494
935,8733682
936,19803208
937,3258009
938,103687075
939,1190527
940,7734960
941,138887
942,58924275
943,883504
944,34042379
945,17638006
946,200336
947,6528225
948,173615
949,54997184
950,18555109
951,31884
952,876750
953,14303318
954,5860478
955,876750
956,781651
957,363508
958,2727638
959,3258009
960,7011
961,785068
962,1972907
963,809524
964,1242065
965,1147501
966,1220431
967,40562982
968,21422277
969,2613061
970,6086887
971,529981
972,1845400
973,701675
974,2974639
975,33668915
976,3100701
977,58924275
978,6694824
979,4892567
980,63592770
981,543764
982,3048641
983,119828
984,532064951
985,3357110
986,3580699
987,1141023
988,8198852
989,1073584
990,8198852
991,2727638
992,3448426
993,11574
994,1798869
995,1961501
996,9435795
997,176536
998,19585280
999,671186
1000,17663397
1001,70209
1002,532064951
1003,3886679
1004,1236452
1005,82949
1006,58924275
1007,42109
1008,1818655
1009,116709
1010,2226671
1011,3423459
1012,22004229
1013,2559712
1014,579814
1015,6528225
1016,2657942
1017,2517192
1018,28385884
1019,18555109
1020,143281597
1021,3529266
1022,55728
1023,391385
1024,145114464
1025,303789
1026,132030717
1027,17807397
1028,21421458
1029,528330
1030,589092
1031,199204
1032,980760
1033,785826
1034,3260621
1035,2657942
1036,58924275
1037,1415735
1038,30021
1039,716609
1040,327059582
1041,369792
1042,1123446
1043,2018906
1044,3439623
1045,216102
1046,169447
1047,6821013
1048,23996936
1049,18779
1050,146807
1051,996829
1052,1375673
1053,2657942
1054,11081
1055,953195
1056,103687075
1057,96339072
1058,2746286
1059,199204
1060,33668915
1061,129047
1062,83828
1063,2114867
1064,58247291
1065,4205549
1066,3521379
1067,3200709
1068,690335
1069,361877
1070,327059582
1071,6230693
1072,2974639
1073,213910
1074,3932137
1075,1057312
1076,9268487
1077,2825385
1078,5744117
1079,137351463
1080,298324
1081,6343276
1082,370107
1083,1008831
1084,2516873
1085,17203974
1086,26197
1087,13574505
1088,14303318
1089,2612228
1090,412575
1091,4451047
1092,2867902
1093,359766
1094,22570
1095,532064951
1096,1634767
1097,16960185
1098,5414588
1099,3015055
1100,2578104
1101,18096298
1102,5324567
1103,158062
1104,6487954
1105,54997184
1106,1506090
1107,21649648
1108,2046326
1109,113162
1110,28516
1111,10910681
1112,3355981
1113,23996936
1114,430575
1115,14003823
1116,54997184
1117,2034597
1118,746455
1119,1131711
1120,196209
1121,2708617
1122,169571
1123,8815803
1124,3132142
1125,3708406
1126,1402544
1127,672192
1128,268393
1129,856749
1130,2042428
1131,22265171
1132,17203974
1133,177466560
1134,66520
1135,829433
1136,1735029
1137,8593016
1138,398276
1139,1495008
1140,22004229
1141,771388
1142,17807397
1143,7297552
1144,58924275
1145,1539139
1146,718964
1147,
1148,9730494
1149,3448426
1150,154495
1151,154154
1152,745304
1153,1822073
1154,2689979
1155,1972907
1156,793354
1157,770495
1158,215000
1159,244049
1160,4335510
1161,1397946
1162,3707120
1163,327059582
1164,2613061
1165,876750
1166,4781234
1167,11046
1168,936106
1169,6528225
1170,2034597
1171,2974639
1172,2671859
1173,1214692
1174,18555109
1175,4639419
1176,4355470
1177,149041
1178,1412577
1179,4205549
1180,8136063
1181,215551
1182,9258033
1183,34042379
1184,7734960
1185,449168
1186,17570793
1187,680767
1188,940986
1189,39602
1190,1403967
1191,422134
1192,5230507
1193,43428
1194,196513
1195,831334
1196,1883991
1197,2613061
1198,10187176
1199,34942061
1200,543764
1201,1966010
1202,862415
1203,3127895
1204,23996936
1205,33668915
1206,364961
1207,17807397
1208,7734960
1209,14303318
1210,5860478
1211,107007
1212,422354
1213,755810
1214,2878430
1215,950973
1216,2474109
1217,207141
1218,33668915
1219,12223086
1220,7734960
1221,4781234
1222,7734960
1223,93015
1224,1427221
1225,355127
1226,425023
1227,3522129
1228,6656488
1229,4781234
1230,14303318
1231,5860478
1232,132030717
1233,328854
1234,337446
1235,151520
1236,132219
1237,89478
1238,14303318
1239,24872980
1240,3864675
1241,1844310
1242,126769
1243,17807397
1244,709681
1245,22265171
1246,536414
1247,15570535
1248,58924275
1249,176988
1250,5414588
1251,177466560
1252,183691
1253,17570793
1254,93821039
1255,58247291
1256,24872980
1257,180644
1258,113722
1259,
1260,7297552
1261,532064951
1262,1801589
1263,6086887
1264,1514500
1265,42938
1266,8136063
1267,2165475
1268,785826
1269,9443276
1270,165472
1271,2226671
1272,480653
1273,24634
1274,21649648
1275,996829
1276,917364
1277,10983902
1278,2726936
1279,948351
1280,93064
1281,4205549
1282,1801589
1283,365797
1284,2746286
1285,3326016
1286,105795
1287,19824361
1288,9741944
1289,348209
1290,6621454
1291,54997184
1292,123022
1293,903735
1294,242679
1295,443095
1296,227897
1297,1868650
1298,2746286
1299,875062
1300,7297552
1301,72402
1302,1042430
1303,266459
1304,1427221
1305,8438670
1306,9730494
1307,40562982
1308,1552450
1309,3711546
1310,4169941
1311,33668915
1312,876750
1313,494444
1314,105866
1315,72598923
1316,15570535
1317,1053628
1318,289084
1319,30033991
1320,23996936
1321,305356
1322,23996936
1323,60366
1324,19585280
1325,58924275
1326,241311
1327,1069671
1328,6888849
1329,19585280
1330,2746286
1331,102604
1332,64935
1333,532064951
1334,3009148
1335,305076
1336,8164779
1337,86218
1338,2974639
1339,430575
1340,229695
1341,18431790
1342,7734960
1343,5414588
1344,17877
1345,254533
1346,536414
1347,23996936
1348,9172795
1349,18555109
1350,533656
1351,2114867
1352,66165427
1353,23996936
1354,1427221
1355,118028
1356,66165427
1357,724187
1358,2473285
1359,761729
1360,3809615
1361,3055550
1362,3864675
1363,589092
1364,3711546
1365,1892566
1366,7734960
1367,49858736
1368,1032184
1369,145114464
1370,17807397
1371,6009901
1372,32846
1373,1892566
1374,430575
1375,24634
1376,11249696
1377,6573876
1378,1800490
1379,4637037
1380,3787635
1381,1866681
1382,1037678
1383,445752
1384,36296
1385,863530
1386,17828
1387,1835597
1388,702097
1389,1397946
1390,3291115
1391,327242
1392,499963
1393,23996936
1394,23996936
1395,4766645
1396,2165475
1397,40562982
1398,137351056
1399,1296302
1400,132030717
1401,72598923
1402,38417
1403,96340863
1404,21421458
1405,455111
1406,965573
1407,628269
1408,1420490
1409,1032184
1410,405708
1411,104289
1412,47024504
1413,446872
1414,129232
1415,18555109
1416,2519061
1417,14303318
1418,23996936
1419,19334377
1420,177466560
1421,30021
1422,1003770
1423,173189
1424,13713
1425,69807918
1426,22265171
1427,834250
1428,2705713
1429,93821039
1430,199263
1431,2386840
1432,12732078
1433,28385884
1434,96339072
1435,1055155
1436,2613061
1437,1220431
1438,327059582
1439,10187176
1440,3009148
1441,12195
1442,1789444
1443,683128
1444,9730494
1445,9741944
1446,143281597
1447,1995497
1448,270191
1449,19824361
1450,5414588
1451,14854418
1452,345487
1453,454791
1454,1055155
1455,856475
1456,7734960
1457,528883
1458,5324567
1459,4619961
1460,3707120
1461,18555109
1462,1361372
1463,69798242
1464,270247
1465,2689979
1466,521061
1467,227819
1468,6344399
1469,9730494
1470,532064951
1471,1359783
1472,177466560
1473,305585
1474,737289
1475,2137720
1476,5705696
1477,23996936
1478,121901
1479,446445
1480,3009148
1481,34898240
1482,28385884
1483,6246878
1484,778523
1485,2718756
1486,124149
1487,264203
1488,72598923
1489,2137997
1490,1235544
1491,2165475
1492,184470
1493,1688846
1494,14854418
1495,552734
1496,5490191
1497,28385884
1498,169884
1499,616778
1500,1296302
1501,7735813
1502,482546
1503,8593016
1504,5860478
1505,10983902
1506,58924275
1507,15419638
1508,177466560
1509,33668915
1510,209133
1511,908484
1512,12223086
1513,9443276
1514,129047
1515,543764
1516,68667
1517,137351463
1518,2746286
1519,2737945
1520,6230693
1521,30033991
1522,17203974
1523,103687075
1524,23996936
1525,6009901
1526,3260621
1527,352201
1528,6086887
1529,214973
1530,23996936
1531,28385884
1532,2385859
1533,126938
1534,4637037
1535,235904
1536,1064218
1537,6230693
1538,122213
1539,733367
1540,3059
1541,110629
1542,5511364
1543,12732078
1544,66506589
1545,2212399
1546,1769666
1547,132030717
1548,97999
1549,189018
1550,364794
1551,7711881
1552,18555109
1553,4493280
1554,34942061
1555,241474
1556,14303318
1557,2062585
1558,418638
1559,69772
1560,42109
1561,1055155
1562,3009148
1563,136202
1564,23996936
1565,4205549
1566,64986
1567,
1568,66506589
1569,2746286
1570,7734960
1571,551427
1572,572520
1573,22004229
1574,2757845
1575,3055550
1576,327059582
1577,787078
1578,28385884
1579,753999
1580,23996936
1581,162584
1582,7734960
1583,307739
1584,25757
1585,183320
1586,4451047
1587,9258033
1588,8136063
1589,66506589
1590,7078968
1591,35121095
1592,103687075
1593,3825616
1594,893026
1595,12195
1596,5759140
1597,31003998
1598,13574505
1599,125006
1600,78913606
1601,1159817
1602,72598923
1603,45135
1604,19824361
1605,2727638
1606,9730494
1607,23996936
1608,2265847
1609,996829
1610,42910278
1611,147952
1612,2604594
1613,6690239
1614,1120322
1615,4178839
1616,5705696
1617,2877915
1618,650650
1619,7734960
1620,2018906
1621,18555109
1622,3836866
1623,54997184
1624,1911344
1625,371175
1626,794627
1627,66506589
1628,58924275
1629,23996936
1630,499660
1631,1153973
1632,1772431
1633,1055155
1634,150524
1635,1798869
1636,4637037
1637,54537
1638,
1639,33668915
1640,24872980
1641,2705713
1642,6278901
1643,439631
1644,1185650
1645,19824361
1646,24312
1647,1966155
1648,25398
1649,1524483
1650,2727638
1651,17888
1652,63014
1653,12508
1654,7735813
1655,159277
1656,6528225
1657,26805
1658,1894745
1659,19803208
1660,184081
1661,69807918
1662,1003770
1663,1740846
1664,834207
1665,6230693
1666,152665
1667,3439623
1668,1363
1669,1627512
1670,14303318
1671,58924275
1672,6576843
1673,1296302
1674,737289
1675,1599106
1676,1966010
1677,1123446
1678,2042428
1679,603359
1680,91336
1681,528883
1682,883285
1683,2718756
1684,33668915
1685,7711881
1686,164321
1687,17807397
1688,19824361
1689,24872980
1690,23996936
1691,2010658
1692,103687075
1693,164321
1694,1997882
1695,214710
1696,245083
1697,282197
1698,1009888
1699,143281597
1700,66506589
1701,35121095
1702,1597606
1703,403945
1704,
1705,532064951
1706,2726936
1707,116547
1708,207141
1709,7734960
1710,405708
1711,2757057
1712,1845400
1713,71556
1714,5958254
1715,94953
1716,14303318
1717,728542
1718,1153973
1719,212273
1720,4272720
1721,1214692
1722,1364381
1723,32236994
1724,635606
1725,3825616
1726,66165427
1727,8531715
1728,1277717
1729,6009901
1730,3258009
1731,426884
1732,1055155
1733,17807397
1734,363107
1735,1892566
1736,16791185
1737,13574505
1738,103687075
1739,2878430
1740,28385884
1741,30033991
1742,9435795
1743,1884382
1744,93971
1745,1911344
1746,672192
1747,22249
1748,785826
1749,927388
1750,14854418
1751,10748512
1752,452884
1753,2211840
1754,2440118
1755,2165475
1756,327059582
1757,1685879
1758,14303318
1759,200352
1760,1572014
1761,28385884
1762,1972907
1763,102290
1764,7686
1765,12083
1766,137351463
1767,1584863
1768,17570793
1769,33668915
1770,493487
1771,58924275
1772,18095624
1773,93821039
1774,54997184
1775,6086887
1776,1502514
1777,2737945
1778,6230693
1779,33668915
1780,23996936
1781,586712
1782,
1783,24198
1784,254699
1785,51233351
1786,6246878
1787,391385
1788,24872980
1789,21695
1790,668826
1791,1057312
1792,1221683
1793,66284
1794,4143407
1795,14303318
1796,4115309
1797,6230693
1798,66165427
1799,1237098
1800,457774
1801,1966155
1802,3806466
1803,54262
1804,2313078
1805,3357110
1806,1003770
1807,186583
1808,1220431
1809,138887
1810,44857
1811,13574505
1812,215551
1813,1060761
1814,34898240
1815,137351056
1816,2718756
1817,1053628
1818,1082103
1819,2211842
1820,532064951
1821,3357110
1822,17203974
1823,2309219
1824,13624857
1825,6086887
1826,603101
1827,367604
1828,6086887
1829,3580699
1830,1055155
1831,51233351
1832,132030717
1833,3529266
1834,1340310
1835,189171
1836,385966
1837,2754398
1838,47024504
1839,2471059
1840,103687075
1841,12732078
1842,104703
1843,13574505
1844,2246473
1845,18096298
1846,32236994
1847,25344802
1848,51233351
1849,1097016
1850,414161
1851,146885
1852,6576843
1853,19585280
1854,5128314
1855,212495
1856,96339072
1857,107007
1858,23996936
1859,2974639
1860,7011
1861,1480984
1862,227897
1863,6390103
1864,137351463
1865,239542
1866,532064951
1867,327059582
1868,58924275
1869,532064951
1870,60756
1871,193890
1872,728542
1873,90892
1874,30229
1875,5705696
1876,697550
1877,4549231
1878,1492367
1879,31003998
1880,1082103
1881,9741944
1882,654542
1883,23996936
1884,793354
1885,17807397
1886,23370644
1887,6528225
1888,337614
1889,541334
1890,2393172
1891,16960185
1892,2737945
1893,6573876
1894,24198
1895,19585280
1896,1688846
1897,3423459
1898,135161
1899,28385884
1900,8136063
1901,104095
1902,1300431
1903,426884
1904,35121095
1905,3806466
1906,143281597
1907,22357255
1908,14303318
1909,51233351
1910,501289
1911,7297552
1912,1997882
1913,1055155
1914,2114178
1915,143281597
1916,916686
1917,24872980
1918,23996936
1919,177466560
1920,7011
1921,66165427
1922,1287047
1923,17807397
1924,4205549
1925,929098
1926,1219774
1927,30750093
1928,3439623
1929,10539635
1930,17402
1931,30453
1932,561971
1933,579432
1934,167366
1935,1164322
1936,94999
1937,33668915
1938,1120322
1939,146298
1940,395525
1941,101174
1942,43988
1943,762684
1944,122213
1945,5860478
1946,4209686
1947,265259
1948,1599106
1949,7734960
1950,1822073
1951,236683
1952,14303318
1953,8438670
1954,148862
1955,441264
1956,25344802
1957,1045881
1958,1845400
1959,1351471
1960,862238
1961,19585280
1962,203100
1963,1060191
1964,278971
1965,23996936
1966,2471059
1967,22357255
1968,776600
1969,551427
1970,51233351
1971,58247291
1972,1364381
1973,51233351
1974,22265171
1975,3864675
1976,8164779
1977,3932137
1978,1735029
1979,465483
1980,1548122
1981,200352
1982,9268487
1983,565359
1984,140174
1985,147952
1986,1514500
1987,856475
1988,632365
1989,532064951
1990,51134
1991,25344802
1992,2718756
1993,466277
1994,532064951
1995,3864675
1996,1042430
1997,6009901
1998,1278519
1999,796440
2000,1418114
2001,165869
2002,5900505
2003,1919407
2004,116547
2005,1443377
2006,177466560
2007,2894150
2008,6694824
2009,1997882
2010,3673413
2011,96340863
2012,270566
2013,1427221
2014,1828845
2015,2014620
2016,30034417
2017,109196
2018,
2019,2034597
2020,19803208
2021,785068
2022,650030
2023,523269
2024,9741944
2025,7734960
2026,385966
2027,1008831
2028,17203974
2029,1220431
2030,2727900
2031,23996936
2032,28385884
2033,380485
2034,1798869
2035,96340863
2036,2727900
2037,80053
2038,112952
2039,1607761
2040,1540409
2041,51233351
2042,28385884
2043,414161
2044,4549231
2045,1867044
2046,1151767
2047,3581207
2048,2612228
2049,85301
2050,137351463
2051,440173
2052,1801589
2053,23996936
2054,474695
2055,1001431
2056,970132
2057,5900505
2058,72598923
2059,306893
2060,424572
2061,7734960
2062,190688
2063,18555109
2064,3068882
2065,9671441
2066,23996936
2067,177466560
2068,101411
2069,17203974
2070,7297552
2071,428362
2072,2964919
2073,96340863
2074,1845400
2075,6821013
2076,259138
2077,33668915
2078,58247291
2079,77305
2080,328854
2081,469683
2082,1789444
2083,7091598
2084,14003823
2085,3825616
2086,559937
2087,2014620
2088,321898
2089,1287878
2090,1542551
2091,532064951
2092,521061
2093,2018906
2094,6390103
2095,5900505
2096,208690
2097,327059582
2098,634630
2099,395290
2100,12188102
2101,460336
2102,5900505
2103,122344
2104,853515
2105,2265847
2106,2137720
2107,4451047
2108,33668915
2109,7734960
2110,5744117
2111,4355470
2112,19106526
2113,5913349
2114,541720
2115,2657942
2116,1659205
2117,3787635
2118,28385884
2119,18555109
2120,2708617
2121,945881
2122,3581207
2123,2446639
2124,210766
2125,579814
2126,1818655
2127,33668915
2128,54997184
2129,328550
2130,66506589
2131,3529266
2132,47024504
2133,329615
2134,191898
2135,532064951
2136,1340310
2137,514937
2138,2240752
2139,190774
2140,96339072
2141,351938
2142,1735029
2143,592471
2144,17203974
2145,156896
2146,635602
2147,66506589
2148,9741944
2149,1892566
2150,1911344
2151,326221
2152,121934
2153,2787031
2154,1892566
2155,9443276
2156,35121095
2157,5128314
2158,51904
2159,970132
2160,1412577
2161,1263575
2162,342471
2163,1164322
2164,58924275
2165,555393
2166,781651
2167,532064951
2168,490661
2169,295820
2170,9258033
2171,528330
2172,49858736
2173,909257
2174,6390103
2175,6086887
2176,23996936
2177,24872980
2178,51233351
2179,9741944
2180,1329755
2181,5744117
2182,190029
2183,4205549
2184,927388
2185,129951
2186,28385884
2187,297284
2188,51233351
2189,970132
2190,909546
2191,9730494
2192,66165427
2193,51233351
2194,363412
2195,1584863
2196,559937
2197,13574505
2198,28385884
2199,413341
2200,9730494
2201,143281597
2202,51233351
2203,3787635
2204,556537
2205,2708617
2206,2479627
2207,40427370
2208,5744117
2209,6528225
2210,310681
2211,81330
2212,327059582
2213,403334
2214,603207
2215,899766
2216,1220431
2217,863026
2218,137351056
2219,127495
2220,383491
2221,17570793
2222,162584
2223,5414588
2224,103687075
2225,45664
2226,103687075
2227,18095624
2228,3834373
2229,19281829
2230,430175
2231,1597606
2232,577824
2233,1364381
2234,90930
2235,91182
2236,90531
2237,33668915
2238,206312
2239,532064951
2240,195496
2241,18555109
2242,5744117
2243,19334377
2244,1333
2245,145571
2246,7734960
2247,1242065
2248,1659374
2249,33668915
2250,1246148
2251,514937
2252,597905
2253,2471059
2254,14303318
2255,178955
2256,3132142
2257,17807397
2258,8234
2259,1798869
2260,2689979
2261,96340863
2262,3439623
2263,1242065
2264,174242
2265,1296397
2266,33668915
2267,1961501
2268,2040522
2269,6621454
2270,10748512
2271,262787
2272,34898240
2273,169884
2274,5900505
2275,5744117
2276,3529266
2277,3711546
2278,1007171
2279,102290
2280,279972
2281,2471059
2282,1375673
2283,
2284,21649648
2285,23996936
2286,21649648
2287,1935735
2288,868459
2289,36092
2290,17203974
2291,74885
2292,137351463
2293,1966155
2294,18555109
2295,9395
2296,305585
2297,54997184
2298,369833
2299,16302506
2300,66165427
2301,5511364
2302,47293
2303,189825
2304,63592770
2305,12223086
2306,1798869
2307,6278901
2308,408562
2309,56682
2310,709681
2311,1735433
2312,931487
2313,927936
2314,385966
2315,762116
2316,306761
2317,2727638
2318,528970
2319,1735433
2320,1153973
2321,2919747
2322,501289
2323,7546554
2324,19803208
2325,6086887
2326,54997184
2327,35121095
2328,2021290
2329,1131711
2330,156589
2331,63592770
2332,54997184
2333,33668915
2334,372663
2335,54251
2336,23370644
2337,593902
2338,23996936
2339,422354
2340,143281597
2341,35121095
2342,106729
2343,1427221
2344,892069
2345,482238
2346,12793807
2347,4205549
2348,115789
2349,3015055
2350,1599106
2351,25344802
2352,1402544
2353,9435795
2354,18555109
2355,
2356,58247291
2357,363107
2358,1514500
2359,51233351
2360,28385884
2361,31644
2362,262627
2363,1789444
2364,652965
2365,34042379
2366,3580699
2367,2010658
2368,8943887
2369,1935735
2370,93821039
2371,51233351
2372,18095624
2373,58924275
2374,1375673
2375,33668915
2376,4451047
2377,327059582
2378,883504
2379,863026
2380,305585
2381,3191237
2382,587085
2383,2705713
2384,61939
2385,108916
2386,327059582
2387,1980863
2388,6390103
2389,66165427
2390,646753
2391,327059582
2392,9258033
2393,2240752
2394,29308
2395,536685
2396,8593016
2397,10983902
2398,259914
2399,1490987
2400,137351056
2401,9730494
2402,5705696
2403,18555109
2404,189018
2405,8198852
2406,1263575
2407,424285
2408,9730494
2409,556537
2410,78913606
2411,2718756
2412,5744117
2413,4205549
2414,
2415,4892567
2416,54997184
2417,1471524
2418,9435795
2419,2265525
2420,88754
2421,
2422,7734960
2423,19803208
2424,19334377
2425,1069671
2426,577824
2427,327059582
2428,2612228
2429,54997184
2430,6230693
2431,360557
2432,2657942
2433,7734960
2434,50076
2435,82834
2436,1798869
2437,177466560
2438,699200
2439,1205322
2440,1173512
2441,2441723
2442,137351463
2443,7297552
2444,25344802
2445,163712
2446,6246878
2447,547284
2448,12732078
2449,54997184
2450,18555109
2451,241529
2452,1131711
2453,34317525
2454,151520
2455,376088
2456,5759140
2457,16923
2458,15570535
2459,15570535
2460,40107
2461,7723897
2462,5860478
2463,90892
2464,7734960
2465,538258
2466,2894150
2467,17570793
2468,9730494
2469,1439563
2470,19824361
2471,65597
2472,1295480
2473,171776
2474,28385884
2475,88436
2476,3711546
2477,126802
2478,172469
2479,333998
2480,1073584
2481,464549
2482,1439563
2483,459066
2484,2240752
2485,1068927
2486,1402544
2487,129826
2488,701675
2489,58924275
2490,980760
2491,145374
2492,593902
2493,1584863
2494,28385884
2495,308610
2496,883504
2497,177466560
2498,509327
2499,6009901
2500,1032049
2501,491300
2502,1190527
2503,345487
2504,2114178
2505,13232892
2506,502232
2507,66165427
2508,150524
2509,400959
2510,53547851
2511,1006438
2512,736026
2513,4099510
2514,1959355
2515,277346
2516,22265171
2517,546069
2518,5900505
2519,17638006
2520,6009901
2521,589743
2522,1242065
2523,28385884
2524,9730494
2525,528388
2526,446445
2527,9730494
2528,654542
2529,3191237
2530,1375216
2531,13574505
2532,64905
2533,661809
2534,4205549
2535,6304159
2536,9730494
2537,1966363
2538,600791
2539,1402544
2540,6727669
2541,92163
2542,146298
2543,240795
2544,27905
2545,6821013
2546,34016
2547,58247291
2548,145114464
2549,3529266
2550,1231117
2551,3326016
2552,422354
2553,100177
2554,215551
2555,7610742
2556,15252691
2557,9172795
2558,5654745
2559,9741944
2560,150497
2561,12188102
2562,96340863
2563,64818
2564,175322
2565,9060727
2566,5958254
2567,58924275
2568,1735433
2569,814574
2570,105795
2571,5759140
2572,40562982
2573,23996936
2574,543764
2575,2212399
2576,746455
2577,137351056
2578,4672690
2579,371175
2580,49911474
2581,261889
2582,23996936
2583,365901
2584,2450411
2585,33668915
2586,2708617
2587,10539635
2588,1892566
2589,2810327
2590,100169
2591,2450411
2592,33668915
2593,887778
2594,10539635
2595,17807397
2596,169407
2597,54997184
2598,21422277
2599,23996936
2600,56061335
2601,4637037
2602,93821039
2603,3320936
2604,1060191
2605,178540
2606,9346
2607,3886679
2608,23996936
2609,11119
2610,561971
2611,529204
2612,685816
2613,1789444
2614,6656488
2615,330742
2616,5414588
2617,2010459
2618,137351463
2619,86279
2620,67829
2621,5958254
2622,2690530
2623,728714
2624,140838
2625,3222560
2626,494444
2627,2014146
2628,25344802
2629,2974639
2630,9435795
2631,6528225
2632,603207
2633,58247291
2634,360557
2635,156589
2636,3332222
2637,6390103
2638,46492
2639,4380136
2640,58924275
2641,10748512
2642,54997184
2643,49911474
2644,3836866
2645,9477503
2646,1356348
2647,308095
2648,167608
2649,6888849
2650,1097365
2651,327059582
2652,5490191
2653,1350706
2654,160316
2655,12732078
2656,23996936
2657,35121095
2658,143281597
2659,1980863
2660,3932137
2661,6573876
2662,3009148
2663,1142122
2664,3423459
2665,603704
2666,232118
2667,23996936
2668,1966155
2669,132916
2670,137351056
2671,414161
2672,14303318
2673,53547851
2674,2726936
2675,270247
2676,28385884
2677,195496
2678,308238
2679,1132221
2680,1418114
2681,200440
2682,66506589
2683,6009901
2684,15570535
2685,955056
2686,5575262
2687,327059582
2688,2450411
2689,622641
2690,486340
2691,15419638
2692,15252691
2693,2657942
2694,132030717
2695,28385884
2696,18096298
2697,776600
2698,758085
2699,949616
2700,2726936
2701,173516
2702,953195
2703,177466560
2704,16923
2705,1845400
2706,4205549
2707,2878430
2708,2689979
2709,35121095
2710,17570793
2711,407829
2712,345623
2713,17807397
2714,1375673
2715,2313078
2716,4451047
2717,327059582
2718,208021
2719,690335
2720,23996936
2721,195467
2722,34042379
2723,683128
2724,504162
2725,2471059
2726,40562982
2727,1935735
2728,4024985
2729,51233351
2730,3423459
2731,17807397
2732,137351463
2733,54262
2734,23996936
2735,532064951
2736,2183073
2737,950973
2738,19585280
2739,3864675
2740,645816
2741,978215
2742,3132142
2743,8733682
2744,3529266
2745,10187176
2746,2019985
2747,2223367
2748,1660032
2749,63592770
2750,2727638
2751,51233351
2752,212036
2753,2103943
2754,7734960
2755,308273
2756,6230693
2757,49858736
2758,532064951
2759,16898156
2760,1802874
2761,138887
2762,6009901
2763,148992
2764,7723897
2765,174017
2766,287816
2767,9172795
2768,10582
2769,2754398
2770,2726936
2771,1388798
2772,4204947
2773,19824361
2774,7734960
2775,35121095
2776,2211842
2777,3009148
2778,529204
2779,4115309
2780,19987963
2781,329974
2782,51233351
2783,713396
2784,1883991
2785,2385859
2786,90892
2787,337652
2788,
2789,2657942
2790,17638006
2791,3258009
2792,91660
2793,1032049
2794,1296302
2795,2613061
2796,69798242
2797,2613061
2798,129047
2799,586712
2800,58247291
2801,14303318
2802,387646
2803,6528225
2804,93821039
2805,2393172
2806,1735912
2807,494180
2808,57189
2809,600791
2810,146885
2811,4205549
2812,594684
2813,108684
2814,1040184
2815,250784
2816,5744117
2817,774896
2818,63592770
2819,1089164
2820,709533
2821,51233351
2822,40057
2823,532064951
2824,132030717
2825,7734960
2826,57489
2827,2309219
2828,30034417
2829,364794
2830,1326405
2831,1032184
2832,227897
2833,787078
2834,261489
2835,18555109
2836,526145
2837,1060191
2838,23996936
2839,1242065
2840,90522
2841,96339072
2842,1822073
2843,1080160
2844,96340863
2845,59178
2846,620620
2847,2275143
2848,967284
2849,709533
2850,267333
2851,6390103
2852,64225
2853,1361372
2854,1057623
2855,1231117
2856,4786778
2857,204910
2858,25344802
2859,167831
2860,643482
2861,1173656
2862,
2863,430175
2864,533974
2865,1959355
2866,944042
2867,547284
2868,4099
2869,571018
2870,21421458
2871,63592770
2872,6694824
2873,1627512
2874,4355470
2875,2393172
2876,16189
2877,6694824
2878,8531715
2879,42894
2880,445752
2881,1484934
2882,1440858
2883,23370644
2884,82949
2885,23996936
2886,3836866
2887,4451047
2888,7734960
2889,58924275
2890,170494
2891,54997184
2892,32319
2893,11590
2894,5128314
2895,3580709
2896,54997184
2897,17807397
2898,18555109
2899,737289
2900,21507
2901,77641
2902,3200709
2903,2787031
2904,103687075
2905,17807397
2906,2042428
2907,3580699
2908,4372519
2909,75725
2910,19585280
2911,883285
2912,92563
2913,9730494
2914,122800
2915,19281829
2916,5958254
2917,1356348
2918,496951
2919,134693
2920,635602
2921,28385884
2922,391385
2923,940986
2924,247857
2925,533251
2926,4451047
2927,1397946
2928,145114464
2929,935815
2930,18096298
2931,445752
2932,831334
2933,143281597
2934,469462
2935,645816
2936,713396
2937,327059582
2938,191035
2939,50058
2940,100169
2941,2726936
2942,1803829
2943,922633
2944,2990115
2945,2517192
2946,22004229
2947,2062585
2948,457982
2949,33668915
2950,2657942
2951,17807397
2952,1295480
2953,5414588
2954,118915
2955,227453
2956,34042379
2957,1537816
2958,1089164
2959,3529266
2960,10582
2961,114409
2962,563457
2963,143418
2964,177466560
2965,289084
2966,175113
2967,6230693
2968,2727638
2969,25344802
2970,825681
2971,63180
2972,506389
2973,28385884
2974,2010658
2975,1153973
2976,6278901
2977,33668915
2978,15570535
2979,1607761
2980,2757845
2981,78913606
2982,3932137
2983,825681
2984,831334
2985,3529266
2986,7734960
2987,64352
2988,6230693
2989,8438670
2990,9443276
2991,51233351
2992,150908
2993,33668915
2994,578035
2995,6246878
2996,1444720
2997,1935735
2998,235904
2999,996639
3000,6528225
3001,19987963
3002,17807397
3003,1080160
3004,124848
3005,55792
3006,72631213
3007,28385884
3008,532064951
3009,8943887
3010,1205322
3011,8943887
3012,737219
3013,1972907
3014,2825385
3015,2727638
3016,1131711
3017,14303318
3018,330742
3019,362884
3020,254837
3021,47024504
3022,355127
3023,18096298
3024,1803829
3025,7723897
3026,54997184
3027,465757
3028,585872
3029,327242
3030,18555109
3031,21422277
3032,1883991
3033,1131711
3034,14303318
3035,310708
3036,33668915
3037,59963
3038,108916
3039,4853159
3040,138004
3041,645816
3042,33668915
3043,2226671
3044,1798869
3045,2042428
3046,90892
3047,30750093
3048,177466560
3049,5414588
3050,168451
3051,382409
3052,1678180
3053,215000
3054,428362
3055,3529266
3056,299792
3057,4493280
3058,5701392
3059,412485
3060,4639419
3061,3132142
3062,3127895
3063,6230693
3064,51233351
3065,3580709
3066,8593016
3067,21421458
3068,438414
3069,216100
3070,14303318
3071,85740
3072,66506589
3073,6343276
3074,287242
3075,5235375
3076,5457047
3077,
3078,892069
3079,4639419
3080,3260621
3081,8198852
3082,8943887
3083,3932137
3084,137351463
3085,135513
3086,990604
3087,140029
3088,33668915
3089,10539635
3090,4639419
3091,1537816
3092,861363
3093,9172795
3094,23996936
3095,15972172
3096,66165427
3097,6278901
3098,5575262
3099,9268487
3100,686869
3101,17203974
3102,7711881
3103,2964919
3104,1798869
3105,7734960
3106,33668915
3107,2657942
3108,18555109
3109,21422277
3110,2894150
3111,737289
3112,17807397
3113,1045881
3114,28385884
3115,19350
3116,33668915
3117,594852
3118,51233351
3119,3605933
3120,7711881
3121,22265171
3122,34042379
3123,1237098
3124,585974
3125,1326405
3126,28235
3127,19237860
3128,17570793
3129,223403
3130,2894150
3131,1122586
3132,589515
3133,53547851
3134,175211
3135,
3136,14303318
3137,19334377
3138,3825616
3139,23383332
3140,5506839
3141,10983902
3142,4205549
3143,785068
3144,12732078
3145,921541
3146,2116156
3147,683128
3148,498758
3149,254024
3150,2746286
3151,5705696
3152,2727638
3153,852759
3154,327059582
3155,8198852
3156,494444
3157,63592770
3158,24872980
3159,195055
3160,10748512
3161,17570793
3162,4024985
3163,2284841
3164,1440858
3165,145114464
3166,103687075
3167,879965
3168,63592770
3169,212655
3170,3258009
3171,532064951
3172,680767
3173,3864675
3174,909546
3175,3932137
3176,10983902
3177,1735029
3178,83293
3179,227897
3180,1556899
3181,683128
3182,297284
3183,17807397
3184,34016
3185,31003998
3186,2517192
3187,7735813
3188,9172795
3189,31607
3190,96340863
3191,6086887
3192,12925
3193,11171
3194,44603611
3195,66506589
3196,47024504
3197,58924275
3198,3127895
3199,62448
3200,303570
3201,6044678
3202,24872980
3203,105732
3204,96340863
3205,96339072
3206,1427221
3207,1677380
3208,6246878
3209,145114464
3210,15252691
3211,7734960
3212,3423459
3213,4619961
3214,493598
3215,72108
3216,43428
3217,1634767
3218,2446639
3219,
3220,297284
3221,145114464
3222,14193
3223,1294840
3224,1004462
3225,19334377
3226,4137683
3227,3711546
3228,18096298
3229,6390103
3230,3522129
3231,33668915
3232,14303318
3233,720917
3234,532064951
3235,18431790
3236,2705713
3237,3423459
3238,203606
3239,940986
3240,42910278
3241,54997184
3242,6278901
3243,14854418
3244,25344802
3245,4637037
3246,6528225
3247,2440118
3248,785826
3249,3293728
3250,27414136
3251,7297552
3252,1131711
3253,13574505
3254,809276
3255,3009814
3256,3522548
3257,593902
3258,2309219
3259,5860478
3260,1803829
3261,28385884
3262,58924275
3263,17807397
3264,54997184
3265,126938
3266,57189
3267,45586
3268,1242065
3269,85740
3270,337446
3271,24198
3272,9258033
3273,724983
3274,1980863
3275,978215
3276,22265171
3277,183806
3278,5511364
3279,2137997
3280,6246878
3281,327059582
3282,261489
3283,100169
3284,8838
3285,861691
3286,33668915
3287,140029
3288,1294491
3289,1420490
3290,23996936
3291,10187176
3292,2757845
3293,6528225
3294,532064951
3295,5913349
3296,19576234
3297,836297
3298,177202
3299,1356348
3300,183806
3301,638509
3302,39708
3303,1800490
3304,379597
3305,1607761
3306,237489
3307,2254145
3308,5460407
3309,199263
3310,1001431
3311,14303318
3312,327242
3313,100169
3314,465757
3315,6086887
3316,1364381
3317,256022
3318,177466560
3319,1063670
3320,2726936
3321,1361372
3322,9671441
3323,7610742
3324,2853160
3325,430575
3326,948351
3327,17203974
3328,1226759
3329,224244
3330,34042379
3331,4785543
3332,7091598
3333,162584
3334,143281597
3335,1818655
3336,210333
3337,532064951
3338,15252691
3339,1340310
