0,1
1,0
2,0
3,0
4,1
5,0
6,0
7,0
8,0
9,0
10,0
11,0
12,0
13,0
14,2
15,0
16,0
17,1
18,0
19,0
20,1
21,0
22,0
23,2
24,0
25,2
26,1
27,0
28,0
29,1
30,1
31,0
32,1
33,0
34,0
35,3
36,0
37,3
38,0
39,0
40,2
41,1
42,0
43,4
44,2
45,0
46,2
47,0
48,0
49,1
50,0
51,0
52,0
53,0
54,2
55,2
56,0
57,1
58,1
59,1
60,0
61,0
62,0
63,1
64,0
65,0
66,0
67,0
68,0
69,0
70,0
71,7
72,0
73,1
74,1
75,1
76,1
77,2
78,2
79,0
80,0
81,0
82,1
83,2
84,0
85,1
86,1
87,1
88,0
89,0
90,0
91,0
92,3
93,0
94,0
95,0
96,0
97,0
98,0
99,0
100,0
101,1
102,1
103,0
104,0
105,0
106,0
107,0
108,0
109,4
110,0
111,1
112,2
113,0
114,1
115,1
116,2
117,2
118,0
119,4
120,0
121,0
122,0
123,4
124,2
125,0
126,1
127,1
128,0
129,2
130,0
131,2
132,1
133,0
134,1
135,1
136,1
137,0
138,0
139,0
140,0
141,0
142,2
143,0
144,0
145,0
146,2
147,0
148,1
149,0
150,0
151,2
152,0
153,0
154,0
155,2
156,2
157,2
158,0
159,0
160,0
161,3
162,1
163,1
164,2
165,1
166,6
167,7
168,0
169,3
170,2
171,1
172,0
173,1
174,0
175,0
176,0
177,0
178,1
179,0
180,1
181,2
182,0
183,3
184,0
185,1
186,0
187,0
188,0
189,1
190,1
191,1
192,1
193,2
194,3
195,0
196,0
197,3
198,0
199,6
200,1
201,1
202,0
203,0
204,1
205,0
206,1
207,4
208,0
209,1
210,1
211,0
212,0
213,0
214,6
215,3
216,1
217,0
218,0
219,0
220,0
221,0
222,0
223,0
224,1
225,0
226,1
227,0
228,0
229,2
230,1
231,0
232,1
233,2
234,1
235,0
236,1
237,0
238,2
239,0
240,0
241,0
242,0
243,0
244,1
245,1
246,0
247,2
248,1
249,1
250,0
251,0
252,0
253,0
254,0
255,1
256,1
257,0
258,1
259,0
260,0
261,0
262,0
263,0
264,0
265,0
266,2
267,0
268,0
269,3
270,2
271,1
272,0
273,0
274,0
275,1
276,1
277,2
278,0
279,0
280,0
281,0
282,1
283,0
284,2
285,3
286,0
287,2
288,0
289,3
290,0
291,6
292,1
293,0
294,0
295,1
296,1
297,0
298,0
299,0
300,2
301,0
302,1
303,0
304,5
305,1
306,4
307,0
308,0
309,1
310,0
311,2
312,1
313,0
314,2
315,0
316,0
317,0
318,0
319,0
320,0
321,0
322,0
323,2
324,3
325,1
326,3
327,1
328,0
329,0
330,0
331,3
332,0
333,0
334,1
335,0
336,4
337,0
338,0
339,0
340,1
341,0
342,0
343,0
344,2
345,0
346,1
347,0
348,0
349,0
350,0
351,0
352,1
353,1
354,0
355,2
356,1
357,1
358,1
359,2
360,0
361,0
362,0
363,0
364,0
365,1
366,1
367,0
368,2
369,1
370,3
371,2
372,1
373,0
374,1
375,0
376,0
377,0
378,0
379,0
380,1
381,0
382,1
383,0
384,0
385,0
386,1
387,0
388,0
389,1
390,0
391,1
392,0
393,2
394,2
395,1
396,0
397,0
398,0
399,3
400,2
401,0
402,2
403,1
404,0
405,1
406,4
407,1
408,2
409,0
410,0
411,0
412,0
413,1
414,0
415,0
416,2
417,0
418,0
419,1
420,0
421,0
422,2
423,0
424,0
425,0
426,1
427,0
428,0
429,1
430,2
431,0
432,0
433,0
434,0
435,1
436,1
437,0
438,0
439,0
440,0
441,2
442,0
443,1
444,3
445,0
446,0
447,0
448,3
449,1
450,1
451,2
452,0
453,0
454,3
455,0
456,1
457,0
458,0
459,0
460,0
461,0
462,0
463,0
464,1
465,1
466,0
467,0
468,0
469,0
470,0
471,0
472,0
473,0
474,0
475,1
476,2
477,1
478,0
479,2
480,0
481,1
482,0
483,2
484,0
485,0
486,0
487,3
488,1
489,0
490,1
491,0
492,1
493,0
494,1
495,0
496,5
497,2
498,1
499,0
500,0
501,0
502,2
503,1
504,0
505,0
506,0
507,0
508,1
509,0
510,3
511,4
512,0
513,0
514,0
515,2
516,0
517,0
518,0
519,3
520,1
521,0
522,1
523,0
524,2
525,0
526,1
527,0
528,0
529,0
530,1
531,0
532,2
533,0
534,0
535,0
536,0
537,1
538,0
539,0
540,0
541,3
542,0
543,0
544,0
545,0
546,1
547,0
548,0
549,1
550,0
551,1
552,0
553,0
554,4
555,0
556,2
557,0
558,0
559,2
560,0
561,0
562,0
563,0
564,0
565,0
566,0
567,3
568,1
569,0
570,3
571,0
572,0
573,1
574,0
575,0
576,0
577,2
578,1
579,0
580,0
581,0
582,0
583,1
584,0
585,0
586,0
587,2
588,1
589,0
590,0
591,0
592,0
593,3
594,0
595,3
596,1
597,1
598,3
599,0
600,0
601,1
602,0
603,0
604,0
605,3
606,0
607,2
608,0
609,0
610,0
611,1
612,0
613,0
614,0
615,0
616,0
617,0
618,0
619,0
620,2
621,0
622,0
623,1
624,0
625,3
626,0
627,2
628,2
629,2
630,0
631,0
632,0
633,2
634,2
635,0
636,0
637,0
638,1
639,1
640,0
641,1
642,0
643,0
644,1
645,0
646,0
647,0
648,1
649,0
650,0
651,0
652,0
653,0
654,0
655,1
656,0
657,0
658,0
659,1
660,0
661,0
662,0
663,1
664,0
665,2
666,1
667,0
668,3
669,1
670,1
671,0
672,1
673,0
674,3
675,6
676,0
677,0
678,0
679,0
680,0
681,0
682,0
683,0
684,0
685,0
686,0
687,1
688,0
689,0
690,1
691,1
692,0
693,1
694,0
695,1
696,0
697,0
698,0
699,0
700,0
701,2
702,0
703,1
704,0
705,0
706,0
707,0
708,1
709,2
710,0
711,0
712,1
713,3
714,0
715,0
716,0
717,1
718,0
719,0
720,0
721,0
722,0
723,2
724,0
725,0
726,1
727,0
728,0
729,0
730,0
731,0
732,1
733,0
734,1
735,0
736,0
737,0
738,1
739,0
740,0
741,0
742,0
743,0
744,0
745,0
746,2
747,0
748,0
749,2
750,0
751,0
752,1
753,0
754,0
755,1
756,0
757,2
758,1
759,2
760,0
761,2
762,3
763,0
764,0
765,0
766,1
767,4
768,0
769,0
770,0
771,0
772,2
773,1
774,3
775,1
776,0
777,1
778,0
779,0
780,2
781,1
782,0
783,0
784,0
785,2
786,0
787,0
788,0
789,0
790,0
791,1
792,0
793,1
794,1
795,1
796,0
797,1
798,0
799,0
800,0
801,1
802,2
803,0
804,2
805,0
806,0
807,0
808,2
809,0
810,1
811,0
812,0
813,4
814,2
815,1
816,4
817,0
818,0
819,2
820,4
821,1
822,0
823,0
824,0
825,0
826,0
827,0
828,1
829,0
830,1
831,0
832,0
833,0
834,1
835,3
836,0
837,0
838,2
839,0
840,0
841,1
842,1
843,0
844,1
845,0
846,1
847,1
848,0
849,1
850,0
851,0
852,0
853,0
854,0
855,0
856,0
857,4
858,0
859,0
860,0
861,1
862,0
863,1
864,2
865,0
866,2
867,0
868,1
869,0
870,0
871,1
872,0
873,1
874,0
875,2
876,0
877,3
878,1
879,0
880,2
881,0
882,1
883,0
884,0
885,0
886,0
887,0
888,1
889,3
890,0
891,0
892,2
893,0
894,1
895,0
896,2
897,1
898,0
899,1
900,1
901,0
902,1
903,1
904,2
905,0
906,0
907,0
908,0
909,0
910,2
911,1
912,2
913,0
914,0
915,2
916,0
917,0
918,0
919,0
920,0
921,0
922,1
923,0
924,0
925,0
926,1
927,0
928,0
929,0
930,1
931,2
932,2
933,0
934,1
935,1
936,0
937,0
938,1
939,0
940,4
941,0
942,0
943,0
944,0
945,2
946,0
947,3
948,1
949,0
950,0
951,0
952,1
953,3
954,1
955,1
956,2
957,0
958,2
959,0
960,0
961,0
962,0
963,0
964,0
965,1
966,0
967,0
968,0
969,0
970,0
971,0
972,3
973,0
974,0
975,2
976,0
977,0
978,0
979,0
980,0
981,0
982,0
983,0
984,0
985,0
986,0
987,1
988,0
989,0
990,0
991,2
992,2
993,0
994,0
995,0
996,1
997,1
998,1
999,3
1000,0
1001,3
1002,0
1003,1
1004,3
1005,0
1006,0
1007,0
1008,5
1009,0
1010,0
1011,0
1012,1
1013,0
1014,0
1015,2
1016,1
1017,0
1018,0
1019,0
1020,0
1021,1
1022,2
1023,0
1024,0
1025,0
1026,0
1027,3
1028,1
1029,2
1030,0
1031,0
1032,2
1033,0
1034,1
1035,0
1036,1
1037,0
1038,0
1039,0
1040,0
1041,1
1042,1
1043,0
1044,0
1045,0
1046,0
1047,0
1048,4
1049,0
1050,2
1051,2
1052,1
1053,1
1054,0
1055,0
1056,0
1057,0
1058,0
1059,0
1060,0
1061,2
1062,0
1063,0
1064,0
1065,2
1066,0
1067,0
1068,0
1069,0
1070,0
1071,1
1072,0
1073,1
1074,0
1075,0
1076,0
1077,0
1078,3
1079,0
1080,0
1081,0
1082,1
1083,2
1084,3
1085,0
1086,0
1087,0
1088,1
1089,2
1090,1
1091,1
1092,0
1093,1
1094,0
1095,0
1096,3
1097,0
1098,1
1099,1
1100,0
1101,1
1102,0
1103,3
1104,1
1105,1
1106,1
1107,1
1108,1
1109,0
1110,1
1111,0
1112,1
1113,0
1114,1
1115,0
1116,0
1117,0
1118,2
1119,0
1120,0
1121,3
1122,0
1123,0
1124,4
1125,2
1126,3
1127,1
1128,2
1129,0
1130,1
1131,0
1132,1
1133,0
1134,0
1135,1
1136,1
1137,0
1138,2
1139,0
1140,0
1141,0
1142,1
1143,2
1144,0
1145,0
1146,1
1147,0
1148,1
1149,2
1150,0
1151,0
1152,4
1153,0
1154,0
1155,0
1156,1
1157,0
1158,0
1159,0
1160,0
1161,4
1162,1
1163,0
1164,0
1165,1
1166,0
1167,0
1168,0
1169,1
1170,1
1171,0
1172,0
1173,1
1174,0
1175,0
1176,0
1177,0
1178,3
1179,0
1180,0
1181,0
1182,0
1183,0
1184,2
1185,0
1186,0
1187,1
1188,0
1189,2
1190,0
1191,1
1192,1
1193,0
1194,0
1195,0
1196,0
1197,0
1198,0
1199,1
1200,0
1201,0
1202,0
1203,0
1204,0
1205,0
1206,3
1207,0
1208,3
1209,0
1210,0
1211,0
1212,0
1213,1
1214,1
1215,0
1216,0
1217,0
1218,0
1219,0
1220,3
1221,2
1222,1
1223,0
1224,2
1225,2
1226,1
1227,0
1228,1
1229,0
1230,0
1231,0
1232,0
1233,1
1234,0
1235,0
1236,0
1237,1
1238,1
1239,4
1240,1
1241,1
1242,0
1243,3
1244,2
1245,0
1246,1
1247,0
1248,0
1249,0
1250,0
1251,0
1252,2
1253,2
1254,0
1255,1
1256,0
1257,0
1258,0
1259,0
1260,2
1261,3
1262,2
1263,0
1264,0
1265,1
1266,0
1267,0
1268,0
1269,0
1270,0
1271,0
1272,0
1273,0
1274,0
1275,1
1276,0
1277,0
1278,0
1279,3
1280,0
1281,1
1282,1
1283,0
1284,0
1285,0
1286,2
1287,0
1288,0
1289,3
1290,0
1291,0
1292,2
1293,0
1294,2
1295,1
1296,0
1297,0
1298,0
1299,0
1300,1
1301,0
1302,1
1303,0
1304,0
1305,0
1306,2
1307,0
1308,2
1309,0
1310,0
1311,1
1312,0
1313,0
1314,0
1315,0
1316,1
1317,0
1318,0
1319,0
1320,0
1321,0
1322,2
1323,1
1324,1
1325,0
1326,0
1327,0
1328,0
1329,1
1330,0
1331,0
1332,0
1333,0
1334,0
1335,1
1336,0
1337,1
1338,0
1339,0
1340,4
1341,0
1342,0
1343,2
1344,0
1345,0
1346,0
1347,3
1348,0
1349,0
1350,0
1351,0
1352,0
1353,1
1354,0
1355,0
1356,0
1357,1
1358,0
1359,2
1360,5
1361,0
1362,1
1363,0
1364,1
1365,1
1366,0
1367,0
1368,2
1369,0
1370,4
1371,0
1372,1
1373,0
1374,1
1375,0
1376,0
1377,1
1378,0
1379,0
1380,4
1381,0
1382,0
1383,2
1384,2
1385,0
1386,0
1387,1
1388,0
1389,0
1390,0
1391,0
1392,1
1393,2
1394,0
1395,0
1396,0
1397,0
1398,1
1399,2
1400,0
1401,1
1402,0
1403,1
1404,0
1405,1
1406,1
1407,0
1408,0
1409,2
1410,0
1411,0
1412,0
1413,0
1414,2
1415,0
1416,1
1417,2
1418,2
1419,1
1420,0
1421,0
1422,1
1423,0
1424,1
1425,4
1426,0
1427,4
1428,1
1429,0
1430,2
1431,0
1432,3
1433,0
1434,0
1435,2
1436,0
1437,0
1438,1
1439,2
1440,1
1441,1
1442,0
1443,1
1444,2
1445,1
1446,1
1447,0
1448,3
1449,1
1450,0
1451,2
1452,1
1453,0
1454,0
1455,0
1456,1
1457,0
1458,0
1459,0
1460,1
1461,0
1462,2
1463,4
1464,5
1465,0
1466,1
1467,0
1468,1
1469,1
1470,0
1471,1
1472,2
1473,2
1474,1
1475,1
1476,0
1477,1
1478,0
1479,0
1480,0
1481,0
1482,0
1483,0
1484,0
1485,0
1486,0
1487,1
1488,0
1489,0
1490,0
1491,0
1492,0
1493,0
1494,1
1495,0
1496,0
1497,0
1498,1
1499,0
1500,1
1501,1
1502,2
1503,0
1504,0
1505,0
1506,0
1507,3
1508,2
1509,2
1510,0
1511,0
1512,1
1513,2
1514,0
1515,0
1516,0
1517,1
1518,0
1519,0
1520,2
1521,0
1522,1
1523,1
1524,2
1525,2
1526,1
1527,3
1528,0
1529,0
1530,0
1531,1
1532,2
1533,0
1534,0
1535,1
1536,2
1537,1
1538,1
1539,0
1540,0
1541,0
1542,0
1543,1
1544,0
1545,1
1546,0
1547,0
1548,0
1549,3
1550,2
1551,1
1552,0
1553,0
1554,1
1555,5
1556,0
1557,1
1558,0
1559,1
1560,0
1561,3
1562,0
1563,0
1564,0
1565,0
1566,0
1567,0
1568,0
1569,0
1570,0
1571,0
1572,0
1573,1
1574,0
1575,0
1576,1
1577,0
1578,0
1579,0
1580,3
1581,0
1582,3
1583,4
1584,3
1585,0
1586,0
1587,0
1588,0
1589,0
1590,0
1591,2
1592,0
1593,2
1594,2
1595,1
1596,1
1597,0
1598,0
1599,0
1600,0
1601,0
1602,0
1603,2
1604,0
1605,0
1606,0
1607,0
1608,0
1609,1
1610,0
1611,1
1612,1
1613,0
1614,0
1615,0
1616,0
1617,0
1618,0
1619,1
1620,0
1621,0
1622,0
1623,0
1624,2
1625,1
1626,1
1627,0
1628,0
1629,2
1630,1
1631,0
1632,1
1633,0
1634,0
1635,0
1636,0
1637,0
1638,0
1639,0
1640,0
1641,1
1642,0
1643,2
1644,0
1645,0
1646,3
1647,0
1648,0
1649,0
1650,0
1651,1
1652,2
1653,0
1654,2
1655,2
1656,0
1657,0
1658,0
1659,0
1660,1
1661,2
1662,1
1663,0
1664,0
1665,2
1666,1
1667,0
1668,1
1669,0
1670,0
1671,0
1672,0
1673,0
1674,1
1675,0
1676,0
1677,0
1678,4
1679,0
1680,1
1681,0
1682,0
1683,0
1684,1
1685,0
1686,2
1687,1
1688,0
1689,0
1690,1
1691,0
1692,0
1693,2
1694,0
1695,0
1696,0
1697,0
1698,0
1699,0
1700,0
1701,0
1702,0
1703,1
1704,0
1705,1
1706,0
1707,2
1708,0
1709,2
1710,0
1711,0
1712,1
1713,0
1714,0
1715,1
1716,1
1717,0
1718,0
1719,0
1720,0
1721,1
1722,3
1723,0
1724,0
1725,2
1726,0
1727,1
1728,1
1729,3
1730,0
1731,0
1732,1
1733,4
1734,0
1735,2
1736,0
1737,0
1738,0
1739,1
1740,1
1741,0
1742,0
1743,0
1744,1
1745,0
1746,4
1747,0
1748,0
1749,0
1750,1
1751,2
1752,0
1753,0
1754,0
1755,0
1756,0
1757,0
1758,1
1759,6
1760,0
1761,2
1762,0
1763,0
1764,0
1765,0
1766,0
1767,2
1768,1
1769,2
1770,0
1771,0
1772,0
1773,1
1774,0
1775,0
1776,2
1777,2
1778,1
1779,0
1780,1
1781,2
1782,0
1783,0
1784,0
1785,0
1786,0
1787,0
1788,2
1789,0
1790,2
1791,0
1792,3
1793,2
1794,1
1795,0
1796,0
1797,0
1798,0
1799,0
1800,2
1801,0
1802,0
1803,2
1804,0
1805,0
1806,0
1807,0
1808,0
1809,0
1810,0
1811,0
1812,0
1813,2
1814,0
1815,2
1816,0
1817,0
1818,2
1819,0
1820,0
1821,0
1822,0
1823,0
1824,0
1825,0
1826,0
1827,2
1828,0
1829,2
1830,1
1831,0
1832,0
1833,1
1834,1
1835,0
1836,0
1837,1
1838,0
1839,0
1840,1
1841,3
1842,0
1843,0
1844,1
1845,0
1846,0
1847,0
1848,0
1849,2
1850,0
1851,0
1852,0
1853,1
1854,1
1855,1
1856,0
1857,1
1858,1
1859,0
1860,0
1861,0
1862,1
1863,0
1864,0
1865,0
1866,6
1867,0
1868,0
1869,1
1870,0
1871,0
1872,0
1873,1
1874,0
1875,0
1876,0
1877,0
1878,0
1879,1
1880,1
1881,2
1882,0
1883,0
1884,1
1885,0
1886,1
1887,0
1888,0
1889,1
1890,3
1891,0
1892,0
1893,0
1894,0
1895,0
1896,0
1897,1
1898,0
1899,1
1900,0
1901,2
1902,0
1903,1
1904,0
1905,0
1906,0
1907,1
1908,0
1909,0
1910,2
1911,12
1912,1
1913,1
1914,0
1915,0
1916,2
1917,4
1918,0
1919,0
1920,0
1921,0
1922,0
1923,1
1924,1
1925,1
1926,1
1927,2
1928,0
1929,0
1930,2
1931,0
1932,1
1933,1
1934,0
1935,1
1936,4
1937,0
1938,0
1939,0
1940,0
1941,1
1942,2
1943,1
1944,1
1945,1
1946,4
1947,2
1948,4
1949,0
1950,0
1951,0
1952,0
1953,0
1954,0
1955,3
1956,1
1957,1
1958,1
1959,2
1960,0
1961,1
1962,2
1963,0
1964,0
1965,3
1966,1
1967,0
1968,1
1969,0
1970,1
1971,0
1972,3
1973,0
1974,0
1975,2
1976,0
1977,0
1978,1
1979,0
1980,0
1981,6
1982,1
1983,0
1984,2
1985,1
1986,0
1987,0
1988,0
1989,0
1990,1
1991,0
1992,0
1993,0
1994,0
1995,1
1996,0
1997,1
1998,0
1999,1
2000,1
2001,1
2002,1
2003,0
2004,2
2005,0
2006,0
2007,0
2008,0
2009,1
2010,0
2011,0
2012,0
2013,0
2014,0
2015,0
2016,0
2017,0
2018,0
2019,0
2020,0
2021,1
2022,3
2023,1
2024,2
2025,4
2026,0
2027,3
2028,0
2029,0
2030,0
2031,2
2032,2
2033,0
2034,3
2035,1
2036,0
2037,0
2038,0
2039,0
2040,0
2041,0
2042,4
2043,1
2044,0
2045,2
2046,2
2047,0
2048,0
2049,1
2050,2
2051,1
2052,4
2053,4
2054,0
2055,0
2056,0
2057,1
2058,0
2059,1
2060,1
2061,1
2062,0
2063,0
2064,2
2065,1
2066,0
2067,4
2068,1
2069,2
2070,6
2071,2
2072,0
2073,1
2074,6
2075,0
2076,0
2077,0
2078,0
2079,0
2080,1
2081,0
2082,0
2083,0
2084,1
2085,4
2086,0
2087,0
2088,0
2089,0
2090,0
2091,2
2092,1
2093,1
2094,0
2095,1
2096,2
2097,0
2098,0
2099,0
2100,0
2101,0
2102,0
2103,1
2104,1
2105,0
2106,1
2107,2
2108,2
2109,4
2110,3
2111,2
2112,0
2113,0
2114,1
2115,1
2116,1
2117,3
2118,2
2119,0
2120,0
2121,2
2122,0
2123,2
2124,0
2125,2
2126,3
2127,0
2128,1
2129,2
2130,0
2131,1
2132,0
2133,0
2134,2
2135,0
2136,1
2137,0
2138,1
2139,0
2140,0
2141,0
2142,1
2143,0
2144,0
2145,0
2146,2
2147,0
2148,2
2149,0
2150,0
2151,0
2152,0
2153,0
2154,1
2155,1
2156,0
2157,0
2158,0
2159,0
2160,0
2161,1
2162,1
2163,1
2164,0
2165,0
2166,2
2167,1
2168,1
2169,0
2170,0
2171,1
2172,0
2173,1
2174,0
2175,0
2176,0
2177,3
2178,1
2179,2
2180,0
2181,3
2182,2
2183,0
2184,0
2185,0
2186,1
2187,0
2188,1
2189,0
2190,3
2191,2
2192,0
2193,0
2194,0
2195,4
2196,0
2197,1
2198,1
2199,1
2200,3
2201,0
2202,0
2203,0
2204,0
2205,3
2206,1
2207,0
2208,2
2209,3
2210,0
2211,1
2212,1
2213,1
2214,2
2215,0
2216,0
2217,1
2218,0
2219,0
2220,0
2221,1
2222,0
2223,3
2224,1
2225,0
2226,0
2227,0
2228,1
2229,0
2230,0
2231,2
2232,0
2233,1
2234,1
2235,1
2236,0
2237,0
2238,3
2239,0
2240,3
2241,0
2242,5
2243,0
2244,0
2245,0
2246,0
2247,1
2248,0
2249,1
2250,0
2251,0
2252,0
2253,0
2254,1
2255,0
2256,1
2257,1
2258,0
2259,0
2260,0
2261,0
2262,0
2263,0
2264,4
2265,0
2266,0
2267,0
2268,0
2269,0
2270,2
2271,0
2272,0
2273,1
2274,0
2275,0
2276,1
2277,1
2278,3
2279,0
2280,0
2281,0
2282,4
2283,0
2284,0
2285,3
2286,1
2287,0
2288,0
2289,0
2290,0
2291,0
2292,1
2293,0
2294,0
2295,0
2296,0
2297,0
2298,0
2299,3
2300,0
2301,0
2302,1
2303,0
2304,0
2305,1
2306,1
2307,0
2308,1
2309,0
2310,1
2311,0
2312,3
2313,0
2314,0
2315,0
2316,2
2317,1
2318,0
2319,0
2320,1
2321,1
2322,1
2323,4
2324,0
2325,0
2326,0
2327,0
2328,0
2329,0
2330,0
2331,2
2332,0
2333,0
2334,0
2335,1
2336,0
2337,2
2338,4
2339,0
2340,0
2341,0
2342,0
2343,1
2344,2
2345,1
2346,0
2347,0
2348,0
2349,0
2350,0
2351,1
2352,3
2353,0
2354,0
2355,0
2356,0
2357,0
2358,0
2359,0
2360,1
2361,3
2362,1
2363,1
2364,2
2365,0
2366,0
2367,0
2368,0
2369,0
2370,0
2371,0
2372,0
2373,0
2374,2
2375,2
2376,0
2377,1
2378,0
2379,0
2380,0
2381,1
2382,1
2383,0
2384,1
2385,0
2386,1
2387,1
2388,0
2389,0
2390,1
2391,0
2392,0
2393,1
2394,0
2395,0
2396,1
2397,2
2398,0
2399,1
2400,2
2401,2
2402,0
2403,0
2404,1
2405,0
2406,3
2407,1
2408,0
2409,0
2410,0
2411,0
2412,1
2413,3
2414,0
2415,0
2416,0
2417,0
2418,0
2419,3
2420,0
2421,0
2422,2
2423,0
2424,2
2425,2
2426,1
2427,0
2428,0
2429,1
2430,0
2431,1
2432,3
2433,1
2434,0
2435,0
2436,1
2437,0
2438,0
2439,2
2440,0
2441,0
2442,1
2443,6
2444,0
2445,0
2446,0
2447,0
2448,1
2449,0
2450,0
2451,0
2452,0
2453,0
2454,1
2455,0
2456,1
2457,0
2458,0
2459,0
2460,0
2461,0
2462,0
2463,1
2464,5
2465,0
2466,0
2467,2
2468,2
2469,0
2470,0
2471,1
2472,0
2473,0
2474,0
2475,3
2476,1
2477,0
2478,0
2479,0
2480,0
2481,3
2482,0
2483,1
2484,1
2485,0
2486,1
2487,0
2488,0
2489,0
2490,2
2491,0
2492,0
2493,0
2494,2
2495,0
2496,0
2497,2
2498,0
2499,1
2500,2
2501,1
2502,0
2503,1
2504,1
2505,0
2506,2
2507,1
2508,0
2509,1
2510,0
2511,0
2512,0
2513,1
2514,0
2515,0
2516,1
2517,1
2518,1
2519,0
2520,1
2521,1
2522,1
2523,0
2524,0
2525,0
2526,0
2527,0
2528,0
2529,0
2530,0
2531,2
2532,0
2533,0
2534,0
2535,0
2536,1
2537,1
2538,0
2539,2
2540,1
2541,0
2542,1
2543,1
2544,0
2545,0
2546,0
2547,0
2548,0
2549,0
2550,0
2551,1
2552,0
2553,2
2554,0
2555,3
2556,0
2557,2
2558,0
2559,0
2560,1
2561,0
2562,0
2563,0
2564,1
2565,0
2566,0
2567,1
2568,1
2569,1
2570,2
2571,1
2572,0
2573,0
2574,0
2575,1
2576,0
2577,0
2578,1
2579,0
2580,1
2581,0
2582,0
2583,0
2584,1
2585,0
2586,3
2587,0
2588,0
2589,1
2590,0
2591,3
2592,1
2593,0
2594,0
2595,3
2596,0
2597,1
2598,4
2599,0
2600,0
2601,0
2602,0
2603,1
2604,0
2605,2
2606,1
2607,2
2608,2
2609,0
2610,1
2611,0
2612,2
2613,0
2614,0
2615,0
2616,2
2617,0
2618,0
2619,0
2620,2
2621,0
2622,2
2623,1
2624,3
2625,0
2626,0
2627,1
2628,0
2629,0
2630,0
2631,0
2632,2
2633,1
2634,1
2635,0
2636,0
2637,0
2638,0
2639,0
2640,0
2641,0
2642,0
2643,0
2644,0
2645,0
2646,2
2647,0
2648,0
2649,0
2650,0
2651,1
2652,0
2653,0
2654,0
2655,1
2656,0
2657,0
2658,0
2659,1
2660,1
2661,0
2662,0
2663,1
2664,0
2665,0
2666,0
2667,0
2668,0
2669,0
2670,0
2671,1
2672,0
2673,0
2674,0
2675,0
2676,0
2677,0
2678,1
2679,0
2680,1
2681,1
2682,0
2683,1
2684,0
2685,0
2686,0
2687,0
2688,2
2689,0
2690,0
2691,1
2692,0
2693,0
2694,0
2695,0
2696,0
2697,0
2698,1
2699,1
2700,0
2701,0
2702,0
2703,0
2704,0
2705,3
2706,2
2707,1
2708,0
2709,0
2710,2
2711,0
2712,0
2713,1
2714,2
2715,0
2716,1
2717,1
2718,0
2719,0
2720,0
2721,0
2722,0
2723,2
2724,0
2725,0
2726,0
2727,0
2728,0
2729,1
2730,0
2731,2
2732,0
2733,2
2734,0
2735,0
2736,2
2737,1
2738,0
2739,2
2740,1
2741,1
2742,1
2743,0
2744,1
2745,1
2746,2
2747,0
2748,0
2749,0
2750,2
2751,4
2752,1
2753,1
2754,0
2755,0
2756,0
2757,0
2758,0
2759,0
2760,0
2761,0
2762,2
2763,1
2764,2
2765,0
2766,0
2767,0
2768,1
2769,0
2770,0
2771,0
2772,1
2773,0
2774,1
2775,0
2776,0
2777,0
2778,0
2779,0
2780,1
2781,0
2782,1
2783,0
2784,0
2785,5
2786,1
2787,0
2788,0
2789,0
2790,2
2791,0
2792,0
2793,2
2794,3
2795,0
2796,0
2797,0
2798,1
2799,3
2800,0
2801,1
2802,1
2803,0
2804,1
2805,1
2806,0
2807,0
2808,0
2809,0
2810,0
2811,1
2812,0
2813,2
2814,0
2815,0
2816,3
2817,1
2818,0
2819,0
2820,1
2821,0
2822,1
2823,3
2824,0
2825,3
2826,0
2827,1
2828,0
2829,2
2830,3
2831,2
2832,1
2833,0
2834,3
2835,0
2836,2
2837,0
2838,1
2839,0
2840,0
2841,0
2842,1
2843,0
2844,1
2845,0
2846,2
2847,1
2848,0
2849,1
2850,1
2851,1
2852,0
2853,0
2854,4
2855,0
2856,0
2857,0
2858,0
2859,1
2860,0
2861,1
2862,0
2863,0
2864,0
2865,0
2866,0
2867,0
2868,0
2869,0
2870,0
2871,1
2872,1
2873,0
2874,2
2875,0
2876,0
2877,0
2878,2
2879,2
2880,1
2881,0
2882,0
2883,2
2884,0
2885,0
2886,0
2887,0
2888,2
2889,0
2890,2
2891,0
2892,0
2893,0
2894,2
2895,0
2896,2
2897,0
2898,0
2899,1
2900,0
2901,0
2902,1
2903,0
2904,0
2905,3
2906,3
2907,1
2908,4
2909,0
2910,1
2911,1
2912,0
2913,2
2914,0
2915,0
2916,0
2917,1
2918,0
2919,0
2920,0
2921,0
2922,0
2923,0
2924,0
2925,0
2926,0
2927,0
2928,0
2929,2
2930,0
2931,1
2932,0
2933,0
2934,2
2935,0
2936,1
2937,1
2938,1
2939,0
2940,0
2941,0
2942,0
2943,1
2944,0
2945,0
2946,1
2947,1
2948,1
2949,0
2950,0
2951,3
2952,0
2953,0
2954,3
2955,0
2956,0
2957,0
2958,1
2959,1
2960,1
2961,2
2962,0
2963,3
2964,1
2965,0
2966,0
2967,3
2968,2
2969,1
2970,1
2971,1
2972,0
2973,0
2974,0
2975,2
2976,0
2977,0
2978,0
2979,0
2980,1
2981,1
2982,0
2983,1
2984,2
2985,1
2986,1
2987,0
2988,0
2989,0
2990,0
2991,0
2992,1
2993,0
2994,0
2995,0
2996,0
2997,0
2998,1
2999,0
3000,0
3001,0
3002,5
3003,0
3004,2
3005,3
3006,0
3007,2
3008,0
3009,1
3010,5
3011,3
3012,3
3013,1
3014,0
3015,0
3016,0
3017,4
3018,4
3019,0
3020,0
3021,0
3022,0
3023,0
3024,0
3025,2
3026,0
3027,0
3028,1
3029,0
3030,0
3031,1
3032,0
3033,0
3034,5
3035,1
3036,1
3037,0
3038,0
3039,0
3040,1
3041,0
3042,0
3043,0
3044,1
3045,0
3046,1
3047,1
3048,0
3049,3
3050,0
3051,0
3052,0
3053,0
3054,0
3055,0
3056,0
3057,0
3058,0
3059,0
3060,1
3061,3
3062,4
3063,0
3064,1
3065,3
3066,0
3067,1
3068,0
3069,0
3070,1
3071,0
3072,0
3073,1
3074,0
3075,2
3076,0
3077,0
3078,2
3079,4
3080,3
3081,1
3082,1
3083,2
3084,1
3085,0
3086,0
3087,1
3088,0
3089,0
3090,0
3091,0
3092,2
3093,3
3094,1
3095,0
3096,1
3097,0
3098,0
3099,0
3100,2
3101,0
3102,0
3103,0
3104,3
3105,0
3106,0
3107,1
3108,0
3109,0
3110,0
3111,3
3112,0
3113,0
3114,0
3115,2
3116,1
3117,1
3118,1
3119,0
3120,0
3121,0
3122,0
3123,0
3124,0
3125,0
3126,0
3127,0
3128,6
3129,0
3130,0
3131,1
3132,1
3133,0
3134,0
3135,0
3136,2
3137,1
3138,4
3139,1
3140,2
3141,3
3142,0
3143,1
3144,1
3145,4
3146,0
3147,2
3148,0
3149,0
3150,0
3151,0
3152,0
3153,0
3154,4
3155,1
3156,0
3157,0
3158,3
3159,0
3160,2
3161,1
3162,1
3163,0
3164,0
3165,0
3166,1
3167,0
3168,0
3169,0
3170,0
3171,0
3172,1
3173,1
3174,0
3175,1
3176,2
3177,0
3178,0
3179,1
3180,0
3181,1
3182,1
3183,2
3184,0
3185,2
3186,0
3187,0
3188,1
3189,2
3190,0
3191,0
3192,0
3193,2
3194,0
3195,0
3196,0
3197,1
3198,4
3199,0
3200,0
3201,0
3202,3
3203,1
3204,0
3205,0
3206,2
3207,0
3208,0
3209,0
3210,0
3211,1
3212,0
3213,1
3214,1
3215,0
3216,0
3217,2
3218,3
3219,0
3220,1
3221,0
3222,1
3223,1
3224,5
3225,0
3226,4
3227,1
3228,0
3229,0
3230,0
3231,2
3232,4
3233,0
3234,0
3235,0
3236,2
3237,1
3238,0
3239,0
3240,0
3241,0
3242,0
3243,1
3244,1
3245,0
3246,0
3247,1
3248,0
3249,3
3250,0
3251,2
3252,0
3253,0
3254,0
3255,1
3256,0
3257,0
3258,1
3259,0
3260,0
3261,0
3262,1
3263,1
3264,0
3265,0
3266,0
3267,1
3268,3
3269,0
3270,0
3271,0
3272,0
3273,0
3274,1
3275,1
3276,0
3277,0
3278,0
3279,0
3280,0
3281,1
3282,3
3283,0
3284,0
3285,0
3286,2
3287,1
3288,0
3289,0
3290,0
3291,1
3292,1
3293,1
3294,0
3295,0
3296,2
3297,2
3298,1
3299,0
3300,0
3301,0
3302,2
3303,0
3304,0
3305,0
3306,0
3307,0
3308,1
3309,2
3310,0
3311,2
3312,0
3313,0
3314,1
3315,0
3316,2
3317,1
3318,1
3319,2
3320,0
3321,0
3322,4
3323,3
3324,0
3325,0
3326,3
3327,0
3328,1
3329,0
3330,0
3331,4
3332,1
3333,1
3334,0
3335,5
3336,0
3337,0
3338,0
3339,1
