0,
1,411.0
2,789.0
3,246.0
4,702.0
5,66.0
6,48.0
7,1265.0
8,1508.0
9,526.0
10,
11,568.0
12,639.0
13,562.0
14,372.0
15,
16,
17,659.0
18,528.0
19,
20,144.0
21,286.0
22,134.0
23,1428.0
24,973.0
25,1738.0
26,1656.0
27,417.0
28,199.0
29,
30,1282.0
31,1315.0
32,2774.0
33,2429.0
34,101.0
35,46.0
36,502.0
37,550.0
38,478.0
39,53.0
40,124.0
41,241.0
42,
43,633.0
44,61.0
45,114.0
46,
47,246.0
48,253.0
49,611.0
50,358.0
51,254.0
52,858.0
53,
54,701.0
55,
56,381.0
57,481.0
58,849.0
59,702.0
60,60.0
61,216.0
62,2774.0
63,539.0
64,660.0
65,149.0
66,457.0
67,254.0
68,292.0
69,167.0
70,416.0
71,188.0
72,286.0
73,973.0
74,300.0
75,1097.0
76,152.0
77,568.0
78,702.0
79,12.0
80,319.0
81,43.0
82,
83,368.0
84,
85,
86,415.0
87,259.0
88,540.0
89,1044.0
90,467.0
91,796.0
92,209.0
93,568.0
94,209.0
95,664.0
96,286.0
97,186.0
98,382.0
99,513.0
100,222.0
101,12.0
102,211.0
103,522.0
104,382.0
105,46.0
106,497.0
107,
108,
109,
110,181.0
111,202.0
112,325.0
113,192.0
114,
115,199.0
116,1282.0
117,258.0
118,
119,505.0
120,633.0
121,43.0
122,633.0
123,128.0
124,306.0
125,300.0
126,128.0
127,929.0
128,
129,796.0
130,445.0
131,186.0
132,528.0
133,
134,152.0
135,84.0
136,199.0
137,32.0
138,712.0
139,84.0
140,
141,199.0
142,1097.0
143,502.0
144,82.0
145,27.0
146,143.0
147,137.0
148,209.0
149,513.0
150,
151,232.0
152,606.0
153,127.0
154,47.0
155,199.0
156,
157,246.0
158,789.0
159,550.0
160,328.0
161,505.0
162,187.0
163,84.0
164,
165,1544.0
166,451.0
167,816.0
168,467.0
169,
170,1282.0
171,195.0
172,447.0
173,2429.0
174,
175,167.0
176,1366.0
177,32.0
178,1282.0
179,918.0
180,218.0
181,1716.0
182,
183,
184,296.0
185,522.0
186,565.0
187,
188,61.0
189,490.0
190,1414.0
191,560.0
192,441.0
193,480.0
194,102.0
195,199.0
196,98.0
197,254.0
198,593.0
199,2429.0
200,217.0
201,199.0
202,915.0
203,372.0
204,282.0
205,199.0
206,
207,
208,319.0
209,87.0
210,
211,584.0
212,425.0
213,254.0
214,467.0
215,439.0
216,
217,261.0
218,112.0
219,205.0
220,540.0
221,526.0
222,156.0
223,2429.0
224,568.0
225,
226,514.0
227,
228,
229,147.0
230,241.0
231,88.0
232,199.0
233,
234,372.0
235,633.0
236,568.0
237,324.0
238,659.0
239,32.0
240,43.0
241,818.0
242,
243,501.0
244,268.0
245,132.0
246,75.0
247,1152.0
248,199.0
249,703.0
250,32.0
251,186.0
252,551.0
253,218.0
254,875.0
255,29.0
256,523.0
257,338.0
258,
259,381.0
260,313.0
261,592.0
262,344.0
263,43.0
264,568.0
265,61.0
266,924.0
267,676.0
268,513.0
269,900.0
270,513.0
271,286.0
272,
273,1315.0
274,364.0
275,1282.0
276,567.0
277,313.0
278,582.0
279,286.0
280,409.0
281,255.0
282,
283,374.0
284,190.0
285,481.0
286,186.0
287,205.0
288,338.0
289,542.0
290,385.0
291,
292,730.0
293,149.0
294,568.0
295,81.0
296,313.0
297,529.0
298,467.0
299,1150.0
300,313.0
301,568.0
302,540.0
303,1508.0
304,528.0
305,702.0
306,787.0
307,
308,217.0
309,179.0
310,702.0
311,476.0
312,651.0
313,550.0
314,376.0
315,
316,
317,
318,186.0
319,34.0
320,550.0
321,125.0
322,199.0
323,171.0
324,234.0
325,211.0
326,387.0
327,574.0
328,568.0
329,2429.0
330,463.0
331,
332,369.0
333,125.0
334,569.0
335,519.0
336,631.0
337,462.0
338,1716.0
339,244.0
340,
341,542.0
342,391.0
343,739.0
344,42.0
345,206.0
346,127.0
347,1305.0
348,313.0
349,147.0
350,
351,
352,173.0
353,209.0
354,702.0
355,
356,481.0
357,
358,1414.0
359,568.0
360,
361,
362,152.0
363,1282.0
364,547.0
365,199.0
366,259.0
367,
368,1615.0
369,2429.0
370,505.0
371,499.0
372,197.0
373,199.0
374,
375,973.0
376,
377,
378,208.0
379,319.0
380,135.0
381,5163.0
382,199.0
383,369.0
384,284.0
385,465.0
386,258.0
387,233.0
388,582.0
389,568.0
390,702.0
391,
392,1678.0
393,975.0
394,809.0
395,38.0
396,
397,568.0
398,542.0
399,364.0
400,338.0
401,
402,686.0
403,532.0
404,39.0
405,199.0
406,1152.0
407,237.0
408,
409,
410,138.0
411,645.0
412,286.0
413,439.0
414,655.0
415,2429.0
416,
417,381.0
418,467.0
419,444.0
420,54.0
421,689.0
422,130.0
423,326.0
424,220.0
425,174.0
426,
427,
428,545.0
429,676.0
430,197.0
431,370.0
432,
433,313.0
434,197.0
435,129.0
436,317.0
437,
438,138.0
439,444.0
440,101.0
441,481.0
442,199.0
443,
444,195.0
445,
446,
447,566.0
448,282.0
449,472.0
450,379.0
451,528.0
452,1508.0
453,259.0
454,32.0
455,465.0
456,112.0
457,563.0
458,400.0
459,
460,1893.0
461,538.0
462,211.0
463,526.0
464,513.0
465,29.0
466,1205.0
467,141.0
468,528.0
469,1044.0
470,199.0
471,115.0
472,150.0
473,539.0
474,505.0
475,169.0
476,
477,
478,144.0
479,1097.0
480,199.0
481,1282.0
482,676.0
483,702.0
484,633.0
485,
486,28.0
487,568.0
488,286.0
489,1716.0
490,492.0
491,568.0
492,559.0
493,210.0
494,29.0
495,505.0
496,
497,51.0
498,
499,568.0
500,206.0
501,112.0
502,
503,849.0
504,505.0
505,137.0
506,379.0
507,580.0
508,231.0
509,
510,
511,186.0
512,
513,686.0
514,236.0
515,346.0
516,138.0
517,417.0
518,109.0
519,
520,32.0
521,311.0
522,639.0
523,199.0
524,
525,423.0
526,286.0
527,314.0
528,525.0
529,301.0
530,
531,580.0
532,
533,
534,796.0
535,
536,9.0
537,512.0
538,
539,
540,163.0
541,113.0
542,
543,152.0
544,72.0
545,1508.0
546,72.0
547,311.0
548,152.0
549,
550,372.0
551,81.0
552,
553,422.0
554,
555,559.0
556,199.0
557,268.0
558,
559,266.0
560,
561,674.0
562,472.0
563,528.0
564,174.0
565,479.0
566,199.0
567,701.0
568,923.0
569,
570,
571,182.0
572,217.0
573,659.0
574,259.0
575,148.0
576,258.0
577,1261.0
578,
579,
580,282.0
581,
582,29.0
583,160.0
584,186.0
585,43.0
586,242.0
587,32.0
588,128.0
589,338.0
590,528.0
591,490.0
592,166.0
593,439.0
594,282.0
595,659.0
596,1716.0
597,
598,6.0
599,542.0
600,467.0
601,
602,32.0
603,86.0
604,82.0
605,286.0
606,502.0
607,505.0
608,109.0
609,209.0
610,411.0
611,292.0
612,616.0
613,
614,46.0
615,201.0
616,540.0
617,81.0
618,
619,434.0
620,
621,505.0
622,206.0
623,
624,93.0
625,501.0
626,583.0
627,258.0
628,30.0
629,286.0
630,171.0
631,1229.0
632,
633,169.0
634,1282.0
635,467.0
636,411.0
637,
638,432.0
639,467.0
640,
641,490.0
642,
643,
644,202.0
645,
646,527.0
647,550.0
648,481.0
649,286.0
650,662.0
651,374.0
652,480.0
653,223.0
654,809.0
655,206.0
656,149.0
657,659.0
658,540.0
659,439.0
660,
661,
662,286.0
663,
664,569.0
665,217.0
666,321.0
667,152.0
668,472.0
669,77.0
670,13.0
671,
672,
673,
674,286.0
675,918.0
676,325.0
677,629.0
678,505.0
679,271.0
680,379.0
681,187.0
682,334.0
683,94.0
684,286.0
685,558.0
686,29.0
687,298.0
688,109.0
689,
690,210.0
691,582.0
692,261.0
693,
694,211.0
695,1282.0
696,929.0
697,686.0
698,474.0
699,559.0
700,208.0
701,481.0
702,286.0
703,199.0
704,338.0
705,319.0
706,237.0
707,186.0
708,199.0
709,481.0
710,633.0
711,241.0
712,389.0
713,370.0
714,113.0
715,
716,583.0
717,445.0
718,43.0
719,186.0
720,199.0
721,
722,
723,
724,1150.0
725,101.0
726,225.0
727,350.0
728,199.0
729,317.0
730,171.0
731,1113.0
732,127.0
733,470.0
734,
735,109.0
736,
737,550.0
738,540.0
739,520.0
740,1282.0
741,540.0
742,71.0
743,422.0
744,124.0
745,267.0
746,816.0
747,199.0
748,32.0
749,54.0
750,199.0
751,179.0
752,319.0
753,289.0
754,223.0
755,199.0
756,445.0
757,258.0
758,244.0
759,199.0
760,152.0
761,481.0
762,199.0
763,317.0
764,298.0
765,177.0
766,42.0
767,
768,520.0
769,513.0
770,199.0
771,254.0
772,81.0
773,147.0
774,550.0
775,216.0
776,171.0
777,211.0
778,
779,27.0
780,702.0
781,571.0
782,211.0
783,259.0
784,532.0
785,
786,307.0
787,211.0
788,1707.0
789,
790,477.0
791,592.0
792,563.0
793,108.0
794,279.0
795,152.0
796,193.0
797,51.0
798,592.0
799,257.0
800,195.0
801,268.0
802,528.0
803,307.0
804,13.0
805,540.0
806,27.0
807,197.0
808,168.0
809,54.0
810,152.0
811,211.0
812,
813,212.0
814,1211.0
815,179.0
816,
817,434.0
818,246.0
819,
820,199.0
821,29.0
822,209.0
823,171.0
824,
825,452.0
826,702.0
827,468.0
828,
829,367.0
830,633.0
831,383.0
832,1392.0
833,
834,173.0
835,305.0
836,138.0
837,368.0
838,
839,313.0
840,253.0
841,1282.0
842,2429.0
843,
844,333.0
845,528.0
846,96.0
847,
848,499.0
849,485.0
850,319.0
851,
852,192.0
853,593.0
854,439.0
855,1282.0
856,209.0
857,
858,
859,559.0
860,599.0
861,152.0
862,787.0
863,529.0
864,152.0
865,472.0
866,233.0
867,199.0
868,313.0
869,481.0
870,120.0
871,672.0
872,149.0
873,147.0
874,444.0
875,203.0
876,199.0
877,299.0
878,258.0
879,515.0
880,
881,540.0
882,481.0
883,599.0
884,
885,
886,
887,278.0
888,128.0
889,
890,32.0
891,434.0
892,467.0
893,13.0
894,
895,
896,317.0
897,
898,176.0
899,307.0
900,340.0
901,423.0
902,
903,789.0
904,201.0
905,
906,254.0
907,514.0
908,24.0
909,559.0
910,167.0
911,214.0
912,540.0
913,46.0
914,568.0
915,538.0
916,199.0
917,
918,27.0
919,730.0
920,286.0
921,199.0
922,509.0
923,
924,125.0
925,447.0
926,216.0
927,1030.0
928,138.0
929,
930,199.0
931,206.0
932,443.0
933,286.0
934,599.0
935,
936,15.0
937,540.0
938,1428.0
939,363.0
940,137.0
941,
942,57.0
943,73.0
944,101.0
945,
946,379.0
947,787.0
948,135.0
949,321.0
950,313.0
951,199.0
952,225.0
953,570.0
954,
955,304.0
956,
957,303.0
958,182.0
959,1185.0
960,332.0
961,481.0
962,258.0
963,
964,55.0
965,528.0
966,175.0
967,171.0
968,199.0
969,101.0
970,
971,
972,484.0
973,34.0
974,
975,485.0
976,171.0
977,237.0
978,
979,225.0
980,
981,363.0
982,232.0
983,1044.0
984,399.0
985,1282.0
986,282.0
987,30.0
988,369.0
989,702.0
990,872.0
991,237.0
992,32.0
993,
994,206.0
995,225.0
996,465.0
997,163.0
998,550.0
999,99.0
1000,127.0
1001,1113.0
1002,
1003,29.0
1004,
1005,392.0
1006,286.0
1007,481.0
1008,
1009,109.0
1010,109.0
1011,432.0
1012,63.0
1013,199.0
1014,1302.0
1015,1282.0
1016,199.0
1017,1282.0
1018,39.0
1019,404.0
1020,
1021,
1022,
1023,
1024,345.0
1025,125.0
1026,559.0
1027,
1028,152.0
1029,
1030,454.0
1031,
1032,12.0
1033,809.0
1034,168.0
1035,481.0
1036,295.0
1037,
1038,574.0
1039,319.0
1040,411.0
1041,432.0
1042,1102.0
1043,1282.0
1044,286.0
1045,307.0
1046,1615.0
1047,199.0
1048,1544.0
1049,295.0
1050,220.0
1051,1282.0
1052,292.0
1053,254.0
1054,566.0
1055,451.0
1056,132.0
1057,1399.0
1058,502.0
1059,178.0
1060,540.0
1061,113.0
1062,254.0
1063,568.0
1064,188.0
1065,
1066,
1067,152.0
1068,872.0
1069,395.0
1070,542.0
1071,311.0
1072,286.0
1073,401.0
1074,197.0
1075,199.0
1076,458.0
1077,199.0
1078,
1079,702.0
1080,71.0
1081,92.0
1082,101.0
1083,263.0
1084,440.0
1085,578.0
1086,75.0
1087,1288.0
1088,
1089,179.0
1090,610.0
1091,94.0
1092,
1093,539.0
1094,528.0
1095,467.0
1096,570.0
1097,760.0
1098,
1099,
1100,372.0
1101,575.0
1102,575.0
1103,
1104,420.0
1105,983.0
1106,657.0
1107,251.0
1108,
1109,404.0
1110,550.0
1111,
1112,93.0
1113,149.0
1114,502.0
1115,481.0
1116,286.0
1117,227.0
1118,
1119,540.0
1120,
1121,61.0
1122,
1123,530.0
1124,849.0
1125,542.0
1126,268.0
1127,152.0
1128,367.0
1129,33.0
1130,171.0
1131,505.0
1132,501.0
1133,515.0
1134,702.0
1135,513.0
1136,225.0
1137,223.0
1138,378.0
1139,467.0
1140,
1141,199.0
1142,
1143,
1144,540.0
1145,258.0
1146,47.0
1147,900.0
1148,929.0
1149,338.0
1150,493.0
1151,481.0
1152,317.0
1153,197.0
1154,233.0
1155,526.0
1156,492.0
1157,513.0
1158,1150.0
1159,12.0
1160,481.0
1161,112.0
1162,550.0
1163,134.0
1164,
1165,513.0
1166,1450.0
1167,21.0
1168,559.0
1169,
1170,67.0
1171,703.0
1172,155.0
1173,144.0
1174,300.0
1175,307.0
1176,1282.0
1177,119.0
1178,211.0
1179,258.0
1180,338.0
1181,81.0
1182,540.0
1183,633.0
1184,1508.0
1185,
1186,528.0
1187,547.0
1188,559.0
1189,186.0
1190,241.0
1191,
1192,467.0
1193,319.0
1194,
1195,155.0
1196,210.0
1197,
1198,543.0
1199,
1200,199.0
1201,2663.0
1202,211.0
1203,290.0
1204,583.0
1205,669.0
1206,152.0
1207,106.0
1208,439.0
1209,
1210,1428.0
1211,135.0
1212,53.0
1213,
1214,374.0
1215,273.0
1216,1315.0
1217,77.0
1218,659.0
1219,12.0
1220,746.0
1221,
1222,291.0
1223,481.0
1224,
1225,1282.0
1226,286.0
1227,
1228,432.0
1229,99.0
1230,926.0
1231,
1232,
1233,282.0
1234,84.0
1235,254.0
1236,502.0
1237,
1238,702.0
1239,199.0
1240,211.0
1241,152.0
1242,218.0
1243,244.0
1244,363.0
1245,513.0
1246,235.0
1247,702.0
1248,523.0
1249,505.0
1250,1716.0
1251,64.0
1252,15.0
1253,286.0
1254,
1255,568.0
1256,202.0
1257,86.0
1258,411.0
1259,651.0
1260,
1261,209.0
1262,379.0
1263,147.0
1264,253.0
1265,702.0
1266,458.0
1267,624.0
1268,152.0
1269,199.0
1270,211.0
1271,
1272,
1273,
1274,295.0
1275,
1276,787.0
1277,1902.0
1278,
1279,
1280,317.0
1281,505.0
1282,574.0
1283,199.0
1284,29.0
1285,550.0
1286,138.0
1287,540.0
1288,254.0
1289,291.0
1290,95.0
1291,702.0
1292,599.0
1293,32.0
1294,528.0
1295,184.0
1296,
1297,445.0
1298,86.0
1299,470.0
1300,577.0
1301,2067.0
1302,298.0
1303,338.0
1304,
1305,
1306,1282.0
1307,568.0
1308,149.0
1309,
1310,254.0
1311,
1312,490.0
1313,254.0
1314,544.0
1315,
1316,253.0
1317,452.0
1318,152.0
1319,254.0
1320,2650.0
1321,338.0
1322,
1323,
1324,301.0
1325,206.0
1326,176.0
1327,565.0
1328,1508.0
1329,258.0
1330,545.0
1331,
1332,13.0
1333,522.0
1334,232.0
1335,481.0
1336,367.0
1337,569.0
1338,703.0
1339,66.0
1340,125.0
1341,513.0
1342,702.0
1343,465.0
1344,17.0
1345,171.0
1346,197.0
1347,333.0
1348,286.0
1349,268.0
1350,702.0
1351,875.0
1352,282.0
1353,201.0
1354,565.0
1355,513.0
1356,1261.0
1357,481.0
1358,81.0
1359,206.0
1360,211.0
1361,502.0
1362,149.0
1363,27.0
1364,2429.0
1365,529.0
1366,47.0
1367,284.0
1368,
1369,506.0
1370,217.0
1371,199.0
1372,264.0
1373,502.0
1374,338.0
1375,639.0
1376,
1377,258.0
1378,528.0
1379,289.0
1380,231.0
1381,680.0
1382,66.0
1383,
1384,432.0
1385,295.0
1386,
1387,338.0
1388,110.0
1389,
1390,227.0
1391,718.0
1392,505.0
1393,101.0
1394,
1395,198.0
1396,
1397,1716.0
1398,2663.0
1399,
1400,152.0
1401,29.0
1402,307.0
1403,268.0
1404,550.0
1405,550.0
1406,186.0
1407,
1408,
1409,
1410,599.0
1411,481.0
1412,12.0
1413,
1414,
1415,149.0
1416,480.0
1417,54.0
1418,372.0
1419,304.0
1420,528.0
1421,211.0
1422,110.0
1423,539.0
1424,1282.0
1425,481.0
1426,206.0
1427,186.0
1428,
1429,1103.0
1430,702.0
1431,262.0
1432,209.0
1433,289.0
1434,365.0
1435,568.0
1436,211.0
1437,436.0
1438,550.0
1439,
1440,258.0
1441,540.0
1442,246.0
1443,540.0
1444,874.0
1445,550.0
1446,574.0
1447,841.0
1448,128.0
1449,501.0
1450,
1451,
1452,481.0
1453,809.0
1454,125.0
1455,1716.0
1456,254.0
1457,2429.0
1458,136.0
1459,1282.0
1460,751.0
1461,160.0
1462,526.0
1463,379.0
1464,211.0
1465,467.0
1466,604.0
1467,
1468,
1469,485.0
1470,505.0
1471,
1472,467.0
1473,
1474,
1475,
1476,34.0
1477,823.0
1478,309.0
1479,332.0
1480,540.0
1481,319.0
1482,1282.0
1483,
1484,444.0
1485,54.0
1486,
1487,505.0
1488,
1489,338.0
1490,540.0
1491,547.0
1492,973.0
1493,
1494,246.0
1495,69.0
1496,
1497,258.0
1498,539.0
1499,645.0
1500,
1501,225.0
1502,639.0
1503,319.0
1504,32.0
1505,163.0
1506,152.0
1507,651.0
1508,599.0
1509,254.0
1510,
1511,519.0
1512,369.0
1513,338.0
1514,481.0
1515,188.0
1516,702.0
1517,271.0
1518,454.0
1519,2547.0
1520,1428.0
1521,128.0
1522,
1523,123.0
1524,409.0
1525,1282.0
1526,63.0
1527,290.0
1528,203.0
1529,
1530,481.0
1531,539.0
1532,307.0
1533,254.0
1534,74.0
1535,
1536,
1537,481.0
1538,411.0
1539,1282.0
1540,568.0
1541,442.0
1542,210.0
1543,511.0
1544,
1545,298.0
1546,640.0
1547,599.0
1548,179.0
1549,319.0
1550,230.0
1551,101.0
1552,
1553,474.0
1554,
1555,221.0
1556,550.0
1557,246.0
1558,127.0
1559,
1560,210.0
1561,501.0
1562,268.0
1563,
1564,467.0
1565,32.0
1566,370.0
1567,32.0
1568,254.0
1569,1508.0
1570,
1571,289.0
1572,286.0
1573,702.0
1574,199.0
1575,134.0
1576,702.0
1577,294.0
1578,702.0
1579,465.0
1580,180.0
1581,467.0
1582,872.0
1583,513.0
1584,144.0
1585,114.0
1586,
1587,
1588,539.0
1589,702.0
1590,571.0
1591,505.0
1592,
1593,
1594,32.0
1595,370.0
1596,1012.0
1597,481.0
1598,227.0
1599,258.0
1600,61.0
1601,252.0
1602,588.0
1603,
1604,364.0
1605,1508.0
1606,655.0
1607,43.0
1608,152.0
1609,1508.0
1610,624.0
1611,395.0
1612,218.0
1613,61.0
1614,32.0
1615,465.0
1616,
1617,29.0
1618,718.0
1619,
1620,451.0
1621,208.0
1622,225.0
1623,236.0
1624,
1625,186.0
1626,512.0
1627,458.0
1628,55.0
1629,568.0
1630,
1631,38.0
1632,333.0
1633,210.0
1634,176.0
1635,29.0
1636,149.0
1637,218.0
1638,328.0
1639,973.0
1640,
1641,
1642,97.0
1643,540.0
1644,13.0
1645,216.0
1646,695.0
1647,42.0
1648,
1649,81.0
1650,629.0
1651,372.0
1652,258.0
1653,603.0
1654,138.0
1655,218.0
1656,
1657,286.0
1658,209.0
1659,199.0
1660,123.0
1661,77.0
1662,199.0
1663,125.0
1664,112.0
1665,858.0
1666,94.0
1667,210.0
1668,718.0
1669,479.0
1670,
1671,
1672,169.0
1673,
1674,
1675,338.0
1676,568.0
1677,186.0
1678,109.0
1679,266.0
1680,481.0
1681,299.0
1682,301.0
1683,467.0
1684,101.0
1685,195.0
1686,411.0
1687,148.0
1688,27.0
1689,178.0
1690,1139.0
1691,550.0
1692,162.0
1693,391.0
1694,540.0
1695,532.0
1696,197.0
1697,
1698,1282.0
1699,199.0
1700,121.0
1701,481.0
1702,528.0
1703,286.0
1704,472.0
1705,454.0
1706,540.0
1707,338.0
1708,84.0
1709,
1710,809.0
1711,254.0
1712,152.0
1713,32.0
1714,672.0
1715,1261.0
1716,42.0
1717,607.0
1718,481.0
1719,137.0
1720,528.0
1721,
1722,
1723,61.0
1724,702.0
1725,205.0
1726,228.0
1727,539.0
1728,2429.0
1729,203.0
1730,101.0
1731,
1732,458.0
1733,81.0
1734,97.0
1735,67.0
1736,
1737,105.0
1738,211.0
1739,540.0
1740,121.0
1741,739.0
1742,540.0
1743,97.0
1744,81.0
1745,
1746,
1747,656.0
1748,63.0
1749,
1750,149.0
1751,17.0
1752,
1753,370.0
1754,101.0
1755,
1756,540.0
1757,289.0
1758,332.0
1759,259.0
1760,
1761,109.0
1762,
1763,562.0
1764,599.0
1765,132.0
1766,
1767,218.0
1768,611.0
1769,356.0
1770,702.0
1771,528.0
1772,325.0
1773,286.0
1774,29.0
1775,199.0
1776,186.0
1777,191.0
1778,235.0
1779,29.0
1780,295.0
1781,492.0
1782,125.0
1783,568.0
1784,152.0
1785,
1786,209.0
1787,
1788,515.0
1789,
1790,256.0
1791,1282.0
1792,149.0
1793,571.0
1794,179.0
1795,439.0
1796,
1797,
1798,51.0
1799,
1800,32.0
1801,72.0
1802,467.0
1803,290.0
1804,152.0
1805,1282.0
1806,43.0
1807,616.0
1808,458.0
1809,156.0
1810,
1811,212.0
1812,163.0
1813,
1814,751.0
1815,199.0
1816,1097.0
1817,574.0
1818,422.0
1819,523.0
1820,65.0
1821,179.0
1822,193.0
1823,
1824,211.0
1825,686.0
1826,1282.0
1827,166.0
1828,639.0
1829,1648.0
1830,439.0
1831,
1832,416.0
1833,505.0
1834,270.0
1835,134.0
1836,1716.0
1837,565.0
1838,138.0
1839,
1840,227.0
1841,268.0
1842,199.0
1843,197.0
1844,
1845,286.0
1846,253.0
1847,787.0
1848,678.0
1849,
1850,1508.0
1851,338.0
1852,176.0
1853,152.0
1854,734.0
1855,
1856,226.0
1857,540.0
1858,414.0
1859,197.0
1860,225.0
1861,
1862,46.0
1863,408.0
1864,88.0
1865,511.0
1866,127.0
1867,
1868,303.0
1869,502.0
1870,1282.0
1871,29.0
1872,480.0
1873,578.0
1874,655.0
1875,30.0
1876,391.0
1877,
1878,467.0
1879,550.0
1880,208.0
1881,557.0
1882,336.0
1883,565.0
1884,199.0
1885,2663.0
1886,
1887,
1888,
1889,571.0
1890,173.0
1891,1615.0
1892,455.0
1893,
1894,209.0
1895,374.0
1896,2547.0
1897,505.0
1898,84.0
1899,603.0
1900,467.0
1901,1681.0
1902,
1903,809.0
1904,246.0
1905,
1906,138.0
1907,
1908,258.0
1909,196.0
1910,391.0
1911,61.0
1912,290.0
1913,568.0
1914,74.0
1915,703.0
1916,51.0
1917,289.0
1918,
1919,
1920,128.0
1921,344.0
1922,
1923,281.0
1924,593.0
1925,333.0
1926,319.0
1927,79.0
1928,1261.0
1929,
1930,
1931,
1932,199.0
1933,199.0
1934,560.0
1935,809.0
1936,286.0
1937,54.0
1938,815.0
1939,505.0
1940,32.0
1941,481.0
1942,214.0
1943,186.0
1944,199.0
1945,286.0
1946,413.0
1947,197.0
1948,49.0
1949,
1950,12.0
1951,1716.0
1952,538.0
1953,101.0
1954,42.0
1955,
1956,
1957,187.0
1958,46.0
