0,9
1,19
2,52
3,30
4,25
5,13
6,39
7,31
8,52
9,49
10,25
11,6
12,44
13,41
14,16
15,46
16,14
17,7
18,11
19,15
20,67
21,51
22,48
23,23
24,29
25,24
26,11
27,55
28,39
29,36
30,35
31,10
32,28
33,29
34,35
35,40
36,31
37,28
38,13
39,46
40,18
41,40
42,45
43,12
44,11
45,31
46,28
47,34
48,23
49,24
50,44
51,26
52,59
53,40
54,21
55,44
56,29
57,17
58,22
59,20
60,17
61,54
62,56
63,14
64,22
65,23
66,36
67,49
68,24
69,
70,18
71,22
72,31
73,17
74,30
75,41
76,39
77,28
78,37
79,38
80,39
81,34
82,48
83,43
84,7
85,25
86,10
87,33
88,26
89,31
90,43
91,36
92,35
93,21
94,18
95,21
96,48
97,50
98,30
99,25
100,44
101,39
102,39
103,25
104,51
105,29
106,43
107,18
108,27
109,40
110,46
111,46
112,14
113,41
114,33
115,63
116,16
117,6
118,43
119,40
120,45
121,14
122,36
123,40
124,35
125,25
126,31
127,28
128,27
129,18
130,19
131,12
132,19
133,23
134,50
135,36
136,25
137,41
138,18
139,39
140,44
141,25
142,18
143,46
144,24
145,31
146,19
147,23
148,49
149,30
150,34
151,23
152,24
153,22
154,30
155,12
156,35
157,12
158,34
159,
160,23
161,18
162,
163,22
164,41
165,
166,12
167,33
168,33
169,28
170,24
171,47
172,16
173,47
174,22
175,19
176,28
177,17
178,23
179,33
180,32
181,28
182,50
183,26
184,33
185,31
186,22
187,34
188,35
189,11
190,42
191,27
192,47
193,18
194,31
195,34
196,26
197,48
198,65
199,41
200,40
201,30
202,31
203,32
204,22
205,10
206,35
207,17
208,28
209,35
210,24
211,34
212,33
213,29
214,23
215,15
216,11
217,26
218,11
219,9
220,46
221,46
222,20
223,39
224,18
225,
226,9
227,25
228,40
229,17
230,
231,34
232,17
233,35
234,39
235,13
236,48
237,16
238,42
239,35
240,43
241,24
242,
243,12
244,16
245,14
246,50
247,17
248,26
249,25
250,19
251,21
252,53
253,9
254,12
255,42
256,35
257,11
258,21
259,24
260,46
261,22
262,40
263,15
264,38
265,38
266,24
267,44
268,18
269,25
270,15
271,17
272,12
273,23
274,34
275,39
276,39
277,26
278,23
279,23
280,29
281,29
282,21
283,26
284,39
285,39
286,15
287,36
288,
289,23
290,23
291,22
292,
293,4
294,15
295,26
296,27
297,42
298,38
299,17
300,36
301,19
302,20
303,29
304,31
305,35
306,30
307,39
308,47
309,15
310,46
311,30
312,20
313,18
314,28
315,17
316,17
317,25
318,32
319,22
320,12
321,25
322,14
323,13
324,35
325,30
326,34
327,40
328,32
329,23
330,10
331,40
332,45
333,23
334,15
335,26
336,17
337,53
338,17
339,28
340,26
341,10
342,52
343,47
344,28
345,47
346,15
347,29
348,9
349,51
350,18
351,33
352,41
353,30
354,28
355,26
356,31
357,39
358,8
359,31
360,10
361,31
362,22
363,54
364,19
365,29
366,
367,54
368,37
369,26
370,28
371,12
372,26
373,49
374,31
375,31
376,
377,
378,36
379,13
380,22
381,21
382,39
383,21
384,24
385,17
386,33
387,17
388,11
389,12
390,23
391,46
392,41
393,19
394,39
395,30
396,43
397,31
398,25
399,29
400,25
401,25
402,47
403,17
404,25
405,29
406,22
407,50
408,46
409,14
410,47
411,4
412,40
413,30
414,31
415,40
416,34
417,29
418,52
419,25
420,30
421,38
422,8
423,46
424,39
425,45
426,21
427,23
428,18
429,32
430,22
431,19
432,30
433,50
434,41
435,27
436,18
437,32
438,
439,18
440,23
441,39
442,53
443,30
444,28
445,31
446,44
447,22
448,48
449,36
450,17
451,30
452,34
453,19
454,28
455,29
456,19
457,32
458,19
459,50
460,41
461,25
462,40
463,32
464,28
465,26
466,35
467,21
468,15
469,18
470,20
471,53
472,24
473,35
474,38
475,46
476,31
477,34
478,50
479,50
480,18
481,24
482,31
483,23
484,9
485,32
486,28
487,42
488,43
489,21
490,22
491,13
492,39
493,49
494,8
495,18
496,47
497,35
498,31
499,39
500,39
501,28
502,39
503,
504,9
505,32
506,32
507,26
508,26
509,20
510,38
511,31
512,26
513,32
514,50
515,31
516,16
517,16
518,18
519,39
520,19
521,22
522,
523,20
524,14
525,31
526,46
527,44
528,28
529,46
530,63
531,26
532,25
533,10
534,41
535,34
536,13
537,31
538,
539,41
540,25
541,35
542,41
543,28
544,22
545,50
546,35
547,13
548,33
549,25
550,26
551,43
552,52
553,25
554,33
555,41
556,11
557,30
558,16
559,13
560,43
561,
562,13
563,47
564,9
565,41
566,42
567,48
568,16
569,22
570,29
571,12
572,35
573,33
574,35
575,40
576,43
577,
578,12
579,53
580,10
581,17
582,10
583,16
584,49
585,31
586,48
587,39
588,34
589,23
590,23
591,34
592,31
593,48
594,35
595,47
596,48
597,35
598,48
599,8
600,12
601,26
602,18
603,56
604,19
605,35
606,42
607,12
608,14
609,43
610,28
611,16
612,34
613,20
614,
615,3
616,41
617,69
618,36
619,40
620,24
621,39
622,19
623,22
624,12
625,39
626,25
627,44
628,17
629,42
630,13
631,
632,23
633,51
634,25
635,47
636,22
637,29
638,20
639,18
640,20
641,42
642,29
643,34
644,28
645,40
646,19
647,
648,31
649,40
650,47
651,18
652,47
653,25
654,48
655,52
656,23
657,28
658,41
659,29
660,31
661,
662,22
663,33
664,27
665,
666,22
667,
668,48
669,29
670,16
671,33
672,39
673,47
674,25
675,48
676,
677,29
678,31
679,28
680,29
681,28
682,20
683,28
684,23
685,6
686,
687,16
688,19
689,22
690,17
691,34
692,39
693,
694,52
695,28
696,18
697,20
698,32
699,34
700,50
701,42
702,30
703,39
704,50
705,41
706,8
707,50
708,43
709,31
710,28
711,56
712,28
713,39
714,31
715,17
716,44
717,24
718,10
719,9
720,48
721,51
722,20
723,35
724,31
725,16
726,37
727,28
728,35
729,
730,42
731,40
732,27
733,37
734,27
735,20
736,39
737,19
738,33
739,28
740,32
741,41
742,42
743,21
744,13
745,41
746,17
747,16
748,
749,35
750,12
751,44
752,28
753,36
754,53
755,19
756,28
757,16
758,30
759,36
760,
761,31
762,41
763,21
764,26
765,6
766,39
767,6
768,
769,25
770,4
771,31
772,28
773,26
774,29
775,34
776,34
777,23
778,47
779,20
780,11
781,39
782,27
783,39
784,
785,22
786,
787,49
788,28
789,46
790,19
791,11
792,20
793,63
794,17
795,28
796,36
797,41
798,32
799,18
800,
801,23
802,38
803,20
804,29
805,20
806,40
807,32
808,35
809,15
810,26
811,22
812,41
813,24
814,33
815,39
816,20
817,31
818,40
819,23
820,34
821,31
822,29
823,28
824,31
825,22
826,50
827,29
828,12
829,15
830,22
831,12
832,19
833,
834,27
835,22
836,34
837,39
838,4
839,39
840,21
841,31
842,40
843,20
844,7
845,35
846,41
847,23
848,49
849,7
850,20
851,16
852,12
853,22
854,36
855,39
856,33
857,30
858,49
859,48
860,28
861,54
862,47
863,
864,7
865,
866,20
867,16
868,47
869,16
870,28
871,10
872,22
873,26
874,21
875,12
876,22
877,18
878,18
879,15
880,30
881,31
882,52
883,35
884,14
885,40
886,32
887,40
888,38
889,28
890,20
891,25
892,31
893,8
894,49
895,15
896,41
897,16
898,32
899,18
900,45
901,35
902,31
903,13
904,21
905,16
906,43
907,65
908,18
909,23
910,40
911,12
912,31
913,32
914,14
915,33
916,31
917,22
918,44
919,49
920,40
921,16
922,28
923,41
924,12
925,23
926,46
927,20
928,30
929,52
930,31
931,38
932,31
933,28
934,28
935,
936,25
937,32
938,50
939,20
940,40
941,39
942,23
943,12
944,29
945,38
946,23
947,39
948,22
949,53
950,32
951,23
952,20
953,17
954,28
955,20
956,43
957,26
958,11
959,32
960,6
961,
962,40
963,32
964,38
965,15
966,41
967,18
968,52
969,59
970,56
971,30
972,23
973,28
974,19
975,49
976,29
977,23
978,38
979,18
980,39
981,28
982,25
983,15
984,20
985,15
986,24
987,33
988,23
989,26
990,23
991,11
992,24
993,19
994,46
995,28
996,24
997,45
998,17
999,30
1000,35
1001,9
1002,20
1003,24
1004,40
1005,40
1006,23
1007,17
1008,48
1009,31
1010,6
1011,30
1012,17
1013,26
1014,19
1015,39
1016,32
1017,30
1018,35
1019,32
1020,32
1021,40
1022,39
1023,18
1024,41
1025,30
1026,52
1027,48
1028,52
1029,18
1030,69
1031,22
1032,13
1033,24
1034,30
1035,32
1036,23
1037,21
1038,27
1039,48
1040,22
1041,
1042,41
1043,15
1044,45
1045,40
1046,12
1047,33
1048,31
1049,8
1050,24
1051,23
1052,19
1053,32
1054,8
1055,40
1056,50
1057,44
1058,22
1059,22
1060,49
1061,23
1062,30
1063,53
1064,18
1065,32
1066,43
1067,12
1068,50
1069,51
1070,22
1071,31
1072,19
1073,13
1074,36
1075,14
1076,31
1077,
1078,12
1079,39
1080,7
1081,31
1082,16
1083,23
1084,26
1085,51
1086,
1087,18
1088,17
1089,13
1090,32
1091,43
1092,35
1093,19
1094,8
1095,20
1096,34
1097,41
1098,
1099,49
1100,36
1101,42
1102,
1103,21
1104,49
1105,53
1106,19
1107,46
1108,16
1109,10
1110,42
1111,31
1112,
1113,31
1114,30
1115,29
1116,53
1117,30
1118,10
1119,4
1120,8
1121,39
1122,22
1123,
1124,
1125,24
1126,46
1127,36
1128,19
1129,15
1130,39
1131,10
1132,51
1133,26
1134,
1135,13
1136,42
1137,12
1138,18
1139,26
1140,17
1141,48
1142,48
1143,12
1144,23
1145,14
1146,7
1147,
1148,28
1149,24
1150,8
1151,37
1152,28
1153,33
1154,37
1155,40
1156,3
1157,16
1158,54
1159,32
1160,22
1161,16
1162,12
1163,22
1164,59
1165,20
1166,29
1167,33
1168,31
1169,39
1170,30
1171,19
1172,18
1173,19
1174,32
1175,36
1176,12
1177,7
1178,28
1179,32
1180,49
1181,32
1182,13
1183,29
1184,40
1185,3
1186,34
1187,30
1188,35
1189,37
1190,36
1191,46
1192,25
1193,3
1194,8
1195,16
1196,19
1197,59
1198,41
1199,31
1200,28
1201,53
1202,55
1203,17
1204,31
1205,49
1206,32
1207,48
1208,40
1209,17
1210,28
1211,20
1212,25
1213,34
1214,30
1215,20
1216,15
1217,37
1218,49
1219,23
1220,40
1221,29
1222,40
1223,51
1224,17
1225,23
1226,38
1227,23
1228,31
1229,29
1230,17
1231,28
1232,52
1233,
1234,43
1235,15
1236,19
1237,17
1238,17
1239,29
1240,14
1241,34
1242,18
1243,48
1244,31
1245,10
1246,10
1247,28
1248,23
1249,48
1250,
1251,26
1252,43
1253,34
1254,25
1255,18
1256,29
1257,28
1258,48
1259,26
1260,12
1261,20
1262,9
1263,56
1264,13
1265,26
1266,49
1267,17
1268,24
1269,67
1270,16
1271,6
1272,17
1273,
1274,46
1275,23
1276,11
1277,47
1278,46
1279,52
1280,20
1281,32
1282,9
1283,33
1284,22
1285,7
1286,54
1287,25
1288,45
1289,40
1290,39
1291,53
1292,28
1293,9
1294,36
1295,17
1296,41
1297,12
1298,22
1299,33
1300,12
1301,4
1302,37
1303,33
1304,17
1305,44
1306,28
1307,18
1308,24
1309,31
1310,22
1311,49
1312,20
1313,33
1314,42
1315,25
1316,28
1317,40
1318,23
1319,46
1320,31
1321,32
1322,31
1323,26
1324,17
1325,23
1326,18
1327,24
1328,38
1329,17
1330,22
1331,19
1332,
1333,20
1334,31
1335,36
1336,19
1337,18
1338,19
1339,30
1340,12
1341,18
1342,40
1343,
1344,29
1345,10
1346,10
1347,31
1348,38
1349,32
1350,34
1351,53
1352,47
1353,31
1354,17
1355,9
1356,47
1357,27
1358,37
1359,20
1360,17
1361,54
1362,14
1363,69
1364,31
1365,38
1366,40
1367,30
1368,7
1369,41
1370,48
1371,12
1372,30
1373,38
1374,30
1375,
1376,24
1377,29
1378,28
1379,47
1380,19
1381,19
1382,46
1383,6
1384,
1385,23
1386,40
1387,27
1388,22
1389,16
1390,31
1391,16
1392,26
1393,31
1394,31
1395,43
1396,17
1397,18
1398,39
1399,28
1400,52
1401,25
1402,26
1403,44
1404,52
1405,26
1406,
1407,29
1408,18
1409,7
1410,29
1411,20
1412,55
1413,31
1414,42
1415,32
1416,35
1417,17
1418,31
1419,28
1420,26
1421,27
1422,40
1423,17
1424,13
1425,43
1426,10
1427,25
1428,18
1429,25
1430,33
1431,22
1432,24
1433,35
1434,44
1435,15
1436,59
1437,41
1438,22
1439,41
1440,31
1441,15
1442,4
1443,18
1444,28
1445,45
1446,32
1447,36
1448,31
1449,25
1450,
1451,21
1452,28
1453,38
1454,15
1455,39
1456,40
1457,17
1458,
1459,34
1460,12
1461,32
1462,39
1463,43
1464,9
1465,37
1466,23
1467,30
1468,21
1469,28
1470,20
1471,10
1472,26
1473,18
1474,31
1475,25
1476,50
1477,31
1478,14
1479,38
1480,31
1481,12
1482,35
1483,16
1484,37
1485,33
1486,35
1487,9
1488,25
1489,3
1490,39
1491,17
1492,
1493,14
1494,21
1495,
1496,25
1497,35
1498,8
1499,29
1500,28
1501,20
1502,22
1503,12
1504,28
1505,47
1506,23
1507,35
1508,26
1509,49
1510,16
1511,23
1512,23
1513,67
1514,23
1515,28
1516,
1517,39
1518,22
1519,22
1520,31
1521,46
1522,51
1523,50
1524,31
1525,12
1526,30
1527,30
1528,56
1529,29
1530,31
1531,35
1532,6
1533,33
1534,47
1535,25
1536,34
1537,31
1538,
1539,17
1540,11
1541,7
1542,46
1543,24
1544,23
1545,34
1546,16
1547,52
1548,10
1549,48
1550,17
1551,30
1552,32
1553,34
1554,31
1555,
1556,17
1557,45
1558,21
1559,54
1560,17
1561,15
1562,31
1563,9
1564,31
1565,32
1566,50
1567,
1568,23
1569,22
1570,40
1571,19
1572,35
1573,17
1574,27
1575,54
1576,22
1577,22
1578,35
1579,
1580,31
1581,37
1582,40
1583,20
1584,34
1585,
1586,43
1587,13
1588,49
1589,23
1590,
1591,36
1592,50
1593,16
1594,39
1595,15
1596,31
1597,
1598,18
1599,22
1600,22
1601,
1602,25
1603,23
1604,25
1605,11
1606,28
1607,31
1608,13
1609,23
1610,
1611,17
1612,6
1613,20
1614,
1615,6
1616,50
1617,14
1618,37
1619,40
1620,15
1621,32
1622,35
1623,53
1624,5
1625,34
1626,35
1627,23
1628,23
1629,31
1630,33
1631,35
1632,47
1633,15
1634,31
1635,46
1636,47
1637,12
1638,
1639,49
1640,29
1641,18
1642,28
1643,30
1644,52
1645,25
1646,12
1647,42
1648,27
1649,4
1650,11
1651,15
1652,45
1653,14
1654,20
1655,
1656,39
1657,43
1658,14
1659,25
1660,27
1661,43
1662,40
1663,28
1664,28
1665,31
1666,21
1667,45
1668,19
1669,29
1670,17
1671,23
1672,35
1673,28
1674,31
1675,33
1676,53
1677,41
1678,39
1679,12
1680,19
1681,17
1682,28
1683,33
1684,49
1685,30
1686,27
1687,48
1688,25
1689,29
1690,31
1691,40
1692,50
1693,27
1694,37
1695,17
1696,26
1697,40
1698,15
1699,32
1700,23
1701,36
1702,22
1703,18
1704,
1705,20
1706,46
1707,28
1708,37
1709,40
1710,29
1711,22
1712,23
1713,25
1714,26
1715,28
1716,17
1717,
1718,35
1719,43
1720,23
1721,19
1722,14
1723,47
1724,23
1725,16
1726,47
1727,31
1728,27
1729,12
1730,32
1731,30
1732,15
1733,48
1734,43
1735,38
1736,21
1737,18
1738,50
1739,30
1740,35
1741,46
1742,24
1743,29
1744,32
1745,5
1746,36
1747,28
1748,24
1749,30
1750,21
1751,16
1752,23
1753,31
1754,30
1755,17
1756,22
1757,
1758,17
1759,26
1760,14
1761,35
1762,40
1763,16
1764,34
1765,20
1766,39
1767,34
1768,34
1769,49
1770,22
1771,23
1772,25
1773,25
1774,53
1775,56
1776,32
1777,22
1778,31
1779,49
1780,31
1781,21
1782,
1783,47
1784,31
1785,47
1786,16
1787,18
1788,29
1789,
1790,56
1791,14
1792,38
1793,31
1794,27
1795,17
1796,28
1797,31
1798,47
1799,26
1800,30
1801,42
1802,39
1803,14
1804,33
1805,15
1806,40
1807,3
1808,41
1809,39
1810,
1811,18
1812,32
1813,19
1814,12
1815,39
1816,33
1817,40
1818,
1819,29
1820,20
1821,15
1822,51
1823,34
1824,28
1825,56
1826,10
1827,24
1828,56
1829,24
1830,15
1831,47
1832,52
1833,40
1834,17
1835,18
1836,38
1837,37
1838,55
1839,32
1840,50
1841,24
1842,55
1843,18
1844,8
1845,42
1846,47
1847,51
1848,47
1849,18
1850,25
1851,45
1852,35
1853,17
1854,30
1855,
1856,44
1857,20
1858,31
1859,19
1860,6
1861,22
1862,41
1863,52
1864,39
1865,36
1866,20
1867,22
1868,23
1869,20
1870,11
1871,65
1872,
1873,35
1874,23
1875,50
1876,45
1877,20
1878,13
1879,
1880,
1881,45
1882,53
1883,31
1884,3
1885,48
1886,36
1887,39
1888,24
1889,18
1890,26
1891,41
1892,22
1893,29
1894,47
1895,17
1896,14
1897,30
1898,17
1899,35
1900,49
1901,14
1902,41
1903,30
1904,36
1905,39
1906,32
1907,22
1908,17
1909,47
1910,
1911,12
1912,37
1913,15
1914,61
1915,32
1916,23
1917,29
1918,31
1919,26
1920,
1921,47
1922,26
1923,48
1924,32
1925,22
1926,32
1927,24
1928,45
1929,32
1930,25
1931,35
1932,41
1933,32
1934,25
1935,8
1936,41
1937,49
1938,
1939,24
1940,13
1941,20
1942,24
1943,16
1944,
1945,28
1946,19
1947,33
1948,33
1949,40
1950,33
1951,15
1952,17
1953,44
1954,29
1955,
1956,51
1957,63
1958,23
1959,34
1960,55
1961,17
1962,22
1963,
1964,
1965,31
1966,32
1967,22
1968,16
1969,19
1970,47
1971,18
1972,14
1973,47
1974,10
1975,14
1976,19
1977,36
1978,42
1979,34
1980,44
1981,26
1982,31
1983,28
1984,15
1985,17
1986,13
1987,39
1988,43
1989,20
1990,17
1991,51
1992,33
1993,23
1994,20
1995,14
1996,37
1997,12
1998,30
1999,22
2000,38
2001,5
2002,26
2003,32
2004,28
2005,
2006,26
2007,35
2008,38
2009,37
2010,
2011,44
2012,18
2013,17
2014,37
2015,35
2016,46
2017,
2018,
2019,30
2020,25
2021,
2022,9
2023,53
2024,45
2025,40
2026,38
2027,23
2028,51
2029,41
2030,32
2031,31
2032,35
2033,29
2034,46
2035,44
2036,32
2037,20
2038,45
2039,26
2040,33
2041,47
2042,35
2043,25
2044,20
2045,27
2046,17
2047,16
2048,13
2049,17
2050,39
2051,27
2052,9
2053,31
2054,19
2055,11
2056,30
2057,26
2058,25
2059,40
2060,14
2061,40
2062,19
2063,32
2064,14
2065,30
2066,31
2067,26
2068,39
2069,51
2070,12
2071,33
2072,28
2073,44
2074,23
2075,33
2076,14
2077,49
2078,18
2079,15
2080,
2081,21
2082,4
2083,39
2084,29
2085,16
2086,46
2087,35
2088,30
2089,18
2090,26
2091,20
2092,23
2093,15
2094,52
2095,26
2096,37
2097,22
2098,43
2099,49
2100,20
2101,
2102,26
2103,38
2104,32
2105,13
2106,25
2107,43
2108,49
2109,40
2110,12
2111,12
2112,38
2113,30
2114,32
2115,32
2116,29
2117,19
2118,35
2119,32
2120,39
2121,41
2122,16
2123,30
2124,36
2125,19
2126,48
2127,49
2128,53
2129,30
2130,23
2131,40
2132,55
2133,17
2134,15
2135,20
2136,17
2137,39
2138,28
2139,17
2140,44
2141,20
2142,42
2143,43
2144,51
2145,28
2146,12
2147,23
2148,45
2149,38
2150,5
2151,26
2152,57
2153,21
2154,38
2155,67
2156,36
2157,30
2158,24
2159,30
2160,28
2161,37
2162,39
2163,8
2164,23
2165,26
2166,43
2167,20
2168,41
2169,30
2170,13
2171,18
2172,30
2173,34
2174,52
2175,56
2176,31
2177,29
2178,47
2179,45
2180,35
2181,12
2182,16
2183,32
2184,30
2185,18
2186,35
2187,26
2188,47
2189,30
2190,16
2191,28
2192,47
2193,47
2194,30
2195,34
2196,46
2197,18
2198,35
2199,26
2200,28
2201,32
2202,47
2203,19
2204,25
2205,39
2206,12
2207,34
2208,12
2209,39
2210,11
2211,24
2212,22
2213,25
2214,35
2215,32
2216,41
2217,17
2218,39
2219,31
2220,43
2221,34
2222,37
2223,
2224,50
2225,20
2226,50
2227,25
2228,42
2229,37
2230,17
2231,22
2232,33
2233,14
2234,40
2235,34
2236,44
2237,49
2238,16
2239,20
2240,35
2241,32
2242,12
2243,28
2244,
2245,3
2246,40
2247,38
2248,30
2249,49
2250,19
2251,39
2252,2
2253,32
2254,17
2255,2
2256,
2257,48
2258,46
2259,46
2260,37
2261,44
2262,45
2263,38
2264,28
2265,21
2266,49
2267,28
2268,33
2269,39
2270,16
2271,18
2272,12
2273,8
2274,26
2275,12
2276,40
2277,31
2278,16
2279,16
2280,29
2281,32
2282,19
2283,
2284,46
2285,31
2286,46
2287,21
2288,14
2289,13
2290,51
2291,37
2292,39
2293,42
2294,32
2295,14
2296,18
2297,53
2298,31
2299,13
2300,47
2301,46
2302,8
2303,43
2304,39
2305,23
2306,46
2307,28
2308,29
2309,42
2310,31
2311,30
2312,27
2313,11
2314,38
2315,32
2316,15
2317,11
2318,24
2319,30
2320,35
2321,35
2322,
2323,12
2324,25
2325,56
2326,53
2327,36
2328,16
2329,4
2330,15
2331,39
2332,53
2333,49
2334,41
2335,24
2336,36
2337,46
2338,31
2339,25
2340,32
2341,36
2342,44
2343,17
2344,22
2345,31
2346,38
2347,32
2348,
2349,49
2350,33
2351,51
2352,46
2353,24
2354,32
2355,
2356,18
2357,43
2358,13
2359,47
2360,35
2361,
2362,
2363,4
2364,20
2365,29
2366,24
2367,40
2368,37
2369,21
2370,25
2371,47
2372,25
2373,23
2374,19
2375,49
2376,43
2377,22
2378,12
2379,17
2380,18
2381,30
2382,28
2383,18
2384,33
2385,29
2386,22
2387,28
2388,52
2389,47
2390,32
2391,22
2392,13
2393,28
2394,19
2395,34
2396,12
2397,47
2398,27
2399,48
2400,39
2401,28
2402,50
2403,32
2404,48
2405,23
2406,37
2407,33
2408,28
2409,25
2410,22
2411,33
2412,12
2413,32
2414,
2415,18
2416,53
2417,
2418,24
2419,13
2420,13
2421,
2422,40
2423,25
2424,28
2425,24
2426,33
2427,22
2428,13
2429,53
2430,31
2431,12
2432,32
2433,40
2434,45
2435,41
2436,46
2437,26
2438,19
2439,30
2440,16
2441,7
2442,39
2443,12
2444,51
2445,29
2446,16
2447,18
2448,24
2449,53
2450,32
2451,22
2452,4
2453,33
2454,15
2455,
2456,31
2457,30
2458,28
2459,28
2460,17
2461,28
2462,28
2463,35
2464,40
2465,35
2466,35
2467,34
2468,28
2469,
2470,25
2471,28
2472,32
2473,29
2474,35
2475,26
2476,31
2477,
2478,27
2479,40
2480,26
2481,24
2482,
2483,9
2484,28
2485,16
2486,46
2487,7
2488,28
2489,23
2490,13
2491,27
2492,46
2493,34
2494,35
2495,37
2496,12
2497,26
2498,8
2499,12
2500,21
2501,16
2502,20
2503,28
2504,61
2505,8
2506,37
2507,47
2508,31
2509,17
2510,43
2511,47
2512,28
2513,
2514,40
2515,3
2516,10
2517,19
2518,26
2519,38
2520,12
2521,27
2522,38
2523,35
2524,28
2525,29
2526,38
2527,28
2528,53
2529,30
2530,16
2531,18
2532,30
2533,31
2534,32
2535,51
2536,28
2537,54
2538,4
2539,46
2540,44
2541,11
2542,24
2543,27
2544,22
2545,33
2546,29
2547,18
2548,41
2549,40
2550,36
2551,7
2552,25
2553,29
2554,32
2555,26
2556,50
2557,38
2558,40
2559,45
2560,32
2561,20
2562,44
2563,31
2564,13
2565,27
2566,26
2567,23
2568,30
2569,31
2570,54
2571,31
2572,18
2573,31
2574,28
2575,34
2576,10
2577,39
2578,29
2579,34
2580,24
2581,13
2582,31
2583,36
2584,33
2585,49
2586,39
2587,32
2588,38
2589,33
2590,16
2591,33
2592,49
2593,60
2594,32
2595,48
2596,28
2597,53
2598,52
2599,31
2600,24
2601,47
2602,25
2603,26
2604,
2605,33
2606,27
2607,24
2608,31
2609,47
2610,41
2611,34
2612,27
2613,4
2614,31
2615,31
2616,
2617,39
2618,39
2619,23
2620,8
2621,26
2622,16
2623,30
2624,15
2625,15
2626,33
2627,28
2628,51
2629,19
2630,24
2631,39
2632,35
2633,18
2634,12
2635,15
2636,35
2637,52
2638,17
2639,31
2640,23
2641,16
2642,53
2643,24
2644,35
2645,44
2646,24
2647,18
2648,7
2649,38
2650,35
2651,22
2652,25
2653,18
2654,23
2655,24
2656,31
2657,36
2658,32
2659,28
2660,36
2661,29
2662,31
2663,20
2664,30
2665,10
2666,19
2667,31
2668,42
2669,13
2670,39
2671,25
2672,17
2673,43
2674,46
2675,9
2676,35
2677,35
2678,7
2679,26
2680,38
2681,17
2682,23
2683,12
2684,28
2685,10
2686,27
2687,22
2688,33
2689,18
2690,29
2691,35
2692,50
2693,32
2694,52
2695,35
2696,42
2697,16
2698,9
2699,21
2700,46
2701,18
2702,40
2703,26
2704,30
2705,23
2706,32
2707,30
2708,37
2709,36
2710,34
2711,21
2712,17
2713,48
2714,19
2715,33
2716,43
2717,22
2718,34
2719,50
2720,31
2721,21
2722,29
2723,18
2724,
2725,32
2726,18
2727,21
2728,42
2729,47
2730,30
2731,48
2732,39
2733,14
2734,31
2735,20
2736,22
2737,20
2738,17
2739,14
2740,35
2741,44
2742,
2743,
2744,40
2745,41
2746,24
2747,
2748,26
2749,39
2750,11
2751,47
2752,37
2753,24
2754,40
2755,59
2756,31
2757,30
2758,20
2759,45
2760,4
2761,39
2762,12
2763,19
2764,28
2765,6
2766,9
2767,38
2768,28
2769,37
2770,46
2771,46
2772,10
2773,25
2774,40
2775,36
2776,29
2777,31
2778,34
2779,28
2780,45
2781,31
2782,47
2783,14
2784,19
2785,6
2786,35
2787,18
2788,
2789,32
2790,38
2791,32
2792,33
2793,21
2794,28
2795,59
2796,43
2797,59
2798,23
2799,21
2800,18
2801,17
2802,17
2803,39
2804,25
2805,26
2806,12
2807,19
2808,24
2809,4
2810,45
2811,32
2812,7
2813,17
2814,17
2815,34
2816,12
2817,45
2818,39
2819,
2820,33
2821,47
2822,
2823,20
2824,52
2825,40
2826,31
2827,34
2828,46
2829,17
2830,10
2831,7
2832,41
2833,22
2834,15
2835,32
2836,42
2837,
2838,31
2839,38
2840,23
2841,44
2842,33
2843,9
2844,44
2845,19
2846,16
2847,21
2848,31
2849,33
2850,28
2851,52
2852,
2853,39
2854,33
2855,36
2856,31
2857,32
2858,51
2859,10
2860,12
2861,49
2862,
2863,17
2864,38
2865,40
2866,33
2867,18
2868,13
2869,22
2870,52
2871,39
2872,38
2873,29
2874,12
2875,26
2876,24
2877,38
2878,31
2879,8
2880,6
2881,42
2882,31
2883,36
2884,40
2885,31
2886,35
2887,43
2888,40
2889,23
2890,9
2891,53
2892,
2893,54
2894,30
2895,31
2896,53
2897,48
2898,32
2899,31
2900,26
2901,30
2902,12
2903,21
2904,50
2905,48
2906,39
2907,24
2908,48
2909,25
2910,17
2911,28
2912,27
2913,28
2914,20
2915,37
2916,26
2917,24
2918,31
2919,14
2920,12
2921,35
2922,18
2923,35
2924,18
2925,20
2926,43
2927,16
2928,41
2929,25
2930,42
2931,6
2932,16
2933,32
2934,8
2935,35
2936,14
2937,22
2938,12
2939,23
2940,16
2941,46
2942,24
2943,22
2944,27
2945,30
2946,17
2947,45
2948,17
2949,49
2950,32
2951,48
2952,32
2953,
2954,6
2955,33
2956,29
2957,38
2958,
2959,40
2960,28
2961,28
2962,27
2963,31
2964,26
2965,23
2966,19
2967,31
2968,11
2969,51
2970,13
2971,20
2972,33
2973,35
2974,40
2975,35
2976,28
2977,49
2978,28
2979,26
2980,27
2981,22
2982,36
2983,13
2984,16
2985,40
2986,40
2987,22
2988,31
2989,44
2990,67
2991,47
2992,22
2993,49
2994,18
2995,16
2996,31
2997,21
2998,25
2999,33
3000,39
3001,45
3002,48
3003,9
3004,12
3005,28
3006,36
3007,35
3008,20
3009,37
3010,30
3011,37
3012,29
3013,40
3014,
3015,11
3016,4
3017,17
3018,31
3019,20
3020,
3021,55
3022,23
3023,42
3024,24
3025,28
3026,53
3027,40
3028,32
3029,16
3030,32
3031,52
3032,19
3033,4
3034,17
3035,15
3036,49
3037,25
3038,29
3039,13
3040,17
3041,35
3042,49
3043,6
3044,46
3045,39
3046,35
3047,24
3048,26
3049,
3050,38
3051,35
3052,48
3053,54
3054,33
3055,40
3056,23
3057,34
3058,24
3059,35
3060,36
3061,
3062,17
3063,31
3064,47
3065,31
3066,12
3067,52
3068,45
3069,24
3070,17
3071,27
3072,23
3073,31
3074,7
3075,50
3076,42
3077,
3078,22
3079,36
3080,30
3081,23
3082,37
3083,36
3084,39
3085,21
3086,24
3087,25
3088,49
3089,32
3090,36
3091,38
3092,23
3093,38
3094,31
3095,9
3096,47
3097,28
3098,27
3099,31
3100,17
3101,51
3102,30
3103,28
3104,46
3105,40
3106,49
3107,32
3108,32
3109,52
3110,35
3111,31
3112,48
3113,63
3114,35
3115,16
3116,49
3117,20
3118,47
3119,41
3120,30
3121,10
3122,29
3123,26
3124,31
3125,10
3126,17
3127,19
3128,34
3129,27
3130,35
3131,29
3132,15
3133,43
3134,9
3135,
3136,17
3137,28
3138,16
3139,36
3140,31
3141,47
3142,32
3143,
3144,24
3145,35
3146,20
3147,18
3148,43
3149,36
3150,22
3151,50
3152,11
3153,20
3154,22
3155,23
3156,33
3157,39
3158,29
3159,21
3160,16
3161,34
3162,42
3163,17
3164,31
3165,41
3166,50
3167,24
3168,39
3169,20
3170,32
3171,20
3172,30
3173,14
3174,16
3175,36
3176,47
3177,42
3178,3
3179,41
3180,28
3181,18
3182,26
3183,48
3184,29
3185,
3186,30
3187,20
3188,38
3189,33
3190,44
3191,56
3192,
3193,38
3194,13
3195,23
3196,55
3197,23
3198,17
3199,25
3200,43
3201,22
3202,29
3203,22
3204,44
3205,44
3206,17
3207,33
3208,16
3209,41
3210,50
3211,40
3212,30
3213,34
3214,10
3215,32
3216,3
3217,34
3218,30
3219,26
3220,26
3221,41
3222,13
3223,12
3224,17
3225,28
3226,9
3227,31
3228,42
3229,52
3230,23
3231,49
3232,17
3233,8
3234,20
3235,18
3236,18
3237,30
3238,15
3239,35
3240,
3241,53
3242,28
3243,21
3244,51
3245,47
3246,39
3247,30
3248,24
3249,20
3250,
3251,12
3252,4
3253,18
3254,38
3255,9
3256,43
3257,46
3258,34
3259,28
3260,24
3261,35
3262,23
3263,48
3264,53
3265,33
3266,24
3267,9
3268,38
3269,27
3270,43
3271,47
3272,13
3273,34
3274,28
3275,44
3276,10
3277,15
3278,46
3279,3
3280,16
3281,22
3282,15
3283,16
3284,38
3285,21
3286,49
3287,25
3288,29
3289,18
3290,31
3291,41
3292,27
3293,39
3294,20
3295,30
3296,27
3297,31
3298,24
3299,24
3300,15
3301,30
3302,30
3303,28
3304,52
3305,26
3306,34
3307,35
3308,16
3309,33
3310,11
3311,17
3312,16
3313,16
3314,40
3315,56
3316,14
3317,7
3318,26
3319,21
3320,46
3321,39
3322,30
3323,26
3324,24
3325,30
3326,52
3327,51
3328,23
3329,43
3330,29
3331,19
3332,39
3333,37
3334,32
3335,48
3336,14
3337,20
3338,50
3339,17
