0,36.0
1,27.0
2,63.0
3,26.0
4,
5,
6,32.0
7,81.0
8,37.0
9,48.0
10,12.0
11,48.0
12,31.0
13,39.0
14,96.0
15,40.0
16,
17,71.0
18,42.0
19,12.0
20,40.0
21,72.0
22,26.0
23,77.0
24,59.0
25,165.0
26,38.0
27,
28,25.0
29,27.0
30,104.0
31,45.0
32,118.0
33,32.0
34,47.0
35,34.0
36,64.0
37,31.0
38,60.0
39,37.0
40,128.0
41,37.0
42,16.0
43,39.0
44,46.0
45,45.0
46,41.0
47,67.0
48,46.0
49,65.0
50,34.0
51,50.0
52,26.0
53,32.0
54,48.0
55,23.0
56,48.0
57,82.0
58,50.0
59,50.0
60,42.0
61,13.0
62,118.0
63,49.0
64,46.0
65,32.0
66,47.0
67,50.0
68,41.0
69,34.0
70,51.0
71,58.0
72,72.0
73,44.0
74,37.0
75,64.0
76,24.0
77,48.0
78,
79,61.0
80,37.0
81,55.0
82,64.0
83,17.0
84,41.0
85,9.0
86,39.0
87,39.0
88,38.0
89,37.0
90,34.0
91,37.0
92,41.0
93,48.0
94,41.0
95,67.0
96,72.0
97,56.0
98,102.0
99,44.0
100,51.0
101,37.0
102,44.0
103,45.0
104,26.0
105,34.0
106,41.0
107,44.0
108,45.0
109,149.0
110,39.0
111,130.0
112,60.0
113,278.0
114,12.0
115,25.0
116,104.0
117,35.0
118,36.0
119,31.0
120,37.0
121,55.0
122,37.0
123,33.0
124,37.0
125,37.0
126,28.0
127,35.0
128,65.0
129,37.0
130,46.0
131,56.0
132,42.0
133,45.0
134,24.0
135,38.0
136,25.0
137,33.0
138,40.0
139,38.0
140,
141,25.0
142,64.0
143,64.0
144,20.0
145,11.0
146,43.0
147,4.0
148,39.0
149,44.0
150,123.0
151,24.0
152,41.0
153,33.0
154,43.0
155,25.0
156,56.0
157,35.0
158,63.0
159,31.0
160,99.0
161,31.0
162,34.0
163,38.0
164,44.0
165,35.0
166,103.0
167,40.0
168,34.0
169,40.0
170,104.0
171,77.0
172,74.0
173,32.0
174,44.0
175,34.0
176,77.0
177,33.0
178,104.0
179,78.0
180,32.0
181,114.0
182,65.0
183,
184,34.0
185,45.0
186,50.0
187,40.0
188,51.0
189,73.0
190,59.0
191,56.0
192,16.0
193,72.0
194,30.0
195,25.0
196,29.0
197,50.0
198,97.0
199,32.0
200,59.0
201,25.0
202,60.0
203,96.0
204,97.0
205,25.0
206,3.0
207,44.0
208,37.0
209,51.0
210,37.0
211,54.0
212,37.0
213,50.0
214,34.0
215,73.0
216,20.0
217,
218,71.0
219,50.0
220,38.0
221,48.0
222,7.0
223,32.0
224,29.0
225,
226,33.0
227,
228,35.0
229,31.0
230,37.0
231,30.0
232,25.0
233,127.0
234,96.0
235,37.0
236,48.0
237,53.0
238,53.0
239,33.0
240,55.0
241,32.0
242,37.0
243,49.0
244,50.0
245,26.0
246,30.0
247,51.0
248,25.0
249,37.0
250,33.0
251,56.0
252,51.0
253,43.0
254,37.0
255,26.0
256,41.0
257,69.0
258,51.0
259,48.0
260,85.0
261,29.0
262,33.0
263,55.0
264,48.0
265,51.0
266,20.0
267,48.0
268,26.0
269,51.0
270,26.0
271,72.0
272,41.0
273,45.0
274,49.0
275,104.0
276,62.0
277,90.0
278,51.0
279,72.0
280,66.0
281,
282,74.0
283,44.0
284,44.0
285,82.0
286,56.0
287,50.0
288,69.0
289,44.0
290,38.0
291,41.0
292,41.0
293,32.0
294,48.0
295,
296,90.0
297,30.0
298,34.0
299,93.0
300,90.0
301,29.0
302,95.0
303,37.0
304,104.0
305,
306,95.0
307,37.0
308,59.0
309,23.0
310,
311,65.0
312,32.0
313,31.0
314,55.0
315,37.0
316,17.0
317,29.0
318,56.0
319,35.0
320,31.0
321,52.0
322,25.0
323,32.0
324,41.0
325,44.0
326,62.0
327,125.0
328,48.0
329,32.0
330,6.0
331,35.0
332,49.0
333,52.0
334,53.0
335,60.0
336,33.0
337,75.0
338,114.0
339,43.0
340,47.0
341,44.0
342,37.0
343,28.0
344,35.0
345,35.0
346,39.0
347,72.0
348,90.0
349,31.0
350,44.0
351,21.0
352,
353,75.0
354,
355,18.0
356,82.0
357,48.0
358,59.0
359,38.0
360,
361,35.0
362,24.0
363,104.0
364,25.0
365,25.0
366,65.0
367,
368,46.0
369,32.0
370,31.0
371,56.0
372,48.0
373,25.0
374,9.0
375,59.0
376,25.0
377,40.0
378,37.0
379,37.0
380,69.0
381,147.0
382,36.0
383,30.0
384,39.0
385,38.0
386,33.0
387,21.0
388,81.0
389,38.0
390,50.0
391,41.0
392,61.0
393,47.0
394,42.0
395,37.0
396,17.0
397,44.0
398,44.0
399,54.0
400,69.0
401,31.0
402,37.0
403,60.0
404,46.0
405,25.0
406,51.0
407,26.0
408,37.0
409,47.0
410,44.0
411,41.0
412,72.0
413,35.0
414,61.0
415,32.0
416,9.0
417,48.0
418,34.0
419,41.0
420,29.0
421,70.0
422,47.0
423,50.0
424,29.0
425,44.0
426,50.0
427,31.0
428,48.0
429,48.0
430,48.0
431,39.0
432,20.0
433,85.0
434,48.0
435,47.0
436,36.0
437,31.0
438,32.0
439,41.0
440,42.0
441,48.0
442,56.0
443,15.0
444,37.0
445,17.0
446,34.0
447,35.0
448,75.0
449,39.0
450,43.0
451,42.0
452,37.0
453,65.0
454,33.0
455,38.0
456,71.0
457,53.0
458,27.0
459,12.0
460,30.0
461,15.0
462,44.0
463,48.0
464,44.0
465,26.0
466,50.0
467,51.0
468,42.0
469,37.0
470,25.0
471,13.0
472,49.0
473,41.0
474,31.0
475,46.0
476,37.0
477,
478,97.0
479,64.0
480,36.0
481,104.0
482,36.0
483,
484,37.0
485,
486,55.0
487,48.0
488,72.0
489,114.0
490,70.0
491,48.0
492,43.0
493,45.0
494,26.0
495,31.0
496,127.0
497,37.0
498,69.0
499,48.0
500,35.0
501,71.0
502,57.0
503,50.0
504,31.0
505,6.0
506,43.0
507,40.0
508,41.0
509,63.0
510,30.0
511,56.0
512,
513,37.0
514,
515,47.0
516,32.0
517,
518,69.0
519,53.0
520,33.0
521,65.0
522,31.0
523,25.0
524,30.0
525,50.0
526,72.0
527,49.0
528,23.0
529,37.0
530,41.0
531,41.0
532,49.0
533,31.0
534,37.0
535,49.0
536,77.0
537,65.0
538,
539,45.0
540,28.0
541,30.0
542,60.0
543,24.0
544,51.0
545,37.0
546,51.0
547,36.0
548,47.0
549,45.0
550,96.0
551,
552,30.0
553,84.0
554,15.0
555,43.0
556,36.0
557,50.0
558,
559,44.0
560,31.0
561,51.0
562,30.0
563,42.0
564,44.0
565,54.0
566,25.0
567,37.0
568,96.0
569,15.0
570,25.0
571,34.0
572,59.0
573,53.0
574,35.0
575,23.0
576,35.0
577,54.0
578,
579,
580,37.0
581,42.0
582,26.0
583,61.0
584,56.0
585,60.0
586,25.0
587,33.0
588,41.0
589,69.0
590,42.0
591,23.0
592,37.0
593,35.0
594,44.0
595,53.0
596,114.0
597,54.0
598,47.0
599,44.0
600,34.0
601,103.0
602,33.0
603,48.0
604,26.0
605,72.0
606,64.0
607,31.0
608,28.0
609,12.0
610,27.0
611,41.0
612,25.0
613,53.0
614,87.0
615,94.0
616,18.0
617,
618,57.0
619,43.0
620,9.0
621,31.0
622,35.0
623,59.0
624,39.0
625,49.0
626,48.0
627,33.0
628,42.0
629,72.0
630,32.0
631,42.0
632,32.0
633,38.0
634,104.0
635,34.0
636,27.0
637,37.0
638,31.0
639,34.0
640,15.0
641,73.0
642,44.0
643,
644,23.0
645,32.0
646,41.0
647,31.0
648,82.0
649,72.0
650,31.0
651,42.0
652,74.0
653,67.0
654,42.0
655,35.0
656,39.0
657,53.0
658,18.0
659,73.0
660,
661,40.0
662,72.0
663,13.0
664,28.0
665,37.0
666,31.0
667,24.0
668,30.0
669,37.0
670,65.0
671,9.0
672,
673,42.0
674,72.0
675,78.0
676,60.0
677,4.0
678,31.0
679,82.0
680,38.0
681,34.0
682,37.0
683,51.0
684,72.0
685,41.0
686,26.0
687,36.0
688,69.0
689,48.0
690,32.0
691,81.0
692,42.0
693,26.0
694,44.0
695,104.0
696,76.0
697,37.0
698,49.0
699,71.0
700,27.0
701,82.0
702,72.0
703,36.0
704,69.0
705,37.0
706,26.0
707,56.0
708,36.0
709,82.0
710,37.0
711,37.0
712,35.0
713,63.0
714,30.0
715,74.0
716,48.0
717,46.0
718,55.0
719,56.0
720,25.0
721,15.0
722,
723,51.0
724,93.0
725,42.0
726,41.0
727,132.0
728,25.0
729,36.0
730,32.0
731,31.0
732,39.0
733,35.0
734,15.0
735,36.0
736,39.0
737,31.0
738,38.0
739,71.0
740,104.0
741,38.0
742,72.0
743,33.0
744,128.0
745,59.0
746,40.0
747,25.0
748,33.0
749,37.0
750,25.0
751,23.0
752,37.0
753,65.0
754,67.0
755,36.0
756,46.0
757,35.0
758,43.0
759,65.0
760,24.0
761,82.0
762,25.0
763,36.0
764,36.0
765,51.0
766,35.0
767,32.0
768,71.0
769,26.0
770,25.0
771,50.0
772,
773,72.0
774,31.0
775,88.0
776,32.0
777,44.0
778,44.0
779,16.0
780,
781,51.0
782,44.0
783,37.0
784,85.0
785,51.0
786,50.0
787,44.0
788,107.0
789,52.0
790,235.0
791,29.0
792,53.0
793,33.0
794,54.0
795,47.0
796,128.0
797,34.0
798,29.0
799,44.0
800,64.0
801,50.0
802,42.0
803,50.0
804,65.0
805,38.0
806,16.0
807,45.0
808,47.0
809,39.0
810,24.0
811,44.0
812,12.0
813,35.0
814,65.0
815,23.0
816,32.0
817,21.0
818,67.0
819,34.0
820,25.0
821,26.0
822,41.0
823,38.0
824,35.0
825,44.0
826,
827,38.0
828,37.0
829,31.0
830,37.0
831,50.0
832,21.0
833,36.0
834,75.0
835,66.0
836,32.0
837,17.0
838,74.0
839,90.0
840,46.0
841,104.0
842,32.0
843,
844,44.0
845,42.0
846,35.0
847,93.0
848,56.0
849,41.0
850,37.0
851,13.0
852,63.0
853,97.0
854,35.0
855,104.0
856,41.0
857,23.0
858,43.0
859,43.0
860,
861,47.0
862,95.0
863,30.0
864,24.0
865,39.0
866,16.0
867,25.0
868,46.0
869,82.0
870,155.0
871,53.0
872,32.0
873,16.0
874,41.0
875,41.0
876,25.0
877,39.0
878,33.0
879,34.0
880,61.0
881,38.0
882,82.0
883,45.0
884,17.0
885,36.0
886,32.0
887,35.0
888,83.0
889,37.0
890,33.0
891,53.0
892,34.0
893,65.0
894,74.0
895,26.0
896,36.0
897,29.0
898,48.0
899,50.0
900,23.0
901,50.0
902,56.0
903,63.0
904,25.0
905,19.0
906,50.0
907,33.0
908,53.0
909,71.0
910,34.0
911,34.0
912,18.0
913,34.0
914,48.0
915,15.0
916,36.0
917,41.0
918,11.0
919,41.0
920,72.0
921,25.0
922,66.0
923,73.0
924,52.0
925,74.0
926,71.0
927,59.0
928,32.0
929,48.0
930,25.0
931,35.0
932,45.0
933,72.0
934,
935,
936,46.0
937,38.0
938,77.0
939,43.0
940,27.0
941,21.0
942,3.0
943,33.0
944,42.0
945,29.0
946,38.0
947,95.0
948,69.0
949,56.0
950,85.0
951,25.0
952,41.0
953,55.0
954,34.0
955,42.0
956,49.0
957,31.0
958,64.0
959,35.0
960,45.0
961,82.0
962,35.0
963,
964,35.0
965,42.0
966,45.0
967,91.0
968,25.0
969,63.0
970,35.0
971,42.0
972,35.0
973,35.0
974,12.0
975,44.0
976,32.0
977,26.0
978,21.0
979,41.0
980,35.0
981,73.0
982,38.0
983,37.0
984,44.0
985,104.0
986,153.0
987,42.0
988,49.0
989,
990,34.0
991,26.0
992,33.0
993,65.0
994,35.0
995,27.0
996,38.0
997,28.0
998,31.0
999,35.0
1000,45.0
1001,31.0
1002,12.0
1003,26.0
1004,12.0
1005,6.0
1006,72.0
1007,82.0
1008,37.0
1009,69.0
1010,69.0
1011,31.0
1012,20.0
1013,25.0
1014,127.0
1015,104.0
1016,25.0
1017,104.0
1018,46.0
1019,34.0
1020,16.0
1021,31.0
1022,47.0
1023,15.0
1024,42.0
1025,52.0
1026,71.0
1027,37.0
1028,24.0
1029,47.0
1030,30.0
1031,63.0
1032,54.0
1033,42.0
1034,47.0
1035,82.0
1036,53.0
1037,50.0
1038,125.0
1039,37.0
1040,27.0
1041,31.0
1042,
1043,104.0
1044,72.0
1045,37.0
1046,46.0
1047,25.0
1048,35.0
1049,53.0
1050,29.0
1051,104.0
1052,
1053,50.0
1054,
1055,30.0
1056,34.0
1057,42.0
1058,64.0
1059,43.0
1060,38.0
1061,32.0
1062,50.0
1063,48.0
1064,37.0
1065,51.0
1066,149.0
1067,24.0
1068,34.0
1069,78.0
1070,44.0
1071,36.0
1072,37.0
1073,30.0
1074,48.0
1075,25.0
1076,41.0
1077,25.0
1078,42.0
1079,
1080,72.0
1081,97.0
1082,32.0
1083,63.0
1084,47.0
1085,
1086,51.0
1087,37.0
1088,37.0
1089,23.0
1090,84.0
1091,41.0
1092,44.0
1093,49.0
1094,42.0
1095,34.0
1096,39.0
1097,37.0
1098,27.0
1099,48.0
1100,96.0
1101,33.0
1102,50.0
1103,40.0
1104,34.0
1105,70.0
1106,41.0
1107,33.0
1108,67.0
1109,49.0
1110,31.0
1111,33.0
1112,39.0
1113,44.0
1114,93.0
1115,39.0
1116,72.0
1117,34.0
1118,51.0
1119,18.0
1120,30.0
1121,51.0
1122,12.0
1123,22.0
1124,50.0
1125,44.0
1126,4.0
1127,24.0
1128,31.0
1129,49.0
1130,32.0
1131,31.0
1132,49.0
1133,34.0
1134,
1135,26.0
1136,73.0
1137,67.0
1138,32.0
1139,34.0
1140,40.0
1141,25.0
1142,9.0
1143,
1144,38.0
1145,35.0
1146,16.0
1147,51.0
1148,35.0
1149,69.0
1150,42.0
1151,82.0
1152,36.0
1153,48.0
1154,21.0
1155,48.0
1156,70.0
1157,26.0
1158,93.0
1159,37.0
1160,82.0
1161,71.0
1162,31.0
1163,49.0
1164,45.0
1165,26.0
1166,111.0
1167,95.0
1168,71.0
1169,32.0
1170,41.0
1171,37.0
1172,31.0
1173,40.0
1174,34.0
1175,53.0
1176,104.0
1177,41.0
1178,44.0
1179,35.0
1180,69.0
1181,
1182,38.0
1183,37.0
1184,37.0
1185,44.0
1186,42.0
1187,83.0
1188,43.0
1189,20.0
1190,37.0
1191,35.0
1192,34.0
1193,37.0
1194,
1195,41.0
1196,32.0
1197,39.0
1198,65.0
1199,9.0
1200,25.0
1201,85.0
1202,44.0
1203,25.0
1204,48.0
1205,48.0
1206,24.0
1207,31.0
1208,35.0
1209,17.0
1210,77.0
1211,37.0
1212,47.0
1213,64.0
1214,35.0
1215,35.0
1216,45.0
1217,37.0
1218,47.0
1219,51.0
1220,69.0
1221,31.0
1222,107.0
1223,82.0
1224,
1225,104.0
1226,72.0
1227,28.0
1228,31.0
1229,60.0
1230,48.0
1231,12.0
1232,47.0
1233,153.0
1234,38.0
1235,50.0
1236,64.0
1237,30.0
1238,
1239,25.0
1240,44.0
1241,24.0
1242,56.0
1243,89.0
1244,73.0
1245,26.0
1246,45.0
1247,
1248,29.0
1249,31.0
1250,114.0
1251,37.0
1252,46.0
1253,72.0
1254,
1255,48.0
1256,23.0
1257,84.0
1258,27.0
1259,32.0
1260,
1261,41.0
1262,43.0
1263,31.0
1264,46.0
1265,
1266,41.0
1267,31.0
1268,24.0
1269,25.0
1270,44.0
1271,34.0
1272,
1273,50.0
1274,53.0
1275,69.0
1276,95.0
1277,43.0
1278,48.0
1279,34.0
1280,36.0
1281,31.0
1282,125.0
1283,25.0
1284,26.0
1285,31.0
1286,32.0
1287,38.0
1288,50.0
1289,107.0
1290,35.0
1291,
1292,45.0
1293,33.0
1294,42.0
1295,41.0
1296,
1297,25.0
1298,34.0
1299,28.0
1300,53.0
1301,32.0
1302,36.0
1303,69.0
1304,89.0
1305,31.0
1306,104.0
1307,48.0
1308,32.0
1309,27.0
1310,50.0
1311,12.0
1312,53.0
1313,50.0
1314,36.0
1315,63.0
1316,46.0
1317,45.0
1318,24.0
1319,8.0
1320,64.0
1321,69.0
1322,50.0
1323,47.0
1324,41.0
1325,77.0
1326,48.0
1327,50.0
1328,37.0
1329,35.0
1330,78.0
1331,35.0
1332,65.0
1333,45.0
1334,30.0
1335,82.0
1336,31.0
1337,28.0
1338,37.0
1339,42.0
1340,52.0
1341,26.0
1342,
1343,38.0
1344,35.0
1345,32.0
1346,23.0
1347,44.0
1348,72.0
1349,50.0
1350,
1351,37.0
1352,153.0
1353,94.0
1354,50.0
1355,26.0
1356,54.0
1357,82.0
1358,
1359,35.0
1360,26.0
1361,64.0
1362,32.0
1363,
1364,32.0
1365,30.0
1366,44.0
1367,39.0
1368,
1369,34.0
1370,59.0
1371,36.0
1372,34.0
1373,64.0
1374,69.0
1375,31.0
1376,45.0
1377,33.0
1378,42.0
1379,37.0
1380,29.0
1381,80.0
1382,44.0
1383,31.0
1384,31.0
1385,53.0
1386,33.0
1387,69.0
1388,23.0
1389,
1390,34.0
1391,76.0
1392,31.0
1393,42.0
1394,41.0
1395,54.0
1396,44.0
1397,114.0
1398,85.0
1399,15.0
1400,24.0
1401,26.0
1402,37.0
1403,50.0
1404,31.0
1405,31.0
1406,56.0
1407,
1408,17.0
1409,48.0
1410,45.0
1411,82.0
1412,
1413,34.0
1414,33.0
1415,32.0
1416,74.0
1417,29.0
1418,96.0
1419,42.0
1420,42.0
1421,44.0
1422,23.0
1423,49.0
1424,104.0
1425,48.0
1426,35.0
1427,56.0
1428,12.0
1429,32.0
1430,50.0
1431,
1432,75.0
1433,37.0
1434,49.0
1435,33.0
1436,44.0
1437,28.0
1438,31.0
1439,45.0
1440,35.0
1441,38.0
1442,67.0
1443,111.0
1444,55.0
1445,31.0
1446,125.0
1447,67.0
1448,83.0
1449,49.0
1450,15.0
1451,35.0
1452,82.0
1453,42.0
1454,16.0
1455,114.0
1456,50.0
1457,32.0
1458,134.0
1459,104.0
1460,41.0
1461,61.0
1462,48.0
1463,43.0
1464,44.0
1465,34.0
1466,75.0
1467,27.0
1468,28.0
1469,44.0
1470,31.0
1471,9.0
1472,34.0
1473,35.0
1474,
1475,32.0
1476,35.0
1477,41.0
1478,53.0
1479,59.0
1480,38.0
1481,37.0
1482,104.0
1483,
1484,41.0
1485,39.0
1486,
1487,31.0
1488,12.0
1489,69.0
1490,38.0
1491,40.0
1492,59.0
1493,60.0
1494,67.0
1495,34.0
1496,48.0
1497,33.0
1498,49.0
1499,41.0
1500,33.0
1501,41.0
1502,31.0
1503,16.0
1504,33.0
1505,28.0
1506,47.0
1507,32.0
1508,45.0
1509,50.0
1510,
1511,60.0
1512,49.0
1513,69.0
1514,82.0
1515,48.0
1516,
1517,82.0
1518,30.0
1519,40.0
1520,77.0
1521,40.0
1522,3.0
1523,37.0
1524,66.0
1525,104.0
1526,44.0
1527,38.0
1528,34.0
1529,42.0
1530,82.0
1531,49.0
1532,29.0
1533,50.0
1534,69.0
1535,50.0
1536,40.0
1537,82.0
1538,27.0
1539,104.0
1540,48.0
1541,41.0
1542,32.0
1543,37.0
1544,41.0
1545,41.0
1546,48.0
1547,45.0
1548,65.0
1549,37.0
1550,40.0
1551,42.0
1552,65.0
1553,48.0
1554,63.0
1555,4.0
1556,31.0
1557,67.0
1558,33.0
1559,64.0
1560,
1561,49.0
1562,44.0
1563,28.0
1564,34.0
1565,33.0
1566,39.0
1567,33.0
1568,50.0
1569,37.0
1570,
1571,37.0
1572,72.0
1573,
1574,25.0
1575,49.0
1576,50.0
1577,37.0
1578,
1579,38.0
1580,48.0
1581,34.0
1582,34.0
1583,26.0
1584,40.0
1585,45.0
1586,
1587,27.0
1588,49.0
1589,
1590,41.0
1591,31.0
1592,44.0
1593,25.0
1594,33.0
1595,63.0
1596,88.0
1597,82.0
1598,42.0
1599,35.0
1600,51.0
1601,21.0
1602,53.0
1603,49.0
1604,49.0
1605,37.0
1606,61.0
1607,55.0
1608,24.0
1609,37.0
1610,31.0
1611,33.0
1612,43.0
1613,51.0
1614,33.0
1615,38.0
1616,68.0
1617,26.0
1618,76.0
1619,53.0
1620,45.0
1621,
1622,48.0
1623,135.0
1624,138.0
1625,56.0
1626,27.0
1627,41.0
1628,35.0
1629,48.0
1630,12.0
1631,35.0
1632,44.0
1633,
1634,29.0
1635,26.0
1636,32.0
1637,32.0
1638,99.0
1639,59.0
1640,3.0
1641,28.0
1642,53.0
1643,38.0
1644,65.0
1645,39.0
1646,3.0
1647,7.0
1648,44.0
1649,
1650,4.0
1651,96.0
1652,35.0
1653,37.0
1654,32.0
1655,43.0
1656,31.0
1657,72.0
1658,39.0
1659,36.0
1660,37.0
1661,37.0
1662,25.0
1663,16.0
1664,45.0
1665,26.0
1666,68.0
1667,32.0
1668,76.0
1669,26.0
1670,21.0
1671,30.0
1672,46.0
1673,42.0
1674,44.0
1675,69.0
1676,44.0
1677,56.0
1678,25.0
1679,47.0
1680,82.0
1681,39.0
1682,41.0
1683,34.0
1684,42.0
1685,31.0
1686,27.0
1687,23.0
1688,51.0
1689,43.0
1690,71.0
1691,31.0
1692,138.0
1693,37.0
1694,38.0
1695,85.0
1696,46.0
1697,23.0
1698,104.0
1699,25.0
1700,50.0
1701,82.0
1702,42.0
1703,72.0
1704,33.0
1705,30.0
1706,38.0
1707,69.0
1708,38.0
1709,17.0
1710,42.0
1711,8.0
1712,24.0
1713,33.0
1714,53.0
1715,54.0
1716,5.0
1717,47.0
1718,48.0
1719,6.0
1720,42.0
1721,29.0
1722,9.0
1723,51.0
1724,
1725,50.0
1726,36.0
1727,49.0
1728,32.0
1729,41.0
1730,42.0
1731,57.0
1732,27.0
1733,
1734,53.0
1735,34.0
1736,42.0
1737,44.0
1738,44.0
1739,38.0
1740,43.0
1741,32.0
1742,38.0
1743,54.0
1744,
1745,42.0
1746,15.0
1747,49.0
1748,21.0
1749,43.0
1750,39.0
1751,35.0
1752,36.0
1753,63.0
1754,42.0
1755,45.0
1756,38.0
1757,37.0
1758,45.0
1759,
1760,3.0
1761,28.0
1762,81.0
1763,39.0
1764,
1765,65.0
1766,29.0
1767,43.0
1768,65.0
1769,56.0
1770,
1771,42.0
1772,60.0
1773,72.0
1774,26.0
1775,25.0
1776,56.0
1777,49.0
1778,45.0
1779,26.0
1780,48.0
1781,35.0
1782,25.0
1783,48.0
1784,24.0
1785,74.0
1786,31.0
1787,33.0
1788,34.0
1789,3.0
1790,47.0
1791,104.0
1792,39.0
1793,51.0
1794,65.0
1795,35.0
1796,49.0
1797,33.0
1798,37.0
1799,62.0
1800,33.0
1801,51.0
1802,34.0
1803,41.0
1804,24.0
1805,104.0
1806,7.0
1807,25.0
1808,41.0
1809,64.0
1810,30.0
1811,
1812,28.0
1813,127.0
1814,37.0
1815,25.0
1816,64.0
1817,32.0
1818,33.0
1819,97.0
1820,51.0
1821,23.0
1822,81.0
1823,78.0
1824,44.0
1825,37.0
1826,104.0
1827,37.0
1828,31.0
1829,46.0
1830,73.0
1831,74.0
1832,51.0
1833,31.0
1834,35.0
1835,49.0
1836,114.0
1837,50.0
1838,97.0
1839,7.0
1840,
1841,3.0
1842,65.0
1843,48.0
1844,74.0
1845,72.0
1846,46.0
1847,95.0
1848,26.0
1849,39.0
1850,37.0
1851,69.0
1852,31.0
1853,24.0
1854,31.0
1855,9.0
1856,21.0
1857,38.0
1858,45.0
1859,48.0
1860,41.0
1861,15.0
1862,34.0
1863,36.0
1864,54.0
1865,37.0
1866,39.0
1867,51.0
1868,31.0
1869,64.0
1870,104.0
1871,26.0
1872,32.0
1873,
1874,61.0
1875,42.0
1876,37.0
1877,127.0
1878,34.0
1879,31.0
1880,37.0
1881,36.0
1882,47.0
1883,77.0
1884,25.0
1885,85.0
1886,50.0
1887,57.0
1888,37.0
1889,51.0
1890,19.0
1891,46.0
1892,
1893,43.0
1894,39.0
1895,42.0
1896,40.0
1897,31.0
1898,38.0
1899,63.0
1900,34.0
1901,33.0
1902,
1903,42.0
1904,67.0
1905,32.0
1906,32.0
1907,35.0
1908,35.0
1909,41.0
1910,37.0
1911,51.0
1912,38.0
1913,33.0
1914,38.0
1915,37.0
1916,34.0
1917,37.0
1918,37.0
1919,34.0
1920,83.0
1921,33.0
1922,40.0
1923,36.0
1924,44.0
1925,44.0
1926,16.0
1927,32.0
1928,54.0
1929,
1930,
1931,23.0
1932,25.0
1933,36.0
1934,56.0
1935,42.0
1936,72.0
1937,29.0
1938,
1939,31.0
1940,33.0
1941,82.0
1942,49.0
1943,56.0
1944,36.0
1945,27.0
1946,
1947,48.0
1948,44.0
1949,44.0
1950,39.0
1951,114.0
1952,15.0
1953,42.0
1954,37.0
1955,37.0
1956,8.0
1957,34.0
1958,26.0
