0,3.0
1,18.0
2,55.0
3,2.0
4,7.0
5,23.0
6,14.0
7,42.0
8,33.0
9,39.0
10,33.0
11,43.0
12,53.0
13,9.0
14,3.0
15,19.0
16,6.0
17,30.0
18,9.0
19,33.0
20,5.0
21,22.0
22,38.0
23,11.0
24,4.0
25,19.0
26,39.0
27,44.0
28,14.0
29,19.0
30,50.0
31,40.0
32,35.0
33,67.0
34,16.0
35,22.0
36,53.0
37,36.0
38,38.0
39,20.0
40,56.0
41,25.0
42,
43,66.0
44,4.0
45,
46,3.0
47,17.0
48,1.0
49,6.0
50,56.0
51,20.0
52,13.0
53,12.0
54,63.0
55,12.0
56,24.0
57,45.0
58,35.0
59,15.0
60,7.0
61,26.0
62,35.0
63,59.0
64,11.0
65,18.0
66,43.0
67,20.0
68,27.0
69,36.0
70,13.0
71,32.0
72,22.0
73,25.0
74,13.0
75,9.0
76,49.0
77,43.0
78,7.0
79,27.0
80,10.0
81,7.0
82,50.0
83,51.0
84,3.0
85,
86,37.0
87,
88,56.0
89,7.0
90,49.0
91,17.0
92,18.0
93,43.0
94,18.0
95,39.0
96,22.0
97,53.0
98,1.0
99,60.0
100,20.0
101,2.0
102,37.0
103,55.0
104,25.0
105,22.0
106,23.0
107,55.0
108,5.0
109,72.0
110,34.0
111,11.0
112,47.0
113,61.0
114,33.0
115,14.0
116,50.0
117,12.0
118,3.0
119,47.0
120,37.0
121,7.0
122,37.0
123,13.0
124,11.0
125,13.0
126,32.0
127,24.0
128,15.0
129,17.0
130,35.0
131,53.0
132,9.0
133,16.0
134,49.0
135,43.0
136,14.0
137,8.0
138,16.0
139,43.0
140,14.0
141,14.0
142,9.0
143,53.0
144,12.0
145,7.0
146,
147,22.0
148,4.0
149,60.0
150,38.0
151,12.0
152,48.0
153,8.0
154,25.0
155,14.0
156,
157,25.0
158,55.0
159,36.0
160,15.0
161,47.0
162,11.0
163,43.0
164,55.0
165,23.0
166,41.0
167,32.0
168,49.0
169,19.0
170,50.0
171,13.0
172,54.0
173,67.0
174,35.0
175,36.0
176,37.0
177,8.0
178,50.0
179,38.0
180,15.0
181,23.0
182,15.0
183,
184,20.0
185,55.0
186,34.0
187,19.0
188,39.0
189,5.0
190,40.0
191,35.0
192,50.0
193,36.0
194,17.0
195,14.0
196,47.0
197,20.0
198,50.0
199,67.0
200,13.0
201,14.0
202,25.0
203,3.0
204,39.0
205,14.0
206,4.0
207,55.0
208,10.0
209,28.0
210,9.0
211,48.0
212,9.0
213,20.0
214,49.0
215,46.0
216,9.0
217,13.0
218,24.0
219,2.0
220,56.0
221,39.0
222,8.0
223,67.0
224,13.0
225,2.0
226,20.0
227,12.0
228,2.0
229,15.0
230,25.0
231,13.0
232,14.0
233,54.0
234,3.0
235,37.0
236,43.0
237,12.0
238,48.0
239,8.0
240,7.0
241,20.0
242,10.0
243,
244,32.0
245,
246,6.0
247,12.0
248,14.0
249,52.0
250,8.0
251,53.0
252,14.0
253,36.0
254,7.0
255,49.0
256,23.0
257,44.0
258,2.0
259,24.0
260,49.0
261,56.0
262,45.0
263,7.0
264,43.0
265,39.0
266,37.0
267,29.0
268,54.0
269,19.0
270,54.0
271,22.0
272,3.0
273,40.0
274,24.0
275,50.0
276,35.0
277,19.0
278,13.0
279,22.0
280,41.0
281,1.0
282,42.0
283,14.0
284,31.0
285,45.0
286,53.0
287,2.0
288,44.0
289,14.0
290,32.0
291,28.0
292,48.0
293,18.0
294,43.0
295,10.0
296,19.0
297,15.0
298,49.0
299,26.0
300,19.0
301,13.0
302,13.0
303,33.0
304,11.0
305,7.0
306,55.0
307,8.0
308,13.0
309,3.0
310,7.0
311,46.0
312,52.0
313,36.0
314,3.0
315,8.0
316,
317,17.0
318,53.0
319,50.0
320,36.0
321,13.0
322,14.0
323,17.0
324,16.0
325,37.0
326,17.0
327,45.0
328,43.0
329,67.0
330,
331,
332,49.0
333,13.0
334,18.0
335,23.0
336,30.0
337,19.0
338,23.0
339,19.0
340,6.0
341,14.0
342,9.0
343,45.0
344,14.0
345,23.0
346,32.0
347,34.0
348,19.0
349,15.0
350,55.0
351,
352,23.0
353,27.0
354,7.0
355,
356,45.0
357,30.0
358,40.0
359,12.0
360,10.0
361,11.0
362,49.0
363,50.0
364,13.0
365,14.0
366,50.0
367,
368,8.0
369,67.0
370,47.0
371,50.0
372,29.0
373,14.0
374,
375,4.0
376,13.0
377,19.0
378,11.0
379,10.0
380,17.0
381,18.0
382,10.0
383,9.0
384,1.0
385,2.0
386,50.0
387,10.0
388,25.0
389,12.0
390,15.0
391,3.0
392,58.0
393,11.0
394,13.0
395,
396,
397,9.0
398,14.0
399,23.0
400,44.0
401,14.0
402,15.0
403,40.0
404,24.0
405,14.0
406,12.0
407,
408,8.0
409,27.0
410,29.0
411,52.0
412,22.0
413,40.0
414,28.0
415,67.0
416,
417,24.0
418,49.0
419,7.0
420,7.0
421,7.0
422,26.0
423,8.0
424,52.0
425,45.0
426,10.0
427,14.0
428,15.0
429,29.0
430,29.0
431,37.0
432,
433,49.0
434,29.0
435,
436,13.0
437,14.0
438,20.0
439,7.0
440,7.0
441,46.0
442,19.0
443,26.0
444,15.0
445,
446,48.0
447,14.0
448,2.0
449,17.0
450,5.0
451,9.0
452,33.0
453,50.0
454,8.0
455,2.0
456,24.0
457,46.0
458,5.0
459,33.0
460,46.0
461,22.0
462,37.0
463,39.0
464,60.0
465,49.0
466,15.0
467,
468,9.0
469,7.0
470,14.0
471,
472,23.0
473,38.0
474,47.0
475,12.0
476,5.0
477,13.0
478,16.0
479,9.0
480,10.0
481,50.0
482,30.0
483,7.0
484,37.0
485,
486,12.0
487,43.0
488,22.0
489,23.0
490,58.0
491,43.0
492,12.0
493,16.0
494,49.0
495,47.0
496,54.0
497,16.0
498,10.0
499,43.0
500,23.0
501,24.0
502,
503,35.0
504,47.0
505,2.0
506,5.0
507,10.0
508,12.0
509,5.0
510,
511,53.0
512,25.0
513,15.0
514,
515,50.0
516,20.0
517,44.0
518,12.0
519,
520,8.0
521,58.0
522,53.0
523,14.0
524,
525,13.0
526,22.0
527,26.0
528,7.0
529,20.0
530,13.0
531,12.0
532,
533,14.0
534,17.0
535,
536,6.0
537,27.0
538,
539,7.0
540,10.0
541,14.0
542,19.0
543,49.0
544,
545,33.0
546,
547,13.0
548,12.0
549,
550,3.0
551,10.0
552,29.0
553,
554,26.0
555,12.0
556,10.0
557,32.0
558,16.0
559,
560,14.0
561,4.0
562,1.0
563,9.0
564,45.0
565,11.0
566,14.0
567,
568,35.0
569,26.0
570,4.0
571,26.0
572,13.0
573,48.0
574,14.0
575,8.0
576,12.0
577,15.0
578,16.0
579,1.0
580,2.0
581,3.0
582,49.0
583,28.0
584,53.0
585,13.0
586,62.0
587,8.0
588,2.0
589,44.0
590,9.0
591,12.0
592,47.0
593,40.0
594,
595,48.0
596,23.0
597,11.0
598,36.0
599,14.0
600,49.0
601,9.0
602,8.0
603,11.0
604,11.0
605,22.0
606,53.0
607,47.0
608,18.0
609,1.0
610,18.0
611,27.0
612,11.0
613,
614,55.0
615,39.0
616,14.0
617,10.0
618,11.0
619,28.0
620,
621,47.0
622,23.0
623,50.0
624,15.0
625,
626,46.0
627,50.0
628,38.0
629,22.0
630,17.0
631,1.0
632,12.0
633,30.0
634,50.0
635,49.0
636,18.0
637,7.0
638,42.0
639,49.0
640,26.0
641,5.0
642,55.0
643,
644,14.0
645,
646,46.0
647,36.0
648,45.0
649,22.0
650,23.0
651,43.0
652,2.0
653,15.0
654,13.0
655,23.0
656,
657,48.0
658,14.0
659,46.0
660,
661,19.0
662,22.0
663,17.0
664,43.0
665,15.0
666,9.0
667,49.0
668,1.0
669,7.0
670,53.0
671,
672,16.0
673,3.0
674,22.0
675,38.0
676,47.0
677,27.0
678,47.0
679,22.0
680,37.0
681,11.0
682,6.0
683,30.0
684,22.0
685,38.0
686,49.0
687,7.0
688,12.0
689,5.0
690,14.0
691,25.0
692,39.0
693,53.0
694,37.0
695,50.0
696,50.0
697,15.0
698,59.0
699,14.0
700,17.0
701,45.0
702,22.0
703,10.0
704,44.0
705,10.0
706,
707,53.0
708,10.0
709,45.0
710,37.0
711,25.0
712,7.0
713,13.0
714,14.0
715,42.0
716,46.0
717,35.0
718,7.0
719,53.0
720,14.0
721,26.0
722,10.0
723,2.0
724,26.0
725,7.0
726,18.0
727,10.0
728,14.0
729,13.0
730,17.0
731,59.0
732,32.0
733,15.0
734,26.0
735,19.0
736,6.0
737,36.0
738,56.0
739,15.0
740,50.0
741,56.0
742,8.0
743,59.0
744,56.0
745,31.0
746,32.0
747,14.0
748,8.0
749,13.0
750,14.0
751,3.0
752,10.0
753,10.0
754,15.0
755,10.0
756,35.0
757,12.0
758,19.0
759,12.0
760,49.0
761,45.0
762,14.0
763,13.0
764,16.0
765,14.0
766,41.0
767,52.0
768,15.0
769,54.0
770,14.0
771,20.0
772,10.0
773,32.0
774,36.0
775,13.0
776,17.0
777,37.0
778,35.0
779,6.0
780,7.0
781,45.0
782,37.0
783,16.0
784,
785,2.0
786,34.0
787,37.0
788,38.0
789,32.0
790,27.0
791,56.0
792,46.0
793,31.0
794,5.0
795,12.0
796,2.0
797,16.0
798,56.0
799,58.0
800,14.0
801,32.0
802,9.0
803,34.0
804,53.0
805,56.0
806,6.0
807,52.0
808,23.0
809,9.0
810,49.0
811,37.0
812,10.0
813,14.0
814,13.0
815,3.0
816,52.0
817,35.0
818,17.0
819,23.0
820,14.0
821,49.0
822,18.0
823,34.0
824,14.0
825,12.0
826,7.0
827,8.0
828,13.0
829,13.0
830,37.0
831,10.0
832,48.0
833,3.0
834,14.0
835,31.0
836,20.0
837,51.0
838,42.0
839,19.0
840,1.0
841,50.0
842,67.0
843,
844,24.0
845,9.0
846,
847,5.0
848,50.0
849,59.0
850,10.0
851,
852,4.0
853,50.0
854,40.0
855,50.0
856,18.0
857,
858,12.0
859,12.0
860,4.0
861,12.0
862,55.0
863,15.0
864,49.0
865,17.0
866,
867,14.0
868,18.0
869,45.0
870,61.0
871,27.0
872,18.0
873,12.0
874,7.0
875,53.0
876,14.0
877,24.0
878,50.0
879,7.0
880,
881,56.0
882,45.0
883,60.0
884,
885,10.0
886,12.0
887,1.0
888,16.0
889,42.0
890,8.0
891,27.0
892,49.0
893,53.0
894,14.0
895,6.0
896,13.0
897,42.0
898,
899,34.0
900,55.0
901,13.0
902,
903,55.0
904,2.0
905,
906,20.0
907,20.0
908,14.0
909,14.0
910,36.0
911,53.0
912,14.0
913,22.0
914,43.0
915,22.0
916,10.0
917,17.0
918,7.0
919,48.0
920,22.0
921,14.0
922,6.0
923,4.0
924,13.0
925,54.0
926,1.0
927,19.0
928,20.0
929,24.0
930,14.0
931,23.0
932,23.0
933,22.0
934,4.0
935,7.0
936,6.0
937,56.0
938,11.0
939,50.0
940,
941,45.0
942,21.0
943,33.0
944,7.0
945,17.0
946,37.0
947,55.0
948,17.0
949,26.0
950,49.0
951,14.0
952,18.0
953,44.0
954,6.0
955,9.0
956,7.0
957,8.0
958,2.0
959,36.0
960,16.0
961,45.0
962,12.0
963,8.0
964,33.0
965,9.0
966,29.0
967,11.0
968,14.0
969,12.0
970,10.0
971,14.0
972,35.0
973,50.0
974,33.0
975,5.0
976,17.0
977,
978,5.0
979,18.0
980,20.0
981,15.0
982,28.0
983,7.0
984,46.0
985,50.0
986,52.0
987,38.0
988,49.0
989,7.0
990,8.0
991,
992,8.0
993,5.0
994,23.0
995,7.0
996,2.0
997,10.0
998,36.0
999,14.0
1000,
1001,59.0
1002,33.0
1003,49.0
1004,33.0
1005,12.0
1006,22.0
1007,45.0
1008,8.0
1009,12.0
1010,12.0
1011,42.0
1012,
1013,14.0
1014,22.0
1015,50.0
1016,14.0
1017,50.0
1018,24.0
1019,14.0
1020,
1021,14.0
1022,45.0
1023,26.0
1024,31.0
1025,13.0
1026,14.0
1027,51.0
1028,49.0
1029,12.0
1030,35.0
1031,
1032,34.0
1033,13.0
1034,23.0
1035,45.0
1036,42.0
1037,8.0
1038,45.0
1039,10.0
1040,18.0
1041,42.0
1042,6.0
1043,50.0
1044,22.0
1045,5.0
1046,8.0
1047,14.0
1048,23.0
1049,42.0
1050,52.0
1051,50.0
1052,6.0
1053,20.0
1054,14.0
1055,10.0
1056,5.0
1057,33.0
1058,53.0
1059,25.0
1060,56.0
1061,
1062,20.0
1063,43.0
1064,7.0
1065,2.0
1066,72.0
1067,49.0
1068,8.0
1069,53.0
1070,14.0
1071,13.0
1072,15.0
1073,10.0
1074,29.0
1075,14.0
1076,
1077,14.0
1078,22.0
1079,7.0
1080,8.0
1081,27.0
1082,30.0
1083,17.0
1084,20.0
1085,8.0
1086,15.0
1087,45.0
1088,31.0
1089,3.0
1090,
1091,10.0
1092,
1093,59.0
1094,9.0
1095,49.0
1096,39.0
1097,10.0
1098,7.0
1099,9.0
1100,3.0
1101,55.0
1102,8.0
1103,19.0
1104,
1105,61.0
1106,24.0
1107,6.0
1108,38.0
1109,7.0
1110,36.0
1111,
1112,15.0
1113,6.0
1114,45.0
1115,6.0
1116,22.0
1117,37.0
1118,8.0
1119,14.0
1120,8.0
1121,39.0
1122,33.0
1123,26.0
1124,35.0
1125,14.0
1126,15.0
1127,49.0
1128,13.0
1129,4.0
1130,17.0
1131,47.0
1132,
1133,7.0
1134,7.0
1135,54.0
1136,26.0
1137,15.0
1138,2.0
1139,49.0
1140,19.0
1141,14.0
1142,
1143,10.0
1144,56.0
1145,12.0
1146,37.0
1147,19.0
1148,24.0
1149,44.0
1150,
1151,45.0
1152,13.0
1153,29.0
1154,10.0
1155,39.0
1156,58.0
1157,54.0
1158,26.0
1159,2.0
1160,45.0
1161,24.0
1162,36.0
1163,29.0
1164,11.0
1165,54.0
1166,13.0
1167,11.0
1168,14.0
1169,48.0
1170,15.0
1171,52.0
1172,23.0
1173,5.0
1174,11.0
1175,55.0
1176,50.0
1177,
1178,37.0
1179,12.0
1180,44.0
1181,10.0
1182,56.0
1183,37.0
1184,33.0
1185,55.0
1186,9.0
1187,2.0
1188,12.0
1189,20.0
1190,25.0
1191,1.0
1192,49.0
1193,10.0
1194,11.0
1195,9.0
1196,14.0
1197,9.0
1198,48.0
1199,
1200,14.0
1201,46.0
1202,37.0
1203,13.0
1204,46.0
1205,55.0
1206,49.0
1207,17.0
1208,40.0
1209,10.0
1210,11.0
1211,53.0
1212,46.0
1213,50.0
1214,11.0
1215,11.0
1216,40.0
1217,7.0
1218,24.0
1219,10.0
1220,16.0
1221,
1222,13.0
1223,45.0
1224,
1225,50.0
1226,22.0
1227,7.0
1228,42.0
1229,
1230,54.0
1231,33.0
1232,13.0
1233,52.0
1234,43.0
1235,20.0
1236,53.0
1237,13.0
1238,7.0
1239,14.0
1240,37.0
1241,49.0
1242,59.0
1243,6.0
1244,15.0
1245,54.0
1246,52.0
1247,7.0
1248,10.0
1249,47.0
1250,23.0
1251,
1252,6.0
1253,22.0
1254,10.0
1255,43.0
1256,14.0
1257,16.0
1258,18.0
1259,52.0
1260,16.0
1261,18.0
1262,5.0
1263,15.0
1264,1.0
1265,7.0
1266,
1267,41.0
1268,49.0
1269,14.0
1270,37.0
1271,35.0
1272,
1273,33.0
1274,42.0
1275,9.0
1276,55.0
1277,37.0
1278,30.0
1279,21.0
1280,13.0
1281,47.0
1282,45.0
1283,14.0
1284,49.0
1285,36.0
1286,20.0
1287,56.0
1288,20.0
1289,13.0
1290,54.0
1291,7.0
1292,60.0
1293,8.0
1294,9.0
1295,30.0
1296,
1297,43.0
1298,15.0
1299,16.0
1300,24.0
1301,19.0
1302,16.0
1303,44.0
1304,
1305,
1306,50.0
1307,43.0
1308,18.0
1309,5.0
1310,20.0
1311,33.0
1312,24.0
1313,20.0
1314,16.0
1315,5.0
1316,1.0
1317,20.0
1318,49.0
1319,29.0
1320,26.0
1321,44.0
1322,28.0
1323,13.0
1324,52.0
1325,48.0
1326,13.0
1327,34.0
1328,33.0
1329,12.0
1330,
1331,18.0
1332,53.0
1333,55.0
1334,45.0
1335,45.0
1336,13.0
1337,43.0
1338,52.0
1339,39.0
1340,13.0
1341,54.0
1342,7.0
1343,2.0
1344,19.0
1345,17.0
1346,20.0
1347,24.0
1348,22.0
1349,32.0
1350,7.0
1351,7.0
1352,52.0
1353,39.0
1354,34.0
1355,54.0
1356,15.0
1357,45.0
1358,10.0
1359,23.0
1360,42.0
1361,53.0
1362,18.0
1363,12.0
1364,67.0
1365,15.0
1366,
1367,1.0
1368,
1369,10.0
1370,13.0
1371,10.0
1372,48.0
1373,53.0
1374,44.0
1375,53.0
1376,
1377,50.0
1378,9.0
1379,46.0
1380,15.0
1381,56.0
1382,29.0
1383,7.0
1384,42.0
1385,42.0
1386,13.0
1387,44.0
1388,12.0
1389,
1390,37.0
1391,2.0
1392,47.0
1393,7.0
1394,
1395,38.0
1396,11.0
1397,23.0
1398,46.0
1399,9.0
1400,49.0
1401,49.0
1402,5.0
1403,32.0
1404,36.0
1405,36.0
1406,53.0
1407,16.0
1408,
1409,10.0
1410,60.0
1411,45.0
1412,
1413,5.0
1414,2.0
1415,18.0
1416,2.0
1417,7.0
1418,3.0
1419,9.0
1420,9.0
1421,37.0
1422,12.0
1423,59.0
1424,50.0
1425,46.0
1426,23.0
1427,53.0
1428,33.0
1429,18.0
1430,15.0
1431,15.0
1432,27.0
1433,46.0
1434,13.0
1435,64.0
1436,37.0
1437,12.0
1438,36.0
1439,5.0
1440,12.0
1441,56.0
1442,17.0
1443,12.0
1444,52.0
1445,36.0
1446,45.0
1447,57.0
1448,16.0
1449,
1450,26.0
1451,11.0
1452,45.0
1453,13.0
1454,5.0
1455,23.0
1456,20.0
1457,67.0
1458,13.0
1459,50.0
1460,
1461,28.0
1462,39.0
1463,5.0
1464,37.0
1465,49.0
1466,56.0
1467,46.0
1468,
1469,5.0
1470,47.0
1471,
1472,49.0
1473,14.0
1474,1.0
1475,12.0
1476,50.0
1477,10.0
1478,3.0
1479,1.0
1480,56.0
1481,10.0
1482,50.0
1483,2.0
1484,7.0
1485,9.0
1486,
1487,47.0
1488,33.0
1489,44.0
1490,56.0
1491,30.0
1492,4.0
1493,48.0
1494,17.0
1495,15.0
1496,9.0
1497,50.0
1498,59.0
1499,52.0
1500,
1501,18.0
1502,53.0
1503,9.0
1504,8.0
1505,10.0
1506,12.0
1507,52.0
1508,60.0
1509,20.0
1510,
1511,23.0
1512,49.0
1513,44.0
1514,45.0
1515,26.0
1516,7.0
1517,22.0
1518,35.0
1519,14.0
1520,11.0
1521,6.0
1522,57.0
1523,8.0
1524,41.0
1525,50.0
1526,10.0
1527,11.0
1528,28.0
1529,14.0
1530,45.0
1531,59.0
1532,31.0
1533,20.0
1534,20.0
1535,41.0
1536,7.0
1537,45.0
1538,18.0
1539,50.0
1540,43.0
1541,15.0
1542,14.0
1543,11.0
1544,11.0
1545,1.0
1546,17.0
1547,60.0
1548,44.0
1549,10.0
1550,27.0
1551,7.0
1552,2.0
1553,7.0
1554,5.0
1555,12.0
1556,36.0
1557,17.0
1558,8.0
1559,10.0
1560,
1561,
1562,17.0
1563,52.0
1564,49.0
1565,8.0
1566,37.0
1567,8.0
1568,20.0
1569,33.0
1570,12.0
1571,46.0
1572,22.0
1573,7.0
1574,14.0
1575,29.0
1576,15.0
1577,37.0
1578,7.0
1579,2.0
1580,9.0
1581,49.0
1582,8.0
1583,54.0
1584,5.0
1585,
1586,
1587,11.0
1588,59.0
1589,7.0
1590,8.0
1591,47.0
1592,55.0
1593,13.0
1594,8.0
1595,13.0
1596,51.0
1597,45.0
1598,26.0
1599,12.0
1600,39.0
1601,
1602,51.0
1603,
1604,24.0
1605,33.0
1606,28.0
1607,7.0
1608,49.0
1609,33.0
1610,41.0
1611,43.0
1612,36.0
1613,39.0
1614,8.0
1615,2.0
1616,16.0
1617,49.0
1618,2.0
1619,
1620,32.0
1621,4.0
1622,12.0
1623,24.0
1624,
1625,53.0
1626,40.0
1627,
1628,33.0
1629,43.0
1630,33.0
1631,7.0
1632,24.0
1633,
1634,4.0
1635,49.0
1636,18.0
1637,15.0
1638,15.0
1639,4.0
1640,4.0
1641,7.0
1642,3.0
1643,56.0
1644,53.0
1645,9.0
1646,7.0
1647,
1648,55.0
1649,10.0
1650,27.0
1651,3.0
1652,12.0
1653,32.0
1654,20.0
1655,36.0
1656,14.0
1657,22.0
1658,
1659,10.0
1660,8.0
1661,7.0
1662,14.0
1663,5.0
1664,20.0
1665,13.0
1666,
1667,14.0
1668,2.0
1669,10.0
1670,5.0
1671,11.0
1672,12.0
1673,14.0
1674,55.0
1675,44.0
1676,9.0
1677,53.0
1678,19.0
1679,50.0
1680,45.0
1681,24.0
1682,52.0
1683,49.0
1684,7.0
1685,38.0
1686,18.0
1687,8.0
1688,
1689,25.0
1690,36.0
1691,36.0
1692,1.0
1693,9.0
1694,56.0
1695,
1696,44.0
1697,4.0
1698,50.0
1699,14.0
1700,13.0
1701,45.0
1702,9.0
1703,22.0
1704,30.0
1705,35.0
1706,56.0
1707,44.0
1708,43.0
1709,8.0
1710,13.0
1711,29.0
1712,49.0
1713,8.0
1714,27.0
1715,15.0
1716,10.0
1717,13.0
1718,46.0
1719,2.0
1720,9.0
1721,
1722,
1723,39.0
1724,7.0
1725,2.0
1726,36.0
1727,59.0
1728,67.0
1729,53.0
1730,7.0
1731,
1732,
1733,10.0
1734,3.0
1735,25.0
1736,6.0
1737,2.0
1738,37.0
1739,56.0
1740,12.0
1741,45.0
1742,56.0
1743,54.0
1744,10.0
1745,14.0
1746,26.0
1747,2.0
1748,3.0
1749,13.0
1750,
1751,19.0
1752,13.0
1753,13.0
1754,7.0
1755,
1756,56.0
1757,46.0
1758,16.0
1759,7.0
1760,4.0
1761,18.0
1762,5.0
1763,9.0
1764,4.0
1765,16.0
1766,17.0
1767,36.0
1768,6.0
1769,18.0
1770,7.0
1771,9.0
1772,47.0
1773,22.0
1774,49.0
1775,14.0
1776,53.0
1777,10.0
1778,52.0
1779,49.0
1780,51.0
1781,15.0
1782,13.0
1783,43.0
1784,49.0
1785,42.0
1786,16.0
1787,
1788,7.0
1789,57.0
1790,15.0
1791,50.0
1792,
1793,45.0
1794,44.0
1795,40.0
1796,
1797,5.0
1798,16.0
1799,14.0
1800,8.0
1801,
1802,49.0
1803,49.0
1804,49.0
1805,50.0
1806,2.0
1807,11.0
1808,
1809,44.0
1810,18.0
1811,9.0
1812,10.0
1813,54.0
1814,30.0
1815,14.0
1816,9.0
1817,58.0
1818,59.0
1819,51.0
1820,25.0
1821,3.0
1822,63.0
1823,8.0
1824,37.0
1825,15.0
1826,50.0
1827,47.0
1828,53.0
1829,21.0
1830,46.0
1831,42.0
1832,13.0
1833,47.0
1834,13.0
1835,29.0
1836,23.0
1837,34.0
1838,52.0
1839,2.0
1840,54.0
1841,26.0
1842,12.0
1843,29.0
1844,42.0
1845,22.0
1846,1.0
1847,55.0
1848,40.0
1849,7.0
1850,33.0
1851,44.0
1852,14.0
1853,49.0
1854,1.0
1855,
1856,4.0
1857,56.0
1858,27.0
1859,29.0
1860,18.0
1861,26.0
1862,22.0
1863,28.0
1864,4.0
1865,11.0
1866,32.0
1867,13.0
1868,8.0
1869,53.0
1870,50.0
1871,49.0
1872,10.0
1873,8.0
1874,28.0
1875,38.0
1876,9.0
1877,54.0
1878,49.0
1879,36.0
1880,11.0
1881,39.0
1882,21.0
1883,12.0
1884,14.0
1885,46.0
1886,10.0
1887,
1888,7.0
1889,45.0
1890,13.0
1891,8.0
1892,13.0
1893,12.0
1894,4.0
1895,43.0
1896,14.0
1897,47.0
1898,43.0
1899,45.0
1900,49.0
1901,17.0
1902,
1903,13.0
1904,17.0
1905,12.0
1906,20.0
1907,
1908,12.0
1909,5.0
1910,9.0
1911,39.0
1912,11.0
1913,64.0
1914,19.0
1915,52.0
1916,16.0
1917,46.0
1918,
1919,
1920,16.0
1921,45.0
1922,19.0
1923,12.0
1924,14.0
1925,24.0
1926,9.0
1927,3.0
1928,15.0
1929,
1930,
1931,10.0
1932,14.0
1933,10.0
1934,35.0
1935,13.0
1936,22.0
1937,7.0
1938,11.0
1939,47.0
1940,8.0
1941,45.0
1942,15.0
1943,53.0
1944,10.0
1945,36.0
1946,1.0
1947,29.0
1948,51.0
1949,50.0
1950,13.0
1951,23.0
1952,22.0
1953,7.0
1954,8.0
1955,15.0
1956,16.0
1957,11.0
1958,13.0
