0,200.0
1,200.0
2,196.0
3,200.0
4,200.0
5,200.0
6,200.0
7,196.0
8,200.0
9,200.0
10,190.0
11,200.0
12,200.0
13,196.0
14,200.0
15,200.0
16,200.0
17,158.0
18,200.0
19,196.0
20,200.0
21,200.0
22,200.0
23,181.0
24,30.0
25,196.0
26,100.0
27,197.0
28,200.0
29,200.0
30,200.0
31,200.0
32,193.0
33,50.0
34,10.0
35,197.0
36,196.0
37,30.0
38,200.0
39,200.0
40,200.0
41,200.0
42,199.0
43,196.0
44,200.0
45,196.0
46,200.0
47,200.0
48,200.0
49,200.0
50,200.0
51,197.0
52,200.0
53,197.0
54,200.0
55,200.0
56,198.0
57,200.0
58,200.0
59,200.0
60,199.0
61,200.0
62,200.0
63,198.0
64,200.0
65,200.0
66,200.0
67,200.0
68,30.0
69,200.0
70,200.0
71,60.0
72,196.0
73,200.0
74,200.0
75,50.0
76,200.0
77,200.0
78,184.0
79,200.0
80,200.0
81,200.0
82,200.0
83,200.0
84,200.0
85,200.0
86,90.0
87,200.0
88,197.0
89,196.0
90,200.0
91,10.0
92,200.0
93,197.0
94,200.0
95,90.0
96,200.0
97,200.0
98,140.0
99,200.0
100,200.0
101,200.0
102,200.0
103,195.0
104,199.0
105,186.0
106,150.0
107,200.0
108,200.0
109,197.0
110,200.0
111,200.0
112,200.0
113,200.0
114,200.0
115,200.0
116,200.0
117,200.0
118,10.0
119,197.0
120,199.0
121,200.0
122,200.0
123,197.0
124,194.0
125,197.0
126,200.0
127,100.0
128,198.0
129,200.0
130,50.0
131,130.0
132,126.0
133,199.0
134,200.0
135,50.0
136,200.0
137,200.0
138,200.0
139,200.0
140,184.0
141,195.0
142,198.0
143,50.0
144,200.0
145,200.0
146,200.0
147,200.0
148,200.0
149,200.0
150,200.0
151,181.0
152,200.0
153,200.0
154,200.0
155,200.0
156,94.0
157,200.0
158,
159,200.0
160,200.0
161,200.0
162,200.0
163,200.0
164,200.0
165,185.0
166,199.0
167,130.0
168,197.0
169,199.0
170,200.0
171,200.0
172,200.0
173,200.0
174,100.0
175,10.0
176,184.0
177,200.0
178,200.0
179,197.0
180,200.0
181,200.0
182,200.0
183,20.0
184,200.0
185,199.0
186,200.0
187,200.0
188,200.0
189,181.0
190,200.0
191,200.0
192,200.0
193,198.0
194,200.0
195,200.0
196,197.0
197,200.0
198,60.0
199,200.0
200,197.0
201,200.0
202,196.0
203,198.0
204,200.0
205,
206,200.0
207,199.0
208,200.0
209,200.0
210,200.0
211,195.0
212,200.0
213,197.0
214,200.0
215,200.0
216,100.0
217,199.0
218,200.0
219,200.0
220,200.0
221,200.0
222,200.0
223,200.0
224,200.0
225,200.0
226,199.0
227,197.0
228,200.0
229,199.0
230,200.0
231,200.0
232,199.0
233,194.0
234,200.0
235,200.0
236,200.0
237,140.0
238,200.0
239,200.0
240,200.0
241,200.0
242,200.0
243,200.0
244,200.0
245,200.0
246,200.0
247,200.0
248,200.0
249,60.0
250,200.0
251,200.0
252,200.0
253,200.0
254,90.0
255,120.0
256,200.0
257,48.0
258,200.0
259,188.0
260,200.0
261,160.0
262,185.0
263,198.0
264,200.0
265,196.0
266,200.0
267,200.0
268,200.0
269,200.0
270,186.0
271,200.0
272,199.0
273,189.0
274,200.0
275,200.0
276,200.0
277,200.0
278,200.0
279,200.0
280,200.0
281,200.0
282,126.0
283,197.0
284,199.0
285,199.0
286,200.0
287,200.0
288,
289,200.0
290,200.0
291,200.0
292,200.0
293,200.0
294,200.0
295,197.0
296,200.0
297,120.0
298,200.0
299,120.0
300,200.0
301,200.0
302,190.0
303,198.0
304,200.0
305,194.0
306,200.0
307,200.0
308,200.0
309,200.0
310,
311,200.0
312,198.0
313,200.0
314,200.0
315,200.0
316,169.0
317,200.0
318,198.0
319,199.0
320,196.0
321,195.0
322,80.0
323,100.0
324,200.0
325,199.0
326,200.0
327,199.0
328,200.0
329,200.0
330,200.0
331,197.0
332,200.0
333,199.0
334,200.0
335,
336,199.0
337,88.0
338,200.0
339,200.0
340,200.0
341,200.0
342,200.0
343,200.0
344,200.0
345,200.0
346,200.0
347,200.0
348,80.0
349,200.0
350,190.0
351,200.0
352,200.0
353,128.0
354,199.0
355,197.0
356,200.0
357,200.0
358,
359,200.0
360,101.0
361,196.0
362,199.0
363,200.0
364,189.0
365,200.0
366,200.0
367,200.0
368,200.0
369,196.0
370,200.0
371,199.0
372,200.0
373,200.0
374,200.0
375,200.0
376,191.0
377,
378,200.0
379,80.0
380,200.0
381,200.0
382,200.0
383,50.0
384,200.0
385,200.0
386,200.0
387,69.0
388,196.0
389,196.0
390,70.0
391,200.0
392,200.0
393,200.0
394,199.0
395,200.0
396,120.0
397,196.0
398,200.0
399,188.0
400,200.0
401,140.0
402,200.0
403,200.0
404,200.0
405,200.0
406,200.0
407,200.0
408,200.0
409,199.0
410,45.0
411,195.0
412,196.0
413,200.0
414,117.0
415,200.0
416,200.0
417,198.0
418,200.0
419,200.0
420,191.0
421,199.0
422,200.0
423,200.0
424,200.0
425,199.0
426,200.0
427,200.0
428,200.0
429,200.0
430,200.0
431,199.0
432,200.0
433,200.0
434,200.0
435,200.0
436,200.0
437,200.0
438,186.0
439,70.0
440,200.0
441,199.0
442,200.0
443,200.0
444,200.0
445,195.0
446,200.0
447,200.0
448,200.0
449,200.0
450,200.0
451,198.0
452,200.0
453,19.0
454,200.0
455,60.0
456,194.0
457,198.0
458,200.0
459,200.0
460,200.0
461,200.0
462,197.0
463,200.0
464,200.0
465,200.0
466,200.0
467,200.0
468,69.0
469,64.0
470,70.0
471,200.0
472,200.0
473,200.0
474,200.0
475,200.0
476,196.0
477,158.0
478,200.0
479,200.0
480,200.0
481,200.0
482,200.0
483,200.0
484,167.0
485,198.0
486,199.0
487,200.0
488,200.0
489,40.0
490,200.0
491,146.0
492,199.0
493,200.0
494,200.0
495,200.0
496,200.0
497,200.0
498,200.0
499,199.0
500,200.0
501,200.0
502,200.0
503,200.0
504,200.0
505,200.0
506,200.0
507,198.0
508,199.0
509,200.0
510,200.0
511,196.0
512,10.0
513,200.0
514,200.0
515,190.0
516,200.0
517,60.0
518,198.0
519,200.0
520,200.0
521,199.0
522,170.0
523,200.0
524,200.0
525,200.0
526,196.0
527,200.0
528,199.0
529,200.0
530,200.0
531,200.0
532,200.0
533,101.0
534,200.0
535,200.0
536,200.0
537,200.0
538,
539,200.0
540,200.0
541,200.0
542,200.0
543,200.0
544,40.0
545,200.0
546,200.0
547,200.0
548,200.0
549,200.0
550,200.0
551,40.0
552,199.0
553,197.0
554,200.0
555,200.0
556,191.0
557,200.0
558,50.0
559,200.0
560,200.0
561,200.0
562,200.0
563,200.0
564,200.0
565,200.0
566,200.0
567,200.0
568,200.0
569,200.0
570,200.0
571,200.0
572,200.0
573,189.0
574,40.0
575,197.0
576,200.0
577,200.0
578,199.0
579,200.0
580,200.0
581,199.0
582,200.0
583,183.0
584,200.0
585,200.0
586,200.0
587,200.0
588,158.0
589,39.0
590,199.0
591,200.0
592,196.0
593,200.0
594,199.0
595,200.0
596,200.0
597,200.0
598,200.0
599,200.0
600,196.0
601,197.0
602,200.0
603,200.0
604,200.0
605,200.0
606,200.0
607,199.0
608,191.0
609,200.0
610,200.0
611,200.0
612,50.0
613,200.0
614,200.0
615,60.0
616,200.0
617,200.0
618,200.0
619,197.0
620,195.0
621,200.0
622,107.0
623,200.0
624,200.0
625,200.0
626,195.0
627,197.0
628,199.0
629,200.0
630,200.0
631,182.0
632,199.0
633,199.0
634,200.0
635,200.0
636,200.0
637,89.0
638,200.0
639,200.0
640,200.0
641,200.0
642,199.0
643,50.0
644,200.0
645,199.0
646,199.0
647,200.0
648,200.0
649,140.0
650,
651,160.0
652,200.0
653,119.0
654,198.0
655,200.0
656,199.0
657,183.0
658,200.0
659,200.0
660,196.0
661,
662,200.0
663,200.0
664,200.0
665,200.0
666,200.0
667,
668,200.0
669,198.0
670,182.0
671,200.0
672,200.0
673,200.0
674,199.0
675,200.0
676,120.0
677,200.0
678,196.0
679,196.0
680,198.0
681,200.0
682,200.0
683,200.0
684,199.0
685,
686,60.0
687,200.0
688,200.0
689,200.0
690,200.0
691,200.0
692,200.0
693,199.0
694,200.0
695,200.0
696,197.0
697,200.0
698,200.0
699,200.0
700,200.0
701,200.0
702,140.0
703,200.0
704,200.0
705,200.0
706,196.0
707,200.0
708,200.0
709,200.0
710,200.0
711,200.0
712,40.0
713,199.0
714,200.0
715,200.0
716,200.0
717,200.0
718,200.0
719,60.0
720,200.0
721,200.0
722,200.0
723,200.0
724,196.0
725,200.0
726,40.0
727,200.0
728,200.0
729,
730,200.0
731,186.0
732,183.0
733,200.0
734,200.0
735,200.0
736,199.0
737,199.0
738,130.0
739,200.0
740,197.0
741,110.0
742,200.0
743,200.0
744,107.0
745,140.0
746,199.0
747,200.0
748,29.0
749,200.0
750,200.0
751,200.0
752,197.0
753,123.0
754,200.0
755,200.0
756,200.0
757,200.0
758,198.0
759,200.0
760,
761,200.0
762,200.0
763,200.0
764,197.0
765,200.0
766,140.0
767,200.0
768,200.0
769,111.0
770,200.0
771,200.0
772,200.0
773,200.0
774,200.0
775,200.0
776,200.0
777,200.0
778,200.0
779,200.0
780,200.0
781,200.0
782,10.0
783,190.0
784,200.0
785,200.0
786,200.0
787,200.0
788,200.0
789,196.0
790,200.0
791,191.0
792,200.0
793,200.0
794,200.0
795,196.0
796,200.0
797,200.0
798,200.0
799,189.0
800,
801,30.0
802,200.0
803,200.0
804,200.0
805,200.0
806,193.0
807,199.0
808,200.0
809,69.0
810,200.0
811,200.0
812,200.0
813,200.0
814,200.0
815,200.0
816,200.0
817,200.0
818,179.0
819,181.0
820,200.0
821,196.0
822,200.0
823,200.0
824,200.0
825,40.0
826,200.0
827,200.0
828,196.0
829,198.0
830,200.0
831,200.0
832,198.0
833,200.0
834,200.0
835,200.0
836,192.0
837,199.0
838,200.0
839,200.0
840,199.0
841,196.0
842,197.0
843,200.0
844,200.0
845,200.0
846,198.0
847,199.0
848,200.0
849,200.0
850,198.0
851,187.0
852,196.0
853,200.0
854,200.0
855,200.0
856,200.0
857,198.0
858,200.0
859,200.0
860,200.0
861,200.0
862,198.0
863,196.0
864,200.0
865,200.0
866,200.0
867,30.0
868,200.0
869,200.0
870,199.0
871,200.0
872,200.0
873,198.0
874,198.0
875,200.0
876,200.0
877,200.0
878,200.0
879,198.0
880,200.0
881,196.0
882,200.0
883,199.0
884,80.0
885,197.0
886,120.0
887,200.0
888,200.0
889,200.0
890,200.0
891,200.0
892,196.0
893,200.0
894,200.0
895,196.0
896,200.0
897,199.0
898,145.0
899,100.0
900,199.0
901,199.0
902,199.0
903,200.0
904,200.0
905,100.0
906,10.0
907,60.0
908,200.0
909,189.0
910,200.0
911,196.0
912,200.0
913,199.0
914,200.0
915,198.0
916,186.0
917,30.0
918,200.0
919,200.0
920,197.0
921,200.0
922,200.0
923,140.0
924,200.0
925,39.0
926,200.0
927,200.0
928,200.0
929,200.0
930,196.0
931,200.0
932,196.0
933,200.0
934,200.0
935,200.0
936,195.0
937,197.0
938,200.0
939,200.0
940,197.0
941,70.0
942,199.0
943,200.0
944,198.0
945,200.0
946,200.0
947,199.0
948,190.0
949,200.0
950,198.0
951,30.0
952,200.0
953,199.0
954,200.0
955,200.0
956,200.0
957,200.0
958,200.0
959,197.0
960,
961,10.0
962,196.0
963,200.0
964,200.0
965,200.0
966,200.0
967,200.0
968,200.0
969,200.0
970,200.0
971,200.0
972,200.0
973,200.0
974,199.0
975,200.0
976,200.0
977,199.0
978,196.0
979,197.0
980,200.0
981,150.0
982,200.0
983,191.0
984,200.0
985,170.0
986,199.0
987,200.0
988,200.0
989,138.0
990,200.0
991,200.0
992,200.0
993,20.0
994,200.0
995,200.0
996,199.0
997,40.0
998,200.0
999,194.0
1000,199.0
1001,10.0
1002,200.0
1003,198.0
1004,200.0
1005,
1006,199.0
1007,56.0
1008,200.0
1009,182.0
1010,200.0
1011,200.0
1012,200.0
1013,197.0
1014,200.0
1015,199.0
1016,200.0
1017,200.0
1018,200.0
1019,198.0
1020,199.0
1021,199.0
1022,20.0
1023,200.0
1024,200.0
1025,200.0
1026,196.0
1027,200.0
1028,200.0
1029,200.0
1030,200.0
1031,20.0
1032,200.0
1033,200.0
1034,200.0
1035,200.0
1036,199.0
1037,200.0
1038,
1039,158.0
1040,200.0
1041,200.0
1042,200.0
1043,200.0
1044,200.0
1045,193.0
1046,198.0
1047,200.0
1048,196.0
1049,20.0
1050,195.0
1051,200.0
1052,200.0
1053,200.0
1054,
1055,200.0
1056,200.0
1057,200.0
1058,200.0
1059,20.0
1060,200.0
1061,181.0
1062,159.0
1063,200.0
1064,200.0
1065,200.0
1066,200.0
1067,200.0
1068,200.0
1069,175.0
1070,200.0
1071,200.0
1072,199.0
1073,198.0
1074,199.0
1075,200.0
1076,200.0
1077,200.0
1078,200.0
1079,200.0
1080,138.0
1081,200.0
1082,200.0
1083,200.0
1084,200.0
1085,199.0
1086,30.0
1087,198.0
1088,199.0
1089,200.0
1090,198.0
1091,200.0
1092,200.0
1093,50.0
1094,10.0
1095,200.0
1096,200.0
1097,200.0
1098,200.0
1099,200.0
1100,200.0
1101,200.0
1102,200.0
1103,200.0
1104,200.0
1105,200.0
1106,200.0
1107,196.0
1108,200.0
1109,193.0
1110,181.0
1111,200.0
1112,200.0
1113,196.0
1114,200.0
1115,30.0
1116,200.0
1117,200.0
1118,200.0
1119,200.0
1120,200.0
1121,200.0
1122,40.0
1123,200.0
1124,197.0
1125,200.0
1126,200.0
1127,200.0
1128,197.0
1129,200.0
1130,200.0
1131,200.0
1132,199.0
1133,197.0
1134,195.0
1135,198.0
1136,200.0
1137,199.0
1138,200.0
1139,200.0
1140,200.0
1141,198.0
1142,200.0
1143,199.0
1144,199.0
1145,200.0
1146,200.0
1147,
1148,200.0
1149,200.0
1150,200.0
1151,200.0
1152,200.0
1153,200.0
1154,200.0
1155,196.0
1156,200.0
1157,199.0
1158,200.0
1159,199.0
1160,200.0
1161,200.0
1162,200.0
1163,200.0
1164,200.0
1165,200.0
1166,199.0
1167,29.0
1168,186.0
1169,199.0
1170,200.0
1171,199.0
1172,200.0
1173,200.0
1174,198.0
1175,200.0
1176,200.0
1177,80.0
1178,200.0
1179,200.0
1180,200.0
1181,199.0
1182,200.0
1183,198.0
1184,197.0
1185,200.0
1186,200.0
1187,200.0
1188,199.0
1189,70.0
1190,199.0
1191,200.0
1192,200.0
1193,100.0
1194,50.0
1195,200.0
1196,200.0
1197,200.0
1198,200.0
1199,200.0
1200,150.0
1201,200.0
1202,200.0
1203,200.0
1204,196.0
1205,200.0
1206,199.0
1207,200.0
1208,197.0
1209,199.0
1210,200.0
1211,151.0
1212,200.0
1213,200.0
1214,200.0
1215,200.0
1216,200.0
1217,10.0
1218,200.0
1219,200.0
1220,197.0
1221,199.0
1222,197.0
1223,30.0
1224,200.0
1225,200.0
1226,200.0
1227,200.0
1228,199.0
1229,199.0
1230,199.0
1231,200.0
1232,196.0
1233,149.0
1234,200.0
1235,200.0
1236,199.0
1237,50.0
1238,199.0
1239,200.0
1240,200.0
1241,198.0
1242,191.0
1243,200.0
1244,200.0
1245,200.0
1246,200.0
1247,200.0
1248,199.0
1249,116.0
1250,200.0
1251,197.0
1252,200.0
1253,200.0
1254,197.0
1255,200.0
1256,200.0
1257,20.0
1258,20.0
1259,185.0
1260,199.0
1261,200.0
1262,199.0
1263,200.0
1264,200.0
1265,30.0
1266,200.0
1267,160.0
1268,200.0
1269,200.0
1270,200.0
1271,200.0
1272,193.0
1273,10.0
1274,196.0
1275,200.0
1276,200.0
1277,199.0
1278,200.0
1279,200.0
1280,118.0
1281,200.0
1282,199.0
1283,199.0
1284,200.0
1285,200.0
1286,198.0
1287,195.0
1288,199.0
1289,200.0
1290,200.0
1291,200.0
1292,188.0
1293,200.0
1294,200.0
1295,195.0
1296,200.0
1297,200.0
1298,200.0
1299,197.0
1300,199.0
1301,198.0
1302,200.0
1303,20.0
1304,200.0
1305,200.0
1306,200.0
1307,200.0
1308,200.0
1309,200.0
1310,200.0
1311,200.0
1312,200.0
1313,197.0
1314,110.0
1315,200.0
1316,200.0
1317,200.0
1318,189.0
1319,200.0
1320,196.0
1321,120.0
1322,196.0
1323,
1324,200.0
1325,199.0
1326,200.0
1327,200.0
1328,200.0
1329,200.0
1330,200.0
1331,200.0
1332,30.0
1333,200.0
1334,200.0
1335,50.0
1336,200.0
1337,130.0
1338,199.0
1339,200.0
1340,200.0
1341,200.0
1342,197.0
1343,200.0
1344,181.0
1345,199.0
1346,200.0
1347,196.0
1348,199.0
1349,198.0
1350,200.0
1351,200.0
1352,200.0
1353,196.0
1354,200.0
1355,199.0
1356,200.0
1357,200.0
1358,200.0
1359,200.0
1360,200.0
1361,200.0
1362,200.0
1363,200.0
1364,200.0
1365,200.0
1366,197.0
1367,200.0
1368,200.0
1369,200.0
1370,200.0
1371,200.0
1372,189.0
1373,200.0
1374,200.0
1375,10.0
1376,200.0
1377,200.0
1378,100.0
1379,200.0
1380,200.0
1381,200.0
1382,200.0
1383,200.0
1384,20.0
1385,200.0
1386,185.0
1387,200.0
1388,197.0
1389,200.0
1390,200.0
1391,200.0
1392,200.0
1393,196.0
1394,196.0
1395,200.0
1396,160.0
1397,200.0
1398,200.0
1399,200.0
1400,196.0
1401,200.0
1402,10.0
1403,200.0
1404,200.0
1405,200.0
1406,200.0
1407,199.0
1408,199.0
1409,200.0
1410,60.0
1411,147.0
1412,197.0
1413,200.0
1414,154.0
1415,198.0
1416,200.0
1417,199.0
1418,196.0
1419,196.0
1420,197.0
1421,
1422,200.0
1423,169.0
1424,181.0
1425,200.0
1426,200.0
1427,160.0
1428,200.0
1429,197.0
1430,198.0
1431,200.0
1432,200.0
1433,200.0
1434,200.0
1435,198.0
1436,200.0
1437,200.0
1438,200.0
1439,200.0
1440,200.0
1441,90.0
1442,200.0
1443,200.0
1444,200.0
1445,199.0
1446,199.0
1447,200.0
1448,200.0
1449,195.0
1450,200.0
1451,197.0
1452,200.0
1453,200.0
1454,198.0
1455,199.0
1456,197.0
1457,200.0
1458,200.0
1459,200.0
1460,200.0
1461,198.0
1462,200.0
1463,200.0
1464,200.0
1465,200.0
1466,200.0
1467,200.0
1468,200.0
1469,200.0
1470,200.0
1471,200.0
1472,197.0
1473,200.0
1474,200.0
1475,200.0
1476,200.0
1477,196.0
1478,194.0
1479,200.0
1480,200.0
1481,200.0
1482,200.0
1483,199.0
1484,199.0
1485,200.0
1486,188.0
1487,195.0
1488,200.0
1489,200.0
1490,200.0
1491,160.0
1492,140.0
1493,198.0
1494,197.0
1495,199.0
1496,200.0
1497,200.0
1498,120.0
1499,200.0
1500,200.0
1501,198.0
1502,200.0
1503,199.0
1504,200.0
1505,199.0
1506,199.0
1507,200.0
1508,197.0
1509,200.0
1510,60.0
1511,196.0
1512,200.0
1513,200.0
1514,181.0
1515,150.0
1516,
1517,200.0
1518,200.0
1519,200.0
1520,200.0
1521,200.0
1522,199.0
1523,200.0
1524,196.0
1525,200.0
1526,200.0
1527,200.0
1528,200.0
1529,50.0
1530,196.0
1531,200.0
1532,200.0
1533,200.0
1534,200.0
1535,198.0
1536,193.0
1537,200.0
1538,200.0
1539,200.0
1540,127.0
1541,158.0
1542,200.0
1543,200.0
1544,200.0
1545,200.0
1546,200.0
1547,196.0
1548,199.0
1549,200.0
1550,200.0
1551,200.0
1552,198.0
1553,200.0
1554,200.0
1555,200.0
1556,199.0
1557,199.0
1558,199.0
1559,120.0
1560,56.0
1561,198.0
1562,200.0
1563,167.0
1564,196.0
1565,200.0
1566,
1567,
1568,200.0
1569,200.0
1570,197.0
1571,198.0
1572,170.0
1573,200.0
1574,198.0
1575,200.0
1576,200.0
1577,160.0
1578,200.0
1579,200.0
1580,196.0
1581,199.0
1582,197.0
1583,70.0
1584,54.0
1585,186.0
1586,200.0
1587,200.0
1588,200.0
1589,200.0
1590,200.0
1591,200.0
1592,200.0
1593,200.0
1594,172.0
1595,90.0
1596,200.0
1597,200.0
1598,198.0
1599,200.0
1600,200.0
1601,200.0
1602,200.0
1603,39.0
1604,195.0
1605,200.0
1606,200.0
1607,196.0
1608,200.0
1609,200.0
1610,196.0
1611,200.0
1612,199.0
1613,200.0
1614,199.0
1615,200.0
1616,200.0
1617,200.0
1618,199.0
1619,197.0
1620,200.0
1621,198.0
1622,199.0
1623,200.0
1624,200.0
1625,158.0
1626,190.0
1627,200.0
1628,199.0
1629,196.0
1630,200.0
1631,200.0
1632,198.0
1633,198.0
1634,195.0
1635,200.0
1636,200.0
1637,30.0
1638,
1639,200.0
1640,200.0
1641,200.0
1642,199.0
1643,176.0
1644,199.0
1645,195.0
1646,185.0
1647,200.0
1648,182.0
1649,200.0
1650,200.0
1651,73.0
1652,20.0
1653,200.0
1654,198.0
1655,196.0
1656,199.0
1657,10.0
1658,200.0
1659,195.0
1660,70.0
1661,200.0
1662,200.0
1663,200.0
1664,199.0
1665,200.0
1666,126.0
1667,200.0
1668,164.0
1669,196.0
1670,199.0
1671,199.0
1672,200.0
1673,200.0
1674,200.0
1675,200.0
1676,200.0
1677,200.0
1678,200.0
1679,130.0
1680,172.0
1681,200.0
1682,197.0
1683,200.0
1684,200.0
1685,200.0
1686,186.0
1687,200.0
1688,195.0
1689,200.0
1690,196.0
1691,200.0
1692,200.0
1693,186.0
1694,200.0
1695,84.0
1696,172.0
1697,40.0
1698,200.0
1699,199.0
1700,200.0
1701,200.0
1702,200.0
1703,198.0
1704,
1705,200.0
1706,200.0
1707,199.0
1708,10.0
1709,197.0
1710,60.0
1711,200.0
1712,200.0
1713,40.0
1714,198.0
1715,40.0
1716,199.0
1717,150.0
1718,200.0
1719,40.0
1720,200.0
1721,200.0
1722,200.0
1723,200.0
1724,200.0
1725,200.0
1726,200.0
1727,199.0
1728,200.0
1729,200.0
1730,197.0
1731,200.0
1732,198.0
1733,200.0
1734,70.0
1735,200.0
1736,200.0
1737,198.0
1738,200.0
1739,200.0
1740,200.0
1741,200.0
1742,199.0
1743,198.0
1744,189.0
1745,200.0
1746,200.0
1747,188.0
1748,200.0
1749,200.0
1750,197.0
1751,200.0
1752,190.0
1753,197.0
1754,200.0
1755,160.0
1756,200.0
1757,200.0
1758,199.0
1759,30.0
1760,200.0
1761,200.0
1762,196.0
1763,100.0
1764,10.0
1765,183.0
1766,200.0
1767,200.0
1768,200.0
1769,200.0
1770,150.0
1771,199.0
1772,200.0
1773,197.0
1774,200.0
1775,200.0
1776,200.0
1777,200.0
1778,200.0
1779,200.0
1780,196.0
1781,200.0
1782,
1783,199.0
1784,107.0
1785,200.0
1786,199.0
1787,200.0
1788,200.0
1789,20.0
1790,140.0
1791,200.0
1792,200.0
1793,198.0
1794,200.0
1795,199.0
1796,199.0
1797,200.0
1798,200.0
1799,200.0
1800,190.0
1801,200.0
1802,200.0
1803,70.0
1804,200.0
1805,170.0
1806,200.0
1807,160.0
1808,200.0
1809,70.0
1810,198.0
1811,198.0
1812,199.0
1813,200.0
1814,200.0
1815,200.0
1816,200.0
1817,200.0
1818,200.0
1819,200.0
1820,200.0
1821,170.0
1822,199.0
1823,200.0
1824,200.0
1825,200.0
1826,108.0
1827,200.0
1828,200.0
1829,199.0
1830,198.0
1831,200.0
1832,196.0
1833,199.0
1834,200.0
1835,90.0
1836,97.0
1837,199.0
1838,197.0
1839,199.0
1840,200.0
1841,200.0
1842,10.0
1843,198.0
1844,200.0
1845,200.0
1846,200.0
1847,200.0
1848,200.0
1849,200.0
1850,199.0
1851,48.0
1852,200.0
1853,200.0
1854,198.0
1855,170.0
1856,200.0
1857,151.0
1858,196.0
1859,199.0
1860,
1861,200.0
1862,200.0
1863,199.0
1864,200.0
1865,130.0
1866,200.0
1867,200.0
1868,199.0
1869,200.0
1870,
1871,60.0
1872,150.0
1873,50.0
1874,120.0
1875,200.0
1876,200.0
1877,200.0
1878,200.0
1879,200.0
1880,200.0
1881,199.0
1882,88.0
1883,196.0
1884,200.0
1885,200.0
1886,200.0
1887,199.0
1888,110.0
1889,196.0
1890,200.0
1891,200.0
1892,200.0
1893,200.0
1894,199.0
1895,200.0
1896,198.0
1897,200.0
1898,40.0
1899,200.0
1900,200.0
1901,182.0
1902,200.0
1903,200.0
1904,200.0
1905,200.0
1906,199.0
1907,199.0
1908,199.0
1909,200.0
1910,200.0
1911,199.0
1912,200.0
1913,198.0
1914,200.0
1915,199.0
1916,200.0
1917,200.0
1918,196.0
1919,197.0
1920,
1921,200.0
1922,200.0
1923,200.0
1924,200.0
1925,100.0
1926,200.0
1927,196.0
1928,200.0
1929,200.0
1930,128.0
1931,10.0
1932,140.0
1933,200.0
1934,100.0
1935,200.0
1936,90.0
1937,200.0
1938,199.0
1939,188.0
1940,40.0
1941,60.0
1942,20.0
1943,152.0
1944,200.0
1945,200.0
1946,200.0
1947,60.0
1948,200.0
1949,197.0
1950,200.0
1951,60.0
1952,199.0
1953,200.0
1954,200.0
1955,200.0
1956,200.0
1957,200.0
1958,200.0
1959,200.0
1960,199.0
1961,200.0
1962,110.0
1963,200.0
1964,60.0
1965,196.0
1966,199.0
1967,199.0
1968,199.0
1969,198.0
1970,200.0
1971,200.0
1972,200.0
1973,200.0
1974,200.0
1975,200.0
1976,200.0
1977,199.0
1978,200.0
1979,200.0
1980,200.0
1981,30.0
1982,200.0
1983,189.0
1984,200.0
1985,200.0
1986,200.0
1987,199.0
1988,195.0
1989,200.0
1990,192.0
1991,200.0
1992,200.0
1993,200.0
1994,200.0
1995,200.0
1996,200.0
1997,200.0
1998,200.0
1999,200.0
2000,200.0
2001,100.0
2002,200.0
2003,200.0
2004,199.0
2005,200.0
2006,197.0
2007,200.0
2008,196.0
2009,200.0
2010,200.0
2011,200.0
2012,199.0
2013,200.0
2014,200.0
2015,200.0
2016,200.0
2017,195.0
2018,
2019,200.0
2020,195.0
2021,10.0
2022,200.0
2023,199.0
2024,199.0
2025,197.0
2026,97.0
2027,200.0
2028,199.0
2029,200.0
2030,200.0
2031,196.0
2032,200.0
2033,194.0
2034,200.0
2035,200.0
2036,200.0
2037,85.0
2038,
2039,200.0
2040,200.0
2041,200.0
2042,200.0
2043,199.0
2044,200.0
2045,200.0
2046,200.0
2047,200.0
2048,200.0
2049,142.0
2050,200.0
2051,200.0
2052,199.0
2053,196.0
2054,200.0
2055,200.0
2056,140.0
2057,200.0
2058,200.0
2059,120.0
2060,200.0
2061,197.0
2062,200.0
2063,198.0
2064,200.0
2065,198.0
2066,196.0
2067,197.0
2068,70.0
2069,199.0
2070,199.0
2071,130.0
2072,200.0
2073,200.0
2074,200.0
2075,200.0
2076,200.0
2077,200.0
2078,200.0
2079,111.0
2080,149.0
2081,200.0
2082,200.0
2083,200.0
2084,30.0
2085,200.0
2086,200.0
2087,200.0
2088,150.0
2089,200.0
2090,200.0
2091,200.0
2092,200.0
2093,200.0
2094,199.0
2095,200.0
2096,184.0
2097,200.0
2098,200.0
2099,50.0
2100,200.0
2101,60.0
2102,200.0
2103,200.0
2104,200.0
2105,200.0
2106,200.0
2107,200.0
2108,200.0
2109,197.0
2110,200.0
2111,200.0
2112,200.0
2113,200.0
2114,200.0
2115,200.0
2116,200.0
2117,200.0
2118,200.0
2119,198.0
2120,200.0
2121,200.0
2122,200.0
2123,199.0
2124,197.0
2125,200.0
2126,200.0
2127,200.0
2128,200.0
2129,199.0
2130,200.0
2131,199.0
2132,197.0
2133,173.0
2134,70.0
2135,200.0
2136,200.0
2137,200.0
2138,200.0
2139,190.0
2140,200.0
2141,70.0
2142,200.0
2143,200.0
2144,199.0
2145,76.0
2146,200.0
2147,200.0
2148,199.0
2149,200.0
2150,200.0
2151,200.0
2152,120.0
2153,200.0
2154,200.0
2155,200.0
2156,200.0
2157,198.0
2158,10.0
2159,140.0
2160,200.0
2161,200.0
2162,50.0
2163,200.0
2164,199.0
2165,200.0
2166,200.0
2167,200.0
2168,60.0
2169,186.0
2170,200.0
2171,200.0
2172,200.0
2173,200.0
2174,199.0
2175,200.0
2176,196.0
2177,200.0
2178,200.0
2179,199.0
2180,200.0
2181,200.0
2182,197.0
2183,200.0
2184,200.0
2185,70.0
2186,200.0
2187,200.0
2188,200.0
2189,140.0
2190,182.0
2191,200.0
2192,200.0
2193,200.0
2194,200.0
2195,200.0
2196,200.0
2197,198.0
2198,200.0
2199,199.0
2200,200.0
2201,199.0
2202,200.0
2203,200.0
2204,180.0
2205,200.0
2206,200.0
2207,200.0
2208,200.0
2209,199.0
2210,200.0
2211,180.0
2212,200.0
2213,196.0
2214,200.0
2215,200.0
2216,200.0
2217,200.0
2218,200.0
2219,184.0
2220,139.0
2221,200.0
2222,199.0
2223,200.0
2224,200.0
2225,191.0
2226,200.0
2227,200.0
2228,200.0
2229,200.0
2230,200.0
2231,200.0
2232,200.0
2233,200.0
2234,10.0
2235,188.0
2236,100.0
2237,200.0
2238,190.0
2239,200.0
2240,192.0
2241,198.0
2242,200.0
2243,196.0
2244,
2245,120.0
2246,197.0
2247,200.0
2248,200.0
2249,200.0
2250,199.0
2251,200.0
2252,200.0
2253,199.0
2254,199.0
2255,50.0
2256,197.0
2257,200.0
2258,
2259,200.0
2260,200.0
2261,200.0
2262,200.0
2263,200.0
2264,199.0
2265,200.0
2266,200.0
2267,200.0
2268,200.0
2269,200.0
2270,200.0
2271,50.0
2272,200.0
2273,120.0
2274,200.0
2275,200.0
2276,199.0
2277,200.0
2278,200.0
2279,100.0
2280,200.0
2281,199.0
2282,200.0
2283,
2284,196.0
2285,196.0
2286,196.0
2287,200.0
2288,200.0
2289,153.0
2290,199.0
2291,40.0
2292,200.0
2293,200.0
2294,198.0
2295,
2296,200.0
2297,200.0
2298,110.0
2299,200.0
2300,200.0
2301,200.0
2302,30.0
2303,90.0
2304,200.0
2305,200.0
2306,200.0
2307,199.0
2308,200.0
2309,121.0
2310,200.0
2311,198.0
2312,200.0
2313,200.0
2314,97.0
2315,199.0
2316,133.0
2317,200.0
2318,160.0
2319,198.0
2320,200.0
2321,200.0
2322,200.0
2323,196.0
2324,195.0
2325,200.0
2326,200.0
2327,200.0
2328,200.0
2329,200.0
2330,89.0
2331,200.0
2332,200.0
2333,200.0
2334,200.0
2335,182.0
2336,200.0
2337,200.0
2338,196.0
2339,200.0
2340,199.0
2341,200.0
2342,80.0
2343,200.0
2344,196.0
2345,200.0
2346,200.0
2347,200.0
2348,50.0
2349,200.0
2350,200.0
2351,200.0
2352,200.0
2353,199.0
2354,198.0
2355,
2356,200.0
2357,70.0
2358,200.0
2359,200.0
2360,200.0
2361,
2362,90.0
2363,200.0
2364,199.0
2365,198.0
2366,199.0
2367,200.0
2368,200.0
2369,200.0
2370,197.0
2371,200.0
2372,200.0
2373,199.0
2374,200.0
2375,200.0
2376,200.0
2377,200.0
2378,200.0
2379,200.0
2380,200.0
2381,200.0
2382,200.0
2383,200.0
2384,150.0
2385,177.0
2386,200.0
2387,200.0
2388,199.0
2389,200.0
2390,200.0
2391,200.0
2392,200.0
2393,200.0
2394,10.0
2395,200.0
2396,199.0
2397,199.0
2398,200.0
2399,200.0
2400,200.0
2401,200.0
2402,200.0
2403,198.0
2404,200.0
2405,200.0
2406,200.0
2407,200.0
2408,200.0
2409,180.0
2410,200.0
2411,200.0
2412,200.0
2413,200.0
2414,
2415,197.0
2416,200.0
2417,199.0
2418,199.0
2419,200.0
2420,60.0
2421,
2422,197.0
2423,195.0
2424,196.0
2425,200.0
2426,200.0
2427,200.0
2428,200.0
2429,200.0
2430,200.0
2431,194.0
2432,200.0
2433,197.0
2434,199.0
2435,171.0
2436,200.0
2437,197.0
2438,200.0
2439,200.0
2440,200.0
2441,200.0
2442,200.0
2443,199.0
2444,200.0
2445,200.0
2446,199.0
2447,200.0
2448,200.0
2449,200.0
2450,198.0
2451,100.0
2452,200.0
2453,200.0
2454,200.0
2455,200.0
2456,200.0
2457,19.0
2458,200.0
2459,200.0
2460,
2461,200.0
2462,200.0
2463,50.0
2464,197.0
2465,200.0
2466,200.0
2467,200.0
2468,200.0
2469,199.0
2470,195.0
2471,200.0
2472,200.0
2473,193.0
2474,200.0
2475,198.0
2476,200.0
2477,60.0
2478,90.0
2479,200.0
2480,138.0
2481,200.0
2482,199.0
2483,200.0
2484,200.0
2485,179.0
2486,200.0
2487,130.0
2488,200.0
2489,199.0
2490,200.0
2491,60.0
2492,200.0
2493,200.0
2494,200.0
2495,195.0
2496,200.0
2497,197.0
2498,197.0
2499,200.0
2500,200.0
2501,200.0
2502,200.0
2503,200.0
2504,200.0
2505,196.0
2506,200.0
2507,200.0
2508,195.0
2509,192.0
2510,200.0
2511,200.0
2512,200.0
2513,200.0
2514,200.0
2515,150.0
2516,200.0
2517,200.0
2518,200.0
2519,200.0
2520,200.0
2521,200.0
2522,200.0
2523,200.0
2524,200.0
2525,120.0
2526,200.0
2527,200.0
2528,88.0
2529,200.0
2530,200.0
2531,198.0
2532,189.0
2533,200.0
2534,200.0
2535,200.0
2536,200.0
2537,200.0
2538,195.0
2539,200.0
2540,199.0
2541,48.0
2542,188.0
2543,200.0
2544,
2545,200.0
2546,170.0
2547,200.0
2548,200.0
2549,199.0
2550,200.0
2551,200.0
2552,200.0
2553,89.0
2554,199.0
2555,196.0
2556,200.0
2557,199.0
2558,200.0
2559,199.0
2560,200.0
2561,200.0
2562,200.0
2563,60.0
2564,58.0
2565,200.0
2566,198.0
2567,199.0
2568,198.0
2569,200.0
2570,198.0
2571,200.0
2572,200.0
2573,196.0
2574,150.0
2575,200.0
2576,200.0
2577,200.0
2578,200.0
2579,158.0
2580,200.0
2581,200.0
2582,196.0
2583,123.0
2584,197.0
2585,200.0
2586,200.0
2587,200.0
2588,200.0
2589,200.0
2590,40.0
2591,197.0
2592,200.0
2593,60.0
2594,200.0
2595,200.0
2596,50.0
2597,200.0
2598,200.0
2599,196.0
2600,200.0
2601,200.0
2602,197.0
2603,197.0
2604,200.0
2605,195.0
2606,183.0
2607,198.0
2608,196.0
2609,45.0
2610,140.0
2611,200.0
2612,200.0
2613,200.0
2614,199.0
2615,10.0
2616,200.0
2617,190.0
2618,200.0
2619,200.0
2620,50.0
2621,198.0
2622,200.0
2623,128.0
2624,100.0
2625,196.0
2626,197.0
2627,200.0
2628,200.0
2629,199.0
2630,199.0
2631,199.0
2632,200.0
2633,200.0
2634,194.0
2635,89.0
2636,200.0
2637,199.0
2638,185.0
2639,200.0
2640,199.0
2641,200.0
2642,200.0
2643,200.0
2644,199.0
2645,200.0
2646,199.0
2647,186.0
2648,200.0
2649,200.0
2650,194.0
2651,200.0
2652,200.0
2653,200.0
2654,197.0
2655,200.0
2656,196.0
2657,200.0
2658,199.0
2659,200.0
2660,199.0
2661,200.0
2662,200.0
2663,200.0
2664,200.0
2665,110.0
2666,200.0
2667,196.0
2668,200.0
2669,109.0
2670,200.0
2671,199.0
2672,199.0
2673,200.0
2674,200.0
2675,200.0
2676,200.0
2677,192.0
2678,197.0
2679,167.0
2680,200.0
2681,143.0
2682,200.0
2683,200.0
2684,200.0
2685,200.0
2686,200.0
2687,200.0
2688,197.0
2689,200.0
2690,200.0
2691,200.0
2692,200.0
2693,200.0
2694,196.0
2695,200.0
2696,200.0
2697,199.0
2698,198.0
2699,200.0
2700,200.0
2701,191.0
2702,200.0
2703,197.0
2704,19.0
2705,200.0
2706,200.0
2707,200.0
2708,200.0
2709,200.0
2710,200.0
2711,198.0
2712,140.0
2713,200.0
2714,200.0
2715,200.0
2716,200.0
2717,200.0
2718,90.0
2719,200.0
2720,196.0
2721,90.0
2722,198.0
2723,200.0
2724,200.0
2725,199.0
2726,200.0
2727,200.0
2728,200.0
2729,200.0
2730,200.0
2731,200.0
2732,200.0
2733,70.0
2734,196.0
2735,200.0
2736,200.0
2737,200.0
2738,200.0
2739,200.0
2740,199.0
2741,197.0
2742,197.0
2743,200.0
2744,199.0
2745,200.0
2746,200.0
2747,200.0
2748,200.0
2749,200.0
2750,200.0
2751,200.0
2752,200.0
2753,200.0
2754,197.0
2755,200.0
2756,200.0
2757,200.0
2758,200.0
2759,199.0
2760,200.0
2761,70.0
2762,200.0
2763,200.0
2764,200.0
2765,20.0
2766,60.0
2767,199.0
2768,
2769,199.0
2770,200.0
2771,200.0
2772,200.0
2773,195.0
2774,197.0
2775,200.0
2776,200.0
2777,200.0
2778,200.0
2779,199.0
2780,199.0
2781,200.0
2782,200.0
2783,200.0
2784,200.0
2785,200.0
2786,50.0
2787,200.0
2788,
2789,200.0
2790,200.0
2791,197.0
2792,198.0
2793,200.0
2794,200.0
2795,200.0
2796,200.0
2797,200.0
2798,181.0
2799,200.0
2800,200.0
2801,199.0
2802,200.0
2803,199.0
2804,197.0
2805,200.0
2806,200.0
2807,200.0
2808,190.0
2809,195.0
2810,48.0
2811,200.0
2812,200.0
2813,185.0
2814,200.0
2815,137.0
2816,200.0
2817,200.0
2818,200.0
2819,200.0
2820,200.0
2821,200.0
2822,140.0
2823,200.0
2824,196.0
2825,197.0
2826,20.0
2827,200.0
2828,200.0
2829,200.0
2830,200.0
2831,200.0
2832,200.0
2833,160.0
2834,200.0
2835,198.0
2836,120.0
2837,200.0
2838,196.0
2839,200.0
2840,133.0
2841,200.0
2842,200.0
2843,200.0
2844,200.0
2845,38.0
2846,199.0
2847,200.0
2848,198.0
2849,200.0
2850,78.0
2851,199.0
2852,120.0
2853,200.0
2854,200.0
2855,200.0
2856,200.0
2857,110.0
2858,200.0
2859,190.0
2860,200.0
2861,200.0
2862,
2863,200.0
2864,200.0
2865,200.0
2866,200.0
2867,200.0
2868,
2869,200.0
2870,200.0
2871,200.0
2872,196.0
2873,196.0
2874,200.0
2875,200.0
2876,91.0
2877,196.0
2878,199.0
2879,20.0
2880,200.0
2881,200.0
2882,200.0
2883,200.0
2884,
2885,196.0
2886,199.0
2887,200.0
2888,197.0
2889,199.0
2890,200.0
2891,200.0
2892,
2893,125.0
2894,198.0
2895,200.0
2896,200.0
2897,200.0
2898,198.0
2899,200.0
2900,20.0
2901,187.0
2902,200.0
2903,200.0
2904,200.0
2905,200.0
2906,200.0
2907,199.0
2908,200.0
2909,184.0
2910,200.0
2911,197.0
2912,185.0
2913,200.0
2914,20.0
2915,200.0
2916,198.0
2917,199.0
2918,200.0
2919,10.0
2920,200.0
2921,200.0
2922,200.0
2923,199.0
2924,165.0
2925,200.0
2926,200.0
2927,200.0
2928,200.0
2929,200.0
2930,200.0
2931,200.0
2932,200.0
2933,199.0
2934,198.0
2935,199.0
2936,200.0
2937,200.0
2938,145.0
2939,20.0
2940,40.0
2941,200.0
2942,200.0
2943,200.0
2944,200.0
2945,200.0
2946,200.0
2947,199.0
2948,160.0
2949,200.0
2950,200.0
2951,200.0
2952,200.0
2953,200.0
2954,200.0
2955,192.0
2956,198.0
2957,200.0
2958,200.0
2959,199.0
2960,
2961,184.0
2962,110.0
2963,70.0
2964,197.0
2965,189.0
2966,70.0
2967,200.0
2968,200.0
2969,200.0
2970,200.0
2971,200.0
2972,129.0
2973,200.0
2974,200.0
2975,200.0
2976,199.0
2977,200.0
2978,200.0
2979,200.0
2980,198.0
2981,200.0
2982,199.0
2983,200.0
2984,200.0
2985,199.0
2986,197.0
2987,80.0
2988,200.0
2989,200.0
2990,200.0
2991,200.0
2992,160.0
2993,200.0
2994,200.0
2995,199.0
2996,200.0
2997,200.0
2998,198.0
2999,199.0
3000,199.0
3001,199.0
3002,200.0
3003,200.0
3004,149.0
3005,187.0
3006,200.0
3007,200.0
3008,200.0
3009,200.0
3010,200.0
3011,200.0
3012,200.0
3013,196.0
3014,200.0
3015,200.0
3016,200.0
3017,199.0
3018,10.0
3019,200.0
3020,200.0
3021,197.0
3022,200.0
3023,200.0
3024,200.0
3025,200.0
3026,200.0
3027,200.0
3028,200.0
3029,200.0
3030,198.0
3031,200.0
3032,200.0
3033,200.0
3034,199.0
3035,200.0
3036,200.0
3037,140.0
3038,177.0
3039,200.0
3040,192.0
3041,199.0
3042,200.0
3043,200.0
3044,200.0
3045,200.0
3046,50.0
3047,196.0
3048,197.0
3049,200.0
3050,140.0
3051,168.0
3052,200.0
3053,200.0
3054,130.0
3055,199.0
3056,80.0
3057,200.0
3058,200.0
3059,200.0
3060,200.0
3061,197.0
3062,200.0
3063,200.0
3064,200.0
3065,200.0
3066,199.0
3067,200.0
3068,80.0
3069,173.0
3070,199.0
3071,84.0
3072,200.0
3073,200.0
3074,199.0
3075,200.0
3076,200.0
3077,
3078,196.0
3079,200.0
3080,200.0
3081,200.0
3082,200.0
3083,199.0
3084,200.0
3085,199.0
3086,200.0
3087,70.0
3088,200.0
3089,200.0
3090,200.0
3091,200.0
3092,200.0
3093,199.0
3094,196.0
3095,200.0
3096,200.0
3097,199.0
3098,200.0
3099,200.0
3100,200.0
3101,199.0
3102,200.0
3103,200.0
3104,200.0
3105,197.0
3106,200.0
3107,200.0
3108,198.0
3109,200.0
3110,200.0
3111,200.0
3112,200.0
3113,200.0
3114,200.0
3115,110.0
3116,200.0
3117,200.0
3118,200.0
3119,200.0
3120,200.0
3121,200.0
3122,198.0
3123,200.0
3124,200.0
3125,200.0
3126,183.0
3127,200.0
3128,200.0
3129,197.0
3130,200.0
3131,200.0
3132,200.0
3133,200.0
3134,200.0
3135,
3136,199.0
3137,196.0
3138,200.0
3139,200.0
3140,200.0
3141,199.0
3142,200.0
3143,10.0
3144,200.0
3145,200.0
3146,198.0
3147,200.0
3148,68.0
3149,194.0
3150,200.0
3151,200.0
3152,200.0
3153,200.0
3154,200.0
3155,200.0
3156,197.0
3157,200.0
3158,200.0
3159,40.0
3160,200.0
3161,200.0
3162,200.0
3163,200.0
3164,200.0
3165,200.0
3166,200.0
3167,200.0
3168,200.0
3169,80.0
3170,197.0
3171,200.0
3172,200.0
3173,200.0
3174,182.0
3175,199.0
3176,199.0
3177,200.0
3178,130.0
3179,200.0
3180,200.0
3181,200.0
3182,200.0
3183,200.0
3184,170.0
3185,200.0
3186,200.0
3187,198.0
3188,199.0
3189,
3190,200.0
3191,200.0
3192,40.0
3193,
3194,200.0
3195,200.0
3196,197.0
3197,199.0
3198,200.0
3199,84.0
3200,200.0
3201,200.0
3202,200.0
3203,60.0
3204,200.0
3205,200.0
3206,200.0
3207,200.0
3208,199.0
3209,200.0
3210,200.0
3211,197.0
3212,200.0
3213,200.0
3214,200.0
3215,30.0
3216,100.0
3217,200.0
3218,199.0
3219,185.0
3220,200.0
3221,200.0
3222,49.0
3223,199.0
3224,200.0
3225,196.0
3226,200.0
3227,200.0
3228,200.0
3229,199.0
3230,200.0
3231,200.0
3232,199.0
3233,200.0
3234,200.0
3235,200.0
3236,200.0
3237,200.0
3238,200.0
3239,199.0
3240,196.0
3241,200.0
3242,199.0
3243,197.0
3244,200.0
3245,200.0
3246,199.0
3247,200.0
3248,200.0
3249,198.0
3250,200.0
3251,199.0
3252,200.0
3253,198.0
3254,200.0
3255,200.0
3256,200.0
3257,200.0
3258,200.0
3259,200.0
3260,200.0
3261,200.0
3262,199.0
3263,200.0
3264,200.0
3265,200.0
3266,190.0
3267,40.0
3268,200.0
3269,84.0
3270,200.0
3271,199.0
3272,200.0
3273,200.0
3274,200.0
3275,197.0
3276,200.0
3277,198.0
3278,200.0
3279,200.0
3280,199.0
3281,200.0
3282,200.0
3283,40.0
3284,
3285,200.0
3286,200.0
3287,70.0
3288,198.0
3289,199.0
3290,196.0
3291,200.0
3292,198.0
3293,199.0
3294,200.0
3295,200.0
3296,198.0
3297,200.0
3298,188.0
3299,199.0
3300,198.0
3301,200.0
3302,
3303,100.0
3304,160.0
3305,200.0
3306,200.0
3307,200.0
3308,200.0
3309,198.0
3310,200.0
3311,199.0
3312,200.0
3313,40.0
3314,200.0
3315,200.0
3316,200.0
3317,200.0
3318,197.0
3319,200.0
3320,200.0
3321,200.0
3322,198.0
3323,196.0
3324,200.0
3325,200.0
3326,200.0
3327,199.0
3328,200.0
3329,49.0
3330,198.0
3331,200.0
3332,200.0
3333,199.0
3334,199.0
3335,200.0
3336,192.0
3337,200.0
3338,200.0
3339,200.0
