0,
1,13.0
2,97.0
3,
4,86.0
5,4.0
6,7.0
7,79.0
8,78.0
9,44.0
10,10.0
11,5.0
12,155.0
13,7.0
14,3.0
15,2.0
16,24.0
17,
18,3.0
19,20.0
20,42.0
21,64.0
22,32.0
23,
24,4.0
25,22.0
26,4.0
27,47.0
28,2.0
29,5.0
30,7.0
31,5.0
32,
33,
34,
35,11.0
36,79.0
37,
38,4.0
39,9.0
40,47.0
41,7.0
42,63.0
43,36.0
44,5.0
45,79.0
46,21.0
47,2.0
48,58.0
49,6.0
50,
51,118.0
52,
53,11.0
54,3.0
55,17.0
56,24.0
57,1.0
58,537.0
59,493.0
60,19.0
61,37.0
62,37.0
63,19.0
64,14.0
65,3.0
66,22.0
67,44.0
68,1.0
69,1.0
70,47.0
71,1.0
72,79.0
73,303.0
74,7.0
75,
76,7.0
77,21.0
78,3.0
79,31.0
80,7.0
81,11.0
82,32.0
83,2.0
84,
85,
86,1.0
87,2.0
88,118.0
89,79.0
90,5.0
91,1.0
92,36.0
93,30.0
94,8.0
95,1.0
96,32.0
97,36.0
98,
99,86.0
100,155.0
101,258.0
102,15.0
103,58.0
104,45.0
105,
106,
107,47.0
108,62.0
109,11.0
110,21.0
111,4.0
112,4.0
113,15.0
114,41.0
115,16.0
116,32.0
117,5.0
118,
119,11.0
120,42.0
121,16.0
122,11.0
123,11.0
124,3.0
125,111.0
126,16.0
127,2.0
128,32.0
129,4.0
130,
131,
132,
133,43.0
134,11.0
135,
136,12.0
137,23.0
138,1.0
139,88.0
140,
141,58.0
142,25.0
143,1.0
144,2.0
145,16.0
146,20.0
147,4.0
148,26.0
149,8.0
150,4.0
151,
152,90.0
153,537.0
154,7.0
155,16.0
156,
157,16.0
158,
159,1.0
160,14.0
161,43.0
162,3.0
163,5.0
164,15.0
165,
166,27.0
167,1.0
168,8.0
169,1.0
170,10.0
171,90.0
172,32.0
173,90.0
174,
175,
176,
177,3.0
178,16.0
179,8.0
180,
181,21.0
182,125.0
183,
184,4.0
185,57.0
186,13.0
187,21.0
188,
189,
190,73.0
191,
192,90.0
193,25.0
194,1.0
195,2.0
196,8.0
197,59.0
198,9.0
199,2.0
200,11.0
201,18.0
202,79.0
203,56.0
204,48.0
205,
206,8.0
207,19.0
208,5.0
209,36.0
210,6.0
211,
212,25.0
213,
214,14.0
215,2.0
216,1.0
217,2.0
218,5.0
219,2.0
220,21.0
221,7.0
222,493.0
223,2.0
224,43.0
225,1.0
226,13.0
227,111.0
228,26.0
229,19.0
230,74.0
231,7.0
232,19.0
233,3.0
234,3.0
235,9.0
236,3.0
237,6.0
238,8.0
239,31.0
240,2.0
241,9.0
242,12.0
243,16.0
244,3.0
245,
246,125.0
247,3.0
248,5.0
249,
250,20.0
251,4.0
252,170.0
253,29.0
254,2.0
255,1.0
256,36.0
257,1.0
258,2.0
259,
260,9.0
261,5.0
262,1.0
263,
264,18.0
265,22.0
266,31.0
267,12.0
268,66.0
269,3.0
270,
271,303.0
272,21.0
273,6.0
274,1.0
275,258.0
276,7.0
277,1.0
278,4.0
279,16.0
280,3.0
281,32.0
282,1.0
283,118.0
284,8.0
285,8.0
286,
287,32.0
288,
289,14.0
290,58.0
291,5.0
292,58.0
293,6.0
294,1.0
295,11.0
296,22.0
297,1.0
298,3.0
299,
300,5.0
301,
302,
303,24.0
304,3.0
305,3.0
306,5.0
307,3.0
308,23.0
309,1.0
310,
311,15.0
312,5.0
313,2.0
314,21.0
315,6.0
316,
317,2.0
318,56.0
319,36.0
320,36.0
321,58.0
322,3.0
323,
324,36.0
325,11.0
326,2.0
327,36.0
328,4.0
329,58.0
330,2.0
331,11.0
332,9.0
333,43.0
334,1.0
335,
336,19.0
337,2.0
338,31.0
339,21.0
340,2.0
341,29.0
342,78.0
343,23.0
344,21.0
345,90.0
346,11.0
347,6.0
348,
349,1.0
350,5.0
351,38.0
352,15.0
353,4.0
354,23.0
355,8.0
356,3.0
357,3.0
358,
359,10.0
360,4.0
361,79.0
362,36.0
363,10.0
364,
365,6.0
366,74.0
367,33.0
368,2.0
369,21.0
370,9.0
371,27.0
372,13.0
373,44.0
374,26.0
375,16.0
376,
377,
378,22.0
379,
380,537.0
381,4.0
382,7.0
383,
384,8.0
385,3.0
386,4.0
387,
388,
389,36.0
390,
391,11.0
392,1.0
393,20.0
394,8.0
395,7.0
396,2.0
397,79.0
398,10.0
399,1.0
400,7.0
401,1.0
402,90.0
403,4.0
404,
405,33.0
406,537.0
407,125.0
408,9.0
409,4.0
410,
411,1.0
412,23.0
413,7.0
414,
415,25.0
416,7.0
417,24.0
418,78.0
419,3.0
420,6.0
421,15.0
422,11.0
423,31.0
424,258.0
425,63.0
426,24.0
427,
428,4.0
429,12.0
430,
431,2.0
432,39.0
433,125.0
434,8.0
435,1.0
436,24.0
437,37.0
438,
439,3.0
440,16.0
441,8.0
442,7.0
443,7.0
444,9.0
445,1.0
446,155.0
447,18.0
448,32.0
449,32.0
450,1.0
451,16.0
452,11.0
453,1.0
454,21.0
455,1.0
456,2.0
457,56.0
458,3.0
459,36.0
460,1.0
461,86.0
462,11.0
463,37.0
464,21.0
465,13.0
466,5.0
467,17.0
468,
469,
470,3.0
471,170.0
472,2.0
473,186.0
474,31.0
475,9.0
476,79.0
477,2.0
478,36.0
479,125.0
480,2.0
481,19.0
482,71.0
483,38.0
484,2.0
485,56.0
486,13.0
487,1.0
488,5.0
489,
490,26.0
491,
492,8.0
493,44.0
494,11.0
495,13.0
496,90.0
497,36.0
498,
499,8.0
500,7.0
501,323.0
502,88.0
503,19.0
504,5.0
505,12.0
506,11.0
507,17.0
508,2.0
509,3.0
510,8.0
511,79.0
512,
513,9.0
514,35.0
515,1.0
516,
517,4.0
518,25.0
519,258.0
520,13.0
521,36.0
522,1.0
523,493.0
524,16.0
525,8.0
526,46.0
527,29.0
528,23.0
529,31.0
530,16.0
531,13.0
532,4.0
533,4.0
534,23.0
535,21.0
536,28.0
537,16.0
538,
539,159.0
540,29.0
541,36.0
542,15.0
543,21.0
544,
545,125.0
546,36.0
547,28.0
548,15.0
549,2.0
550,28.0
551,1.0
552,44.0
553,111.0
554,
555,15.0
556,
557,
558,1.0
559,4.0
560,22.0
561,17.0
562,8.0
563,148.0
564,10.0
565,15.0
566,73.0
567,32.0
568,5.0
569,
570,33.0
571,16.0
572,36.0
573,1.0
574,
575,11.0
576,5.0
577,2.0
578,21.0
579,170.0
580,5.0
581,19.0
582,2.0
583,
584,44.0
585,26.0
586,32.0
587,10.0
588,2.0
589,1.0
590,43.0
591,13.0
592,79.0
593,32.0
594,12.0
595,90.0
596,32.0
597,36.0
598,1.0
599,3.0
600,36.0
601,118.0
602,19.0
603,37.0
604,
605,36.0
606,26.0
607,21.0
608,1.0
609,
610,21.0
611,23.0
612,
613,493.0
614,7.0
615,7.0
616,8.0
617,3.0
618,12.0
619,11.0
620,1.0
621,258.0
622,
623,9.0
624,16.0
625,10.0
626,58.0
627,3.0
628,19.0
629,14.0
630,6.0
631,1.0
632,43.0
633,45.0
634,3.0
635,148.0
636,537.0
637,
638,493.0
639,24.0
640,493.0
641,73.0
642,22.0
643,
644,9.0
645,36.0
646,4.0
647,2.0
648,
649,
650,
651,4.0
652,90.0
653,3.0
654,5.0
655,78.0
656,43.0
657,
658,15.0
659,8.0
660,79.0
661,
662,99.0
663,5.0
664,9.0
665,1.0
666,9.0
667,
668,1.0
669,24.0
670,3.0
671,4.0
672,22.0
673,6.0
674,1.0
675,30.0
676,
677,6.0
678,79.0
679,32.0
680,24.0
681,5.0
682,493.0
683,21.0
684,43.0
685,
686,
687,5.0
688,
689,10.0
690,303.0
691,21.0
692,88.0
693,18.0
694,3.0
695,21.0
696,14.0
697,15.0
698,5.0
699,3.0
700,125.0
701,14.0
702,
703,15.0
704,125.0
705,159.0
706,16.0
707,125.0
708,91.0
709,26.0
710,4.0
711,37.0
712,2.0
713,8.0
714,8.0
715,5.0
716,155.0
717,9.0
718,16.0
719,2.0
720,32.0
721,64.0
722,7.0
723,36.0
724,79.0
725,3.0
726,1.0
727,323.0
728,12.0
729,
730,16.0
731,
732,
733,4.0
734,22.0
735,1.0
736,8.0
737,13.0
738,1.0
739,6.0
740,20.0
741,2.0
742,73.0
743,12.0
744,
745,3.0
746,19.0
747,10.0
748,
749,36.0
750,5.0
751,29.0
752,4.0
753,3.0
754,170.0
755,17.0
756,39.0
757,12.0
758,16.0
759,32.0
760,
761,3.0
762,3.0
763,17.0
764,118.0
765,6.0
766,2.0
767,14.0
768,6.0
769,3.0
770,4.0
771,71.0
772,21.0
773,6.0
774,2.0
775,21.0
776,21.0
777,7.0
778,23.0
779,493.0
780,5.0
781,258.0
782,1.0
783,25.0
784,16.0
785,
786,3.0
787,44.0
788,39.0
789,46.0
790,13.0
791,
792,493.0
793,16.0
794,303.0
795,32.0
796,7.0
797,159.0
798,11.0
799,
800,
801,
802,2.0
803,493.0
804,33.0
805,16.0
806,1.0
807,46.0
808,44.0
809,
810,7.0
811,11.0
812,15.0
813,10.0
814,10.0
815,88.0
816,493.0
817,16.0
818,
819,
820,21.0
821,79.0
822,6.0
823,4.0
824,26.0
825,
826,36.0
827,4.0
828,36.0
829,1.0
830,14.0
831,16.0
832,2.0
833,12.0
834,9.0
835,17.0
836,3.0
837,8.0
838,3.0
839,258.0
840,3.0
841,79.0
842,11.0
843,4.0
844,5.0
845,36.0
846,2.0
847,43.0
848,11.0
849,
850,3.0
851,
852,5.0
853,537.0
854,12.0
855,2.0
856,25.0
857,16.0
858,44.0
859,32.0
860,39.0
861,37.0
862,11.0
863,76.0
864,9.0
865,1.0
866,493.0
867,
868,90.0
869,23.0
870,13.0
871,15.0
872,537.0
873,17.0
874,3.0
875,16.0
876,537.0
877,
878,43.0
879,1.0
880,39.0
881,79.0
882,78.0
883,
884,3.0
885,11.0
886,
887,9.0
888,34.0
889,21.0
890,493.0
891,6.0
892,79.0
893,3.0
894,26.0
895,20.0
896,15.0
897,23.0
898,4.0
899,2.0
900,40.0
901,65.0
902,57.0
903,14.0
904,4.0
905,1.0
906,
907,9.0
908,2.0
909,6.0
910,1.0
911,36.0
912,16.0
913,46.0
914,12.0
915,1.0
916,
917,4.0
918,155.0
919,44.0
920,11.0
921,23.0
922,12.0
923,3.0
924,4.0
925,1.0
926,9.0
927,493.0
928,3.0
929,78.0
930,79.0
931,6.0
932,79.0
933,6.0
934,21.0
935,54.0
936,58.0
937,20.0
938,125.0
939,16.0
940,11.0
941,
942,43.0
943,2.0
944,24.0
945,34.0
946,
947,8.0
948,
949,170.0
950,56.0
951,1.0
952,4.0
953,19.0
954,6.0
955,4.0
956,
957,
958,5.0
959,20.0
960,
961,11.0
962,23.0
963,5.0
964,2.0
965,1.0
966,7.0
967,47.0
968,78.0
969,17.0
970,37.0
971,5.0
972,14.0
973,5.0
974,13.0
975,44.0
976,14.0
977,43.0
978,22.0
979,14.0
980,88.0
981,3.0
982,17.0
983,
984,493.0
985,25.0
986,18.0
987,3.0
988,21.0
989,3.0
990,21.0
991,5.0
992,31.0
993,
994,9.0
995,21.0
996,15.0
997,
998,303.0
999,3.0
1000,65.0
1001,
1002,493.0
1003,28.0
1004,1.0
1005,
1006,43.0
1007,
1008,59.0
1009,1.0
1010,6.0
1011,7.0
1012,31.0
1013,8.0
1014,6.0
1015,8.0
1016,9.0
1017,7.0
1018,36.0
1019,56.0
1020,91.0
1021,36.0
1022,
1023,2.0
1024,159.0
1025,2.0
1026,97.0
1027,32.0
1028,78.0
1029,1.0
1030,3.0
1031,2.0
1032,3.0
1033,5.0
1034,7.0
1035,9.0
1036,43.0
1037,6.0
1038,
1039,
1040,537.0
1041,
1042,8.0
1043,3.0
1044,9.0
1045,1.0
1046,
1047,38.0
1048,79.0
1049,
1050,1.0
1051,5.0
1052,3.0
1053,9.0
1054,
1055,6.0
1056,125.0
1057,155.0
1058,11.0
1059,2.0
1060,44.0
1061,
1062,
1063,9.0
1064,43.0
1065,11.0
1066,12.0
1067,6.0
1068,
1069,2.0
1070,537.0
1071,16.0
1072,13.0
1073,1.0
1074,10.0
1075,1.0
1076,60.0
1077,9.0
1078,16.0
1079,258.0
1080,2.0
1081,5.0
1082,5.0
1083,7.0
1084,16.0
1085,45.0
1086,
1087,25.0
1088,19.0
1089,4.0
1090,3.0
1091,5.0
1092,5.0
1093,
1094,
1095,493.0
1096,4.0
1097,23.0
1098,45.0
1099,11.0
1100,34.0
1101,73.0
1102,17.0
1103,2.0
1104,26.0
1105,170.0
1106,10.0
1107,46.0
1108,2.0
1109,
1110,
1111,27.0
1112,5.0
1113,79.0
1114,1.0
1115,4.0
1116,170.0
1117,13.0
1118,5.0
1119,6.0
1120,
1121,10.0
1122,1.0
1123,19.0
1124,3.0
1125,8.0
1126,8.0
1127,5.0
1128,
1129,4.0
1130,2.0
1131,29.0
1132,45.0
1133,118.0
1134,
1135,4.0
1136,8.0
1137,21.0
1138,1.0
1139,2.0
1140,31.0
1141,5.0
1142,32.0
1143,27.0
1144,43.0
1145,10.0
1146,4.0
1147,
1148,21.0
1149,31.0
1150,
1151,4.0
1152,4.0
1153,14.0
1154,4.0
1155,23.0
1156,5.0
1157,9.0
1158,37.0
1159,
1160,12.0
1161,9.0
1162,9.0
1163,537.0
1164,17.0
1165,4.0
1166,22.0
1167,
1168,
1169,8.0
1170,13.0
1171,13.0
1172,2.0
1173,2.0
1174,56.0
1175,15.0
1176,20.0
1177,1.0
1178,10.0
1179,11.0
1180,12.0
1181,
1182,28.0
1183,24.0
1184,11.0
1185,2.0
1186,21.0
1187,
1188,1.0
1189,
1190,2.0
1191,3.0
1192,10.0
1193,
1194,2.0
1195,
1196,17.0
1197,17.0
1198,15.0
1199,71.0
1200,3.0
1201,7.0
1202,4.0
1203,3.0
1204,79.0
1205,44.0
1206,4.0
1207,32.0
1208,11.0
1209,19.0
1210,6.0
1211,
1212,3.0
1213,2.0
1214,4.0
1215,2.0
1216,13.0
1217,
1218,44.0
1219,38.0
1220,11.0
1221,22.0
1222,11.0
1223,
1224,1.0
1225,4.0
1226,1.0
1227,18.0
1228,28.0
1229,22.0
1230,19.0
1231,6.0
1232,97.0
1233,2.0
1234,1.0
1235,
1236,
1237,1.0
1238,19.0
1239,33.0
1240,24.0
1241,11.0
1242,
1243,32.0
1244,2.0
1245,29.0
1246,10.0
1247,39.0
1248,43.0
1249,2.0
1250,45.0
1251,118.0
1252,6.0
1253,21.0
1254,111.0
1255,43.0
1256,33.0
1257,3.0
1258,1.0
1259,
1260,27.0
1261,493.0
1262,13.0
1263,37.0
1264,6.0
1265,
1266,12.0
1267,15.0
1268,5.0
1269,42.0
1270,1.0
1271,6.0
1272,1.0
1273,
1274,46.0
1275,5.0
1276,8.0
1277,25.0
1278,31.0
1279,6.0
1280,2.0
1281,11.0
1282,13.0
1283,2.0
1284,11.0
1285,16.0
1286,
1287,58.0
1288,63.0
1289,3.0
1290,7.0
1291,170.0
1292,
1293,4.0
1294,1.0
1295,2.0
1296,1.0
1297,5.0
1298,11.0
1299,8.0
1300,27.0
1301,
1302,4.0
1303,
1304,1.0
1305,29.0
1306,21.0
1307,47.0
1308,2.0
1309,26.0
1310,48.0
1311,44.0
1312,4.0
1313,1.0
1314,
1315,86.0
1316,39.0
1317,7.0
1318,6.0
1319,58.0
1320,79.0
1321,
1322,79.0
1323,
1324,303.0
1325,43.0
1326,2.0
1327,2.0
1328,18.0
1329,303.0
1330,11.0
1331,
1332,
1333,493.0
1334,8.0
1335,
1336,13.0
1337,
1338,13.0
1339,1.0
1340,
1341,66.0
1342,11.0
1343,45.0
1344,
1345,
1346,10.0
1347,79.0
1348,15.0
1349,56.0
1350,4.0
1351,9.0
1352,148.0
1353,79.0
1354,1.0
1355,
1356,148.0
1357,7.0
1358,9.0
1359,4.0
1360,17.0
1361,33.0
1362,24.0
1363,3.0
1364,26.0
1365,8.0
1366,11.0
1367,31.0
1368,5.0
1369,159.0
1370,32.0
1371,16.0
1372,
1373,8.0
1374,1.0
1375,
1376,25.0
1377,22.0
1378,2.0
1379,23.0
1380,4.0
1381,12.0
1382,2.0
1383,2.0
1384,
1385,1.0
1386,
1387,2.0
1388,6.0
1389,9.0
1390,12.0
1391,
1392,
1393,79.0
1394,79.0
1395,22.0
1396,15.0
1397,47.0
1398,258.0
1399,1.0
1400,97.0
1401,86.0
1402,
1403,155.0
1404,78.0
1405,
1406,5.0
1407,3.0
1408,3.0
1409,5.0
1410,1.0
1411,
1412,47.0
1413,10.0
1414,
1415,56.0
1416,20.0
1417,19.0
1418,79.0
1419,32.0
1420,118.0
1421,
1422,
1423,
1424,
1425,91.0
1426,29.0
1427,4.0
1428,13.0
1429,111.0
1430,1.0
1431,18.0
1432,19.0
1433,36.0
1434,155.0
1435,1.0
1436,17.0
1437,7.0
1438,537.0
1439,15.0
1440,8.0
1441,
1442,29.0
1443,
1444,21.0
1445,63.0
1446,91.0
1447,7.0
1448,
1449,58.0
1450,45.0
1451,30.0
1452,1.0
1453,2.0
1454,1.0
1455,8.0
1456,11.0
1457,6.0
1458,17.0
1459,13.0
1460,9.0
1461,56.0
1462,3.0
1463,91.0
1464,3.0
1465,4.0
1466,
1467,3.0
1468,24.0
1469,21.0
1470,493.0
1471,2.0
1472,118.0
1473,1.0
1474,5.0
1475,3.0
1476,36.0
1477,79.0
1478,
1479,3.0
1480,8.0
1481,50.0
1482,36.0
1483,23.0
1484,3.0
1485,15.0
1486,1.0
1487,
1488,86.0
1489,6.0
1490,1.0
1491,15.0
1492,
1493,19.0
1494,30.0
1495,5.0
1496,28.0
1497,36.0
1498,1.0
1499,6.0
1500,1.0
1501,34.0
1502,3.0
1503,21.0
1504,6.0
1505,25.0
1506,43.0
1507,44.0
1508,118.0
1509,44.0
1510,4.0
1511,2.0
1512,38.0
1513,42.0
1514,
1515,3.0
1516,
1517,258.0
1518,11.0
1519,7.0
1520,16.0
1521,58.0
1522,45.0
1523,125.0
1524,79.0
1525,16.0
1526,7.0
1527,1.0
1528,37.0
1529,2.0
1530,79.0
1531,36.0
1532,14.0
1533,
1534,23.0
1535,4.0
1536,5.0
1537,16.0
1538,
1539,2.0
1540,
1541,
1542,21.0
1543,19.0
1544,58.0
1545,9.0
1546,16.0
1547,97.0
1548,1.0
1549,1.0
1550,
1551,39.0
1552,56.0
1553,6.0
1554,71.0
1555,1.0
1556,19.0
1557,3.0
1558,
1559,1.0
1560,
1561,1.0
1562,8.0
1563,2.0
1564,79.0
1565,11.0
1566,
1567,
1568,58.0
1569,11.0
1570,11.0
1571,2.0
1572,
1573,31.0
1574,1.0
1575,33.0
1576,537.0
1577,3.0
1578,36.0
1579,7.0
1580,79.0
1581,
1582,11.0
1583,
1584,
1585,
1586,5.0
1587,28.0
1588,12.0
1589,58.0
1590,16.0
1591,22.0
1592,125.0
1593,12.0
1594,1.0
1595,
1596,9.0
1597,74.0
1598,25.0
1599,
1600,99.0
1601,3.0
1602,86.0
1603,
1604,58.0
1605,5.0
1606,21.0
1607,79.0
1608,13.0
1609,5.0
1610,76.0
1611,
1612,10.0
1613,20.0
1614,9.0
1615,12.0
1616,36.0
1617,16.0
1618,8.0
1619,11.0
1620,3.0
1621,56.0
1622,12.0
1623,170.0
1624,22.0
1625,2.0
1626,8.0
1627,58.0
1628,43.0
1629,79.0
1630,4.0
1631,3.0
1632,11.0
1633,1.0
1634,1.0
1635,9.0
1636,23.0
1637,
1638,
1639,44.0
1640,33.0
1641,13.0
1642,23.0
1643,4.0
1644,8.0
1645,58.0
1646,
1647,16.0
1648,1.0
1649,4.0
1650,5.0
1651,
1652,
1653,1.0
1654,34.0
1655,
1656,8.0
1657,
1658,13.0
1659,58.0
1660,2.0
1661,91.0
1662,
1663,4.0
1664,6.0
1665,16.0
1666,1.0
1667,9.0
1668,
1669,20.0
1670,19.0
1671,43.0
1672,33.0
1673,1.0
1674,5.0
1675,2.0
1676,7.0
1677,8.0
1678,2.0
1679,5.0
1680,
1681,6.0
1682,4.0
1683,15.0
1684,44.0
1685,39.0
1686,1.0
1687,32.0
1688,58.0
1689,33.0
1690,79.0
1691,25.0
1692,125.0
1693,1.0
1694,2.0
1695,1.0
1696,5.0
1697,1.0
1698,2.0
1699,91.0
1700,58.0
1701,22.0
1702,
1703,3.0
1704,
1705,493.0
1706,31.0
1707,
1708,
1709,11.0
1710,1.0
1711,13.0
1712,14.0
1713,1.0
1714,17.0
1715,2.0
1716,19.0
1717,1.0
1718,3.0
1719,1.0
1720,41.0
1721,2.0
1722,6.0
1723,57.0
1724,3.0
1725,12.0
1726,148.0
1727,57.0
1728,9.0
1729,16.0
1730,20.0
1731,1.0
1732,1.0
1733,32.0
1734,7.0
1735,8.0
1736,38.0
1737,25.0
1738,125.0
1739,4.0
1740,36.0
1741,58.0
1742,15.0
1743,6.0
1744,
1745,22.0
1746,5.0
1747,
1748,5.0
1749,
1750,30.0
1751,32.0
1752,4.0
1753,14.0
1754,8.0
1755,15.0
1756,537.0
1757,7.0
1758,19.0
1759,1.0
1760,12.0
1761,36.0
1762,23.0
1763,1.0
1764,
1765,
1766,258.0
1767,7.0
1768,21.0
1769,44.0
1770,6.0
1771,43.0
1772,29.0
1773,111.0
1774,170.0
1775,37.0
1776,3.0
1777,7.0
1778,16.0
1779,44.0
1780,79.0
1781,2.0
1782,
1783,
1784,1.0
1785,90.0
1786,23.0
1787,2.0
1788,33.0
1789,
1790,2.0
1791,1.0
1792,14.0
1793,
1794,22.0
1795,19.0
1796,13.0
1797,16.0
1798,148.0
1799,4.0
1800,3.0
1801,16.0
1802,6.0
1803,
1804,25.0
1805,25.0
1806,
1807,
1808,7.0
1809,
1810,1.0
1811,25.0
1812,
1813,3.0
1814,50.0
1815,258.0
1816,15.0
1817,7.0
1818,12.0
1819,6.0
1820,493.0
1821,25.0
1822,45.0
1823,8.0
1824,323.0
1825,37.0
1826,2.0
1827,2.0
1828,37.0
1829,18.0
1830,1.0
1831,90.0
1832,97.0
1833,36.0
1834,4.0
1835,
1836,5.0
1837,10.0
1838,47.0
1839,13.0
1840,125.0
1841,19.0
1842,
1843,25.0
1844,21.0
1845,73.0
1846,57.0
1847,64.0
1848,90.0
1849,19.0
1850,2.0
1851,2.0
1852,33.0
1853,303.0
1854,16.0
1855,1.0
1856,155.0
1857,
1858,79.0
1859,13.0
1860,
1861,5.0
1862,1.0
1863,44.0
1864,258.0
1865,
1866,493.0
1867,537.0
1868,43.0
1869,493.0
1870,
1871,9.0
1872,1.0
1873,
1874,
1875,36.0
1876,8.0
1877,12.0
1878,7.0
1879,74.0
1880,12.0
1881,63.0
1882,2.0
1883,79.0
1884,5.0
1885,32.0
1886,32.0
1887,8.0
1888,
1889,7.0
1890,13.0
1891,23.0
1892,7.0
1893,22.0
1894,
1895,303.0
1896,19.0
1897,7.0
1898,
1899,36.0
1900,12.0
1901,
1902,14.0
1903,1.0
1904,22.0
1905,6.0
1906,91.0
1907,36.0
1908,19.0
1909,90.0
1910,1.0
1911,27.0
1912,2.0
1913,1.0
1914,14.0
1915,91.0
1916,3.0
1917,33.0
1918,79.0
1919,118.0
1920,
1921,148.0
1922,10.0
1923,32.0
1924,11.0
1925,3.0
1926,5.0
1927,22.0
1928,9.0
1929,37.0
1930,
1931,
1932,3.0
1933,5.0
1934,1.0
1935,11.0
1936,
1937,44.0
1938,9.0
1939,1.0
1940,1.0
1941,3.0
1942,
1943,2.0
1944,
1945,6.0
1946,20.0
1947,
1948,2.0
1949,11.0
1950,14.0
1951,4.0
1952,19.0
1953,29.0
1954,
1955,3.0
1956,64.0
1957,16.0
1958,14.0
1959,9.0
1960,
1961,303.0
1962,
1963,9.0
1964,
1965,79.0
1966,13.0
1967,36.0
1968,1.0
1969,2.0
1970,90.0
1971,43.0
1972,6.0
1973,90.0
1974,29.0
1975,24.0
1976,13.0
1977,10.0
1978,8.0
1979,1.0
1980,12.0
1981,1.0
1982,60.0
1983,4.0
1984,1.0
1985,
1986,6.0
1987,8.0
1988,2.0
1989,493.0
1990,
1991,64.0
1992,15.0
1993,
1994,493.0
1995,24.0
1996,4.0
1997,16.0
1998,9.0
1999,10.0
2000,6.0
2001,
2002,13.0
2003,4.0
2004,
2005,9.0
2006,118.0
2007,22.0
2008,22.0
2009,2.0
2010,13.0
2011,155.0
2012,4.0
2013,1.0
2014,22.0
2015,22.0
2016,58.0
2017,
2018,
2019,13.0
2020,58.0
2021,11.0
2022,6.0
2023,4.0
2024,63.0
2025,11.0
2026,5.0
2027,7.0
2028,45.0
2029,7.0
2030,12.0
2031,79.0
2032,36.0
2033,4.0
2034,9.0
2035,155.0
2036,12.0
2037,
2038,
2039,3.0
2040,10.0
2041,90.0
2042,36.0
2043,2.0
2044,12.0
2045,9.0
2046,12.0
2047,23.0
2048,4.0
2049,
2050,258.0
2051,3.0
2052,13.0
2053,79.0
2054,2.0
2055,4.0
2056,
2057,13.0
2058,86.0
2059,3.0
2060,1.0
2061,11.0
2062,
2063,56.0
2064,16.0
2065,40.0
2066,79.0
2067,118.0
2068,
2069,45.0
2070,27.0
2071,1.0
2072,5.0
2073,155.0
2074,14.0
2075,38.0
2076,4.0
2077,44.0
2078,43.0
2079,1.0
2080,2.0
2081,5.0
2082,29.0
2083,15.0
2084,4.0
2085,12.0
2086,2.0
2087,22.0
2088,
2089,4.0
2090,6.0
2091,493.0
2092,
2093,3.0
2094,44.0
2095,13.0
2096,3.0
2097,537.0
2098,2.0
2099,1.0
2100,15.0
2101,1.0
2102,13.0
2103,
2104,7.0
2105,13.0
2106,3.0
2107,5.0
2108,44.0
2109,11.0
2110,16.0
2111,20.0
2112,18.0
2113,18.0
2114,
2115,9.0
2116,17.0
2117,4.0
2118,36.0
2119,56.0
2120,10.0
2121,3.0
2122,23.0
2123,11.0
2124,3.0
2125,6.0
2126,59.0
2127,44.0
2128,170.0
2129,
2130,58.0
2131,36.0
2132,47.0
2133,2.0
2134,3.0
2135,493.0
2136,4.0
2137,2.0
2138,4.0
2139,1.0
2140,155.0
2141,3.0
2142,8.0
2143,
2144,45.0
2145,2.0
2146,2.0
2147,58.0
2148,63.0
2149,8.0
2150,22.0
2151,2.0
2152,3.0
2153,17.0
2154,8.0
2155,42.0
2156,22.0
2157,16.0
2158,
2159,
2160,10.0
2161,3.0
2162,5.0
2163,11.0
2164,43.0
2165,2.0
2166,
2167,493.0
2168,1.0
2169,2.0
2170,28.0
2171,1.0
2172,31.0
2173,6.0
2174,44.0
2175,37.0
2176,79.0
2177,33.0
2178,90.0
2179,63.0
2180,6.0
2181,16.0
2182,3.0
2183,11.0
2184,
2185,3.0
2186,36.0
2187,2.0
2188,90.0
2189,
2190,3.0
2191,21.0
2192,148.0
2193,90.0
2194,3.0
2195,7.0
2196,2.0
2197,25.0
2198,36.0
2199,2.0
2200,21.0
2201,91.0
2202,90.0
2203,4.0
2204,
2205,10.0
2206,3.0
2207,76.0
2208,16.0
2209,8.0
2210,1.0
2211,1.0
2212,537.0
2213,
2214,5.0
2215,5.0
2216,7.0
2217,1.0
2218,258.0
2219,1.0
2220,1.0
2221,21.0
2222,
2223,45.0
2224,125.0
2225,
2226,125.0
2227,29.0
2228,6.0
2229,38.0
2230,2.0
2231,
2232,1.0
2233,6.0
2234,
2235,54.0
2236,
2237,44.0
2238,1.0
2239,493.0
2240,
2241,56.0
2242,16.0
2243,32.0
2244,
2245,1.0
2246,11.0
2247,2.0
2248,9.0
2249,44.0
2250,4.0
2251,2.0
2252,3.0
2253,13.0
2254,19.0
2255,
2256,3.0
2257,32.0
2258,
2259,9.0
2260,4.0
2261,155.0
2262,9.0
2263,2.0
2264,1.0
2265,4.0
2266,44.0
2267,21.0
2268,21.0
2269,7.0
2270,32.0
2271,1.0
2272,50.0
2273,1.0
2274,13.0
2275,16.0
2276,36.0
2277,26.0
2278,3.0
2279,1.0
2280,3.0
2281,13.0
2282,3.0
2283,
2284,46.0
2285,79.0
2286,46.0
2287,12.0
2288,9.0
2289,1.0
2290,45.0
2291,
2292,258.0
2293,16.0
2294,56.0
2295,
2296,1.0
2297,170.0
2298,1.0
2299,9.0
2300,148.0
2301,21.0
2302,
2303,1.0
2304,88.0
2305,38.0
2306,9.0
2307,23.0
2308,2.0
2309,1.0
2310,2.0
2311,6.0
2312,2.0
2313,5.0
2314,5.0
2315,4.0
2316,
2317,5.0
2318,5.0
2319,6.0
2320,3.0
2321,9.0
2322,1.0
2323,36.0
2324,58.0
2325,37.0
2326,170.0
2327,22.0
2328,5.0
2329,6.0
2330,
2331,88.0
2332,170.0
2333,44.0
2334,7.0
2335,
2336,32.0
2337,4.0
2338,79.0
2339,3.0
2340,91.0
2341,22.0
2342,
2343,1.0
2344,9.0
2345,
2346,22.0
2347,11.0
2348,3.0
2349,11.0
2350,2.0
2351,64.0
2352,8.0
2353,15.0
2354,56.0
2355,
2356,43.0
2357,7.0
2358,6.0
2359,90.0
2360,36.0
2361,
2362,4.0
2363,29.0
2364,5.0
2365,24.0
2366,18.0
2367,25.0
2368,24.0
2369,12.0
2370,111.0
2371,90.0
2372,29.0
2373,43.0
2374,3.0
2375,44.0
2376,5.0
2377,537.0
2378,2.0
2379,1.0
2380,1.0
2381,15.0
2382,
2383,13.0
2384,
2385,1.0
2386,537.0
2387,9.0
2388,44.0
2389,148.0
2390,4.0
2391,537.0
2392,28.0
2393,4.0
2394,
2395,
2396,21.0
2397,25.0
2398,
2399,9.0
2400,258.0
2401,21.0
2402,36.0
2403,56.0
2404,1.0
2405,21.0
2406,3.0
2407,1.0
2408,21.0
2409,
2410,99.0
2411,15.0
2412,16.0
2413,11.0
2414,
2415,14.0
2416,170.0
2417,18.0
2418,15.0
2419,10.0
2420,1.0
2421,
2422,11.0
2423,58.0
2424,32.0
2425,2.0
2426,1.0
2427,537.0
2428,4.0
2429,170.0
2430,16.0
2431,2.0
2432,9.0
2433,11.0
2434,
2435,1.0
2436,9.0
2437,118.0
2438,5.0
2439,7.0
2440,16.0
2441,19.0
2442,258.0
2443,27.0
2444,64.0
2445,
2446,23.0
2447,2.0
2448,19.0
2449,170.0
2450,56.0
2451,
2452,6.0
2453,41.0
2454,
2455,8.0
2456,9.0
2457,
2458,39.0
2459,39.0
2460,
2461,12.0
2462,6.0
2463,
2464,11.0
2465,2.0
2466,22.0
2467,21.0
2468,21.0
2469,9.0
2470,58.0
2471,
2472,9.0
2473,2.0
2474,36.0
2475,1.0
2476,26.0
2477,
2478,
2479,
2480,3.0
2481,2.0
2482,9.0
2483,1.0
2484,4.0
2485,1.0
2486,8.0
2487,1.0
2488,5.0
2489,43.0
2490,3.0
2491,
2492,4.0
2493,7.0
2494,36.0
2495,7.0
2496,2.0
2497,118.0
2498,
2499,16.0
2500,4.0
2501,5.0
2502,16.0
2503,1.0
2504,14.0
2505,16.0
2506,3.0
2507,148.0
2508,1.0
2509,2.0
2510,62.0
2511,6.0
2512,9.0
2513,3.0
2514,26.0
2515,2.0
2516,29.0
2517,8.0
2518,13.0
2519,34.0
2520,16.0
2521,6.0
2522,2.0
2523,36.0
2524,21.0
2525,3.0
2526,3.0
2527,21.0
2528,2.0
2529,15.0
2530,3.0
2531,25.0
2532,
2533,3.0
2534,11.0
2535,11.0
2536,21.0
2537,10.0
2538,1.0
2539,8.0
2540,35.0
2541,1.0
2542,1.0
2543,
2544,
2545,38.0
2546,
2547,43.0
2548,159.0
2549,36.0
2550,3.0
2551,16.0
2552,3.0
2553,
2554,
2555,21.0
2556,35.0
2557,15.0
2558,19.0
2559,63.0
2560,2.0
2561,15.0
2562,155.0
2563,
2564,
2565,18.0
2566,17.0
2567,43.0
2568,6.0
2569,6.0
2570,
2571,9.0
2572,47.0
2573,79.0
2574,3.0
2575,9.0
2576,5.0
2577,258.0
2578,31.0
2579,2.0
2580,50.0
2581,
2582,79.0
2583,3.0
2584,17.0
2585,44.0
2586,10.0
2587,37.0
2588,8.0
2589,2.0
2590,
2591,17.0
2592,44.0
2593,3.0
2594,37.0
2595,32.0
2596,2.0
2597,170.0
2598,78.0
2599,79.0
2600,90.0
2601,23.0
2602,111.0
2603,11.0
2604,9.0
2605,1.0
2606,
2607,28.0
2608,79.0
2609,
2610,3.0
2611,1.0
2612,7.0
2613,29.0
2614,28.0
2615,
2616,45.0
2617,25.0
2618,258.0
2619,4.0
2620,
2621,17.0
2622,14.0
2623,4.0
2624,
2625,20.0
2626,1.0
2627,11.0
2628,64.0
2629,13.0
2630,15.0
2631,8.0
2632,5.0
2633,43.0
2634,2.0
2635,
2636,7.0
2637,44.0
2638,
2639,29.0
2640,43.0
2641,32.0
2642,170.0
2643,50.0
2644,12.0
2645,19.0
2646,4.0
2647,3.0
2648,
2649,18.0
2650,3.0
2651,537.0
2652,28.0
2653,16.0
2654,2.0
2655,19.0
2656,79.0
2657,22.0
2658,91.0
2659,9.0
2660,10.0
2661,22.0
2662,8.0
2663,6.0
2664,7.0
2665,2.0
2666,1.0
2667,79.0
2668,16.0
2669,
2670,258.0
2671,2.0
2672,19.0
2673,62.0
2674,31.0
2675,3.0
2676,36.0
2677,
2678,2.0
2679,8.0
2680,6.0
2681,3.0
2682,58.0
2683,16.0
2684,39.0
2685,5.0
2686,21.0
2687,537.0
2688,17.0
2689,9.0
2690,
2691,44.0
2692,35.0
2693,9.0
2694,97.0
2695,36.0
2696,73.0
2697,1.0
2698,9.0
2699,4.0
2700,31.0
2701,
2702,6.0
2703,118.0
2704,
2705,14.0
2706,11.0
2707,4.0
2708,4.0
2709,22.0
2710,21.0
2711,3.0
2712,
2713,32.0
2714,3.0
2715,25.0
2716,5.0
2717,537.0
2718,1.0
2719,
2720,79.0
2721,1.0
2722,24.0
2723,
2724,1.0
2725,13.0
2726,47.0
2727,12.0
2728,14.0
2729,90.0
2730,7.0
2731,32.0
2732,258.0
2733,
2734,79.0
2735,493.0
2736,14.0
2737,2.0
2738,303.0
2739,24.0
2740,
2741,3.0
2742,3.0
2743,54.0
2744,36.0
2745,15.0
2746,5.0
2747,2.0
2748,7.0
2749,88.0
2750,5.0
2751,90.0
2752,
2753,9.0
2754,11.0
2755,
2756,16.0
2757,31.0
2758,493.0
2759,13.0
2760,4.0
2761,
2762,16.0
2763,2.0
2764,12.0
2765,
2766,2.0
2767,15.0
2768,
2769,10.0
2770,31.0
2771,7.0
2772,15.0
2773,58.0
2774,11.0
2775,22.0
2776,6.0
2777,8.0
2778,1.0
2779,13.0
2780,42.0
2781,1.0
2782,90.0
2783,5.0
2784,17.0
2785,14.0
2786,
2787,4.0
2788,
2789,9.0
2790,34.0
2791,20.0
2792,
2793,4.0
2794,1.0
2795,17.0
2796,91.0
2797,17.0
2798,
2799,2.0
2800,43.0
2801,19.0
2802,2.0
2803,8.0
2804,111.0
2805,13.0
2806,3.0
2807,
2808,1.0
2809,1.0
2810,2.0
2811,11.0
2812,
2813,1.0
2814,5.0
2815,7.0
2816,16.0
2817,1.0
2818,88.0
2819,3.0
2820,3.0
2821,90.0
2822,
2823,493.0
2824,97.0
2825,11.0
2826,
2827,8.0
2828,58.0
2829,
2830,16.0
2831,5.0
2832,1.0
2833,3.0
2834,
2835,56.0
2836,1.0
2837,9.0
2838,79.0
2839,2.0
2840,
2841,155.0
2842,14.0
2843,1.0
2844,155.0
2845,
2846,7.0
2847,13.0
2848,4.0
2849,3.0
2850,2.0
2851,44.0
2852,2.0
2853,3.0
2854,2.0
2855,3.0
2856,19.0
2857,1.0
2858,64.0
2859,
2860,3.0
2861,6.0
2862,
2863,2.0
2864,1.0
2865,26.0
2866,3.0
2867,2.0
2868,
2869,1.0
2870,78.0
2871,88.0
2872,22.0
2873,20.0
2874,20.0
2875,13.0
2876,
2877,22.0
2878,57.0
2879,
2880,2.0
2881,4.0
2882,10.0
2883,32.0
2884,
2885,79.0
2886,12.0
2887,5.0
2888,11.0
2889,43.0
2890,
2891,170.0
2892,
2893,
2894,16.0
2895,3.0
2896,170.0
2897,32.0
2898,56.0
2899,5.0
2900,
2901,
2902,6.0
2903,17.0
2904,125.0
2905,32.0
2906,2.0
2907,18.0
2908,30.0
2909,
2910,303.0
2911,4.0
2912,1.0
2913,21.0
2914,1.0
2915,38.0
2916,17.0
2917,4.0
2918,
2919,
2920,2.0
2921,36.0
2922,2.0
2923,1.0
2924,2.0
2925,7.0
2926,5.0
2927,9.0
2928,159.0
2929,3.0
2930,73.0
2931,2.0
2932,
2933,91.0
2934,1.0
2935,
2936,5.0
2937,537.0
2938,
2939,
2940,
2941,31.0
2942,6.0
2943,2.0
2944,5.0
2945,7.0
2946,31.0
2947,3.0
2948,6.0
2949,44.0
2950,9.0
2951,32.0
2952,9.0
2953,45.0
2954,
2955,
2956,24.0
2957,8.0
2958,3.0
2959,36.0
2960,
2961,
2962,2.0
2963,
2964,118.0
2965,6.0
2966,1.0
2967,16.0
2968,5.0
2969,64.0
2970,2.0
2971,1.0
2972,7.0
2973,36.0
2974,25.0
2975,3.0
2976,23.0
2977,44.0
2978,39.0
2979,3.0
2980,1.0
2981,99.0
2982,10.0
2983,2.0
2984,
2985,36.0
2986,11.0
2987,
2988,16.0
2989,29.0
2990,42.0
2991,90.0
2992,2.0
2993,44.0
2994,5.0
2995,23.0
2996,2.0
2997,12.0
2998,4.0
2999,6.0
3000,8.0
3001,42.0
3002,32.0
3003,1.0
3004,2.0
3005,
3006,68.0
3007,36.0
3008,493.0
3009,24.0
3010,7.0
3011,24.0
3012,6.0
3013,23.0
3014,9.0
3015,5.0
3016,6.0
3017,19.0
3018,
3019,
3020,1.0
3021,47.0
3022,4.0
3023,73.0
3024,6.0
3025,12.0
3026,170.0
3027,4.0
3028,1.0
3029,
3030,56.0
3031,78.0
3032,17.0
3033,6.0
3034,19.0
3035,2.0
3036,44.0
3037,1.0
3038,1.0
3039,14.0
3040,
3041,
3042,44.0
3043,6.0
3044,9.0
3045,2.0
3046,
3047,22.0
3048,118.0
3049,45.0
3050,
3051,1.0
3052,4.0
3053,37.0
3054,1.0
3055,36.0
3056,2.0
3057,6.0
3058,10.0
3059,2.0
3060,15.0
3061,3.0
3062,3.0
3063,16.0
3064,90.0
3065,3.0
3066,21.0
3067,78.0
3068,1.0
3069,1.0
3070,19.0
3071,
3072,58.0
3073,5.0
3074,
3075,24.0
3076,26.0
3077,
3078,9.0
3079,15.0
3080,7.0
3081,21.0
3082,24.0
3083,10.0
3084,258.0
3085,3.0
3086,9.0
3087,
3088,44.0
3089,37.0
3090,15.0
3091,8.0
3092,3.0
3093,15.0
3094,79.0
3095,29.0
3096,148.0
3097,23.0
3098,21.0
3099,60.0
3100,
3101,45.0
3102,39.0
3103,5.0
3104,9.0
3105,11.0
3106,44.0
3107,9.0
3108,56.0
3109,78.0
3110,22.0
3111,5.0
3112,32.0
3113,16.0
3114,36.0
3115,
3116,44.0
3117,3.0
3118,90.0
3119,6.0
3120,39.0
3121,29.0
3122,24.0
3123,4.0
3124,1.0
3125,16.0
3126,
3127,17.0
3128,21.0
3129,
3130,22.0
3131,3.0
3132,3.0
3133,62.0
3134,2.0
3135,
3136,19.0
3137,32.0
3138,12.0
3139,32.0
3140,26.0
3141,25.0
3142,11.0
3143,11.0
3144,19.0
3145,
3146,11.0
3147,
3148,3.0
3149,2.0
3150,11.0
3151,36.0
3152,5.0
3153,4.0
3154,537.0
3155,21.0
3156,1.0
3157,88.0
3158,33.0
3159,
3160,32.0
3161,21.0
3162,14.0
3163,6.0
3164,10.0
3165,159.0
3166,125.0
3167,10.0
3168,88.0
3169,2.0
3170,20.0
3171,493.0
3172,
3173,24.0
3174,3.0
3175,10.0
3176,25.0
3177,8.0
3178,4.0
3179,1.0
3180,3.0
3181,
3182,2.0
3183,32.0
3184,
3185,74.0
3186,7.0
3187,34.0
3188,15.0
3189,2.0
3190,155.0
3191,37.0
3192,
3193,
3194,76.0
3195,58.0
3196,47.0
3197,43.0
3198,3.0
3199,
3200,4.0
3201,10.0
3202,33.0
3203,1.0
3204,155.0
3205,155.0
3206,1.0
3207,5.0
3208,23.0
3209,159.0
3210,35.0
3211,11.0
3212,7.0
3213,13.0
3214,
3215,
3216,
3217,4.0
3218,11.0
3219,
3220,2.0
3221,159.0
3222,
3223,
3224,4.0
3225,32.0
3226,10.0
3227,26.0
3228,73.0
3229,44.0
3230,18.0
3231,44.0
3232,19.0
3233,3.0
3234,493.0
3235,66.0
3236,13.0
3237,7.0
3238,1.0
3239,1.0
3240,76.0
3241,170.0
3242,23.0
3243,30.0
3244,64.0
3245,23.0
3246,8.0
3247,8.0
3248,5.0
3249,5.0
3250,58.0
3251,27.0
3252,6.0
3253,25.0
3254,9.0
3255,10.0
3256,19.0
3257,4.0
3258,8.0
3259,6.0
3260,6.0
3261,36.0
3262,43.0
3263,32.0
3264,170.0
3265,
3266,1.0
3267,
3268,2.0
3269,
3270,1.0
3271,
3272,28.0
3273,3.0
3274,9.0
3275,3.0
3276,29.0
3277,1.0
3278,21.0
3279,6.0
3280,23.0
3281,537.0
3282,
3283,
3284,
3285,5.0
3286,44.0
3287,
3288,8.0
3289,3.0
3290,79.0
3291,15.0
3292,1.0
3293,8.0
3294,493.0
3295,18.0
3296,32.0
3297,2.0
3298,
3299,4.0
3300,1.0
3301,5.0
3302,
3303,2.0
3304,1.0
3305,3.0
3306,2.0
3307,31.0
3308,5.0
3309,1.0
3310,4.0
3311,19.0
3312,
3313,
3314,4.0
3315,37.0
3316,6.0
3317,9.0
3318,118.0
3319,6.0
3320,31.0
3321,3.0
3322,40.0
3323,21.0
3324,11.0
3325,1.0
3326,6.0
3327,45.0
3328,7.0
3329,2.0
3330,24.0
3331,12.0
3332,15.0
3333,
3334,91.0
3335,59.0
3336,
3337,493.0
3338,35.0
3339,4.0
