0,,0
1,,1
2,,1
3,,0
4,,1
5,,0
6,,0
7,,1
8,,1
9,,0
10,,0
11,,1
12,cancer,1
13,,0
14,,1
15,,0
16,,1
17,,1
18,,1
19,,1
20,,1
21,,1
22,,0
23,,0
24,,1
25,,1
26,,0
27,,1
28,,0
29,,0
30,,1
31,,1
32,,0
33, surgery,2
34,,0
35, pain,2
36, pain,2
37,,0
38,,1
39,,1
40,,1
41,,1
42,,0
43,pain,1
44,,1
45,,1
46,,1
47,,0
48,,0
49, tmj,2
50,,1
51,,1
52,,0
53, pain tooth,3
54,,1
55,,1
56,,1
57,,1
58,,0
59,,0
60,,1
61,surgery,1
62,,0
63,,1
64,,1
65,,0
66,,1
67,,1
68,,0
69,,1
70,,1
71,,1
72, sleep apnea pain,4
73,,1
74,,1
75,,0
76, skin,2
77,,1
78,,1
79,,0
80,,1
81,,0
82,,1
83,,1
84, pain,2
85,,1
86,,1
87,cough,1
88,,1
89, sleep,2
90,,1
91,,0
92,,0
93,,0
94,,0
95,,1
96, pain,2
97,,1
98,,0
99,,1
100,,0
101,,0
102,,1
103,,1
104,,1
105,,0
106,,1
107,,0
108,,0
109,cancer,1
110,,0
111,,1
112,,1
113,,0
114, female,2
115,,0
116, fatigue,2
117,,1
118,,0
119,,1
120,,1
121,,1
122,,1
123, teeth wisdom,3
124,,0
125,,0
126,,0
127,,0
128,,1
129,,1
130,,1
131,,1
132,,1
133,,0
134,,0
135,,1
136,,0
137,,1
138,,0
139, pain,2
140,,1
141,,1
142,,0
143,,1
144,,0
145, pain,2
146,,1
147,,0
148,,0
149,,0
150,,1
151,,1
152,,1
153,,0
154,,0
155,,0
156,,1
157,,1
158,,0
159,,0
160,,1
161,,1
162,,1
163,,0
164,,1
165,,1
166, mri,2
167,,1
168,,0
169,,1
170,,1
171,,0
172,,0
173,,1
174,,0
175,,1
176,,0
177,,0
178,,1
179,,1
180,,1
181,,1
182,,0
183,,0
184,,1
185,,1
186,,1
187, breast,2
188,,1
189,,1
190,infection,1
191,,1
192,,1
193,,1
194,,1
195,,1
196,,0
197,,1
198,,1
199,,1
200,,0
201,,1
202, pain,2
203,,1
204,,0
205,,0
206,,0
207,,0
208,,1
209,,1
210,,0
211,,1
212,,0
213,,1
214,,0
215,xray cancer,2
216,,0
217,,1
218,,1
219,,1
220,,0
221,,1
222,,0
223, pain cancer,3
224,,1
225,,0
226,,1
227,,0
228,,0
229,,1
230,,0
231,,1
232,,1
233,,0
234,,0
235,,0
236,,0
237,,1
238,,1
239,,0
240,,0
241,,1
242,sore,1
243,,1
244,,1
245,,0
246,,1
247,,1
248,,1
249,,0
250,,1
251,,0
252,infection skin,2
253,,1
254,,1
255,,1
256, pain,2
257, cancer,2
258,,0
259,,1
260, pain,2
261,,0
262,,1
263,,0
264,,1
265,,1
266,,0
267,,0
268, blood,2
269,,1
270,,1
271,,1
272,,0
273,,0
274,,1
275,,1
276,,1
277,,0
278,,1
279,,0
280,,1
281,nasal,1
282,,0
283,,1
284,,0
285,,1
286,,1
287, high,2
288,,0
289,breast,1
290,,0
291,,1
292,,0
293,,1
294, surgery,2
295,,0
296,,1
297,,1
298,,0
299,,1
300, pain,2
301,,1
302,,0
303,,0
304,surgery,1
305,,0
306,,1
307,pain,1
308,,0
309,,1
310,,0
311,,0
312,,1
313,,1
314,ultrasound mammogram breast scan,4
315,,0
316,,0
317,,1
318,,1
319,,0
320,,0
321,,0
322,,0
323,,1
324,,0
325, pain,2
326,,1
327,,0
328,,1
329, mouth,2
330,,0
331, teeth,2
332,,0
333,,0
334,,1
335,,0
336,,0
337,,0
338,,1
339,,1
340,,0
341,,1
342,,0
343,,0
344,breast cancer,2
345,,0
346,,0
347, surgery,2
348,,1
349,,1
350,,0
351,,0
352,,0
353, breast,2
354,,0
355, surgery,2
356,surgery,1
357,toe,1
358,pain,1
359,,1
360,,1
361,,0
362,,1
363,neck,1
364,cancer,1
365,,0
366,,0
367,,1
368,,0
369, hernia surgery inguinal,4
370,abscess dental,2
371, pain,2
372,,1
373,,1
374,,0
375,,0
376,,0
377,,0
378,,1
379,,0
380,,0
381,,0
382,,1
383,,0
384, pain,2
385,,0
386, pain tooth,3
387,,0
388,,1
389, pain back,3
390,,0
391,,0
392,,1
393,,0
394,,0
395,infection,1
396,,0
397,,0
398,,1
399,,0
400,,0
401,,0
402,,1
403,,0
404,,1
405,,1
406,,1
407,,1
408,,1
409,,1
410,,0
411,,0
412,,1
413,,1
414,,1
415,,0
416,,1
417,,0
418,,1
419,,1
420,,0
421,,1
422,,1
423,,1
424,female,1
425,,1
426,,0
427,,0
428,,1
429,,0
430,,1
431,,1
432,,1
433,,1
434,,0
435, lung disease,3
436,,0
437,,0
438, pain,2
439,,1
440,,1
441,,1
442,,0
443,surgery,1
444, surgery,2
445,,0
446,,1
447,,1
448, pain,2
449,,1
450,,0
451,,0
452,,1
453,,0
454,,1
455,,0
456,,1
457,,1
458,,1
459,,0
460,,1
461,,1
462,,1
463,,0
464,breast cancer,2
465,,1
466,,1
467,,1
468,,1
469,,0
470,,1
471,,1
472,,1
473,,0
474,,0
475, tooth,2
476,,0
477, pain,2
478,,0
479,,1
480,,1
481,,1
482,,1
483,,1
484,,1
485,,0
486,,0
487,,1
488,,1
489,,0
490,,1
491,pain,1
492,,1
493,,1
494,,0
495,,1
496,,0
497,,1
498,,1
499,,1
500, surgery,2
501,,0
502,,0
503,,0
504, nerve,2
505,,1
506,,1
507, abdominal pain,3
508,,0
509,,0
510, bad,2
511,,1
512,,0
513,,1
514,,1
515,,0
516,,0
517,,1
518,,1
519,,1
520,,1
521,,1
522,,1
523,,1
524,,1
525,,0
526, male cancer,3
527,,0
528,,0
529,,0
530,,0
531, pain,2
532,,1
533,,1
534,,1
535,,0
536,,0
537, pain,2
538,,0
539,,0
540,,1
541, tooth,2
542,,0
543,cancer,1
544,,0
545,,1
546,,0
547,,0
548,,0
549,,0
550,,1
551,,1
552,,0
553,,0
554,,0
555,,0
556,,0
557,,1
558, pain,2
559,heart,1
560,,1
561,,0
562,,0
563,,1
564, swollen,2
565,,1
566,,1
567, pain,2
568,,0
569,,0
570,,1
571,,0
572, pain,2
573,,0
574,,1
575,,0
576,,0
577,,0
578,,1
579, skin,2
580,,1
581,,1
582,,0
583,,1
584,,1
585,,1
586, tmj,2
587,,1
588, pain,2
589,,1
590,,1
591,,1
592, pain,2
593,,1
594,,0
595,,1
596,,0
597,,1
598,,1
599,itchy,1
600,,0
601,,0
602, pain,2
603,,0
604,,1
605,pain,1
606,,0
607,,0
608,,0
609,,0
610,,1
611,,1
612,,1
613,,1
614,,0
615,,0
616,,0
617,,1
618,,0
619,,1
620,,0
621,,0
622,,1
623,,0
624,,1
625, pain,2
626,,1
627,,1
628,,1
629,,1
630,,1
631,,0
632,,0
633,,0
634,,1
635,,1
636,,1
637,,0
638,,0
639,,1
640,,0
641,pain,1
642,,0
643,,1
644, taking,2
645, pain,2
646,,1
647,,1
648,,1
649,,0
650,,0
651,,1
652,,1
653,,1
654,,1
655,,0
656,,1
657,,0
658,,0
659,,1
660, pain,2
661,,0
662,diabetes,1
663,,0
664,,0
665,cancer,1
666,,1
667,,0
668,,0
669,,0
670, skin,2
671,,1
672,,1
673,,1
674,cancer,1
675,,0
676,,1
677,,1
678,,0
679,,1
680,,1
681,,0
682,,0
683,,0
684,,1
685,,0
686,,0
687,,1
688,,0
689,,1
690,,0
691,,1
692,,0
693,,1
694,,0
695,,1
696,,1
697,,1
698,,1
699,,1
700,,1
701,,1
702,,0
703,,1
704,,1
705,,0
706,,0
707,,0
708,,0
709,,1
710,,1
711,,0
712,,1
713,,1
714,,1
715,,1
716,,0
717,surgery replacement,2
718,,0
719,,1
720,,1
721,,1
722,,0
723,,0
724,,1
725,,0
726,,1
727,,1
728,,1
729,,0
730,,1
731,,0
732,,1
733,,0
734,,1
735,sleep adhd,2
736, pain sleep,3
737,,0
738,,0
739,,1
740, pain,2
741,,0
742, 2,2
743,,0
744,,0
745,,1
746,,0
747,,0
748,,0
749,,1
750,,1
751,,1
752,,0
753,,1
754,,0
755,,1
756,,1
757,,1
758,,1
759,,0
760,,0
761,,1
762, headache,2
763,,0
764,,0
765,,0
766,,1
767,,0
768,,0
769,,1
770,,0
771,,1
772,needle biopsy breast,3
773,,1
774,,1
775,,1
776,,0
777,,0
778,,0
779,,1
780,,1
781,,0
782,,0
783,,0
784,,0
785,,1
786,,0
787,,0
788,,1
789,,1
790,,0
791,,0
792,,0
793,,0
794,,1
795, migraine headache,3
796,,0
797,,0
798,,0
799,,1
800,,0
801,,0
802,dental,1
803,,0
804,,0
805,,0
806,,1
807,,0
808, numbness,2
809,,1
810,,1
811,,0
812,,1
813, throat,2
814,,0
815, pain,2
816,,1
817,tooth,1
818,,0
819,breast,1
820,,1
821,,0
822,,1
823,,0
824,,0
825,,0
826,,1
827,,1
828,,1
829, pain,2
830,,1
831,,1
832,,1
833,,1
834,,0
835,,0
836,,0
837,,1
838,,1
839,,1
840,,1
841,,1
842, pain,2
843,,0
844,,0
845,,1
846,,1
847,,0
848,,0
849,,0
850,,1
851,,1
852,,0
853, weight,2
854,surgery pain,2
855,,1
856,,0
857,,1
858,,0
859,,0
860,,0
861,,0
862,,0
863,,1
864,,0
865,,0
866,,1
867,,0
868,,1
869,,0
870,,1
871,,0
872,,0
873,difficulty chest,2
874,,0
875,,1
876,,1
877,,0
878, pain,2
879,,1
880,,1
881,,1
882,,1
883,,1
884,,1
885,,0
886,,0
887,,0
888, cancer,2
889,,1
890,less,1
891,,1
892,pain,1
893,,0
894, pain,2
895,pain,1
896,,1
897,,0
898,,0
899,,0
900,,1
901,,1
902,,0
903,,0
904,cancer,1
905,,0
906,,0
907,,0
908,,1
909,,1
910,,0
911,,0
912,,0
913,,0
914,,1
915,,1
916,,1
917,,0
918,,1
919,,1
920,,0
921,,0
922,,1
923,,1
924,,1
925,child,1
926,,1
927,,0
928,eye,1
929,,0
930,,1
931, breast cancer,3
932,,0
933,,1
934,,1
935,,1
936,,1
937,,1
938,,1
939,,0
940,,0
941,,0
942,,0
943,,0
944,,1
945,,0
946,tooth,1
947,pain,1
948,,0
949,,1
950,,1
951,,0
952,,1
953,,0
954,,1
955,,0
956,,0
957,,0
958,,1
959,,1
960,,0
961,,1
962,,1
963,,1
964, gum teeth,3
965,,0
966,,0
967,,0
968,,0
969,,0
970,,0
971, blood,2
972, back,2
973,,0
974,,0
975,,1
976,,0
977,,1
978, cough,2
979,,1
980,,1
981,,0
982,pain,1
983,,0
984,,0
985,,0
986,,1
987, cancer,2
988, head,2
989,,0
990,,0
991,biopsy,1
992,,1
993,,0
994, pain,2
995,,0
996,,0
997,,1
998,,1
999, pain,2
1000,,0
1001,,1
1002,,0
1003,,1
1004,,1
1005,,0
1006,,1
1007,,0
1008,infection,1
1009,,1
1010,,1
1011,,1
1012,,0
1013,,0
1014,,0
1015,,1
1016,,0
1017,,1
1018, pain,2
1019,,1
1020,,1
1021,,0
1022,,0
1023,,1
1024,,1
1025,,0
1026,,0
1027,,0
1028,,1
1029,,1
1030,,1
1031,,0
1032,,0
1033,,1
1034,,0
1035,swelling,1
1036,,1
1037,,0
1038,,0
1039,,0
1040,,0
1041,,0
1042,,1
1043,,0
1044,,0
1045,,0
1046,,0
1047,,0
1048,,0
1049,,0
1050,,1
1051,,0
1052,,0
1053,,0
1054,,0
1055,,1
1056,,1
1057,,1
1058,,1
1059,,0
1060,,0
1061,,0
1062,taking,1
1063,,0
1064,,0
1065,,0
1066, headaches,2
1067,,0
1068,,1
1069,,0
1070,,1
1071,,1
1072,,0
1073,,1
1074,,0
1075, pain,2
1076,,1
1077,,0
1078,,0
1079, breast,2
1080,,1
1081,,1
1082,,1
1083,,0
1084, knee,2
1085,,1
1086,,1
1087,,0
1088,,1
1089,,0
1090,,0
1091,,0
1092,,1
1093,,0
1094,,0
1095,,0
1096,pain,1
1097,,0
1098,,0
1099,,1
1100,chest pain,2
1101,,1
1102,,0
1103,,0
1104,,0
1105,,1
1106,,1
1107,,0
1108,,0
1109, pain,2
1110, std,2
1111,,0
1112,,0
1113,,1
1114,,1
1115, acne rash,3
1116,cough,1
1117,,0
1118,,1
1119,,0
1120,,1
1121, pain,2
1122,,0
1123,,1
1124,,1
1125,pain,1
1126,,0
1127,pain,1
1128,,0
1129,,1
1130, wisdom pain tooth,4
1131,,0
1132,,0
1133,,1
1134,,0
1135,,0
1136, headaches,2
1137,,1
1138,,0
1139,,0
1140,,1
1141,,0
1142,,1
1143,,1
1144,,1
1145,,1
1146,,1
1147,,0
1148,mammogram breast,2
1149,,0
1150,,0
1151,,0
1152,,0
1153,,0
1154,,1
1155,,0
1156,,1
1157,,0
1158,,0
1159,,1
1160,,1
1161,,1
1162,,0
1163,,0
1164,,0
1165, pain,2
1166,,0
1167,,0
1168,,0
1169,,0
1170,,1
1171,,0
1172,,0
1173,,1
1174,,1
1175,,0
1176,depression,1
1177,,1
1178,,0
1179,,0
1180,,0
1181,,0
1182,,0
1183,,0
1184,,0
1185,,0
1186, surgery,2
1187,,1
1188,,0
1189,,1
1190,,0
1191,pain,1
1192,,0
1193,,0
1194,,1
1195,cancer,1
1196,,0
1197,,0
1198,,1
1199,,0
1200,,0
1201,,0
1202,,0
1203,,0
1204,,1
1205,,0
1206,,0
1207,gum tooth,2
1208,teeth wisdom,2
1209,surgery braces,2
1210,,1
1211,,1
1212,,1
1213,,1
1214,,1
1215, bone fracture,3
1216,,0
1217,,0
1218,,0
1219,,0
1220,surgery cancer,2
1221,,1
1222,,1
1223,,0
1224,,1
1225,,1
1226,,1
1227,,0
1228,,0
1229,,1
1230,,0
1231,,0
1232,,1
1233,,1
1234,,1
1235, sore tooth,3
1236,,0
1237,surgery,1
1238,,1
1239, breast cancer,3
1240,,0
1241,,0
1242,,1
1243, tmj pain surgery,4
1244,,1
1245,,1
1246,,0
1247,,0
1248,,0
1249,,1
1250,,1
1251,,0
1252,,0
1253, pain,2
1254,,0
1255,,0
1256,breast,1
1257,,1
1258,,0
1259,,1
1260,,1
1261,,0
1262,,1
1263,,0
1264,,0
1265,,1
1266,,0
1267,,0
1268,,0
1269,,1
1270,,1
1271,,1
1272,,0
1273,,0
1274, infection,2
1275, infection,2
1276,,0
1277,chest,1
1278,,0
1279, disorder,2
1280,,0
1281, diabetic,2
1282,,0
1283, loss weight,3
1284, acne,2
1285,,1
1286,,1
1287, diabetes,2
1288,,1
1289,,1
1290,,0
1291,,0
1292,,0
1293,,1
1294, pain,2
1295,cancer,1
1296,,1
1297,,0
1298, surgery cosmetic,3
1299,,0
1300, pain,2
1301,,1
1302,,1
1303,,0
1304,,1
1305,,1
1306,,1
1307,,1
1308,,0
1309,,1
1310,,1
1311, dental implants,3
1312, pain,2
1313,,1
1314,,0
1315,,1
1316,,0
1317,,1
1318,,1
1319,pain,1
1320,,0
1321,,0
1322,,1
1323,pain,1
1324,,1
1325,,0
1326,,0
1327,,0
1328,,0
1329,,0
1330,,0
1331,,0
1332,,0
1333,,1
1334,,0
1335,,1
1336,pain,1
1337,,1
1338,,0
1339,,0
1340,,1
1341,,1
1342,cancer,1
1343,,0
1344,,0
1345,,1
1346,,1
1347,,1
1348,,1
1349,,1
1350,,1
1351,,0
1352,,0
1353, tmj,2
1354,,1
1355,,1
1356,,0
1357,,1
1358,,0
1359,,0
1360,,0
1361,,1
1362,,0
1363,,0
1364,,1
1365, teeth,2
1366,tooth,1
1367,,0
1368, tooth,2
1369,ear infection,2
1370,,1
1371,,1
1372,cancer,1
1373,tmj,1
1374, pain removal,3
1375,,0
1376,,1
1377,,1
1378,,1
1379,,0
1380,,0
1381, fever infection,3
1382,,0
1383, pain,2
1384,,1
1385,,0
1386,,0
1387,,0
1388,,0
1389,,0
1390,,1
1391,,1
1392,,1
1393,,1
1394,headache,1
1395,,0
1396,,0
1397,,1
1398,,0
1399,,0
1400,,1
1401,,1
1402,,0
1403,,1
1404,,1
1405,,1
1406,,1
1407,,1
1408, peripheral,2
1409, teeth,2
1410,,0
1411,,1
1412,,1
1413,,1
1414,,1
1415,,0
1416,,0
1417,,1
1418,,0
1419,,1
1420,,1
1421,,0
1422,,1
1423,,0
1424,,0
1425,,1
1426,,1
1427,pain,1
1428,,0
1429,,0
1430,,1
1431,,1
1432,,1
1433,,1
1434,,0
1435,,0
1436,,0
1437,,0
1438,,0
1439,,1
1440,,1
1441,,0
1442,,1
1443, breast cancer,3
1444, xray chest,3
1445,breast cancer,2
1446,,1
1447,,0
1448,,1
1449,,0
1450,,0
1451,,1
1452,,1
1453,,0
1454,,0
1455,,0
1456,,0
1457,,0
1458,,0
1459,,0
1460,,1
1461,,0
1462,,1
1463, eating,2
1464,,1
1465,,0
1466,,0
1467,,0
1468,,1
1469,,0
1470,sleep,1
1471,,0
1472,,1
1473,,0
1474,,0
1475,,1
1476,,1
1477,pain,1
1478, pain,2
1479,,1
1480,,0
1481, sleep,2
1482, tooth,2
1483,,0
1484,,0
1485,,0
1486,,0
1487,,1
1488,,0
1489,,0
1490,,0
1491,,0
1492, pain,2
1493,anxiety,1
1494,,0
1495,,0
1496,,0
1497,pain tooth,2
1498,,0
1499,,0
1500,,1
1501,,1
1502,cancer,1
1503,,1
1504,,1
1505,,1
1506,,1
1507, pain,2
1508,,0
1509,,1
1510,,1
1511,,0
1512,,0
1513,,1
1514,,0
1515,,0
1516,,1
1517,,0
1518,,1
1519,,1
1520,,0
1521,,0
1522,,0
1523,,1
1524,,1
1525,,1
1526,,1
1527,,1
1528,,0
1529,,0
1530,,0
1531,,0
1532,,1
1533,,0
1534,,0
1535,,0
1536,tooth,1
1537, pain,2
1538,,1
1539,,0
1540,,0
1541,,0
1542,,0
1543,,0
1544,,0
1545,,1
1546,,0
1547,,0
1548,,0
1549,,0
1550,,0
1551,,0
1552,,0
1553,,1
1554,,1
1555,,0
1556,,1
1557,,0
1558,,0
1559,nodule,1
1560,,0
1561,,1
1562,,0
1563,,0
1564,,0
1565,,1
1566,,0
1567,,0
1568, feeling,2
1569,,1
1570,,1
1571,,0
1572,,0
1573,,1
1574,,1
1575,,0
1576,,0
1577,,0
1578,,0
1579,,0
1580,,1
1581,pain,1
1582, pain,2
1583,,1
1584,,1
1585,,0
1586,,1
1587,,0
1588,,0
1589,,1
1590,,1
1591,,1
1592,,1
1593,,0
1594,,1
1595,,1
1596,,1
1597,,1
1598,,1
1599,,0
1600,,0
1601,,0
1602,,1
1603,,0
1604,,1
1605,,1
1606, cancer,2
1607,,1
1608,,0
1609,,1
1610,,0
1611,,0
1612,,0
1613,,0
1614,,0
1615,,0
1616,,0
1617,,0
1618,,0
1619, cancer,2
1620,,0
1621,,1
1622,,1
1623,rash,1
1624,,1
1625,,1
1626,,0
1627,fever,1
1628,,1
1629,,1
1630, pain tooth,3
1631, pain,2
1632,,0
1633,,0
1634,,0
1635, pain,2
1636,,0
1637,,1
1638,,0
1639, gum,2
1640,,0
1641,,1
1642,,0
1643,,0
1644,,1
1645,,1
1646,,0
1647,,0
1648,,0
1649,,0
1650,,0
1651,,1
1652,,1
1653,,0
1654,,1
1655,,0
1656, pain,2
1657,,1
1658,,1
1659,,0
1660,,1
1661,,1
1662,,0
1663,dry,1
1664,,1
1665,,0
1666,,0
1667,,0
1668,,1
1669,,0
1670,,1
1671,,0
1672,,1
1673,,1
1674,,1
1675,,0
1676,,0
1677,,1
1678,,1
1679,,0
1680,,1
1681,,0
1682,,0
1683,,0
1684,,1
1685,,0
1686,,1
1687,,0
1688,,0
1689,pain,1
1690,pain,1
1691,,0
1692,,0
1693,,0
1694,,0
1695,,0
1696,,0
1697,,0
1698,,0
1699,,0
1700, sleep,2
1701,,1
1702,,1
1703,,0
1704,,0
1705,,1
1706,,1
1707,,1
1708,,0
1709,,1
1710,,0
1711,,1
1712,,1
1713,,0
1714, pain,2
1715,,1
1716,,0
1717,,0
1718,,0
1719,,1
1720,,1
1721,,1
1722,,1
1723,,0
1724, pain,2
1725,,1
1726,,1
1727,,1
1728,,0
1729,surgery,1
1730, pain,2
1731,,1
1732,,0
1733, oral,2
1734,,0
1735,tooth,1
1736,,1
1737,,0
1738,,0
1739,,0
1740,,1
1741,pain,1
1742, head pain neck,4
1743,,0
1744,,1
1745, pain back,3
1746,dental,1
1747,,0
1748,,1
1749,,0
1750,,0
1751,,1
1752,,1
1753,,0
1754,,1
1755,,0
1756,,0
1757, pain,2
1758,diabetic,1
1759, cancer,2
1760,,1
1761,,0
1762,,1
1763,,0
1764,,0
1765,,0
1766,,1
1767, pain,2
1768,,1
1769,,0
1770,,0
1771,,1
1772,,0
1773,,0
1774,ear,1
1775,,0
1776, surgery,2
1777,removal,1
1778,,0
1779,,1
1780,,1
1781,,0
1782,,0
1783,,0
1784,,0
1785,,0
1786,,1
1787,,0
1788,,1
1789,,1
1790,,1
1791,,0
1792,,1
1793, nose,2
1794,,1
1795, ankle,2
1796,,1
1797, tooth,2
1798,,1
1799,,1
1800,,1
1801,,0
1802,,1
1803,,0
1804,,0
1805,,0
1806, mouth pain facial,4
1807,,1
1808,,0
1809,,0
1810,,1
1811, lung cancer,3
1812,,1
1813,,0
1814,,1
1815,,0
1816,,0
1817,,1
1818,,1
1819,,0
1820,,1
1821,,0
1822,,1
1823,,1
1824,,1
1825,,0
1826, heart,2
1827,,1
1828,,0
1829,,0
1830, tmj,2
1831, headache,2
1832,,1
1833,,1
1834,swollen,1
1835,,0
1836,,0
1837,,1
1838,,0
1839,,1
1840,,1
1841,,0
1842,,0
1843,,1
1844,,1
1845, 2,2
1846,,0
1847,,0
1848,,1
1849, pain,2
1850,,1
1851,,0
1852,,1
1853,,0
1854,,1
1855,,1
1856,cancer,1
1857,,1
1858,,1
1859,,0
1860,,0
1861,,1
1862,,1
1863,,0
1864,,1
1865,,0
1866,,0
1867,,0
1868,,0
1869,,1
1870,,1
1871,,0
1872,,0
1873,,1
1874,,1
1875,,1
1876,,0
1877,,1
1878,,1
1879,,0
1880,sudden,1
1881, breast,2
1882,,0
1883,,1
1884,,1
1885,pain,1
1886, 2,2
1887,,1
1888,,1
1889,colon breast cancer,3
1890, pressure,2
1891,,0
1892,,1
1893,,0
1894,,0
1895,,1
1896,,1
1897,,0
1898,,1
1899,,1
1900,,0
1901,,1
1902,,1
1903,pain,1
1904,,0
1905,,1
1906,,0
1907,,0
1908,,0
1909,,0
1910,,0
1911, mri,2
1912,,0
1913, pain,2
1914, joint pain,3
1915,,1
1916,,1
1917,,0
1918,,1
1919,,1
1920,,0
1921,,0
1922,,0
1923,,0
1924,,0
1925,,1
1926, heart,2
1927,,0
1928,,0
1929,,0
1930,,1
1931,,0
1932,,0
1933,,0
1934,,0
1935,,1
1936,,1
1937,,0
1938,,0
1939,,0
1940,,0
1941,,0
1942,,0
1943,,0
1944,,0
1945,,1
1946,,0
1947,,1
1948, cancer,2
1949,,1
1950,,0
1951,,0
1952,,0
1953,,0
1954,,1
1955,,1
1956, warts,2
1957,,0
1958,pregnancy,1
1959,,1
1960,,0
1961,,1
1962,,0
1963,,0
1964,,0
1965, pain,2
1966,,0
1967,,0
1968,,0
1969,,1
1970,,1
1971,,0
1972,,1
1973,,0
1974,,0
1975,,1
1976,,1
1977,,1
1978,,0
1979,,1
1980,,1
1981, fine,2
1982,,0
1983,,0
1984,,0
1985,,1
1986,,0
1987,,0
1988,,0
1989,,1
1990,,1
1991,,1
1992,,0
1993,,0
1994,,1
1995,,0
1996,,0
1997,,1
1998,,0
1999,,1
2000,cancer,1
2001, canal root tooth,4
2002, back,2
2003,,1
2004, pain,2
2005,,0
2006,,1
2007,,0
2008,,1
2009,,0
2010,,0
2011,,1
2012,,0
2013,,1
2014,,1
2015,,1
2016,pain,1
2017,,0
2018,,0
2019,,0
2020,,0
2021,,0
2022,,1
2023,,0
2024,,1
2025,cancer,1
2026,,0
2027,,1
2028,,1
2029,,0
2030,,0
2031,,1
2032, pain,2
2033,,1
2034,,1
2035,,0
2036,,0
2037,,0
2038,,0
2039,,0
2040,,0
2041,,0
2042,,0
2043,,1
2044,,0
2045,pregnant,1
2046,,0
2047,,0
2048,,0
2049,,1
2050,breast cancer,2
2051,,1
2052, pain,2
2053,,0
2054,,1
2055,,0
2056,,0
2057, pain back,3
2058,,1
2059,,0
2060,,0
2061,,1
2062, leg,2
2063,,0
2064,,0
2065,,1
2066,,0
2067, feeling,2
2068,,1
2069,,0
2070,,1
2071,,1
2072,,0
2073,cancer,1
2074,,0
2075,,0
2076,,0
2077,,1
2078,surgery sleep,2
2079,,0
2080,,1
2081,,1
2082,,1
2083,,0
2084, surgery,2
2085,,1
2086,,0
2087,,1
2088,,0
2089,,1
2090,,1
2091, female,2
2092,,1
2093,,1
2094,,1
2095,pain,1
2096,,1
2097,,1
2098,,0
2099,,0
2100,,1
2101,,0
2102,,0
2103,cancer,1
2104,,1
2105,,0
2106,,0
2107,,1
2108,,1
2109,,0
2110,,0
2111,,0
2112,,1
2113,,0
2114,gum,1
2115,,0
2116,,1
2117,,1
2118,,0
2119,,1
2120,,1
2121,sore surgery,2
2122,,0
2123,,0
2124,,1
2125,,1
2126,,0
2127,,1
2128,,1
2129,,0
2130,,1
2131,,0
2132,,1
2133,,0
2134,,0
2135,,0
2136,,0
2137, health cancer,3
2138,,0
2139,,0
2140,,0
2141,,1
2142, pain,2
2143,,0
2144,,0
2145,,0
2146,,1
2147,,0
2148,,0
2149,child,1
2150, pain back,3
2151,,1
2152,,1
2153,,1
2154,,1
2155,,0
2156,,1
2157,,0
2158,,0
2159,,0
2160,,1
2161,,1
2162,,0
2163,,0
2164,,1
2165,,1
2166,,1
2167,,1
2168,,1
2169,,1
2170,,0
2171,,1
2172,,1
2173,,1
2174,,0
2175,,0
2176,,0
2177,,1
2178,,1
2179,,0
2180,,0
2181,,1
2182,,0
2183,,1
2184,,0
2185,,0
2186,,0
2187,,0
2188,,1
2189,,0
2190,cancer,1
2191,,0
2192,,1
2193,,0
2194,,1
2195,,0
2196,,0
2197,ovarian cancer,2
2198,,0
2199,,1
2200,,1
2201,,1
2202,,1
2203, head,2
2204, loss,2
2205,,1
2206,,1
2207,,1
2208,,0
2209,,1
2210, infection tooth,3
2211,,0
2212,,1
2213,,1
2214,,1
2215,,1
2216,,0
2217,,1
2218,,0
2219,,0
2220,,0
2221,,0
2222,dental tooth,2
2223, period ovulation,3
2224,,1
2225,,0
2226,,1
2227,,0
2228,,1
2229,,1
2230,,0
2231, tunnel carpal,3
2232,,0
2233,,1
2234,,1
2235,,1
2236,,0
2237,,0
2238,,1
2239,,1
2240,,1
2241,,0
2242,,0
2243,,0
2244,,0
2245,,1
2246,,0
2247,,1
2248,,0
2249,,1
2250,,0
2251,,0
2252,,0
2253,,0
2254, ankle,2
2255,,1
2256,,0
2257, pain,2
2258,,0
2259,sore,1
2260,,1
2261,,0
2262,,0
2263,,1
2264,,0
2265,,0
2266,,1
2267,,0
2268,,0
2269, pain back,3
2270,,1
2271,,0
2272,,1
2273,,1
2274,pain,1
2275, pain bone,3
2276,,1
2277,,0
2278,cancer,1
2279,,0
2280,,1
2281,,1
2282,,1
2283,,0
2284,,1
2285, pain,2
2286,,1
2287,,0
2288,,0
2289,,1
2290,,0
2291,,0
2292, acne,2
2293,,0
2294,,1
2295,,0
2296,,1
2297, ear loose infection,4
2298,,0
2299,sore,1
2300,arthritis,1
2301,bone,1
2302,,0
2303,,1
2304,,1
2305,,1
2306,,1
2307,,0
2308, head,2
2309,,1
2310,,0
2311,,0
2312,,1
2313,,1
2314,,0
2315,,0
2316,,1
2317,,1
2318,,0
2319,,0
2320,tooth,1
2321,,0
2322,,1
2323,,0
2324,,0
2325,,0
2326, allergy,2
2327,,0
2328,,0
2329,,1
2330,,0
2331,,1
2332,,1
2333,,0
2334,,1
2335,,0
2336,,0
2337,,1
2338,,0
2339, virus,2
2340,,1
2341,,1
2342,,0
2343,,1
2344,,1
2345,,0
2346,,0
2347,,0
2348,,0
2349,,1
2350,,0
2351,,1
2352,,1
2353,,1
2354,,0
2355,,0
2356,,1
2357,,0
2358,,1
2359,,0
2360,,0
2361,tooth,1
2362,,1
2363,,0
2364,,0
2365,,1
2366,,0
2367,,0
2368,,1
2369,,0
2370,,0
2371,,0
2372,,0
2373,,1
2374,,1
2375,,1
2376,,1
2377,,0
2378,,0
2379,,1
2380,,0
2381,,1
2382, upper,2
2383, blood,2
2384,,1
2385,,0
2386,,1
2387,,0
2388,,1
2389,,0
2390,,0
2391,,0
2392,,0
2393,,1
2394,,0
2395, pain back,3
2396,,1
2397,,1
2398,,0
2399, surgery,2
2400,,1
2401,,0
2402,,0
2403,,0
2404, liver,2
2405,neck,1
2406,,0
2407,,1
2408,breast cancer,2
2409,,1
2410,,0
2411,,0
2412, wisdom tooth,3
2413, ankle,2
2414,,0
2415,,1
2416,,1
2417,,0
2418,,1
2419,,0
2420,,1
2421,,0
2422,wisdom pain tooth,3
2423,,0
2424,,1
2425,,1
2426,,1
2427,,1
2428,,0
2429,,1
2430,,0
2431,,0
2432, swelling dental pain tooth,5
2433, cancer,2
2434,,0
2435,,0
2436,,1
2437,,1
2438,,1
2439,,0
2440,,1
2441,,0
2442, breast cancer,3
2443,,1
2444,,0
2445,,1
2446,,0
2447,,1
2448,,1
2449,,1
2450,,1
2451,,0
2452, pain,2
2453, fever,2
2454,nose,1
2455,,1
2456,,1
2457,,1
2458,,0
2459,,1
2460,,1
2461,,1
2462,,1
2463,,0
2464,,1
2465,,0
2466,,0
2467,,1
2468,,1
2469,,0
2470,,0
2471,,1
2472,,1
2473,,0
2474,,1
2475,,0
2476,,0
2477,,0
2478,,1
2479,,1
2480,,0
2481,,1
2482,,0
2483,,0
2484,,1
2485,,0
2486, pain low,3
2487,test,1
2488,heart,1
2489,,1
2490,,0
2491,,0
2492,,0
2493,,1
2494, pain,2
2495,,1
2496,,1
2497,,1
2498,,1
2499,,0
2500,,1
2501,,1
2502,,0
2503,,0
2504,,1
2505,,0
2506,,1
2507,,0
2508,,0
2509,,1
2510,,0
2511,,1
2512,,0
2513, infections,2
2514,,0
2515,,1
2516,,0
2517,,0
2518,,0
2519,,0
2520,,0
2521,,0
2522,,0
2523,,1
2524,breast cancer,2
2525,,0
2526,,0
2527, breast cancer,3
2528,,0
2529,,0
2530,eye vision,2
2531,,1
2532,,0
2533,,1
2534,,1
2535,,1
2536,,1
2537,neck back,2
2538,,0
2539,,1
2540,,1
2541,,1
2542,,0
2543,,1
2544,,0
2545,,0
2546,,1
2547, treatment,2
2548,,1
2549,,0
2550, pain,2
2551,,0
2552,,0
2553,,0
2554,,1
2555,,1
2556,,0
2557,,1
2558,,1
2559,,1
2560,,1
2561,,1
2562,cancer,1
2563,,0
2564,,0
2565,,0
2566,,1
2567,,0
2568,,1
2569,,1
2570,,1
2571,,1
2572,,1
2573,,0
2574,,0
2575, normal,2
2576,,1
2577,cancer,1
2578,,1
2579,,1
2580,,1
2581,,0
2582,,0
2583,,1
2584,,0
2585,,1
2586, mouth,2
2587,,0
2588, tmj mouth,3
2589,,0
2590,,0
2591,disease,1
2592,,0
2593,,0
2594,,0
2595,,1
2596,,0
2597,,0
2598,,1
2599,,1
2600,,0
2601,,0
2602,,0
2603,,0
2604,,1
2605,knee,1
2606,,1
2607,,1
2608,,0
2609,,1
2610,,0
2611,,1
2612,sleep,1
2613,,1
2614,,0
2615,,1
2616,,1
2617,,1
2618,,0
2619,kidney,1
2620,,0
2621,,0
2622,,1
2623,breast,1
2624,,1
2625,pain,1
2626,,1
2627,,0
2628,,1
2629,,0
2630,,1
2631, dizziness,2
2632, breast cancer,3
2633,,1
2634,,0
2635,pain,1
2636,,1
2637,,1
2638,,0
2639,,1
2640,,1
2641,,1
2642,,1
2643,,1
2644,,1
2645,,1
2646,,0
2647,,0
2648,,0
2649,,1
2650,,0
2651,,0
2652,,0
2653, sleep,2
2654,,0
2655,,0
2656,pain,1
2657,,0
2658,,1
2659,,0
2660,,1
2661, antibiotic,2
2662,,0
2663,,1
2664,,0
2665,,0
2666,,1
2667,,1
2668,,1
2669,,0
2670,,1
2671, diseases,2
2672,,0
2673,,0
2674,,0
2675,,0
2676,,1
2677,,1
2678,,1
2679,,0
2680,,1
2681,pain,1
2682, feeling,2
2683,,1
2684,,0
2685,,0
2686,,1
2687,,1
2688, pain,2
2689,,0
2690,,0
2691,,1
2692, pain,2
2693,,1
2694,,0
2695, pain,2
2696, 2,2
2697,,0
2698,,0
2699,,1
2700,,0
2701, pain,2
2702,,1
2703,,0
2704,,1
2705,,0
2706,,1
2707,,1
2708,,0
2709,,0
2710,,1
2711,,0
2712,,0
2713,,1
2714,,1
2715,,0
2716, foot,2
2717,,0
2718,,1
2719,,0
2720,,0
2721,,0
2722,,1
2723,,0
2724, 2,2
2725,,0
2726,blood,1
2727,,0
2728,,1
2729,,0
2730,,1
2731,,0
2732,,1
2733,,0
2734,,1
2735,,0
2736,,1
2737,,1
2738,,1
2739,,1
2740,,0
2741,,0
2742,,1
2743,,1
2744,,0
2745, lung cancer,3
2746,,0
2747,,0
2748,,1
2749, pain,2
2750,,0
2751,tingling,1
2752,,0
2753,,0
2754,cancer,1
2755,,0
2756,,1
2757,,0
2758,,1
2759,,1
2760,,0
2761,surgery,1
2762,,0
2763,,0
2764,loss,1
2765,,0
2766,,0
2767,,1
2768,,0
2769,,0
2770,,1
2771,,1
2772,,0
2773,,1
2774, pain,2
2775,,0
2776,,1
2777,,1
2778,,1
2779,,0
2780,,0
2781,,0
2782,,1
2783,sore,1
2784,,0
2785, pelvic,2
2786,,1
2787,,1
2788,,0
2789,,0
2790,,0
2791, sore throat,3
2792, chest,2
2793,,1
2794, cancer,2
2795,,0
2796, pain,2
2797,,0
2798,,1
2799,,1
2800,,1
2801,,0
2802,,1
2803,,1
2804,,0
2805,,0
2806,,1
2807,,0
2808,,0
2809,,0
2810,,0
2811,,0
2812,tooth,1
2813,,0
2814,,0
2815,,1
2816,extraction teeth wisdom,3
2817, sore,2
2818,,1
2819,,1
2820,,1
2821,,1
2822, pain,2
2823, stress,2
2824,,1
2825,pain,1
2826,,0
2827, joint,2
2828,,0
2829, healthy,2
2830, shoulder pain,3
2831,pain,1
2832,,1
2833,,1
2834,,0
2835, diabetes,2
2836,,0
2837,,1
2838,pain,1
2839,,1
2840,,0
2841,,1
2842,,0
2843,,0
2844,,1
2845,,1
2846,,1
2847,,0
2848,,1
2849,,1
2850,surgery,1
2851,,1
2852,,0
2853,,0
2854,,0
2855,,0
2856,,0
2857,,1
2858,,0
2859,,1
2860,,1
2861,,0
2862,,0
2863,,0
2864, cancer,2
2865,,0
2866,,0
2867,,0
2868,,0
2869,,0
2870,,0
2871,,1
2872, surgery,2
2873,,0
2874,,1
2875, disease,2
2876,,0
2877,,1
2878,,1
2879,,0
2880, pain,2
2881,,0
2882,,0
2883,,0
2884,,0
2885, pain,2
2886,,1
2887,,1
2888,surgery,1
2889,,1
2890,,1
2891,,0
2892,,0
2893,,1
2894,fracture,1
2895, breast cancer,3
2896, infection skin,3
2897,,1
2898,,1
2899,,0
2900,,0
2901,,0
2902,,1
2903,,1
2904,,1
2905,,1
2906,cancer,1
2907,,1
2908,,0
2909,,0
2910,pregnancy,1
2911,,1
2912,,1
2913,,1
2914,,1
2915,,0
2916,,0
2917, brain,2
2918,,1
2919,,1
2920, surgery,2
2921,,0
2922,,1
2923,,0
2924,,1
2925,,0
2926,,0
2927,,0
2928,,0
2929,,0
2930,,1
2931,,0
2932,,1
2933,,0
2934,,1
2935,,0
2936,,1
2937,,1
2938,,0
2939,,0
2940,,0
2941,,1
2942,,1
2943,,0
2944,,0
2945,cancer,1
2946,ct scan,2
2947,,0
2948,,1
2949,,1
2950,,1
2951,,1
2952,,1
2953,,1
2954,,0
2955,,1
2956,,1
2957,,0
2958,,1
2959,,1
2960,,0
2961,,0
2962,,1
2963,,1
2964,,1
2965,,1
2966,,0
2967,,1
2968, skin,2
2969,,1
2970,,0
2971,,0
2972,,0
2973,,0
2974,,0
2975,pain,1
2976,,0
2977,,1
2978,,1
2979,,0
2980,,1
2981,,1
2982, sleep,2
2983,,1
2984,,1
2985, infection,2
2986, pain,2
2987,,0
2988,,0
2989, sleep,2
2990,,1
2991,,1
2992,infection,1
2993,,0
2994,,0
2995,syndrome,1
2996,,0
2997,,0
2998,,1
2999,,0
3000,,0
3001,,1
3002,pain,1
3003,,0
3004,,0
3005,,0
3006, high,2
3007,,0
3008,,0
3009,,0
3010,,1
3011,,0
3012,,1
3013,,1
3014,,0
3015,,0
3016, loss,2
3017,,1
3018,,1
3019,,0
3020,,0
3021,,0
3022,,0
3023,,0
3024, pain,2
3025,,0
3026,,0
3027,,1
3028,,1
3029,,1
3030,,0
3031,,1
3032,,0
3033,,1
3034,,1
3035,,1
3036,,0
3037,,0
3038,,0
3039,,0
3040,,1
3041,,0
3042,,0
3043,,1
3044, pain,2
3045,cancer,1
3046,,1
3047,,0
3048,,0
3049,,1
3050,,0
3051,,0
3052,,0
3053,,0
3054,,1
3055, pain,2
3056,,1
3057, chest,2
3058,,1
3059,,0
3060,,0
3061,,0
3062,,0
3063,,1
3064,,1
3065,,0
3066,,1
3067,,1
3068,,0
3069,,0
3070,,0
3071,,0
3072,,0
3073,,1
3074,,1
3075,,1
3076,,1
3077,,0
3078,,1
3079,skin,1
3080,,1
3081,,1
3082,,0
3083,,1
3084,,1
3085,,1
3086,,1
3087,,0
3088,,1
3089,,0
3090,,0
3091,,1
3092,,0
3093,,0
3094, pain,2
3095,,0
3096,,0
3097,,0
3098,,0
3099,,0
3100,,1
3101,,1
3102,,1
3103, heart pain failure,4
3104,,0
3105, tmj pain,3
3106,,1
3107,,0
3108,,0
3109,,0
3110,,1
3111,,1
3112, tooth,2
3113,,0
3114, pain,2
3115,,0
3116,,1
3117,,0
3118, tingling,2
3119,,1
3120,,0
3121,,1
3122,,0
3123,,1
3124,,0
3125,,0
3126,,1
3127,,1
3128,,0
3129,,1
3130,,0
3131,female,1
3132, migraine,2
3133,,0
3134,,1
3135,,0
3136,foot,1
3137,back,1
3138,,0
3139,,0
3140,,1
3141, pain,2
3142,,1
3143,,1
3144,,1
3145,tingling,1
3146, back,2
3147,,1
3148,,0
3149,,1
3150,,0
3151,,0
3152,,1
3153,,0
3154,,1
3155,,1
3156,,1
3157,,1
3158,,1
3159,,0
3160,bleeding,1
3161,pain,1
3162,,1
3163,,1
3164,,0
3165,,1
3166,,0
3167,,1
3168,,1
3169,,0
3170,,1
3171,,0
3172,,0
3173,,1
3174,,1
3175,,1
3176, cough,2
3177,chronic,1
3178,,0
3179,,0
3180,,1
3181,,1
3182,bone,1
3183, pain,2
3184,,0
3185,,0
3186,,0
3187, pain,2
3188,,1
3189,,0
3190,,1
3191,,0
3192,,1
3193,,1
3194,,0
3195,,0
3196,,1
3197,,1
3198,,1
3199,,0
3200,,0
3201,,0
3202,,1
3203,,1
3204,,1
3205,,1
3206,,1
3207,,1
3208,,1
3209,,1
3210,,1
3211,,0
3212,,1
3213,,1
3214,,1
3215,,0
3216,,1
3217, pain,2
3218,,0
3219,,0
3220,,1
3221,,1
3222,,1
3223,,1
3224,,0
3225,,1
3226,,0
3227,,0
3228,,1
3229,,0
3230,,1
3231,,0
3232,,1
3233,,1
3234,,1
3235,,0
3236,,0
3237,,1
3238,,1
3239,,0
3240,,1
3241, cough,2
3242,,0
3243,,1
3244,,1
3245,,0
3246,,1
3247, surgery,2
3248,,1
3249,,1
3250,,1
3251,,1
3252,,0
3253,,1
3254,,0
3255,,0
3256,,0
3257,,1
3258,,1
3259,,1
3260,,0
3261,,0
3262,,1
3263,,0
3264,,0
3265,,0
3266,,1
3267,,1
3268,,0
3269,,0
3270,,1
3271,,0
3272,,0
3273, cancer,2
3274,,1
3275,,0
3276,,1
3277,,0
3278,,0
3279,,0
3280,,1
3281,,0
3282,,0
3283,,0
3284,,0
3285, cancer,2
3286,,0
3287, heart stress,3
3288, pain back,3
3289,,1
3290, pain sleep,3
3291,,1
3292,,0
3293,,0
3294,,0
3295,,1
3296,,0
3297,,0
3298,,0
3299,,0
3300,,0
3301,,0
3302,,1
3303,,1
3304, cancer,2
3305,,0
3306,,1
3307,,0
3308, dementia,2
3309,,0
3310,,0
3311,,0
3312,,0
3313,,0
3314,,1
3315,,0
3316,,1
3317, skin,2
3318,,0
3319,,1
3320,,1
3321,,0
3322,,1
3323,,1
3324,,1
3325, pain,2
3326,,0
3327,,1
3328,,1
3329,,1
3330,,0
3331,,1
3332,,0
3333, pain,2
3334,,1
3335,,1
3336,,0
3337,,1
3338,,1
3339, swollen,2
