0,856475
1,3015055
2,499660
3,1159817
4,1961403
5,272988
6,1961403
7,7610742
8,2385859
9,7986810
10,9730494
11,2727638
12,14183
13,3303322
14,9730494
15,3260621
16,1659205
17,6528225
18,9730494
19,398276
20,6278901
21,1439563
22,5860478
23,254699
24,6528225
25,3423459
26,1892055
27,199263
28,51233351
29,266794
30,7734960
31,369833
32,184081
33,9730494
34,6230693
35,6656488
36,632089
37,17807397
38,10922439
39,103687075
40,7610742
41,3809615
42,
43,264209
44,190688
45,294530
46,157039
47,2726936
48,6786
49,1769666
50,17807397
51,2825385
52,2708617
53,1052147
54,565112
55,1634767
56,306761
57,4355470
58,345818
59,68667
60,2479627
61,1490987
62,253507
63,131561
64,948821
65,1361036
66,1296397
67,9730494
68,993128
69,33972
70,83828
71,9125
72,579432
73,133101
74,7546554
75,1583121
76,142272
77,454791
78,724983
79,77190
80,14183
81,103687075
82,9730494
83,4335510
84,51233351
85,119481
86,412485
87,6278901
88,8136063
89,2928
90,9125
91,124320
92,532064951
93,1997882
94,833448
95,223651
96,960571
97,56061335
98,33668915
99,3260621
100,1214692
101,10459572
102,567700
103,18096298
104,4137683
105,2333484
106,7297552
107,1132221
108,1583121
109,51233351
110,9730494
111,3260621
112,561971
113,208934
114,14303318
115,177466560
116,2877915
117,168516
118,3127895
119,680767
120,72012
121,1130675
122,62832
123,1596472
124,2853160
125,208934
126,2114178
127,12487
128,294121
129,3787635
130,142272
131,526145
132,713396
133,214815
134,2877915
135,724983
136,597905
137,10232
138,532064951
139,2479627
140,9730494
141,2727638
142,10187176
143,101174
144,2708617
145,2062585
146,1472931
147,1351478
148,132030717
149,210862
150,10748512
151,19334377
152,2877915
153,13574505
154,36744
155,137351463
156,59096
157,1361036
158,1427221
159,54997184
160,6086887
161,94613
162,23996936
163,31842
164,129238
165,6278901
166,349593
167,1988092
168,4169941
169,319939
170,1328650
171,3260621
172,552734
173,9730494
174,7610742
175,56061335
176,2727638
177,341782
178,5860478
179,117377
180,5759140
181,9730494
182,863026
183,819301
184,143730
185,103687075
186,5860478
187,93536
188,177466560
189,123436
190,521061
191,1008831
192,74013
193,69807918
194,1097016
195,137351463
196,4115309
197,3260621
198,51233351
199,414109
200,521061
201,603207
202,9730494
203,1392697
204,1214692
205,5128314
206,420483
207,40164
208,94999
209,74648
210,9730494
211,672192
212,93821039
213,10187176
214,1335081
215,219971
216,7734960
217,856475
218,482546
219,948351
220,482546
221,1082103
222,12487
223,191035
224,158397
225,4333
226,7297552
227,1845400
228,201320
229,196412
230,33668915
231,532064951
232,265303
233,257757
234,306761
235,9346
236,25344802
237,3423459
238,179807
239,6230693
240,833448
241,237723
242,9730494
243,1892566
244,6009901
245,3423459
246,9730494
247,14303318
248,875062
249,9741944
250,845979
251,103687075
252,166837
253,35121095
254,1961403
255,1980863
256,639184
257,724983
258,1490987
259,6528225
260,1003770
261,1883991
262,127597
263,341782
264,457774
265,535930
266,8164779
267,9730494
268,2877915
269,7610742
270,8198852
271,21422277
272,7734960
273,2708617
274,128694
275,455716
276,707816
277,33668915
278,1995497
279,9730494
280,30033991
281,2810327
282,306761
283,349593
284,1205653
285,33972
286,945881
287,2727638
288,2727638
289,51233351
290,2727638
291,167851
292,22004229
293,10184
294,3580709
295,681622
296,28385884
297,35121095
298,1597606
299,1997833
300,14183
301,6866
302,1153973
303,359766
304,1961403
305,3260621
306,10187176
307,378399
308,225199
309,4333
310,2886
311,1966363
312,2453651
313,1490987
314,14303318
315,613083
316,123436
317,1246148
318,10187176
319,43263
320,6821013
321,404139
322,42536
323,7734960
324,9730494
325,819132
326,1439563
327,2708617
328,10187176
329,681622
330,128694
331,5611141
332,3708406
333,363537
334,262385
335,13574505
336,538233
337,1231117
338,196973
339,2520110
340,2727638
341,532064951
342,166296
343,131561
344,65977
345,7734960
346,17585
347,303816
348,31842
349,153600
350,4451047
351,58924275
352,9608
353,25344802
354,4115309
355,1125685
356,459404
357,2062585
358,20850
359,6656488
360,4355470
361,56061335
362,2727638
363,6528225
364,117377
365,201320
366,3191237
367,66506589
368,1439563
369,2010658
370,1866681
371,7734960
372,1490987
373,16302506
374,33668915
375,9268487
376,24062
377,2296750
378,1287047
379,6656488
380,5230507
381,396427
382,1929422
383,386599
384,564467
385,76316
386,1185650
387,264209
388,9346
389,129047
390,185391
391,1287878
392,577824
393,579432
394,64410
395,7734960
396,33668915
397,10459572
398,245733
399,131822
400,485589
401,264309
402,14183
403,6230693
404,288643
405,363537
406,76316
407,28385884
408,833448
409,2708617
410,493876
411,44139
412,28385884
413,2062585
414,196947
415,151662
416,18555109
417,72012
418,151662
419,1594937
420,1246148
421,6278901
422,265303
423,148529
424,593902
425,327059582
426,11545
427,2062585
428,23817
429,3357110
430,72598923
431,39803
432,2479627
433,1003770
434,3711546
435,378399
436,327059582
437,28385884
438,33972
439,940986
440,286420
441,7734960
442,8438670
443,713396
444,17807397
445,4024985
446,151920
447,113946
448,5744117
449,4619961
450,132030717
451,3009814
452,6656488
453,
454,1439563
455,1392697
456,9730494
457,603207
458,53265
459,1961403
460,761729
461,5498
462,1120322
463,14303318
464,5659207
465,18096298
466,201320
467,169423
468,765664
469,10187176
470,1340886
471,84643
472,9741944
473,61074
474,19824361
475,409898
476,18555109
477,833448
478,1364
479,196973
480,14303318
481,14303318
482,34317525
483,1583121
484,199263
485,72598923
486,2726936
487,3423459
488,237489
489,2727638
490,7610742
491,66506589
492,35121095
493,10539635
494,72598923
495,23996936
496,408703
497,201320
498,990604
499,2265525
500,863026
501,1596472
502,20174
503,219971
504,124320
505,10629188
506,199263
507,1583121
508,1328650
509,1370
510,31003998
511,4451047
512,4619961
513,2479627
514,61074
515,3320936
516,526145
517,1883991
518,2240752
519,603101
520,76665
521,15637
522,1997833
523,603101
524,2479627
525,237723
526,2727638
527,1328650
528,1333
529,201320
530,87105
531,1340886
532,14303318
533,471568
534,4355470
535,28801096
536,599463
537,166837
538,3423459
539,160316
540,383197
541,17570793
542,324777
543,16302506
544,10184
545,7610742
546,46008
547,833448
548,219858
549,9730494
550,1294491
551,8136063
552,1356348
553,147051
554,179807
555,5817414
556,157039
557,33668915
558,1597606
559,2726936
560,113946
561,137351463
562,190688
563,1242065
564,33658
565,216102
566,33658
567,19824361
568,17203974
569,24872980
570,1125685
571,7297552
572,33668915
573,67644
574,319939
575,51233351
576,9730494
577,142272
578,9730494
579,9346
580,36744
581,774896
582,19824361
583,4003718
584,4265
585,23996936
586,214815
587,11170565
588,25344802
589,819132
590,12188102
591,73230
592,276112
593,1294491
594,142272
595,4205549
596,204600
597,4003718
598,23996936
599,209440
600,101775
601,221074
602,1185650
603,720917
604,561550
605,33668915
606,96339072
607,208934
608,321030
609,5860478
610,4003718
611,2877915
612,285815
613,825924
614,1125685
615,66165427
616,5705696
617,7734960
618,158240
619,6573876
620,529934
621,3127895
622,9268487
623,165433
624,12304
625,4786778
626,133087
627,58924275
628,945881
629,455716
630,190688
631,707816
632,17807397
633,1066445
634,10598679
635,209440
636,12732078
637,157801
638,834207
639,733367
640,51233351
641,18555109
642,58924275
643,7734960
644,2671859
645,1769666
646,2754398
647,96339072
648,27414136
649,837302
650,66506589
651,1597606
652,6086887
653,2010658
654,4115309
655,169752
656,1995497
657,1634767
658,8593016
659,2103943
660,2708617
661,345661
662,319939
663,529934
664,8351520
665,7297552
666,3055550
667,6230693
668,3260621
669,4227
670,2440118
671,17570793
672,1097016
673,143730
674,14303318
675,253507
676,385290
677,14303318
678,103687075
679,21422277
680,2825385
681,10629188
682,2496076
683,56061335
684,1427221
685,254699
686,837302
687,327059582
688,157801
689,8531715
690,157801
691,2810327
692,177466560
693,54804
694,54804
695,8351520
696,635951
697,1123446
698,261310
699,1132221
700,97278
701,64714
702,103687075
703,2010658
704,2519061
705,1711339
706,4355470
707,59370
708,4070
709,3015055
710,1596472
711,1818655
712,21375230
713,25344802
714,1439563
715,9730494
716,7735813
717,61124
718,37066
719,3320936
720,23996936
721,51233351
722,137351463
723,3787635
724,101174
725,369833
726,6086887
727,543764
728,1997882
729,1769666
730,6342
731,211995
732,35169223
733,1246148
734,17807397
735,142272
736,189024
737,6342
738,148835
739,14183
740,132030717
741,499660
742,2708617
743,3708406
744,66506589
745,342351
746,6230693
747,196947
748,106188
749,204482
750,192292
751,28385884
752,1392697
753,806385
754,837302
755,790337
756,312384
757,177843
758,8438670
759,159315
760,142272
761,36744
762,7078968
763,762684
764,9730494
765,1242065
766,8438670
767,112918
768,1170462
769,539240
770,117085
771,51233351
772,9125
773,8136063
774,1440447
775,2657942
776,8438670
777,6390103
778,2727638
779,420483
780,10187176
781,36744
782,538233
783,1597606
784,457774
785,1966155
786,157039
787,96340863
788,2877915
789,1587094
790,1003770
791,7610742
792,131822
793,18555109
794,8089106
795,3009814
796,446327
797,8089106
798,204518
799,7734960
800,4205549
801,988421
802,11323502
803,412485
804,990604
805,190688
806,296892
807,34042379
808,204860
809,526145
810,2309219
811,550820
812,294121
813,270247
814,28730
815,9730494
816,2737945
817,9268487
818,672192
819,290108
820,1242065
821,81013
822,31842
823,2852
824,13624857
825,1185650
826,301455
827,12304
828,672192
829,3260621
830,720917
831,1170462
832,177843
833,5128314
834,670766
835,728671
836,286420
837,3439623
838,526145
839,23996936
840,2229954
841,9346
842,10187176
843,68053
844,10187176
845,10187176
846,3260621
847,128580
848,3191237
849,2520110
850,672192
851,169447
852,2708617
853,386599
854,160687
855,974779
856,23996936
857,68667
858,9741944
859,10184
860,2708617
861,394740
862,806385
863,
864,84643
865,2240752
866,457774
867,4265
868,5337
869,538233
870,659417
871,9125
872,7734960
873,3580709
874,3864675
875,386599
876,10539635
877,137351463
878,728671
879,2116156
880,33668915
881,1599106
882,454791
883,1524483
884,132030717
885,71572
886,1659374
887,49911474
888,28385884
889,1997833
890,538233
891,681622
892,199263
893,499660
894,529934
895,204600
896,2114178
897,1534255
898,133374
899,720917
900,1185650
901,990604
902,7734960
903,6230693
904,2810327
905,4099510
906,15972172
907,917364
908,10922439
909,10629188
910,9671441
911,301455
912,4766645
913,12487
914,825924
915,2877915
916,440173
917,80752
918,142272
919,987323
920,579432
921,407860
922,532064951
923,23996936
924,319939
925,2165767
926,728144
927,148540
928,20850
929,21114
930,19824361
931,4099510
932,4639419
933,6528225
934,17807397
935,6304159
936,245733
937,187298
938,8136063
939,157039
940,861691
941,137351463
942,94999
943,10629188
944,13574505
945,5913349
946,9258033
947,1627512
948,145364
949,3448426
950,1427221
951,301455
952,227897
953,1659205
954,1439563
955,3260621
956,670766
957,117179
958,950973
959,529934
960,2877915
961,237489
962,398276
963,23996936
964,28385884
965,1246148
966,845979
967,8438670
968,169752
969,1929422
970,1772431
971,825924
972,204600
973,72012
974,4451047
975,2657942
976,577824
977,107119
978,6821013
979,2240752
980,129047
981,4209686
982,23996936
983,2708617
984,165433
985,3009148
986,169752
987,4115309
988,16284
989,58924275
990,4205549
991,1427221
992,51233351
993,1032184
994,993128
995,20850
996,1883991
997,457774
998,1490987
999,135588
1000,6342
1001,51233351
1002,7734960
1003,9671441
1004,265303
1005,8438670
1006,215000
1007,20850
1008,27414136
1009,1587094
1010,66165427
1011,1356348
1012,7610742
1013,6528225
1014,14789
1015,4619961
1016,17570793
1017,167851
1018,4003718
1019,363537
1020,2240752
1021,30148
1022,3191237
1023,31842
1024,407860
1025,1883991
1026,8438670
1027,5819
1028,192292
1029,326286
1030,469462
1031,4355470
1032,1524483
1033,1439563
1034,1153973
1035,464549
1036,112789
1037,3932137
1038,6528225
1039,2727638
1040,654542
1041,450611
1042,72598923
1043,132030717
1044,25344802
1045,167851
1046,2877915
1047,1583121
1048,528330
1049,27414136
1050,21422277
1051,4099510
1052,14183
1053,54997184
1054,28385884
1055,21422277
1056,14303318
1057,183691
1058,6230693
1059,96554
1060,395972
1061,1688846
1062,833448
1063,133101
1064,148529
1065,3864675
1066,21114
1067,14183
1068,561550
1069,185391
1070,532064951
1071,15637
1072,245733
1073,856475
1074,11545
1075,1287878
1076,31842
1077,9730494
1078,3127895
1079,5744117
1080,395972
1081,209440
1082,4099510
1083,204482
1084,225199
1085,133374
1086,72631213
1087,5414588
1088,31842
1089,1295480
1090,216102
1091,9258033
1092,17807397
1093,129238
1094,9730494
1095,1219774
1096,6278901
1097,1883991
1098,386599
1099,863026
1100,160316
1101,514937
1102,25344802
1103,2708617
1104,672192
1105,2535888
1106,1961501
1107,2559712
1108,5833634
1109,6821013
1110,59096
1111,15038
1112,72598923
1113,4619961
1114,294121
1115,10629188
1116,14789
1117,
1118,316625
1119,33668915
1120,67644
1121,3127895
1122,2479627
1123,1439563
1124,14183
1125,2116156
1126,6528225
1127,960571
1128,34942061
1129,454791
1130,1439563
1131,268393
1132,528330
1133,6983
1134,2990115
1135,1335081
1136,978215
1137,15637
1138,15637
1139,526145
1140,1798869
1141,1003770
1142,31842
1143,6528225
1144,454791
1145,19824361
1146,421529
1147,51233351
1148,8438670
1149,4335510
1150,1326405
1151,183691
1152,4781234
1153,12487
1154,23996936
1155,166391
1156,1490987
1157,96340863
1158,28385884
1159,199263
1160,21375230
1161,129047
1162,1634767
1163,22265171
1164,528330
1165,23817
1166,268393
1167,1883991
1168,72012
1169,18096298
1170,10598679
1171,597905
1172,28385884
1173,28385884
1174,16960185
1175,567700
1176,82116
1177,585974
1178,1769666
1179,17807397
1180,21649648
1181,236505
1182,1053628
1183,861691
1184,3009148
1185,2440118
1186,96339072
1187,3260621
1188,294121
1189,18555109
1190,109174
1191,15419638
1192,2114867
1193,25344802
1194,192292
1195,9435795
1196,3448426
1197,35169223
1198,2296750
1199,883504
1200,7723897
1201,17203974
1202,528330
1203,1326405
1204,1961403
1205,339898
1206,3932137
1207,2114178
1208,2240752
1209,10459572
1210,266794
1211,128694
1212,1961403
1213,3009148
1214,8438670
1215,208934
1216,2877915
1217,14789
1218,8815803
1219,3260621
1220,199776
1221,7734960
1222,15637
1223,147051
1224,2877915
1225,1587094
1226,834207
1227,8815803
1228,2877915
1229,765664
1230,23996936
1231,904446
1232,18096298
1233,9346
1234,58247291
1235,3439623
1236,834207
1237,11545
1238,9730494
1239,16284
1240,204600
1241,7734960
1242,133101
1243,493876
1244,4619961
1245,47024504
1246,80315
1247,457942
1248,22004229
1249,96554
1250,128694
1251,2441723
1252,2226671
1253,1798869
1254,196947
1255,819132
1256,1060191
1257,8089106
1258,785068
1259,35121095
1260,856475
1261,85740
1262,2727638
1263,2727638
1264,74013
1265,10187176
1266,24608
1267,128694
1268,949616
1269,10629188
1270,23907
1271,638968
1272,1599106
1273,9730494
1274,3260621
1275,103687075
1276,3754
1277,96340863
1278,2727638
1279,464549
1280,10187176
1281,173963
1282,31842
1283,80315
1284,103687075
1285,1540409
1286,4451047
1287,163541
1288,65977
1289,4205549
1290,111356
1291,177466560
1292,10629188
1293,2754398
1294,157039
1295,2737945
1296,2165475
1297,25344802
1298,6528225
1299,257757
1300,10922439
1301,7078968
1302,96340863
1303,9741944
1304,8351520
1305,2877915
1306,546615
1307,20277
1308,61074
1309,837087
1310,51233351
1311,376555
1312,101174
1313,6528225
1314,166837
1315,51233351
1316,1130675
1317,3009814
1318,6230693
1319,10629188
1320,10187176
1321,2671859
1322,114409
1323,1008831
1324,33668915
1325,2727638
1326,917364
1327,23996936
1328,1540409
1329,2990115
1330,3132142
1331,166296
1332,17570793
1333,2757845
1334,960355
1335,931487
1336,2520110
1337,76316
1338,459404
1339,8438670
1340,34317525
1341,166659
1342,974779
1343,6528225
1344,109174
1345,14303318
1346,681622
1347,331837
1348,3320936
1349,36744
1350,4209686
1351,145364
1352,9730494
1353,116742
1354,1185650
1355,414109
1356,8198852
1357,23996936
1358,14303318
1359,3009814
1360,13574505
1361,39803
1362,74648
1363,204600
1364,14303318
1365,
1366,603207
1367,265303
1368,132030717
1369,6528225
1370,1448363
1371,13624857
1372,945881
1373,23996936
1374,1294491
1375,9730494
1376,129047
1377,672192
1378,196973
1379,103687075
1380,93821039
1381,3260621
1382,2114178
1383,4115309
1384,603207
1385,3754
1386,2453651
1387,978215
1388,2471059
1389,137351463
1390,40164
1391,8136063
1392,14303318
1393,143281597
1394,1553768
1395,2450411
1396,1769666
1397,281907
1398,577824
1399,4137683
1400,9730494
1401,990604
1402,6528225
1403,110771
1404,24608
1405,2726936
1406,23996936
1407,837087
1408,2671859
1409,33668915
1410,564467
1411,5759140
1412,10598679
1413,252105
1414,9730494
1415,1634767
1416,990604
1417,3055550
1418,3423459
1419,2708617
1420,173963
1421,3448426
1422,676712
1423,3009148
1424,457765
1425,23996936
1426,33668915
1427,254699
1428,3191237
1429,1131711
1430,42910278
1431,1131711
1432,151662
1433,101775
1434,9125
1435,6528225
1436,1490987
1437,2727638
1438,17807397
1439,8351520
1440,123436
1441,834207
1442,10910681
1443,728144
1444,84643
1445,1583121
1446,38376294
1447,10187176
1448,28385884
1449,1599106
1450,8136063
1451,1997882
1452,22265171
1453,993128
1454,861691
1455,455716
1456,819132
1457,856475
1458,23817
1459,2062585
1460,1097820
1461,19824361
1462,93821039
1463,6278901
1464,833448
1465,365901
1466,661449
1467,210862
1468,4404360
1469,1995497
1470,21422277
1471,306761
1472,7734960
1473,1599106
1474,17807397
1475,84643
1476,1185650
1477,4115309
1478,204600
1479,3580699
1480,10748512
1481,1966363
1482,978663
1483,19824361
1484,365901
1485,2062585
1486,3423459
1487,117377
1488,5744117
1489,35169223
1490,23996936
1491,1185650
1492,1583121
1493,3864675
1494,471568
1495,204600
1496,9730494
1497,97278
1498,25344802
1499,47896
1500,23996936
1501,4619961
1502,128694
1503,265259
1504,4115309
1505,493876
1506,21114
1507,15577
1508,2877915
1509,6570
1510,35121095
1511,9730494
1512,1583121
1513,603207
1514,9730494
1515,47024504
1516,3423459
1517,3932137
1518,1557783
1519,72012
1520,19576234
1521,2726936
1522,1988092
1523,2018906
1524,131822
1525,5128314
1526,1328650
1527,363508
1528,1242065
1529,42282
1530,2309219
1531,74013
1532,196973
1533,632089
1534,14188
1535,1392697
1536,371175
1537,3009814
1538,105803
1539,2727638
1540,36744
1541,289592
1542,23996936
1543,14188
1544,1328650
1545,3711546
1546,229491
1547,819301
1548,33668915
1549,35121095
1550,2737945
1551,
1552,319939
1553,1219774
1554,17585
1555,446327
1556,214815
1557,13574505
1558,469092
1559,142272
1560,2116156
1561,66670
1562,96340863
1563,34317525
1564,31003998
1565,54997184
1566,3260621
1567,23996936
1568,365901
1569,54804
1570,96339072
1571,1081950
1572,113734
1573,177466560
1574,737687
1575,137351463
1576,58924275
1577,15980
1578,51233351
1579,31003998
1580,1966363
1581,978215
1582,19824361
1583,23996936
1584,54997184
1585,7735813
1586,132030717
1587,2535888
1588,1052147
1589,47896
1590,265303
1591,1772431
1592,13574505
1593,2114867
1594,58247291
1595,6821013
1596,4619961
1597,509327
1598,33658
1599,9172795
1600,1557783
1601,3439623
1602,1411
1603,1219774
1604,21114
1605,10187176
1606,6528225
1607,2877915
1608,2114867
1609,294121
1610,261519
1611,819301
1612,1219774
1613,290108
1614,25651
1615,290108
1616,1329755
1617,1329755
1618,3055550
1619,3932137
1620,134472
1621,27414136
1622,837302
1623,1052147
1624,47896
1625,883504
1626,17570793
1627,457942
1628,56061335
1629,15577
1630,93821039
1631,121389
1632,948351
1633,993128
1634,128694
1635,21375230
1636,18555109
1637,4619961
1638,18555109
1639,9435795
1640,214740
1641,1335081
1642,72631213
1643,4493280
1644,834207
1645,15577
1646,1688846
1647,1185650
1648,3708406
1649,21422277
1650,42282
1651,7078968
1652,69798242
1653,8593016
1654,1120322
1655,178211
1656,4115309
1657,30750093
1658,1219774
1659,3357110
1660,53751
1661,2385859
1662,185919
1663,88663
1664,15419638
1665,805759
1666,443142
1667,87105
1668,3707120
1669,1411
1670,1395625
1671,446327
1672,3320936
1673,861363
1674,87119
1675,1542551
1676,414109
1677,74013
1678,23907
1679,261519
1680,31842
1681,145114464
1682,4205549
1683,565112
1684,7734960
1685,34042379
1686,2708617
1687,386599
1688,
1689,58924275
1690,834207
1691,137351463
1692,21422277
1693,3015055
1694,19334377
1695,21114
1696,1448363
1697,11545
1698,603101
1699,8438670
1700,129238
1701,53751
1702,6086887
1703,1599106
1704,103687075
1705,96340863
1706,6009901
1707,113734
1708,1966155
1709,17570793
1710,960355
1711,603359
1712,4451047
1713,27414136
1714,96339072
1715,4445374
1716,737687
1717,668826
1718,861691
1719,21071
1720,35169223
1721,2519061
1722,790337
1723,103687075
1724,58924275
1725,4355470
1726,2877915
1727,17638006
1728,6390103
1729,326263
1730,9730494
1731,1440447
1732,782089
1733,6009901
1734,8136063
1735,10629188
1736,2737945
1737,1440447
1738,9730494
1739,681622
1740,137351463
1741,128580
1742,159803
1743,28801096
1744,33668915
1745,1988092
1746,3809615
1747,101775
1748,2708617
1749,17807397
1750,93480
1751,113734
1752,653998
1753,4265
1754,414109
1755,4786778
1756,1553768
1757,117377
1758,4619961
1759,4853159
1760,7610742
1761,177466560
1762,6009901
1763,330742
1764,191509
1765,96339072
1766,47024504
1767,14303318
1768,6009901
1769,51233351
1770,1335081
1771,36744
1772,685816
1773,10187176
1774,345623
1775,10187176
1776,128580
1777,252105
1778,6009901
1779,2137720
1780,62832
1781,35121095
1782,6390103
1783,132030717
1784,21834
1785,43263
1786,204482
1787,210862
1788,306761
1789,1036740
1790,10629188
1791,720917
1792,27414136
1793,2810327
1794,103687075
1795,863530
1796,4619961
1797,35169223
1798,46008
1799,7723897
1800,28385884
1801,73230
1802,2727638
1803,659417
1804,7734960
1805,4639419
1806,5128314
1807,25344802
1808,1823812
1809,16900883
1810,17807397
1811,21422277
1812,73230
1813,47896
1814,61074
1815,3754
1816,158397
1817,137351463
1818,51255
1819,876750
1820,4637037
1821,10910681
1822,3121441
1823,1170462
1824,304073
1825,2727638
1826,532309
1827,2899020
1828,341782
1829,5860478
1830,134472
1831,190688
1832,35121095
1833,459404
1834,1866681
1835,40562982
1836,391982
1837,264209
1838,834250
1839,4070
1840,33658
1841,19824361
1842,28385884
1843,1392697
1844,5226334
1845,446327
1846,2114867
1847,2726936
1848,2473285
1849,51233351
1850,24608
1851,12487
1852,301455
1853,54997184
1854,25344802
1855,713396
1856,2520110
1857,2229954
1858,4786778
1859,400684
1860,455716
1861,4335510
1862,161760
1863,6821013
1864,834207
1865,215000
1866,12487
1867,1884382
1868,459404
1869,6528225
1870,6086887
1871,2010658
1872,2296750
1873,4265
1874,914841
1875,103687075
1876,7610742
1877,1335081
1878,49858736
1879,58924275
1880,109174
1881,2165767
1882,2737945
1883,85033
1884,2114867
1885,9608
1886,819301
1887,54804
1888,9741944
1889,96339072
1890,862415
1891,19824361
1892,331837
1893,1399
1894,457765
1895,1356348
1896,485589
1897,169447
1898,22357255
1899,1185650
1900,28385884
1901,3132142
1902,521061
1903,21834
1904,51233351
1905,17807397
1906,5128314
1907,51233351
1908,112789
1909,1789444
1910,2613061
1911,21114
1912,2165767
1913,2737945
1914,7610742
1915,6528225
1916,214815
1917,96340863
1918,459404
1919,40427370
1920,1659374
1921,131689
1922,2877915
1923,23907
1924,345623
1925,1120322
1926,33668915
1927,676712
1928,6009901
1929,2018906
1930,101411
1931,1659374
1932,56697
1933,73839
1934,1001408
1935,51233351
1936,819301
1937,8198852
1938,1335081
1939,1688846
1940,27414136
1941,1845400
1942,3009148
1943,7735813
1944,1540409
1945,
1946,8438670
1947,18555109
1948,1219774
1949,214815
1950,251559
1951,875062
1952,225199
1953,412485
1954,17570793
1955,521061
1956,5744117
1957,2165767
1958,940986
