0,1
1,1
2,4
3,0
4,1
5,2
6,1
7,3
8,4
9,3
10,4
11,0
12,3
13,2
14,4
15,1
16,1
17,3
18,1
19,0
20,3
21,0
22,2
23,0
24,1
25,3
26,1
27,3
28,1
29,4
30,1
31,2
32,2
33,1
34,2
35,2
36,3
37,1
38,1
39,1
40,2
41,3
42,2
43,2
44,1
45,1
46,1
47,1
48,3
49,3
50,1
51,2
52,2
53,1
54,2
55,3
56,1
57,1
58,3
59,0
60,0
61,4
62,0
63,3
64,2
65,0
66,3
67,4
68,2
69,2
70,2
71,3
72,1
73,0
74,1
75,4
76,5
77,5
78,0
79,1
80,1
81,1
82,2
83,0
84,3
85,2
86,2
87,2
88,5
89,1
90,3
91,4
92,1
93,2
94,1
95,2
96,4
97,0
98,2
99,5
100,3
101,1
102,0
103,1
104,0
105,0
106,1
107,3
108,5
109,3
110,2
111,2
112,1
113,1
114,3
115,0
116,2
117,5
118,2
119,1
120,1
121,0
122,0
123,4
124,1
125,2
126,0
127,0
128,2
129,1
130,2
131,3
132,4
133,4
134,3
135,0
136,4
137,0
138,4
139,0
140,5
141,0
142,3
143,1
144,2
145,2
146,4
147,7
148,7
149,1
150,1
151,2
152,4
153,0
154,0
155,1
156,0
157,0
158,3
159,0
160,2
161,2
162,2
163,3
164,1
165,2
166,2
167,0
168,4
169,4
170,5
171,3
172,1
173,1
174,3
175,0
176,0
177,3
178,1
179,2
180,2
181,2
182,0
183,1
184,5
185,3
186,1
187,1
188,2
189,4
190,2
191,1
192,2
193,2
194,0
195,4
196,3
197,2
198,2
199,0
200,1
201,2
202,1
203,1
204,1
205,3
206,2
207,1
208,4
209,3
210,1
211,2
212,4
213,1
214,1
215,2
216,1
217,2
218,4
219,3
220,3
221,2
222,1
223,2
224,2
225,2
226,0
227,4
228,4
229,1
230,2
231,4
232,3
233,1
234,3
235,3
236,4
237,2
238,2
239,1
240,2
241,2
242,0
243,1
244,3
245,1
246,0
247,3
248,2
249,0
250,1
251,4
252,2
253,3
254,1
255,0
256,3
257,0
258,2
259,0
260,2
261,0
262,2
263,3
264,3
265,0
266,1
267,0
268,2
269,3
270,5
271,1
272,1
273,1
274,4
275,1
276,4
277,3
278,7
279,2
280,1
281,4
282,0
283,2
284,2
285,5
286,1
287,1
288,1
289,3
290,0
291,5
292,1
293,4
294,2
295,4
296,4
297,0
298,2
299,3
300,1
301,3
302,2
303,2
304,1
305,3
306,2
307,4
308,0
309,1
310,1
311,2
312,2
313,2
314,2
315,2
316,3
317,1
318,2
319,2
320,3
321,2
322,1
323,2
324,2
325,4
326,3
327,3
328,2
329,2
330,4
331,5
332,1
333,3
334,0
335,1
336,4
337,3
338,4
339,5
340,2
341,2
342,2
343,2
344,2
345,1
346,5
347,0
348,3
349,3
350,1
351,0
352,2
353,2
354,2
355,4
356,4
357,2
358,1
359,2
360,0
361,1
362,2
363,1
364,3
365,6
366,3
367,1
368,3
369,5
370,5
371,1
372,3
373,1
374,1
375,1
376,1
377,1
378,3
379,3
380,4
381,2
382,0
383,3
384,3
385,3
386,2
387,2
388,3
389,1
390,3
391,1
392,3
393,1
394,4
395,3
396,1
397,1
398,4
399,0
400,2
401,0
402,1
403,3
404,2
405,5
406,1
407,4
408,1
409,4
410,1
411,4
412,2
413,2
414,1
415,1
416,1
417,1
418,1
419,3
420,2
421,1
422,3
423,0
424,4
425,5
426,1
427,4
428,3
429,4
430,3
431,7
432,2
433,3
434,2
435,2
436,0
437,2
438,3
439,1
440,1
441,2
442,6
443,2
444,1
445,3
446,2
447,2
448,5
449,4
450,1
451,3
452,0
453,4
454,2
455,1
456,4
457,0
458,0
459,1
460,6
461,0
462,3
463,2
464,2
465,3
466,3
467,1
468,3
469,5
470,1
471,1
472,1
473,3
474,0
475,2
476,1
477,2
478,4
479,4
480,0
481,2
482,2
483,3
484,3
485,3
486,1
487,4
488,3
489,2
490,1
491,1
492,0
493,2
494,3
495,3
496,0
497,3
498,4
499,4
500,0
501,1
502,2
503,3
504,3
505,2
506,2
507,1
508,3
509,3
510,2
511,0
512,2
513,1
514,2
515,0
516,2
517,0
518,0
519,0
520,4
521,1
522,2
523,0
524,0
525,2
526,2
527,2
528,3
529,3
530,2
531,1
532,0
533,5
534,1
535,1
536,2
537,1
538,1
539,1
540,2
541,5
542,2
543,1
544,2
545,1
546,0
547,1
548,3
549,1
550,1
551,1
552,0
553,0
554,1
555,1
556,1
557,1
558,2
559,2
560,2
561,1
562,1
563,2
564,3
565,2
566,4
567,1
568,2
569,2
570,2
571,0
572,4
573,1
574,3
575,3
576,3
577,4
578,3
579,3
580,3
581,3
582,0
583,1
584,1
585,3
586,3
587,2
588,0
589,4
590,4
591,1
592,0
593,7
594,1
595,1
596,5
597,1
598,3
599,3
600,1
601,0
602,2
603,4
604,2
605,1
606,2
607,2
608,0
609,0
610,0
611,4
612,2
613,1
614,3
615,0
616,0
617,2
618,2
619,1
620,1
621,2
622,3
623,1
624,4
625,1
626,1
627,1
628,5
629,4
630,1
631,2
632,0
633,1
634,2
635,2
636,1
637,0
638,2
639,4
640,3
641,0
642,4
643,3
644,2
645,0
646,1
647,1
648,1
649,5
650,2
651,3
652,3
653,6
654,1
655,3
656,3
657,2
658,2
659,0
660,3
661,3
662,2
663,2
664,1
665,2
666,3
667,1
668,1
669,1
670,0
671,2
672,2
673,6
674,2
675,2
676,0
677,2
678,3
679,1
680,3
681,2
682,3
683,0
684,3
685,0
686,2
687,2
688,0
689,2
690,0
691,1
692,1
693,2
694,2
695,2
696,2
697,0
698,2
699,1
700,1
701,0
702,1
703,1
704,3
705,0
706,2
707,3
708,3
709,4
710,4
711,1
712,1
713,2
714,3
715,1
716,2
717,0
718,3
719,1
720,3
721,3
722,3
723,1
724,4
725,1
726,2
727,5
728,4
729,0
730,2
731,2
732,3
733,2
734,2
735,4
736,2
737,0
738,1
739,3
740,0
741,4
742,4
743,2
744,1
745,3
746,0
747,1
748,3
749,4
750,0
751,4
752,1
753,1
754,0
755,3
756,2
757,4
758,0
759,3
760,2
761,3
762,1
763,0
764,1
765,1
766,0
767,0
768,2
769,2
770,2
771,1
772,1
773,0
774,3
775,2
776,0
777,0
778,0
779,1
780,2
781,1
782,1
783,3
784,3
785,5
786,1
787,2
788,3
789,0
790,2
791,3
792,1
793,1
794,4
795,0
796,2
797,2
798,0
799,3
800,3
801,2
802,1
803,0
804,3
805,2
806,3
807,1
808,2
809,3
810,3
811,4
812,2
813,1
814,3
815,2
816,1
817,2
818,0
819,0
820,1
821,1
822,3
823,4
824,5
825,1
826,4
827,4
828,1
829,2
830,1
831,2
832,2
833,8
834,1
835,3
836,1
837,2
838,2
839,3
840,0
841,2
842,2
843,3
844,3
845,0
846,4
847,1
848,1
849,3
850,5
851,2
852,2
853,1
854,3
855,1
856,3
857,0
858,6
859,4
860,1
861,0
862,2
863,1
864,1
865,0
866,2
867,0
868,1
869,1
870,3
871,1
872,1
873,1
874,3
875,2
876,2
877,3
878,2
879,3
880,1
881,4
882,5
883,2
884,2
885,3
886,1
887,1
888,1
889,2
890,4
891,2
892,2
893,3
894,3
895,5
896,1
897,2
898,1
899,3
900,1
901,3
902,3
903,1
904,1
905,5
906,2
907,2
908,3
909,1
910,3
911,3
912,4
913,1
914,1
915,1
916,2
917,1
918,3
919,1
920,1
921,2
922,1
923,4
924,4
925,1
926,3
927,3
928,2
929,4
930,1
931,1
932,4
933,1
934,1
935,4
936,1
937,1
938,1
939,1
940,3
941,2
942,2
943,2
944,4
945,0
946,2
947,1
948,2
949,1
950,2
951,2
952,1
953,1
954,1
955,0
956,2
957,2
958,0
959,3
960,2
961,4
962,1
963,4
964,1
965,3
966,2
967,0
968,4
969,1
970,3
971,1
972,3
973,1
974,3
975,6
976,4
977,2
978,3
979,3
980,1
981,3
982,2
983,3
984,1
985,3
986,3
987,2
988,1
989,2
990,1
991,3
992,1
993,4
994,1
995,2
996,0
997,4
998,3
999,1
1000,3
1001,0
1002,2
1003,1
1004,3
1005,0
1006,1
1007,2
1008,1
1009,3
1010,1
1011,0
1012,1
1013,1
1014,0
1015,4
1016,1
1017,1
1018,2
1019,2
1020,0
1021,1
1022,1
1023,1
1024,5
1025,0
1026,3
1027,4
1028,0
1029,2
1030,2
1031,2
1032,1
1033,6
1034,3
1035,2
1036,1
1037,1
1038,0
1039,1
1040,2
1041,2
1042,2
1043,0
1044,2
1045,2
1046,1
1047,4
1048,2
1049,0
1050,1
1051,3
1052,3
1053,2
1054,1
1055,2
1056,0
1057,1
1058,2
1059,2
1060,2
1061,5
1062,2
1063,2
1064,0
1065,2
1066,3
1067,3
1068,1
1069,3
1070,2
1071,2
1072,2
1073,0
1074,1
1075,1
1076,1
1077,5
1078,1
1079,5
1080,1
1081,3
1082,2
1083,0
1084,0
1085,1
1086,2
1087,1
1088,1
1089,1
1090,2
1091,4
1092,0
1093,0
1094,1
1095,2
1096,1
1097,0
1098,2
1099,0
1100,1
1101,1
1102,1
1103,4
1104,1
1105,0
1106,0
1107,4
1108,3
1109,1
1110,0
1111,2
1112,1
1113,0
1114,4
1115,2
1116,2
1117,1
1118,3
1119,2
1120,1
1121,1
1122,1
1123,4
1124,2
1125,4
1126,6
1127,2
1128,1
1129,3
1130,2
1131,2
1132,3
1133,4
1134,3
1135,2
1136,3
1137,1
1138,1
1139,1
1140,2
1141,3
1142,1
1143,2
1144,5
1145,2
1146,1
1147,2
1148,2
1149,1
1150,3
1151,3
1152,1
1153,2
1154,3
1155,3
1156,5
1157,4
1158,4
1159,2
1160,3
1161,7
1162,1
1163,2
1164,2
1165,3
1166,1
1167,0
1168,2
1169,3
1170,2
1171,2
1172,3
1173,4
1174,2
1175,1
1176,0
1177,3
1178,0
1179,1
1180,2
1181,2
1182,4
1183,2
1184,1
1185,0
1186,0
1187,4
1188,4
1189,1
1190,3
1191,4
1192,1
1193,1
1194,0
1195,0
1196,2
1197,3
1198,1
1199,3
1200,1
1201,2
1202,3
1203,4
1204,3
1205,3
1206,1
1207,1
1208,2
1209,0
1210,1
1211,4
1212,2
1213,1
1214,6
1215,4
1216,3
1217,3
1218,4
1219,1
1220,0
1221,2
1222,1
1223,0
1224,3
1225,1
1226,2
1227,3
1228,3
1229,5
1230,4
1231,6
1232,3
1233,3
1234,3
1235,6
1236,3
1237,1
1238,3
1239,1
1240,3
1241,2
1242,7
1243,0
1244,2
1245,3
1246,1
1247,2
1248,0
1249,3
1250,3
1251,0
1252,2
1253,4
1254,1
1255,4
1256,2
1257,3
1258,1
1259,1
1260,0
1261,1
1262,0
1263,0
1264,2
1265,2
1266,2
1267,4
1268,0
1269,2
1270,1
1271,0
1272,5
1273,3
1274,1
1275,1
1276,2
1277,1
1278,0
1279,3
1280,2
1281,1
1282,4
1283,1
1284,1
1285,3
1286,1
1287,2
1288,4
1289,4
1290,1
1291,2
1292,2
1293,0
1294,1
1295,0
1296,1
1297,3
1298,1
1299,1
1300,3
1301,2
1302,5
1303,3
1304,3
1305,3
1306,0
1307,2
1308,1
1309,3
1310,1
1311,5
1312,4
1313,0
1314,3
1315,2
1316,0
1317,5
1318,1
1319,3
1320,5
1321,2
1322,2
1323,2
1324,1
1325,0
1326,4
1327,0
1328,3
1329,4
1330,0
1331,3
1332,3
1333,2
1334,2
1335,2
1336,3
1337,3
1338,3
1339,1
1340,3
1341,7
1342,1
1343,1
1344,1
1345,2
1346,3
1347,1
1348,1
1349,1
1350,0
1351,3
1352,3
1353,3
1354,2
1355,1
1356,2
1357,2
1358,0
1359,0
1360,1
1361,2
1362,3
1363,5
1364,2
1365,3
1366,3
1367,3
1368,1
1369,1
1370,4
1371,4
1372,2
1373,3
1374,2
1375,2
1376,2
1377,2
1378,4
1379,3
1380,3
1381,1
1382,0
1383,2
1384,3
1385,3
1386,2
1387,2
1388,5
1389,1
1390,2
1391,0
1392,3
1393,1
1394,3
1395,1
1396,2
1397,2
1398,6
1399,2
1400,1
1401,6
1402,1
1403,1
1404,2
1405,1
1406,2
1407,3
1408,3
1409,3
1410,2
1411,0
1412,1
1413,1
1414,2
1415,3
1416,6
1417,1
1418,3
1419,3
1420,1
1421,4
1422,2
1423,3
1424,2
1425,4
1426,2
1427,1
1428,1
1429,1
1430,3
1431,1
1432,2
1433,2
1434,3
1435,2
1436,3
1437,0
1438,1
1439,2
1440,4
1441,2
1442,5
1443,1
1444,3
1445,3
1446,2
1447,5
1448,3
1449,2
1450,1
1451,5
1452,3
1453,3
1454,2
1455,1
1456,4
1457,0
1458,3
1459,2
1460,2
1461,2
1462,2
1463,1
1464,3
1465,0
1466,4
1467,3
1468,2
1469,3
1470,3
1471,5
1472,2
1473,5
1474,5
1475,5
1476,1
1477,1
1478,4
1479,6
1480,5
1481,2
1482,2
1483,1
1484,1
1485,1
1486,1
1487,4
1488,1
1489,3
1490,2
1491,3
1492,1
1493,3
1494,8
1495,2
1496,2
1497,3
1498,1
1499,4
1500,2
1501,4
1502,5
1503,1
1504,2
1505,1
1506,1
1507,2
1508,3
1509,0
1510,0
1511,3
1512,2
1513,3
1514,1
1515,0
1516,2
1517,3
1518,1
1519,1
1520,1
1521,2
1522,3
1523,1
1524,3
1525,1
1526,6
1527,3
1528,1
1529,2
1530,3
1531,3
1532,1
1533,2
1534,6
1535,2
1536,3
1537,0
1538,3
1539,0
1540,3
1541,2
1542,0
1543,6
1544,1
1545,2
1546,3
1547,1
1548,1
1549,2
1550,1
1551,4
1552,2
1553,4
1554,2
1555,3
1556,4
1557,2
1558,1
1559,4
1560,2
1561,2
1562,3
1563,5
1564,2
1565,3
1566,1
1567,2
1568,1
1569,1
1570,4
1571,2
1572,4
1573,4
1574,2
1575,4
1576,1
1577,1
1578,2
1579,1
1580,2
1581,0
1582,1
1583,2
1584,1
1585,1
1586,5
1587,2
1588,1
1589,2
1590,1
1591,1
1592,4
1593,0
1594,1
1595,3
1596,4
1597,2
1598,3
1599,2
1600,0
1601,2
1602,3
1603,5
1604,4
1605,1
1606,4
1607,3
1608,0
1609,2
1610,5
1611,0
1612,3
1613,0
1614,4
1615,0
1616,2
1617,3
1618,4
1619,2
1620,2
1621,1
1622,1
1623,2
1624,3
1625,1
1626,2
1627,2
1628,1
1629,1
1630,1
1631,7
1632,4
1633,1
1634,2
1635,1
1636,0
1637,2
1638,2
1639,2
1640,2
1641,0
1642,2
1643,2
1644,4
1645,2
1646,3
1647,2
1648,3
1649,0
1650,1
1651,3
1652,1
1653,2
1654,1
1655,4
1656,1
1657,2
1658,6
1659,6
1660,0
1661,4
1662,2
1663,1
1664,1
1665,0
1666,2
1667,1
1668,1
1669,3
1670,4
1671,1
1672,1
1673,1
1674,1
1675,2
1676,1
1677,2
1678,2
1679,4
1680,3
1681,3
1682,1
1683,2
1684,1
1685,4
1686,1
1687,3
1688,2
1689,1
1690,2
1691,1
1692,3
1693,3
1694,1
1695,1
1696,3
1697,1
1698,3
1699,2
1700,4
1701,0
1702,4
1703,5
1704,0
1705,2
1706,3
1707,1
1708,2
1709,1
1710,0
1711,0
1712,0
1713,1
1714,4
1715,1
1716,2
1717,0
1718,2
1719,1
1720,0
1721,2
1722,1
1723,1
1724,0
1725,1
1726,1
1727,1
1728,1
1729,1
1730,0
1731,2
1732,1
1733,2
1734,4
1735,0
1736,2
1737,3
1738,3
1739,3
1740,1
1741,1
1742,3
1743,1
1744,4
1745,1
1746,3
1747,1
1748,2
1749,1
1750,1
1751,1
1752,1
1753,1
1754,1
1755,2
1756,3
1757,3
1758,5
1759,4
1760,1
1761,1
1762,5
1763,3
1764,2
1765,1
1766,2
1767,2
1768,4
1769,3
1770,1
1771,1
1772,1
1773,1
1774,3
1775,0
1776,1
1777,2
1778,3
1779,1
1780,0
1781,2
1782,0
1783,0
1784,2
1785,3
1786,3
1787,4
1788,4
1789,1
1790,1
1791,1
1792,0
1793,4
1794,3
1795,2
1796,1
1797,1
1798,0
1799,3
1800,1
1801,1
1802,0
1803,4
1804,2
1805,1
1806,1
1807,4
1808,1
1809,3
1810,3
1811,3
1812,1
1813,1
1814,4
1815,3
1816,2
1817,1
1818,4
1819,2
1820,4
1821,4
1822,0
1823,2
1824,5
1825,2
1826,0
1827,4
1828,2
1829,1
1830,2
1831,2
1832,0
1833,2
1834,2
1835,1
1836,2
1837,3
1838,1
1839,0
1840,3
1841,2
1842,2
1843,3
1844,0
1845,5
1846,0
1847,2
1848,8
1849,1
1850,1
1851,1
1852,3
1853,3
1854,1
1855,1
1856,2
1857,2
1858,4
1859,2
1860,3
1861,2
1862,1
1863,3
1864,3
1865,3
1866,1
1867,2
1868,1
1869,1
1870,3
1871,3
1872,1
1873,1
1874,3
1875,3
1876,0
1877,2
1878,0
1879,1
1880,4
1881,2
1882,2
1883,0
1884,1
1885,2
1886,2
1887,2
1888,1
1889,3
1890,1
1891,4
1892,1
1893,3
1894,2
1895,1
1896,2
1897,0
1898,1
1899,2
1900,1
1901,2
1902,2
1903,5
1904,1
1905,3
1906,5
1907,0
1908,2
1909,4
1910,3
1911,1
1912,2
1913,2
1914,2
1915,1
1916,3
1917,3
1918,3
1919,5
1920,3
1921,0
1922,2
1923,2
1924,2
1925,2
1926,1
1927,0
1928,2
1929,0
1930,1
1931,1
1932,1
1933,0
1934,1
1935,5
1936,3
1937,3
1938,1
1939,3
1940,1
1941,1
1942,3
1943,0
1944,0
1945,4
1946,2
1947,1
1948,2
1949,6
1950,4
1951,3
1952,3
1953,4
1954,2
1955,1
1956,1
1957,1
1958,2
