0,1
1,2
2,1
3,2
4,2
5,1
6,1
7,4
8,3
9,1
10,4
11,0
12,3
13,3
14,2
15,0
16,3
17,2
18,2
19,1
20,1
21,1
22,1
23,2
24,3
25,3
26,4
27,2
28,1
29,1
30,2
31,2
32,2
33,1
34,1
35,0
36,4
37,0
38,2
39,1
40,3
41,2
42,2
43,2
44,1
45,1
46,1
47,3
48,2
49,4
50,1
51,4
52,2
53,0
54,2
55,2
56,0
57,1
58,2
59,0
60,1
61,4
62,1
63,2
64,2
65,0
66,2
67,2
68,2
69,2
70,1
71,3
72,0
73,0
74,1
75,3
76,2
77,3
78,0
79,4
80,0
81,1
82,1
83,1
84,2
85,1
86,4
87,1
88,5
89,2
90,4
91,2
92,1
93,0
94,1
95,3
96,3
97,1
98,0
99,0
100,2
101,0
102,0
103,1
104,1
105,0
106,1
107,3
108,4
109,1
110,2
111,0
112,0
113,1
114,1
115,1
116,2
117,0
118,0
119,1
120,1
121,0
122,0
123,0
124,1
125,2
126,0
127,2
128,1
129,1
130,2
131,2
132,0
133,3
134,2
135,0
136,4
137,0
138,4
139,1
140,3
141,0
142,2
143,3
144,2
145,0
146,3
147,3
148,4
149,1
150,2
151,1
152,2
153,1
154,1
155,1
156,0
157,0
158,0
159,1
160,1
161,2
162,2
163,1
164,1
165,1
166,1
167,0
168,2
169,0
170,5
171,1
172,1
173,2
174,3
175,1
176,0
177,4
178,1
179,2
180,4
181,2
182,0
183,2
184,3
185,3
186,1
187,1
188,2
189,4
190,2
191,1
192,1
193,2
194,3
195,1
196,1
197,1
198,2
199,3
200,2
201,3
202,1
203,1
204,2
205,2
206,1
207,0
208,4
209,2
210,0
211,2
212,3
213,1
214,4
215,7
216,3
217,1
218,3
219,3
220,3
221,2
222,1
223,3
224,3
225,3
226,2
227,6
228,6
229,1
230,1
231,4
232,3
233,1
234,1
235,4
236,4
237,3
238,2
239,1
240,2
241,2
242,1
243,0
244,2
245,1
246,1
247,1
248,2
249,1
250,1
251,3
252,2
253,1
254,1
255,3
256,1
257,0
258,3
259,1
260,4
261,0
262,5
263,2
264,6
265,1
266,1
267,2
268,2
269,3
270,3
271,2
272,1
273,1
274,3
275,1
276,2
277,1
278,4
279,1
280,0
281,1
282,1
283,2
284,1
285,6
286,3
287,1
288,2
289,3
290,0
291,2
292,1
293,3
294,2
295,4
296,2
297,0
298,1
299,2
300,1
301,2
302,1
303,3
304,2
305,2
306,1
307,4
308,0
309,1
310,0
311,1
312,2
313,2
314,2
315,2
316,4
317,1
318,2
319,2
320,4
321,2
322,5
323,2
324,2
325,0
326,0
327,0
328,3
329,4
330,4
331,1
332,3
333,1
334,5
335,1
336,4
337,4
338,5
339,3
340,3
341,5
342,3
343,2
344,2
345,2
346,3
347,0
348,2
349,3
350,1
351,1
352,2
353,4
354,2
355,3
356,3
357,2
358,0
359,1
360,1
361,2
362,1
363,0
364,3
365,5
366,3
367,2
368,3
369,3
370,3
371,1
372,2
373,0
374,1
375,1
376,2
377,0
378,2
379,2
380,3
381,4
382,1
383,3
384,1
385,2
386,1
387,2
388,4
389,2
390,2
391,1
392,1
393,1
394,2
395,4
396,1
397,0
398,4
399,1
400,4
401,1
402,3
403,4
404,3
405,0
406,2
407,1
408,1
409,3
410,1
411,1
412,1
413,1
414,1
415,2
416,1
417,1
418,1
419,2
420,2
421,1
422,4
423,0
424,4
425,3
426,1
427,3
428,3
429,2
430,3
431,5
432,1
433,4
434,2
435,5
436,1
437,3
438,3
439,1
440,0
441,5
442,6
443,2
444,1
445,2
446,2
447,1
448,3
449,1
450,2
451,1
452,1
453,1
454,2
455,2
456,3
457,2
458,0
459,1
460,6
461,4
462,3
463,2
464,2
465,1
466,5
467,0
468,3
469,4
470,2
471,2
472,1
473,4
474,2
475,3
476,1
477,2
478,3
479,4
480,1
481,1
482,2
483,3
484,3
485,4
486,3
487,2
488,2
489,2
490,1
491,1
492,0
493,2
494,1
495,1
496,1
497,5
498,4
499,3
500,0
501,1
502,1
503,3
504,1
505,2
506,2
507,1
508,4
509,2
510,1
511,2
512,4
513,1
514,4
515,0
516,2
517,0
518,0
519,2
520,5
521,1
522,3
523,2
524,1
525,2
526,3
527,5
528,1
529,5
530,3
531,2
532,0
533,3
534,1
535,1
536,1
537,2
538,2
539,1
540,3
541,4
542,3
543,2
544,3
545,1
546,0
547,4
548,3
549,2
550,1
551,2
552,0
553,0
554,1
555,2
556,1
557,1
558,2
559,2
560,1
561,2
562,3
563,0
564,3
565,1
566,3
567,1
568,2
569,2
570,1
571,0
572,1
573,2
574,1
575,4
576,2
577,1
578,3
579,4
580,3
581,3
582,0
583,1
584,1
585,3
586,1
587,1
588,1
589,2
590,4
591,0
592,0
593,5
594,2
595,2
596,4
597,1
598,2
599,2
600,1
601,2
602,2
603,2
604,3
605,1
606,3
607,2
608,1
609,1
610,0
611,2
612,2
613,1
614,4
615,1
616,0
617,1
618,1
619,1
620,2
621,2
622,3
623,1
624,0
625,1
626,1
627,1
628,4
629,4
630,1
631,0
632,0
633,0
634,2
635,2
636,1
637,1
638,2
639,1
640,3
641,0
642,3
643,5
644,1
645,1
646,1
647,0
648,4
649,2
650,2
651,2
652,1
653,3
654,1
655,3
656,1
657,0
658,1
659,2
660,2
661,1
662,1
663,4
664,1
665,2
666,1
667,1
668,1
669,1
670,1
671,2
672,0
673,3
674,0
675,2
676,1
677,2
678,1
679,1
680,1
681,1
682,1
683,1
684,2
685,2
686,0
687,2
688,1
689,0
690,1
691,2
692,0
693,4
694,5
695,1
696,0
697,0
698,1
699,1
700,1
701,1
702,1
703,0
704,4
705,0
706,2
707,3
708,0
709,4
710,3
711,1
712,2
713,1
714,4
715,3
716,0
717,0
718,3
719,1
720,0
721,3
722,4
723,1
724,2
725,2
726,0
727,4
728,1
729,2
730,1
731,1
732,1
733,0
734,2
735,3
736,2
737,1
738,1
739,2
740,1
741,1
742,3
743,1
744,1
745,3
746,2
747,0
748,4
749,3
750,1
751,1
752,1
753,1
754,1
755,3
756,4
757,2
758,2
759,2
760,1
761,3
762,2
763,2
764,2
765,2
766,0
767,1
768,3
769,4
770,3
771,1
772,1
773,2
774,3
775,1
776,2
777,0
778,0
779,3
780,3
781,1
782,4
783,2
784,3
785,6
786,2
787,5
788,2
789,0
790,3
791,2
792,1
793,1
794,2
795,1
796,2
797,1
798,1
799,5
800,2
801,2
802,2
803,3
804,5
805,2
806,4
807,1
808,2
809,4
810,3
811,3
812,2
813,1
814,2
815,2
816,1
817,3
818,2
819,1
820,1
821,1
822,1
823,4
824,4
825,2
826,2
827,2
828,2
829,2
830,3
831,3
832,3
833,3
834,2
835,3
836,0
837,2
838,1
839,1
840,1
841,4
842,3
843,2
844,4
845,1
846,1
847,2
848,1
849,1
850,3
851,4
852,1
853,1
854,3
855,1
856,2
857,0
858,3
859,1
860,0
861,1
862,2
863,3
864,2
865,0
866,2
867,1
868,1
869,2
870,3
871,1
872,5
873,2
874,3
875,1
876,2
877,4
878,2
879,2
880,2
881,4
882,4
883,4
884,1
885,2
886,1
887,1
888,1
889,1
890,4
891,2
892,1
893,4
894,4
895,4
896,1
897,5
898,1
899,2
900,1
901,5
902,4
903,1
904,4
905,3
906,3
907,4
908,2
909,1
910,1
911,1
912,3
913,1
914,1
915,2
916,2
917,1
918,3
919,1
920,1
921,3
922,1
923,3
924,2
925,3
926,1
927,5
928,2
929,4
930,2
931,3
932,4
933,1
934,1
935,2
936,1
937,0
938,2
939,1
940,3
941,1
942,4
943,1
944,1
945,1
946,3
947,1
948,0
949,1
950,3
951,0
952,2
953,1
954,0
955,0
956,0
957,1
958,0
959,3
960,2
961,2
962,1
963,1
964,2
965,1
966,2
967,0
968,3
969,1
970,2
971,1
972,3
973,1
974,2
975,4
976,2
977,3
978,1
979,2
980,1
981,2
982,0
983,1
984,1
985,3
986,2
987,2
988,1
989,1
990,2
991,1
992,1
993,2
994,1
995,2
996,0
997,5
998,4
999,0
1000,1
1001,1
1002,5
1003,1
1004,4
1005,2
1006,3
1007,2
1008,1
1009,2
1010,1
1011,0
1012,1
1013,1
1014,2
1015,2
1016,2
1017,2
1018,1
1019,1
1020,0
1021,1
1022,1
1023,1
1024,1
1025,0
1026,6
1027,1
1028,1
1029,2
1030,1
1031,1
1032,2
1033,3
1034,1
1035,2
1036,2
1037,0
1038,2
1039,1
1040,1
1041,4
1042,1
1043,1
1044,3
1045,1
1046,2
1047,3
1048,3
1049,1
1050,4
1051,4
1052,3
1053,2
1054,0
1055,4
1056,0
1057,5
1058,2
1059,2
1060,2
1061,2
1062,1
1063,0
1064,0
1065,2
1066,2
1067,3
1068,1
1069,1
1070,3
1071,2
1072,3
1073,0
1074,1
1075,1
1076,1
1077,4
1078,2
1079,3
1080,3
1081,1
1082,3
1083,1
1084,0
1085,1
1086,1
1087,3
1088,1
1089,2
1090,2
1091,4
1092,1
1093,1
1094,2
1095,3
1096,1
1097,0
1098,1
1099,0
1100,1
1101,1
1102,2
1103,4
1104,2
1105,5
1106,2
1107,4
1108,1
1109,1
1110,0
1111,1
1112,1
1113,2
1114,2
1115,2
1116,2
1117,2
1118,1
1119,1
1120,2
1121,2
1122,2
1123,3
1124,1
1125,3
1126,3
1127,3
1128,1
1129,2
1130,0
1131,1
1132,1
1133,3
1134,0
1135,3
1136,0
1137,1
1138,1
1139,1
1140,3
1141,5
1142,2
1143,3
1144,3
1145,5
1146,0
1147,1
1148,1
1149,1
1150,1
1151,2
1152,1
1153,2
1154,1
1155,1
1156,3
1157,5
1158,4
1159,2
1160,1
1161,2
1162,2
1163,3
1164,3
1165,4
1166,1
1167,0
1168,2
1169,1
1170,3
1171,1
1172,3
1173,1
1174,2
1175,0
1176,0
1177,2
1178,0
1179,1
1180,2
1181,3
1182,5
1183,3
1184,1
1185,0
1186,0
1187,1
1188,2
1189,0
1190,2
1191,4
1192,1
1193,1
1194,1
1195,0
1196,2
1197,1
1198,1
1199,3
1200,1
1201,1
1202,3
1203,3
1204,3
1205,2
1206,0
1207,0
1208,2
1209,1
1210,2
1211,2
1212,2
1213,1
1214,3
1215,2
1216,2
1217,3
1218,0
1219,0
1220,0
1221,1
1222,1
1223,0
1224,1
1225,2
1226,3
1227,0
1228,2
1229,3
1230,5
1231,0
1232,2
1233,3
1234,2
1235,3
1236,2
1237,1
1238,2
1239,1
1240,1
1241,1
1242,4
1243,1
1244,4
1245,2
1246,1
1247,4
1248,0
1249,2
1250,2
1251,0
1252,1
1253,5
1254,0
1255,5
1256,2
1257,2
1258,1
1259,1
1260,0
1261,2
1262,0
1263,0
1264,1
1265,3
1266,5
1267,5
1268,1
1269,1
1270,2
1271,1
1272,6
1273,2
1274,3
1275,2
1276,1
1277,3
1278,0
1279,1
1280,3
1281,2
1282,1
1283,1
1284,1
1285,2
1286,1
1287,3
1288,3
1289,2
1290,1
1291,2
1292,2
1293,1
1294,2
1295,1
1296,1
1297,2
1298,1
1299,1
1300,2
1301,3
1302,4
1303,2
1304,3
1305,2
1306,0
1307,2
1308,2
1309,3
1310,3
1311,6
1312,4
1313,1
1314,2
1315,1
1316,1
1317,4
1318,1
1319,2
1320,3
1321,1
1322,3
1323,1
1324,2
1325,0
1326,3
1327,0
1328,1
1329,1
1330,1
1331,2
1332,3
1333,2
1334,3
1335,1
1336,2
1337,2
1338,2
1339,1
1340,4
1341,3
1342,1
1343,1
1344,2
1345,1
1346,3
1347,1
1348,2
1349,2
1350,1
1351,3
1352,2
1353,1
1354,2
1355,1
1356,2
1357,1
1358,0
1359,1
1360,2
1361,3
1362,2
1363,2
1364,5
1365,3
1366,3
1367,3
1368,1
1369,0
1370,2
1371,7
1372,3
1373,2
1374,1
1375,2
1376,2
1377,3
1378,3
1379,1
1380,1
1381,0
1382,0
1383,2
1384,6
1385,1
1386,2
1387,2
1388,2
1389,1
1390,1
1391,1
1392,1
1393,1
1394,3
1395,1
1396,3
1397,1
1398,4
1399,2
1400,3
1401,6
1402,1
1403,1
1404,2
1405,2
1406,3
1407,4
1408,1
1409,2
1410,2
1411,2
1412,3
1413,1
1414,3
1415,2
1416,7
1417,2
1418,2
1419,0
1420,0
1421,2
1422,2
1423,3
1424,1
1425,1
1426,2
1427,2
1428,1
1429,1
1430,3
1431,0
1432,1
1433,1
1434,3
1435,1
1436,5
1437,0
1438,1
1439,1
1440,5
1441,3
1442,2
1443,2
1444,1
1445,4
1446,2
1447,3
1448,0
1449,2
1450,2
1451,3
1452,5
1453,2
1454,3
1455,1
1456,1
1457,0
1458,3
1459,2
1460,1
1461,2
1462,3
1463,1
1464,2
1465,1
1466,4
1467,4
1468,1
1469,2
1470,3
1471,1
1472,2
1473,3
1474,4
1475,3
1476,3
1477,1
1478,4
1479,2
1480,5
1481,1
1482,2
1483,4
1484,1
1485,1
1486,1
1487,1
1488,2
1489,1
1490,1
1491,2
1492,2
1493,3
1494,4
1495,3
1496,2
1497,2
1498,3
1499,3
1500,2
1501,3
1502,4
1503,1
1504,1
1505,1
1506,2
1507,4
1508,3
1509,0
1510,0
1511,2
1512,2
1513,3
1514,1
1515,2
1516,1
1517,1
1518,2
1519,1
1520,2
1521,3
1522,3
1523,2
1524,2
1525,2
1526,4
1527,2
1528,2
1529,1
1530,2
1531,3
1532,2
1533,2
1534,2
1535,2
1536,2
1537,1
1538,1
1539,0
1540,3
1541,1
1542,1
1543,2
1544,2
1545,3
1546,1
1547,1
1548,1
1549,2
1550,1
1551,1
1552,2
1553,5
1554,3
1555,2
1556,3
1557,3
1558,2
1559,2
1560,1
1561,3
1562,4
1563,1
1564,1
1565,2
1566,3
1567,4
1568,4
1569,2
1570,4
1571,2
1572,2
1573,3
1574,4
1575,4
1576,0
1577,1
1578,1
1579,2
1580,2
1581,1
1582,3
1583,1
1584,1
1585,1
1586,3
1587,4
1588,1
1589,2
1590,1
1591,1
1592,4
1593,1
1594,2
1595,3
1596,1
1597,1
1598,3
1599,2
1600,0
1601,0
1602,2
1603,4
1604,4
1605,2
1606,2
1607,3
1608,0
1609,2
1610,4
1611,0
1612,2
1613,0
1614,1
1615,1
1616,3
1617,3
1618,2
1619,1
1620,1
1621,4
1622,0
1623,2
1624,2
1625,1
1626,3
1627,4
1628,1
1629,3
1630,0
1631,2
1632,1
1633,1
1634,4
1635,1
1636,1
1637,1
1638,0
1639,2
1640,1
1641,1
1642,0
1643,3
1644,3
1645,2
1646,1
1647,0
1648,3
1649,1
1650,1
1651,3
1652,1
1653,1
1654,1
1655,3
1656,2
1657,2
1658,5
1659,3
1660,0
1661,3
1662,2
1663,1
1664,1
1665,0
1666,1
1667,2
1668,2
1669,2
1670,0
1671,3
1672,1
1673,1
1674,1
1675,2
1676,1
1677,1
1678,2
1679,3
1680,1
1681,3
1682,0
1683,2
1684,0
1685,1
1686,1
1687,2
1688,0
1689,0
1690,2
1691,1
1692,4
1693,3
1694,2
1695,2
1696,2
1697,0
1698,2
1699,1
1700,2
1701,0
1702,3
1703,2
1704,1
1705,1
1706,3
1707,2
1708,3
1709,2
1710,1
1711,1
1712,1
1713,1
1714,5
1715,1
1716,5
1717,1
1718,3
1719,2
1720,1
1721,3
1722,2
1723,1
1724,1
1725,1
1726,2
1727,1
1728,1
1729,1
1730,1
1731,2
1732,1
1733,3
1734,4
1735,2
1736,1
1737,2
1738,2
1739,3
1740,1
1741,2
1742,3
1743,3
1744,3
1745,3
1746,2
1747,1
1748,1
1749,1
1750,3
1751,1
1752,1
1753,1
1754,2
1755,3
1756,2
1757,2
1758,3
1759,2
1760,1
1761,2
1762,3
1763,3
1764,2
1765,1
1766,3
1767,1
1768,2
1769,2
1770,4
1771,1
1772,0
1773,1
1774,3
1775,1
1776,2
1777,1
1778,1
1779,2
1780,0
1781,2
1782,0
1783,2
1784,4
1785,3
1786,3
1787,3
1788,1
1789,3
1790,2
1791,3
1792,1
1793,3
1794,1
1795,2
1796,2
1797,1
1798,0
1799,3
1800,2
1801,1
1802,0
1803,3
1804,3
1805,1
1806,2
1807,2
1808,2
1809,3
1810,1
1811,3
1812,0
1813,2
1814,3
1815,5
1816,1
1817,2
1818,3
1819,2
1820,6
1821,2
1822,0
1823,2
1824,2
1825,2
1826,0
1827,3
1828,2
1829,1
1830,4
1831,1
1832,1
1833,2
1834,3
1835,1
1836,1
1837,2
1838,1
1839,1
1840,2
1841,3
1842,1
1843,2
1844,1
1845,2
1846,0
1847,2
1848,6
1849,2
1850,3
1851,2
1852,0
1853,2
1854,1
1855,2
1856,1
1857,1
1858,4
1859,2
1860,1
1861,3
1862,2
1863,0
1864,3
1865,4
1866,1
1867,1
1868,1
1869,1
1870,3
1871,0
1872,1
1873,1
1874,3
1875,1
1876,3
1877,4
1878,0
1879,1
1880,2
1881,3
1882,2
1883,1
1884,0
1885,3
1886,1
1887,1
1888,0
1889,5
1890,1
1891,3
1892,1
1893,2
1894,2
1895,3
1896,3
1897,1
1898,2
1899,1
1900,1
1901,1
1902,2
1903,5
1904,3
1905,2
1906,3
1907,1
1908,3
1909,4
1910,1
1911,2
1912,2
1913,1
1914,3
1915,2
1916,1
1917,5
1918,3
1919,3
1920,2
1921,3
1922,1
1923,2
1924,4
1925,2
1926,2
1927,4
1928,3
1929,2
1930,1
1931,1
1932,1
1933,0
1934,0
1935,5
1936,2
1937,2
1938,1
1939,1
1940,1
1941,2
1942,3
1943,1
1944,3
1945,1
1946,2
1947,1
1948,3
1949,4
1950,3
1951,4
1952,3
1953,4
1954,3
1955,1
1956,1
1957,3
1958,3
