0,0
1,1
2,3
3,1
4,1
5,0
6,1
7,5
8,3
9,1
10,3
11,0
12,0
13,1
14,2
15,3
16,0
17,3
18,2
19,0
20,0
21,0
22,4
23,0
24,4
25,3
26,3
27,5
28,1
29,2
30,3
31,0
32,3
33,1
34,1
35,1
36,4
37,3
38,0
39,1
40,5
41,1
42,0
43,3
44,1
45,0
46,1
47,1
48,1
49,1
50,1
51,3
52,3
53,1
54,1
55,1
56,1
57,1
58,2
59,0
60,1
61,2
62,0
63,1
64,1
65,0
66,0
67,3
68,1
69,0
70,3
71,1
72,1
73,1
74,2
75,1
76,1
77,3
78,1
79,1
80,0
81,1
82,2
83,2
84,4
85,3
86,0
87,0
88,0
89,2
90,1
91,2
92,1
93,0
94,4
95,1
96,0
97,1
98,1
99,3
100,2
101,1
102,0
103,1
104,4
105,0
106,4
107,1
108,1
109,2
110,2
111,2
112,1
113,1
114,1
115,1
116,2
117,0
118,1
119,2
120,0
121,0
122,0
123,1
124,1
125,1
126,0
127,0
128,3
129,0
130,1
131,4
132,2
133,1
134,2
135,1
136,1
137,0
138,2
139,1
140,5
141,0
142,2
143,2
144,2
145,1
146,2
147,0
148,1
149,1
150,3
151,1
152,1
153,1
154,0
155,1
156,0
157,0
158,2
159,2
160,0
161,0
162,1
163,1
164,0
165,0
166,0
167,1
168,1
169,0
170,1
171,2
172,0
173,2
174,5
175,1
176,0
177,1
178,1
179,3
180,1
181,2
182,0
183,3
184,3
185,1
186,1
187,2
188,2
189,0
190,2
191,1
192,1
193,3
194,1
195,1
196,1
197,2
198,3
199,1
200,2
201,4
202,2
203,1
204,2
205,4
206,1
207,0
208,4
209,4
210,2
211,4
212,0
213,1
214,0
215,2
216,5
217,0
218,2
219,1
220,2
221,2
222,0
223,3
224,0
225,2
226,4
227,6
228,4
229,0
230,2
231,2
232,6
233,0
234,1
235,2
236,1
237,3
238,1
239,1
240,3
241,1
242,2
243,2
244,5
245,1
246,1
247,2
248,1
249,1
250,0
251,2
252,3
253,0
254,1
255,3
256,1
257,1
258,2
259,1
260,3
261,0
262,1
263,1
264,3
265,1
266,1
267,2
268,1
269,5
270,4
271,2
272,5
273,2
274,1
275,1
276,3
277,1
278,0
279,2
280,2
281,2
282,1
283,0
284,1
285,0
286,7
287,0
288,0
289,1
290,0
291,1
292,1
293,0
294,1
295,2
296,2
297,0
298,1
299,0
300,0
301,1
302,1
303,2
304,1
305,2
306,2
307,0
308,0
309,2
310,0
311,0
312,3
313,2
314,2
315,1
316,0
317,1
318,1
319,1
320,0
321,1
322,2
323,5
324,2
325,2
326,0
327,2
328,3
329,2
330,1
331,1
332,3
333,3
334,3
335,1
336,3
337,3
338,0
339,1
340,2
341,2
342,2
343,1
344,5
345,5
346,2
347,0
348,1
349,2
350,1
351,1
352,1
353,1
354,1
355,5
356,0
357,1
358,0
359,1
360,1
361,2
362,2
363,0
364,3
365,4
366,3
367,1
368,0
369,0
370,3
371,5
372,2
373,1
374,2
375,1
376,3
377,4
378,1
379,1
380,2
381,1
382,1
383,0
384,2
385,1
386,1
387,3
388,2
389,3
390,1
391,1
392,1
393,1
394,2
395,5
396,2
397,1
398,3
399,0
400,1
401,4
402,0
403,4
404,1
405,3
406,1
407,1
408,4
409,3
410,0
411,3
412,1
413,3
414,0
415,0
416,1
417,0
418,0
419,0
420,1
421,0
422,6
423,0
424,3
425,2
426,1
427,1
428,3
429,0
430,1
431,0
432,1
433,3
434,3
435,0
436,0
437,1
438,0
439,0
440,0
441,5
442,1
443,2
444,3
445,1
446,2
447,2
448,5
449,1
450,1
451,4
452,1
453,0
454,0
455,1
456,3
457,4
458,0
459,1
460,1
461,0
462,0
463,1
464,0
465,1
466,4
467,1
468,2
469,2
470,3
471,1
472,2
473,4
474,0
475,3
476,1
477,3
478,2
479,0
480,1
481,2
482,1
483,1
484,5
485,1
486,1
487,3
488,2
489,2
490,2
491,1
492,0
493,1
494,1
495,1
496,2
497,4
498,2
499,2
500,0
501,1
502,3
503,1
504,2
505,3
506,5
507,1
508,1
509,0
510,2
511,1
512,6
513,1
514,4
515,1
516,1
517,0
518,1
519,0
520,2
521,2
522,0
523,0
524,1
525,1
526,2
527,1
528,0
529,4
530,1
531,3
532,0
533,0
534,1
535,1
536,1
537,3
538,2
539,0
540,1
541,4
542,1
543,1
544,0
545,2
546,0
547,3
548,0
549,2
550,2
551,0
552,0
553,0
554,1
555,1
556,1
557,1
558,1
559,1
560,2
561,2
562,1
563,3
564,1
565,1
566,1
567,1
568,1
569,2
570,5
571,0
572,1
573,0
574,0
575,2
576,2
577,1
578,5
579,2
580,0
581,1
582,0
583,1
584,1
585,5
586,1
587,1
588,1
589,2
590,1
591,0
592,0
593,2
594,1
595,2
596,3
597,1
598,1
599,1
600,1
601,1
602,1
603,1
604,1
605,2
606,2
607,1
608,0
609,4
610,1
611,1
612,3
613,2
614,5
615,1
616,0
617,5
618,0
619,1
620,1
621,5
622,1
623,1
624,0
625,2
626,1
627,1
628,7
629,1
630,1
631,3
632,3
633,1
634,3
635,1
636,2
637,0
638,1
639,3
640,1
641,0
642,1
643,5
644,1
645,1
646,1
647,0
648,1
649,5
650,1
651,1
652,0
653,0
654,1
655,2
656,0
657,1
658,2
659,2
660,3
661,4
662,0
663,1
664,1
665,4
666,1
667,1
668,2
669,0
670,0
671,5
672,1
673,3
674,5
675,0
676,0
677,1
678,2
679,1
680,3
681,1
682,1
683,1
684,1
685,0
686,1
687,1
688,0
689,2
690,0
691,1
692,2
693,4
694,4
695,1
696,2
697,0
698,2
699,1
700,1
701,1
702,1
703,0
704,2
705,0
706,1
707,0
708,1
709,1
710,1
711,4
712,1
713,1
714,0
715,3
716,1
717,0
718,1
719,1
720,2
721,1
722,1
723,0
724,2
725,0
726,0
727,0
728,0
729,1
730,1
731,1
732,0
733,1
734,3
735,1
736,1
737,1
738,1
739,0
740,1
741,5
742,3
743,3
744,1
745,2
746,2
747,0
748,1
749,1
750,0
751,1
752,1
753,3
754,1
755,0
756,2
757,2
758,1
759,1
760,1
761,0
762,0
763,2
764,3
765,3
766,0
767,1
768,1
769,1
770,0
771,4
772,1
773,0
774,4
775,2
776,1
777,0
778,0
779,1
780,3
781,0
782,3
783,1
784,3
785,3
786,5
787,2
788,1
789,1
790,3
791,3
792,0
793,1
794,1
795,1
796,1
797,1
798,0
799,5
800,1
801,1
802,1
803,0
804,2
805,1
806,2
807,1
808,2
809,3
810,2
811,2
812,3
813,1
814,3
815,2
816,1
817,1
818,4
819,3
820,5
821,3
822,1
823,2
824,1
825,1
826,1
827,0
828,4
829,2
830,1
831,2
832,2
833,10
834,2
835,1
836,0
837,0
838,3
839,3
840,0
841,2
842,4
843,0
844,4
845,1
846,2
847,0
848,3
849,1
850,4
851,1
852,2
853,0
854,1
855,1
856,2
857,0
858,1
859,0
860,2
861,2
862,3
863,0
864,1
865,1
866,3
867,1
868,0
869,3
870,2
871,1
872,5
873,1
874,3
875,0
876,1
877,2
878,1
879,1
880,2
881,3
882,3
883,1
884,1
885,0
886,2
887,1
888,1
889,0
890,3
891,2
892,5
893,5
894,1
895,3
896,0
897,4
898,0
899,1
900,1
901,2
902,5
903,4
904,1
905,2
906,2
907,2
908,0
909,1
910,3
911,1
912,1
913,0
914,2
915,1
916,1
917,0
918,1
919,1
920,1
921,1
922,5
923,3
924,0
925,2
926,1
927,5
928,0
929,0
930,1
931,2
932,3
933,1
934,3
935,3
936,3
937,0
938,0
939,1
940,3
941,2
942,4
943,1
944,1
945,4
946,0
947,1
948,2
949,2
950,1
951,1
952,2
953,0
954,0
955,2
956,2
957,1
958,1
959,1
960,1
961,2
962,0
963,2
964,1
965,1
966,0
967,0
968,2
969,1
970,1
971,2
972,3
973,0
974,1
975,2
976,1
977,1
978,0
979,1
980,3
981,3
982,2
983,3
984,1
985,1
986,2
987,1
988,1
989,1
990,2
991,2
992,1
993,1
994,1
995,0
996,0
997,3
998,2
999,0
1000,1
1001,2
1002,5
1003,2
1004,6
1005,1
1006,1
1007,0
1008,1
1009,1
1010,2
1011,0
1012,5
1013,2
1014,2
1015,1
1016,5
1017,1
1018,1
1019,3
1020,1
1021,1
1022,1
1023,1
1024,1
1025,0
1026,1
1027,1
1028,0
1029,1
1030,2
1031,1
1032,1
1033,0
1034,1
1035,2
1036,1
1037,1
1038,1
1039,1
1040,0
1041,1
1042,2
1043,1
1044,1
1045,1
1046,1
1047,1
1048,4
1049,1
1050,1
1051,2
1052,0
1053,1
1054,1
1055,1
1056,0
1057,3
1058,1
1059,1
1060,1
1061,2
1062,4
1063,1
1064,0
1065,3
1066,0
1067,0
1068,1
1069,1
1070,2
1071,2
1072,3
1073,0
1074,1
1075,1
1076,1
1077,3
1078,1
1079,5
1080,1
1081,1
1082,2
1083,1
1084,0
1085,0
1086,2
1087,1
1088,1
1089,2
1090,1
1091,0
1092,4
1093,0
1094,5
1095,3
1096,0
1097,0
1098,0
1099,0
1100,0
1101,1
1102,1
1103,2
1104,4
1105,1
1106,0
1107,4
1108,1
1109,0
1110,0
1111,0
1112,2
1113,2
1114,3
1115,3
1116,2
1117,0
1118,1
1119,2
1120,0
1121,2
1122,1
1123,0
1124,0
1125,1
1126,4
1127,0
1128,1
1129,3
1130,0
1131,1
1132,4
1133,1
1134,1
1135,0
1136,1
1137,2
1138,2
1139,3
1140,2
1141,3
1142,1
1143,5
1144,3
1145,1
1146,0
1147,1
1148,1
1149,2
1150,1
1151,3
1152,2
1153,0
1154,3
1155,1
1156,2
1157,2
1158,1
1159,5
1160,2
1161,3
1162,1
1163,1
1164,4
1165,3
1166,1
1167,0
1168,0
1169,1
1170,3
1171,1
1172,1
1173,1
1174,2
1175,0
1176,0
1177,3
1178,1
1179,3
1180,1
1181,1
1182,4
1183,3
1184,1
1185,0
1186,0
1187,2
1188,3
1189,0
1190,2
1191,4
1192,0
1193,1
1194,0
1195,0
1196,2
1197,0
1198,4
1199,1
1200,1
1201,2
1202,4
1203,1
1204,1
1205,1
1206,2
1207,0
1208,1
1209,1
1210,2
1211,1
1212,1
1213,1
1214,1
1215,1
1216,1
1217,2
1218,2
1219,2
1220,0
1221,5
1222,2
1223,0
1224,1
1225,1
1226,1
1227,2
1228,1
1229,2
1230,3
1231,2
1232,1
1233,2
1234,1
1235,0
1236,1
1237,1
1238,5
1239,1
1240,3
1241,3
1242,4
1243,0
1244,6
1245,1
1246,0
1247,1
1248,0
1249,1
1250,1
1251,0
1252,1
1253,2
1254,0
1255,2
1256,1
1257,1
1258,1
1259,1
1260,0
1261,0
1262,0
1263,0
1264,1
1265,3
1266,3
1267,1
1268,1
1269,1
1270,0
1271,0
1272,3
1273,3
1274,2
1275,2
1276,0
1277,2
1278,0
1279,3
1280,3
1281,1
1282,1
1283,0
1284,1
1285,1
1286,1
1287,2
1288,5
1289,1
1290,0
1291,1
1292,3
1293,1
1294,5
1295,2
1296,0
1297,1
1298,1
1299,0
1300,0
1301,2
1302,2
1303,1
1304,1
1305,1
1306,0
1307,0
1308,4
1309,1
1310,1
1311,3
1312,2
1313,1
1314,3
1315,3
1316,0
1317,4
1318,1
1319,3
1320,3
1321,1
1322,3
1323,1
1324,2
1325,0
1326,3
1327,1
1328,1
1329,1
1330,5
1331,2
1332,2
1333,3
1334,1
1335,3
1336,1
1337,1
1338,0
1339,1
1340,1
1341,5
1342,1
1343,2
1344,2
1345,5
1346,2
1347,1
1348,1
1349,0
1350,1
1351,2
1352,5
1353,0
1354,1
1355,1
1356,2
1357,1
1358,0
1359,1
1360,2
1361,0
1362,4
1363,3
1364,2
1365,0
1366,4
1367,6
1368,1
1369,2
1370,3
1371,1
1372,7
1373,1
1374,2
1375,2
1376,3
1377,4
1378,0
1379,1
1380,1
1381,2
1382,0
1383,1
1384,3
1385,0
1386,3
1387,2
1388,1
1389,1
1390,0
1391,0
1392,2
1393,1
1394,1
1395,2
1396,1
1397,2
1398,1
1399,4
1400,3
1401,2
1402,1
1403,0
1404,3
1405,1
1406,2
1407,1
1408,1
1409,1
1410,2
1411,1
1412,3
1413,0
1414,3
1415,1
1416,2
1417,1
1418,3
1419,3
1420,1
1421,2
1422,1
1423,1
1424,1
1425,1
1426,1
1427,0
1428,3
1429,0
1430,2
1431,0
1432,0
1433,1
1434,1
1435,2
1436,2
1437,0
1438,2
1439,1
1440,0
1441,1
1442,1
1443,1
1444,1
1445,1
1446,3
1447,5
1448,1
1449,3
1450,0
1451,0
1452,1
1453,1
1454,3
1455,1
1456,2
1457,0
1458,3
1459,1
1460,1
1461,0
1462,0
1463,0
1464,3
1465,1
1466,1
1467,1
1468,0
1469,0
1470,1
1471,1
1472,5
1473,1
1474,4
1475,1
1476,1
1477,1
1478,3
1479,1
1480,3
1481,2
1482,4
1483,1
1484,1
1485,1
1486,1
1487,3
1488,4
1489,0
1490,3
1491,1
1492,1
1493,3
1494,0
1495,3
1496,2
1497,1
1498,1
1499,0
1500,2
1501,2
1502,1
1503,1
1504,1
1505,0
1506,0
1507,0
1508,1
1509,0
1510,0
1511,3
1512,2
1513,4
1514,1
1515,1
1516,1
1517,2
1518,1
1519,0
1520,1
1521,1
1522,1
1523,3
1524,0
1525,4
1526,1
1527,2
1528,3
1529,1
1530,2
1531,1
1532,0
1533,4
1534,4
1535,1
1536,2
1537,1
1538,3
1539,0
1540,0
1541,3
1542,1
1543,4
1544,1
1545,3
1546,2
1547,1
1548,2
1549,1
1550,2
1551,0
1552,0
1553,3
1554,2
1555,1
1556,1
1557,1
1558,2
1559,1
1560,1
1561,0
1562,2
1563,1
1564,2
1565,2
1566,2
1567,5
1568,1
1569,4
1570,2
1571,0
1572,1
1573,2
1574,2
1575,1
1576,1
1577,2
1578,1
1579,2
1580,2
1581,1
1582,1
1583,2
1584,1
1585,1
1586,1
1587,1
1588,1
1589,0
1590,6
1591,1
1592,2
1593,0
1594,1
1595,0
1596,1
1597,3
1598,1
1599,4
1600,1
1601,0
1602,1
1603,3
1604,0
1605,1
1606,6
1607,1
1608,0
1609,3
1610,1
1611,1
1612,3
1613,3
1614,1
1615,3
1616,0
1617,0
1618,1
1619,1
1620,4
1621,1
1622,1
1623,1
1624,0
1625,1
1626,5
1627,1
1628,2
1629,0
1630,0
1631,2
1632,1
1633,1
1634,1
1635,1
1636,1
1637,1
1638,1
1639,3
1640,0
1641,0
1642,2
1643,1
1644,1
1645,0
1646,2
1647,1
1648,3
1649,1
1650,1
1651,2
1652,3
1653,2
1654,0
1655,1
1656,1
1657,3
1658,3
1659,0
1660,0
1661,3
1662,1
1663,1
1664,4
1665,0
1666,1
1667,1
1668,2
1669,1
1670,4
1671,1
1672,1
1673,1
1674,0
1675,1
1676,1
1677,1
1678,0
1679,1
1680,1
1681,1
1682,1
1683,1
1684,3
1685,4
1686,3
1687,0
1688,0
1689,1
1690,1
1691,2
1692,1
1693,1
1694,1
1695,0
1696,3
1697,1
1698,0
1699,1
1700,0
1701,0
1702,0
1703,3
1704,1
1705,2
1706,5
1707,1
1708,3
1709,2
1710,1
1711,0
1712,1
1713,1
1714,2
1715,1
1716,2
1717,1
1718,3
1719,3
1720,0
1721,3
1722,0
1723,1
1724,1
1725,1
1726,1
1727,1
1728,1
1729,2
1730,1
1731,4
1732,1
1733,2
1734,0
1735,3
1736,2
1737,4
1738,3
1739,2
1740,1
1741,0
1742,1
1743,1
1744,2
1745,1
1746,1
1747,1
1748,3
1749,3
1750,2
1751,1
1752,1
1753,1
1754,1
1755,2
1756,1
1757,3
1758,1
1759,1
1760,1
1761,1
1762,3
1763,2
1764,1
1765,0
1766,1
1767,2
1768,3
1769,1
1770,0
1771,0
1772,0
1773,2
1774,1
1775,2
1776,0
1777,0
1778,5
1779,2
1780,0
1781,1
1782,0
1783,1
1784,3
1785,1
1786,1
1787,1
1788,1
1789,1
1790,3
1791,1
1792,1
1793,2
1794,1
1795,4
1796,2
1797,0
1798,0
1799,2
1800,2
1801,0
1802,0
1803,2
1804,5
1805,1
1806,4
1807,1
1808,1
1809,1
1810,4
1811,1
1812,0
1813,0
1814,4
1815,0
1816,0
1817,1
1818,1
1819,1
1820,0
1821,1
1822,0
1823,1
1824,2
1825,2
1826,0
1827,1
1828,1
1829,4
1830,4
1831,1
1832,1
1833,0
1834,3
1835,2
1836,1
1837,3
1838,1
1839,1
1840,1
1841,1
1842,1
1843,1
1844,1
1845,1
1846,0
1847,1
1848,0
1849,2
1850,3
1851,0
1852,1
1853,2
1854,1
1855,2
1856,1
1857,0
1858,1
1859,1
1860,1
1861,2
1862,3
1863,0
1864,1
1865,1
1866,0
1867,1
1868,0
1869,2
1870,0
1871,0
1872,4
1873,1
1874,1
1875,1
1876,5
1877,0
1878,0
1879,1
1880,2
1881,2
1882,2
1883,1
1884,0
1885,1
1886,3
1887,4
1888,1
1889,2
1890,0
1891,1
1892,1
1893,1
1894,1
1895,1
1896,1
1897,1
1898,1
1899,1
1900,1
1901,5
1902,2
1903,3
1904,2
1905,6
1906,3
1907,1
1908,1
1909,1
1910,0
1911,0
1912,2
1913,2
1914,5
1915,1
1916,1
1917,2
1918,0
1919,1
1920,1
1921,1
1922,1
1923,0
1924,1
1925,0
1926,1
1927,1
1928,5
1929,3
1930,1
1931,1
1932,1
1933,0
1934,1
1935,2
1936,3
1937,2
1938,0
1939,2
1940,1
1941,2
1942,1
1943,1
1944,1
1945,0
1946,1
1947,1
1948,3
1949,1
1950,1
1951,1
1952,4
1953,0
1954,5
1955,2
1956,1
1957,2
1958,0
