0,0
1,1
2,2
3,0
4,1
5,0
6,1
7,1
8,2
9,3
10,3
11,2
12,0
13,1
14,2
15,1
16,1
17,2
18,3
19,1
20,0
21,0
22,1
23,0
24,2
25,2
26,0
27,1
28,4
29,2
30,3
31,0
32,2
33,1
34,2
35,1
36,3
37,3
38,0
39,1
40,1
41,1
42,0
43,3
44,3
45,0
46,1
47,1
48,1
49,2
50,2
51,1
52,0
53,1
54,1
55,2
56,1
57,3
58,2
59,2
60,0
61,1
62,0
63,1
64,1
65,1
66,0
67,5
68,2
69,0
70,3
71,1
72,2
73,5
74,2
75,1
76,3
77,3
78,2
79,1
80,0
81,1
82,4
83,0
84,3
85,1
86,0
87,0
88,1
89,1
90,1
91,0
92,2
93,0
94,2
95,0
96,0
97,2
98,1
99,1
100,1
101,1
102,2
103,0
104,0
105,1
106,1
107,1
108,1
109,1
110,5
111,0
112,1
113,0
114,2
115,0
116,2
117,0
118,3
119,1
120,0
121,3
122,0
123,2
124,1
125,0
126,1
127,0
128,3
129,1
130,0
131,1
132,1
133,2
134,2
135,1
136,1
137,0
138,1
139,1
140,4
141,2
142,3
143,1
144,2
145,1
146,1
147,0
148,1
149,1
150,2
151,1
152,1
153,1
154,0
155,1
156,1
157,1
158,2
159,1
160,0
161,0
162,0
163,1
164,0
165,0
166,0
167,0
168,1
169,0
170,1
171,1
172,0
173,2
174,1
175,2
176,0
177,1
178,1
179,3
180,0
181,5
182,2
183,2
184,3
185,1
186,1
187,1
188,2
189,0
190,5
191,1
192,1
193,2
194,1
195,2
196,1
197,1
198,3
199,0
200,4
201,2
202,4
203,2
204,2
205,2
206,3
207,0
208,6
209,2
210,4
211,3
212,0
213,3
214,0
215,3
216,1
217,0
218,1
219,2
220,3
221,1
222,0
223,2
224,0
225,2
226,0
227,3
228,3
229,0
230,2
231,1
232,2
233,0
234,1
235,2
236,1
237,1
238,2
239,5
240,6
241,1
242,5
243,1
244,2
245,0
246,2
247,1
248,1
249,0
250,0
251,0
252,4
253,2
254,1
255,2
256,2
257,1
258,1
259,1
260,1
261,1
262,0
263,2
264,2
265,0
266,3
267,3
268,1
269,2
270,2
271,1
272,0
273,1
274,1
275,1
276,2
277,2
278,0
279,5
280,0
281,2
282,0
283,0
284,1
285,0
286,1
287,2
288,2
289,3
290,3
291,1
292,2
293,0
294,3
295,4
296,2
297,2
298,3
299,0
300,0
301,2
302,1
303,2
304,0
305,1
306,2
307,0
308,2
309,1
310,0
311,1
312,3
313,2
314,2
315,2
316,0
317,1
318,4
319,1
320,0
321,2
322,1
323,3
324,3
325,1
326,0
327,2
328,2
329,3
330,0
331,1
332,3
333,1
334,0
335,3
336,1
337,4
338,0
339,1
340,3
341,1
342,1
343,1
344,5
345,2
346,2
347,1
348,1
349,2
350,1
351,1
352,0
353,1
354,0
355,1
356,0
357,1
358,0
359,1
360,0
361,1
362,3
363,2
364,2
365,3
366,4
367,1
368,0
369,0
370,1
371,1
372,3
373,2
374,1
375,1
376,2
377,1
378,1
379,1
380,2
381,1
382,1
383,0
384,1
385,1
386,1
387,2
388,1
389,2
390,0
391,1
392,1
393,1
394,2
395,3
396,1
397,1
398,3
399,0
400,2
401,0
402,0
403,3
404,1
405,1
406,0
407,3
408,2
409,4
410,0
411,1
412,3
413,2
414,0
415,0
416,1
417,0
418,0
419,2
420,1
421,0
422,4
423,0
424,1
425,1
426,2
427,1
428,3
429,0
430,1
431,0
432,2
433,2
434,5
435,0
436,2
437,3
438,0
439,0
440,0
441,3
442,1
443,1
444,2
445,3
446,2
447,1
448,2
449,2
450,1
451,3
452,2
453,0
454,0
455,5
456,2
457,0
458,0
459,1
460,1
461,0
462,0
463,2
464,0
465,1
466,1
467,1
468,2
469,2
470,3
471,1
472,1
473,3
474,1
475,3
476,1
477,4
478,2
479,0
480,0
481,1
482,1
483,1
484,5
485,0
486,1
487,3
488,2
489,2
490,1
491,2
492,2
493,1
494,1
495,1
496,0
497,2
498,2
499,4
500,1
501,1
502,2
503,2
504,3
505,0
506,2
507,2
508,1
509,0
510,1
511,0
512,2
513,2
514,2
515,1
516,3
517,0
518,0
519,0
520,2
521,1
522,1
523,1
524,0
525,1
526,2
527,0
528,0
529,2
530,0
531,0
532,2
533,0
534,1
535,1
536,0
537,4
538,2
539,2
540,1
541,4
542,1
543,1
544,0
545,1
546,0
547,2
548,0
549,3
550,2
551,0
552,0
553,2
554,1
555,2
556,5
557,1
558,0
559,1
560,1
561,2
562,2
563,2
564,3
565,1
566,1
567,1
568,0
569,4
570,1
571,4
572,1
573,0
574,0
575,1
576,4
577,1
578,3
579,2
580,0
581,1
582,1
583,1
584,1
585,2
586,2
587,1
588,0
589,1
590,2
591,0
592,0
593,1
594,2
595,2
596,0
597,2
598,1
599,1
600,1
601,0
602,0
603,1
604,1
605,1
606,1
607,1
608,1
609,1
610,1
611,1
612,1
613,1
614,1
615,0
616,0
617,2
618,0
619,1
620,1
621,2
622,1
623,1
624,0
625,1
626,2
627,1
628,3
629,1
630,3
631,1
632,1
633,2
634,2
635,0
636,4
637,0
638,1
639,2
640,2
641,1
642,1
643,3
644,1
645,0
646,1
647,1
648,2
649,3
650,1
651,3
652,0
653,0
654,0
655,1
656,0
657,2
658,1
659,1
660,3
661,2
662,0
663,0
664,1
665,1
666,1
667,4
668,0
669,0
670,0
671,3
672,1
673,2
674,1
675,0
676,1
677,3
678,1
679,1
680,1
681,1
682,1
683,2
684,0
685,0
686,2
687,1
688,0
689,1
690,0
691,0
692,0
693,2
694,2
695,1
696,0
697,1
698,1
699,1
700,1
701,0
702,2
703,0
704,1
705,0
706,1
707,0
708,1
709,1
710,2
711,0
712,1
713,2
714,0
715,2
716,1
717,0
718,1
719,1
720,2
721,3
722,2
723,0
724,2
725,0
726,0
727,0
728,1
729,0
730,1
731,1
732,0
733,1
734,3
735,3
736,0
737,1
738,1
739,0
740,0
741,6
742,5
743,2
744,4
745,3
746,0
747,0
748,1
749,2
750,0
751,3
752,2
753,2
754,2
755,0
756,1
757,2
758,0
759,1
760,0
761,0
762,0
763,0
764,2
765,2
766,0
767,1
768,4
769,0
770,0
771,0
772,1
773,0
774,4
775,3
776,0
777,0
778,2
779,4
780,1
781,0
782,2
783,1
784,2
785,1
786,4
787,0
788,2
789,0
790,2
791,1
792,0
793,1
794,1
795,1
796,2
797,1
798,0
799,3
800,2
801,3
802,0
803,0
804,1
805,2
806,1
807,1
808,2
809,3
810,1
811,1
812,2
813,4
814,3
815,4
816,1
817,1
818,1
819,1
820,1
821,1
822,1
823,3
824,1
825,0
826,1
827,0
828,2
829,1
830,1
831,1
832,3
833,3
834,1
835,1
836,0
837,0
838,1
839,2
840,0
841,2
842,4
843,0
844,4
845,4
846,1
847,0
848,1
849,1
850,3
851,1
852,1
853,0
854,1
855,1
856,1
857,1
858,1
859,0
860,2
861,1
862,2
863,0
864,0
865,1
866,2
867,0
868,0
869,1
870,2
871,2
872,2
873,1
874,3
875,0
876,1
877,1
878,1
879,2
880,1
881,1
882,2
883,1
884,1
885,0
886,1
887,1
888,3
889,2
890,1
891,3
892,1
893,3
894,1
895,3
896,1
897,4
898,0
899,1
900,1
901,0
902,5
903,2
904,1
905,1
906,0
907,2
908,0
909,3
910,2
911,1
912,1
913,0
914,2
915,1
916,2
917,0
918,1
919,1
920,2
921,1
922,2
923,2
924,0
925,3
926,1
927,3
928,0
929,0
930,1
931,0
932,3
933,3
934,3
935,2
936,3
937,2
938,0
939,4
940,3
941,2
942,3
943,3
944,2
945,0
946,0
947,1
948,1
949,1
950,1
951,1
952,0
953,1
954,0
955,0
956,1
957,1
958,0
959,1
960,1
961,1
962,2
963,1
964,2
965,1
966,0
967,0
968,2
969,2
970,2
971,1
972,1
973,0
974,1
975,2
976,2
977,2
978,0
979,1
980,1
981,2
982,1
983,2
984,3
985,1
986,2
987,1
988,1
989,1
990,3
991,2
992,3
993,2
994,1
995,0
996,0
997,3
998,1
999,0
1000,1
1001,0
1002,4
1003,3
1004,1
1005,0
1006,0
1007,0
1008,1
1009,2
1010,1
1011,3
1012,1
1013,2
1014,1
1015,1
1016,2
1017,0
1018,2
1019,0
1020,1
1021,1
1022,2
1023,0
1024,3
1025,1
1026,1
1027,2
1028,0
1029,3
1030,2
1031,1
1032,2
1033,0
1034,1
1035,4
1036,1
1037,1
1038,1
1039,3
1040,0
1041,1
1042,1
1043,0
1044,1
1045,0
1046,0
1047,1
1048,3
1049,1
1050,1
1051,2
1052,0
1053,2
1054,4
1055,1
1056,1
1057,2
1058,3
1059,2
1060,3
1061,1
1062,2
1063,5
1064,0
1065,2
1066,0
1067,0
1068,0
1069,1
1070,1
1071,1
1072,1
1073,0
1074,4
1075,1
1076,0
1077,3
1078,3
1079,3
1080,3
1081,1
1082,1
1083,1
1084,2
1085,0
1086,1
1087,0
1088,0
1089,1
1090,1
1091,0
1092,0
1093,0
1094,2
1095,1
1096,0
1097,1
1098,0
1099,2
1100,2
1101,1
1102,1
1103,5
1104,1
1105,0
1106,0
1107,4
1108,1
1109,0
1110,1
1111,0
1112,1
1113,2
1114,2
1115,1
1116,2
1117,0
1118,2
1119,1
1120,0
1121,2
1122,1
1123,0
1124,0
1125,1
1126,3
1127,0
1128,2
1129,1
1130,0
1131,2
1132,3
1133,1
1134,1
1135,0
1136,1
1137,1
1138,1
1139,1
1140,2
1141,2
1142,0
1143,1
1144,2
1145,0
1146,0
1147,0
1148,1
1149,1
1150,1
1151,1
1152,3
1153,0
1154,2
1155,1
1156,1
1157,1
1158,3
1159,2
1160,1
1161,2
1162,1
1163,1
1164,3
1165,4
1166,1
1167,1
1168,0
1169,3
1170,3
1171,1
1172,4
1173,3
1174,0
1175,1
1176,1
1177,2
1178,0
1179,3
1180,1
1181,1
1182,1
1183,2
1184,1
1185,1
1186,1
1187,1
1188,3
1189,1
1190,3
1191,4
1192,0
1193,1
1194,0
1195,3
1196,2
1197,0
1198,2
1199,1
1200,1
1201,3
1202,3
1203,1
1204,1
1205,1
1206,0
1207,1
1208,1
1209,1
1210,1
1211,1
1212,1
1213,0
1214,1
1215,1
1216,1
1217,2
1218,1
1219,2
1220,1
1221,2
1222,1
1223,1
1224,1
1225,1
1226,2
1227,1
1228,1
1229,2
1230,1
1231,2
1232,1
1233,3
1234,1
1235,0
1236,1
1237,4
1238,3
1239,1
1240,2
1241,3
1242,3
1243,0
1244,3
1245,1
1246,0
1247,0
1248,3
1249,2
1250,1
1251,1
1252,1
1253,1
1254,0
1255,1
1256,1
1257,1
1258,1
1259,2
1260,0
1261,0
1262,4
1263,3
1264,1
1265,2
1266,3
1267,1
1268,0
1269,1
1270,0
1271,0
1272,4
1273,4
1274,1
1275,1
1276,0
1277,0
1278,2
1279,4
1280,1
1281,1
1282,1
1283,0
1284,1
1285,2
1286,2
1287,2
1288,6
1289,3
1290,0
1291,1
1292,1
1293,1
1294,3
1295,1
1296,0
1297,1
1298,3
1299,0
1300,0
1301,1
1302,2
1303,1
1304,1
1305,1
1306,1
1307,0
1308,1
1309,2
1310,3
1311,2
1312,2
1313,1
1314,5
1315,4
1316,1
1317,4
1318,1
1319,1
1320,2
1321,1
1322,2
1323,1
1324,0
1325,2
1326,1
1327,0
1328,1
1329,1
1330,0
1331,1
1332,3
1333,2
1334,1
1335,1
1336,1
1337,1
1338,0
1339,1
1340,1
1341,1
1342,1
1343,2
1344,3
1345,1
1346,3
1347,2
1348,0
1349,0
1350,0
1351,2
1352,4
1353,0
1354,1
1355,1
1356,1
1357,0
1358,0
1359,1
1360,2
1361,0
1362,3
1363,3
1364,2
1365,0
1366,3
1367,0
1368,1
1369,3
1370,1
1371,1
1372,4
1373,1
1374,1
1375,4
1376,1
1377,4
1378,0
1379,1
1380,0
1381,1
1382,1
1383,1
1384,3
1385,0
1386,3
1387,3
1388,1
1389,1
1390,0
1391,0
1392,3
1393,1
1394,0
1395,1
1396,1
1397,3
1398,2
1399,2
1400,4
1401,1
1402,2
1403,0
1404,3
1405,1
1406,2
1407,2
1408,1
1409,1
1410,1
1411,0
1412,3
1413,0
1414,3
1415,2
1416,1
1417,1
1418,3
1419,0
1420,2
1421,3
1422,0
1423,1
1424,4
1425,1
1426,0
1427,0
1428,1
1429,1
1430,1
1431,1
1432,0
1433,1
1434,1
1435,4
1436,1
1437,4
1438,1
1439,1
1440,0
1441,1
1442,1
1443,0
1444,1
1445,2
1446,4
1447,4
1448,3
1449,1
1450,0
1451,2
1452,1
1453,2
1454,2
1455,1
1456,1
1457,0
1458,3
1459,2
1460,2
1461,1
1462,0
1463,0
1464,3
1465,0
1466,0
1467,1
1468,0
1469,0
1470,1
1471,1
1472,3
1473,2
1474,2
1475,2
1476,0
1477,1
1478,3
1479,1
1480,2
1481,3
1482,1
1483,0
1484,1
1485,2
1486,0
1487,4
1488,1
1489,0
1490,2
1491,1
1492,1
1493,2
1494,0
1495,1
1496,4
1497,1
1498,2
1499,0
1500,2
1501,3
1502,1
1503,1
1504,1
1505,0
1506,0
1507,0
1508,1
1509,3
1510,2
1511,2
1512,1
1513,2
1514,1
1515,0
1516,1
1517,0
1518,2
1519,0
1520,1
1521,1
1522,1
1523,1
1524,0
1525,0
1526,1
1527,2
1528,3
1529,2
1530,1
1531,1
1532,0
1533,2
1534,2
1535,2
1536,3
1537,1
1538,2
1539,3
1540,0
1541,1
1542,0
1543,3
1544,1
1545,3
1546,1
1547,3
1548,1
1549,2
1550,1
1551,0
1552,0
1553,1
1554,0
1555,2
1556,2
1557,0
1558,1
1559,1
1560,1
1561,0
1562,2
1563,3
1564,1
1565,2
1566,1
1567,2
1568,0
1569,0
1570,1
1571,0
1572,2
1573,1
1574,2
1575,1
1576,1
1577,1
1578,1
1579,0
1580,3
1581,1
1582,2
1583,1
1584,3
1585,1
1586,1
1587,1
1588,1
1589,0
1590,1
1591,2
1592,2
1593,0
1594,2
1595,0
1596,2
1597,2
1598,3
1599,4
1600,1
1601,0
1602,2
1603,2
1604,0
1605,0
1606,2
1607,1
1608,0
1609,2
1610,1
1611,0
1612,1
1613,0
1614,1
1615,0
1616,0
1617,0
1618,1
1619,1
1620,1
1621,1
1622,1
1623,1
1624,0
1625,1
1626,2
1627,1
1628,1
1629,0
1630,0
1631,1
1632,2
1633,2
1634,0
1635,2
1636,0
1637,2
1638,1
1639,1
1640,0
1641,0
1642,0
1643,0
1644,1
1645,0
1646,1
1647,1
1648,3
1649,0
1650,3
1651,1
1652,1
1653,3
1654,0
1655,2
1656,1
1657,2
1658,2
1659,0
1660,0
1661,2
1662,2
1663,1
1664,1
1665,1
1666,1
1667,0
1668,1
1669,2
1670,3
1671,0
1672,2
1673,1
1674,0
1675,1
1676,1
1677,1
1678,0
1679,1
1680,1
1681,0
1682,3
1683,1
1684,2
1685,1
1686,0
1687,0
1688,0
1689,1
1690,1
1691,1
1692,1
1693,1
1694,2
1695,0
1696,1
1697,5
1698,1
1699,1
1700,0
1701,0
1702,0
1703,1
1704,3
1705,1
1706,3
1707,4
1708,1
1709,2
1710,0
1711,0
1712,0
1713,1
1714,2
1715,1
1716,2
1717,2
1718,2
1719,0
1720,0
1721,2
1722,0
1723,1
1724,0
1725,1
1726,0
1727,1
1728,1
1729,0
1730,0
1731,2
1732,2
1733,2
1734,0
1735,0
1736,4
1737,4
1738,3
1739,6
1740,2
1741,0
1742,1
1743,1
1744,2
1745,1
1746,2
1747,1
1748,1
1749,3
1750,2
1751,3
1752,2
1753,1
1754,1
1755,2
1756,2
1757,4
1758,4
1759,0
1760,4
1761,0
1762,3
1763,2
1764,1
1765,1
1766,2
1767,5
1768,4
1769,1
1770,0
1771,0
1772,6
1773,3
1774,1
1775,3
1776,0
1777,0
1778,4
1779,2
1780,1
1781,2
1782,1
1783,1
1784,2
1785,1
1786,4
1787,2
1788,1
1789,2
1790,2
1791,1
1792,0
1793,4
1794,1
1795,5
1796,2
1797,0
1798,0
1799,4
1800,2
1801,0
1802,2
1803,2
1804,2
1805,3
1806,1
1807,2
1808,1
1809,2
1810,3
1811,1
1812,0
1813,0
1814,2
1815,0
1816,0
1817,1
1818,0
1819,1
1820,0
1821,1
1822,3
1823,2
1824,2
1825,3
1826,0
1827,3
1828,1
1829,3
1830,2
1831,3
1832,1
1833,0
1834,1
1835,1
1836,3
1837,4
1838,2
1839,0
1840,3
1841,1
1842,2
1843,2
1844,1
1845,2
1846,0
1847,0
1848,0
1849,0
1850,3
1851,0
1852,1
1853,3
1854,0
1855,0
1856,1
1857,0
1858,1
1859,2
1860,1
1861,0
1862,2
1863,0
1864,1
1865,2
1866,0
1867,1
1868,0
1869,4
1870,0
1871,0
1872,1
1873,1
1874,1
1875,1
1876,0
1877,0
1878,1
1879,1
1880,2
1881,5
1882,4
1883,0
1884,0
1885,0
1886,1
1887,2
1888,0
1889,1
1890,0
1891,1
1892,1
1893,1
1894,2
1895,1
1896,1
1897,0
1898,1
1899,1
1900,2
1901,1
1902,1
1903,3
1904,1
1905,3
1906,4
1907,2
1908,1
1909,1
1910,0
1911,0
1912,4
1913,4
1914,1
1915,1
1916,0
1917,2
1918,0
1919,1
1920,1
1921,2
1922,1
1923,0
1924,3
1925,0
1926,2
1927,0
1928,2
1929,1
1930,1
1931,1
1932,1
1933,0
1934,0
1935,1
1936,5
1937,1
1938,0
1939,1
1940,3
1941,1
1942,1
1943,0
1944,0
1945,0
1946,1
1947,1
1948,1
1949,1
1950,1
1951,1
1952,2
1953,0
1954,2
1955,5
1956,2
1957,2
1958,0
