0,39
1,49
2,33
3,
4,14
5,42
6,14
7,26
8,6
9,29
10,28
11,11
12,12
13,34
14,28
15,30
16,29
17,39
18,28
19,18
20,28
21,
22,28
23,31
24,39
25,30
26,24
27,33
28,47
29,32
30,40
31,31
32,27
33,28
34,31
35,31
36,11
37,48
38,22
39,50
40,26
41,17
42,
43,16
44,19
45,33
46,15
47,46
48,
49,16
50,48
51,
52,39
53,
54,17
55,34
56,15
57,12
58,25
59,
60,12
61,48
62,43
63,28
64,20
65,28
66,21
67,28
68,4
69,
70,30
71,19
72,32
73,2
74,12
75,29
76,43
77,38
78,34
79,35
80,12
81,50
82,28
83,22
84,47
85,30
86,35
87,28
88,49
89,40
90,19
91,43
92,20
93,37
94,24
95,24
96,40
97,24
98,49
99,30
100,19
101,32
102,30
103,42
104,9
105,48
106,12
107,26
108,29
109,47
110,28
111,30
112,41
113,7
114,17
115,26
116,14
117,41
118,17
119,30
120,
121,34
122,19
123,22
124,24
125,7
126,61
127,30
128,21
129,19
130,43
131,42
132,14
133,14
134,14
135,34
136,2
137,
138,20
139,12
140,28
141,11
142,41
143,20
144,39
145,45
146,
147,25
148,52
149,10
150,16
151,28
152,14
153,18
154,35
155,39
156,40
157,28
158,17
159,53
160,56
161,26
162,31
163,46
164,25
165,28
166,57
167,13
168,22
169,38
170,15
171,30
172,
173,28
174,26
175,24
176,11
177,15
178,28
179,19
180,31
181,28
182,17
183,17
184,11
185,50
186,28
187,32
188,26
189,16
190,23
191,23
192,19
193,43
194,18
195,39
196,28
197,30
198,47
199,17
200,23
201,35
202,28
203,5
204,19
205,30
206,26
207,27
208,41
209,19
210,28
211,36
212,25
213,41
214,41
215,23
216,40
217,39
218,22
219,52
220,22
221,
222,30
223,12
224,20
225,17
226,12
227,23
228,14
229,9
230,49
231,20
232,46
233,30
234,15
235,27
236,51
237,30
238,30
239,31
240,24
241,36
242,28
243,38
244,12
245,30
246,28
247,17
248,33
249,45
250,33
251,50
252,16
253,36
254,14
255,28
256,
257,34
258,48
259,39
260,40
261,19
262,22
263,15
264,30
265,15
266,19
267,28
268,14
269,26
270,23
271,52
272,40
273,39
274,31
275,
276,21
277,49
278,36
279,28
280,46
281,33
282,15
283,57
284,22
285,
286,41
287,11
288,11
289,47
290,11
291,4
292,17
293,13
294,31
295,14
296,35
297,36
298,22
299,37
300,12
301,30
302,35
303,19
304,14
305,30
306,41
307,18
308,10
309,17
310,19
311,54
312,29
313,48
314,17
315,24
316,16
317,19
318,41
319,46
320,33
321,26
322,13
323,40
324,28
325,37
326,
327,39
328,41
329,14
330,31
331,30
332,24
333,4
334,16
335,18
336,21
337,36
338,29
339,10
340,11
341,20
342,23
343,28
344,15
345,40
346,33
347,
348,46
349,22
350,43
351,23
352,3
353,51
354,28
355,26
356,17
357,45
358,23
359,31
360,12
361,24
362,11
363,39
364,19
365,14
366,30
367,23
368,
369,40
370,19
371,40
372,48
373,13
374,49
375,31
376,17
377,18
378,26
379,31
380,25
381,13
382,33
383,13
384,27
385,24
386,52
387,16
388,27
389,23
390,24
391,18
392,33
393,32
394,28
395,40
396,49
397,32
398,30
399,
400,31
401,17
402,12
403,31
404,20
405,4
406,24
407,35
408,24
409,39
410,47
411,
412,35
413,45
414,21
415,40
416,32
417,
418,40
419,
420,19
421,28
422,46
423,
424,46
425,22
426,30
427,45
428,42
429,15
430,25
431,20
432,12
433,40
434,31
435,18
436,22
437,35
438,
439,35
440,
441,40
442,44
443,14
444,48
445,42
446,12
447,33
448,12
449,34
450,52
451,9
452,31
453,
454,
455,5
456,28
457,35
458,36
459,14
460,20
461,37
462,
463,17
464,26
465,42
466,14
467,21
468,
469,41
470,25
471,21
472,45
473,12
474,25
475,25
476,32
477,24
478,14
479,29
480,17
481,17
482,33
483,29
484,33
485,25
486,46
487,30
488,34
489,11
490,26
491,23
492,36
493,32
494,25
495,31
496,43
497,14
498,24
499,13
500,17
501,22
502,
503,23
504,43
505,29
506,33
507,29
508,15
509,31
510,
511,43
512,34
513,12
514,12
515,26
516,42
517,19
518,28
519,10
520,48
521,11
522,37
523,10
524,12
525,36
526,11
527,15
528,34
529,14
530,34
531,25
532,17
533,15
534,12
535,18
536,24
537,16
538,30
539,23
540,31
541,34
542,29
543,13
544,13
545,26
546,18
547,24
548,
549,28
550,29
551,49
552,24
553,49
554,30
555,26
556,15
557,49
558,22
559,46
560,33
561,39
562,19
563,38
564,43
565,40
566,43
567,25
568,51
569,29
570,26
571,12
572,49
573,36
574,38
575,47
576,28
577,43
578,28
579,27
580,35
581,45
582,25
583,52
584,26
585,31
586,14
587,25
588,51
589,37
590,20
591,38
592,21
593,29
594,43
595,32
596,18
597,52
598,31
599,22
600,29
601,26
602,52
603,8
604,15
605,49
606,44
607,7
608,13
609,28
610,52
611,14
612,19
613,32
614,26
615,47
616,50
617,40
618,
619,29
620,22
621,17
622,31
623,36
624,
625,31
626,32
627,23
628,41
629,
630,19
631,21
632,48
633,38
634,41
635,22
636,24
637,22
638,28
639,17
640,47
641,32
642,23
643,40
644,18
645,16
646,37
647,44
648,
649,15
650,23
651,22
652,56
653,40
654,28
655,8
656,36
657,34
658,12
659,24
660,39
661,39
662,38
663,22
664,20
665,12
666,54
667,31
668,30
669,28
670,30
671,34
672,18
673,11
674,17
675,43
676,25
677,17
678,50
679,52
680,
681,29
682,29
683,24
684,17
685,31
686,15
687,22
688,22
689,31
690,22
691,33
692,26
693,15
694,15
695,20
696,7
697,41
698,19
699,26
700,18
701,41
702,50
703,40
704,35
705,16
706,12
707,32
708,11
709,49
710,22
711,48
712,35
713,51
714,
715,28
716,20
717,29
718,12
719,26
720,31
721,47
722,39
723,19
724,20
725,31
726,56
727,28
728,37
729,16
730,28
731,
732,32
733,19
734,48
735,43
736,41
737,28
738,15
739,12
740,52
741,33
742,39
743,24
744,23
745,13
746,31
747,21
748,37
749,16
750,34
751,35
752,5
753,36
754,15
755,14
756,23
757,12
758,44
759,53
760,43
761,35
762,
763,16
764,28
765,38
766,44
767,24
768,33
769,9
770,39
771,47
772,19
773,49
774,9
775,32
776,44
777,52
778,11
779,26
780,41
781,35
782,21
783,22
784,30
785,42
786,15
787,44
788,14
789,30
790,40
791,26
792,
793,32
794,34
795,9
796,36
797,34
798,6
799,40
800,32
801,15
802,
803,35
804,24
805,19
806,13
807,29
808,21
809,42
810,34
811,42
812,21
813,9
814,23
815,28
816,22
817,31
818,36
819,21
820,38
821,22
822,46
823,24
824,28
825,52
826,
827,
828,36
829,30
830,8
831,33
832,12
833,30
834,29
835,17
836,
837,45
838,42
839,31
840,17
841,27
842,41
843,9
844,41
845,41
846,30
847,32
848,30
849,10
850,36
851,12
852,39
853,13
854,12
855,37
856,31
857,
858,45
859,13
860,39
861,43
862,36
863,
864,21
865,28
866,30
867,26
868,5
869,21
870,40
871,19
872,40
873,31
874,14
875,13
876,32
877,39
878,17
879,20
880,49
881,33
882,38
883,4
884,52
885,44
886,30
887,24
888,35
889,37
890,21
891,14
892,33
893,33
894,22
895,18
896,61
897,25
898,75
899,8
900,52
901,24
902,40
903,31
904,33
905,
906,9
907,11
908,22
909,29
910,30
911,
912,43
913,30
914,32
915,14
916,27
917,29
918,43
919,39
920,32
921,48
922,20
923,31
924,38
925,13
926,18
927,32
928,23
929,38
930,25
931,
932,36
933,39
934,48
935,51
936,30
937,18
938,49
939,15
940,21
941,39
942,41
943,29
944,18
945,30
946,13
947,29
948,22
949,24
950,17
951,
952,41
953,29
954,
955,30
956,29
957,11
958,20
959,22
960,14
961,34
962,18
963,31
964,35
965,19
966,33
967,44
968,8
969,33
970,47
971,32
972,18
973,
974,43
975,32
976,33
977,21
978,33
979,28
980,23
981,19
982,31
983,39
984,36
985,31
986,8
987,28
988,26
989,23
990,32
991,17
992,47
993,7
994,4
995,23
996,19
997,30
998,48
999,
1000,28
1001,47
1002,40
1003,30
1004,46
1005,44
1006,54
1007,23
1008,
1009,30
1010,47
1011,24
1012,26
1013,39
1014,21
1015,34
1016,34
1017,4
1018,52
1019,4
1020,28
1021,39
1022,30
1023,46
1024,48
1025,19
1026,44
1027,40
1028,34
1029,12
1030,8
1031,12
1032,4
1033,
1034,35
1035,24
1036,
1037,36
1038,39
1039,11
1040,53
1041,19
1042,25
1043,52
1044,51
1045,4
1046,14
1047,29
1048,18
1049,
1050,52
1051,
1052,12
1053,53
1054,35
1055,52
1056,17
1057,43
1058,31
1059,15
1060,7
1061,14
1062,24
1063,2
1064,
1065,14
1066,38
1067,12
1068,15
1069,24
1070,20
1071,11
1072,30
1073,39
1074,30
1075,18
1076,46
1077,28
1078,17
1079,12
1080,7
1081,22
1082,
1083,16
1084,10
1085,75
1086,36
1087,
1088,46
1089,32
1090,40
1091,13
1092,48
1093,25
1094,28
1095,32
1096,28
1097,19
1098,13
1099,17
1100,23
1101,39
1102,51
1103,39
1104,36
1105,23
1106,28
1107,26
1108,
1109,33
1110,40
1111,29
1112,25
1113,34
1114,21
1115,29
1116,21
1117,
1118,32
1119,49
1120,36
1121,17
1122,12
1123,
1124,12
1125,20
1126,39
1127,40
1128,31
1129,38
1130,
1131,19
1132,18
1133,36
1134,27
1135,41
1136,44
1137,11
1138,11
1139,42
1140,46
1141,40
1142,46
1143,39
1144,38
1145,25
1146,35
1147,47
1148,44
1149,22
1150,10
1151,43
1152,29
1153,30
1154,31
1155,40
1156,48
1157,44
1158,35
1159,33
1160,35
1161,23
1162,34
1163,10
1164,18
1165,42
1166,19
1167,19
1168,
1169,42
1170,41
1171,2
1172,35
1173,35
1174,41
1175,30
1176,
1177,31
1178,16
1179,48
1180,46
1181,11
1182,40
1183,21
1184,31
1185,30
1186,44
1187,30
1188,21
1189,32
1190,35
1191,35
1192,53
1193,51
1194,34
1195,24
1196,24
1197,32
1198,18
1199,12
1200,28
1201,51
1202,18
1203,10
1204,14
1205,25
1206,36
1207,61
1208,28
1209,32
1210,32
1211,31
1212,14
1213,31
1214,44
1215,7
1216,14
1217,21
1218,
1219,30
1220,14
1221,40
1222,11
1223,49
1224,14
1225,30
1226,28
1227,
1228,14
1229,
1230,31
1231,5
1232,42
1233,27
1234,18
1235,45
1236,28
1237,30
1238,28
1239,26
1240,18
1241,40
1242,2
1243,47
1244,34
1245,55
1246,12
1247,9
1248,17
1249,15
1250,31
1251,7
1252,6
1253,46
1254,21
1255,37
1256,
1257,34
1258,
1259,36
1260,39
1261,27
1262,11
1263,11
1264,19
1265,41
1266,23
1267,31
1268,21
1269,29
1270,17
1271,
1272,33
1273,28
1274,30
1275,50
1276,23
1277,44
1278,11
1279,24
1280,41
1281,10
1282,46
1283,12
1284,50
1285,33
1286,43
1287,8
1288,15
1289,32
1290,53
1291,26
1292,29
1293,37
1294,15
1295,22
1296,17
1297,51
1298,39
1299,30
1300,22
1301,
1302,44
1303,45
1304,20
1305,14
1306,27
1307,17
1308,12
1309,36
1310,47
1311,25
1312,20
1313,39
1314,16
1315,47
1316,34
1317,9
1318,31
1319,29
1320,41
1321,18
1322,28
1323,23
1324,49
1325,11
1326,11
1327,31
1328,33
1329,27
1330,
1331,23
1332,34
1333,27
1334,30
1335,27
1336,10
1337,24
1338,17
1339,44
1340,33
1341,21
1342,37
1343,39
1344,35
1345,17
1346,14
1347,13
1348,26
1349,35
1350,19
1351,22
1352,28
1353,23
1354,52
1355,17
1356,23
1357,31
1358,17
1359,9
1360,18
1361,20
1362,19
1363,18
1364,17
1365,
1366,35
1367,46
1368,52
1369,39
1370,20
1371,28
1372,41
1373,31
1374,29
1375,28
1376,23
1377,36
1378,29
1379,50
1380,25
1381,30
1382,61
1383,28
1384,35
1385,23
1386,29
1387,44
1388,32
1389,39
1390,27
1391,49
1392,17
1393,32
1394,42
1395,33
1396,16
1397,33
1398,33
1399,9
1400,28
1401,24
1402,39
1403,12
1404,23
1405,46
1406,31
1407,36
1408,18
1409,49
1410,27
1411,31
1412,41
1413,29
1414,28
1415,34
1416,24
1417,54
1418,30
1419,39
1420,10
1421,24
1422,18
1423,31
1424,17
1425,31
1426,49
1427,31
1428,30
1429,4
1430,
1431,4
1432,40
1433,29
1434,19
1435,39
1436,48
1437,11
1438,48
1439,20
1440,16
1441,28
1442,31
1443,18
1444,21
1445,29
1446,36
1447,41
1448,35
1449,33
1450,49
1451,37
1452,10
1453,4
1454,21
1455,
1456,37
1457,39
1458,42
1459,45
1460,33
1461,25
1462,25
1463,28
1464,24
1465,36
1466,10
1467,10
1468,26
1469,36
1470,52
1471,15
1472,40
1473,33
1474,48
1475,21
1476,52
1477,28
1478,18
1479,24
1480,16
1481,54
1482,21
1483,25
1484,36
1485,45
1486,30
1487,19
1488,12
1489,32
1490,31
1491,52
1492,29
1493,14
1494,15
1495,18
1496,28
1497,18
1498,51
1499,19
1500,31
1501,34
1502,31
1503,33
1504,28
1505,47
1506,38
1507,47
1508,14
1509,35
1510,36
1511,28
1512,29
1513,35
1514,28
1515,55
1516,30
1517,36
1518,22
1519,
1520,27
1521,46
1522,13
1523,15
1524,
1525,30
1526,15
1527,26
1528,38
1529,14
1530,34
1531,19
1532,29
1533,11
1534,46
1535,5
1536,34
1537,9
1538,25
1539,11
1540,35
1541,9
1542,31
1543,46
1544,15
1545,31
1546,11
1547,17
1548,49
1549,36
1550,22
1551,
1552,38
1553,32
1554,33
1555,36
1556,14
1557,18
1558,17
1559,43
1560,20
1561,20
1562,44
1563,33
1564,
1565,53
1566,30
1567,31
1568,36
1569,15
1570,44
1571,26
1572,8
1573,26
1574,30
1575,39
1576,23
1577,18
1578,47
1579,
1580,54
1581,44
1582,25
1583,31
1584,53
1585,20
1586,52
1587,23
1588,
1589,19
1590,46
1591,47
1592,18
1593,53
1594,18
1595,33
1596,34
1597,8
1598,43
1599,38
1600,22
1601,45
1602,28
1603,32
1604,38
1605,41
1606,39
1607,14
1608,53
1609,21
1610,29
1611,17
1612,32
1613,21
1614,
1615,21
1616,35
1617,35
1618,54
1619,36
1620,19
1621,
1622,15
1623,
1624,19
1625,12
1626,34
1627,9
1628,24
1629,47
1630,25
1631,
1632,52
1633,4
1634,31
1635,35
1636,32
1637,34
1638,32
1639,24
1640,
1641,41
1642,36
1643,34
1644,28
1645,47
1646,14
1647,52
1648,24
1649,52
1650,14
1651,
1652,43
1653,12
1654,
1655,10
1656,28
1657,24
1658,32
1659,15
1660,49
1661,6
1662,
1663,44
1664,35
1665,34
1666,21
1667,34
1668,12
1669,28
1670,8
1671,36
1672,26
1673,23
1674,17
1675,26
1676,17
1677,19
1678,17
1679,29
1680,46
1681,41
1682,32
1683,17
1684,40
1685,29
1686,39
1687,13
1688,
1689,23
1690,28
1691,39
1692,52
1693,49
1694,28
1695,38
1696,20
1697,30
1698,10
1699,44
1700,25
1701,49
1702,56
1703,33
1704,50
1705,44
1706,12
1707,8
1708,42
1709,34
1710,30
1711,12
1712,43
1713,
1714,44
1715,25
1716,30
1717,56
1718,21
1719,51
1720,32
1721,35
1722,14
1723,50
1724,23
1725,12
1726,14
1727,38
1728,52
1729,41
1730,28
1731,9
1732,41
1733,12
1734,49
1735,29
1736,22
1737,9
1738,28
1739,14
1740,39
1741,32
1742,
1743,18
1744,49
1745,13
1746,17
1747,29
1748,39
1749,48
1750,30
1751,8
1752,25
1753,26
1754,17
1755,31
1756,42
1757,19
1758,34
1759,13
1760,26
1761,26
1762,12
1763,31
1764,18
1765,44
1766,55
1767,17
1768,12
1769,47
1770,41
1771,35
1772,27
1773,41
1774,17
1775,41
1776,32
1777,29
1778,12
1779,25
1780,19
1781,36
1782,52
1783,52
1784,17
1785,46
1786,16
1787,10
1788,15
1789,9
1790,29
1791,8
1792,
1793,33
1794,50
1795,23
1796,34
1797,32
1798,18
1799,28
1800,35
1801,38
1802,11
1803,40
1804,40
1805,36
1806,30
1807,51
1808,56
1809,45
1810,48
1811,52
1812,38
1813,19
1814,12
1815,23
1816,20
1817,39
1818,16
1819,20
1820,47
1821,31
1822,46
1823,33
1824,29
1825,11
1826,
1827,23
1828,15
1829,28
1830,19
1831,19
1832,36
1833,17
1834,19
1835,18
1836,32
1837,16
1838,25
1839,11
1840,43
1841,25
1842,35
1843,5
1844,46
1845,36
1846,53
1847,46
1848,37
1849,47
1850,23
1851,30
1852,
1853,53
1854,51
1855,14
1856,10
1857,17
1858,31
1859,20
1860,
1861,22
1862,17
1863,33
1864,28
1865,54
1866,30
1867,29
1868,17
1869,39
1870,56
1871,40
1872,18
1873,26
1874,25
1875,50
1876,26
1877,41
1878,30
1879,23
1880,35
1881,13
1882,22
1883,14
1884,53
1885,3
1886,17
1887,15
1888,45
1889,44
1890,55
1891,25
1892,13
1893,23
1894,17
1895,24
1896,31
1897,12
1898,22
1899,52
1900,35
1901,
1902,23
1903,17
1904,47
1905,48
1906,30
1907,47
1908,
1909,4
1910,59
1911,38
1912,13
1913,22
1914,26
1915,39
1916,14
1917,44
1918,17
1919,34
1920,30
1921,13
1922,14
1923,17
1924,17
1925,
1926,49
1927,18
1928,12
1929,15
1930,39
1931,30
1932,44
1933,34
1934,18
1935,47
1936,17
1937,23
1938,41
1939,14
1940,
1941,23
1942,31
1943,20
1944,33
1945,
1946,44
1947,32
1948,32
1949,14
1950,46
1951,33
1952,10
1953,35
1954,34
1955,23
1956,12
1957,13
1958,35
