0,0
1,0
2,1
3,0
4,1
5,0
6,1
7,0
8,0
9,0
10,1
11,0
12,1
13,1
14,0
15,0
16,4
17,2
18,0
19,1
20,0
21,0
22,1
23,1
24,0
25,1
26,0
27,1
28,0
29,0
30,1
31,0
32,2
33,1
34,1
35,0
36,0
37,0
38,1
39,0
40,0
41,0
42,2
43,1
44,0
45,0
46,2
47,0
48,0
49,2
50,1
51,0
52,0
53,0
54,3
55,2
56,0
57,0
58,0
59,0
60,1
61,0
62,0
63,0
64,0
65,0
66,2
67,0
68,3
69,0
70,0
71,1
72,1
73,0
74,0
75,0
76,3
77,0
78,0
79,1
80,1
81,0
82,0
83,1
84,0
85,0
86,1
87,0
88,1
89,0
90,1
91,0
92,0
93,1
94,0
95,0
96,0
97,0
98,2
99,0
100,0
101,1
102,0
103,0
104,2
105,4
106,2
107,0
108,0
109,0
110,0
111,0
112,1
113,1
114,0
115,2
116,0
117,0
118,0
119,2
120,1
121,0
122,0
123,2
124,0
125,1
126,0
127,0
128,0
129,0
130,3
131,0
132,0
133,0
134,0
135,0
136,1
137,1
138,0
139,1
140,2
141,0
142,0
143,0
144,1
145,0
146,0
147,1
148,0
149,0
150,0
151,0
152,0
153,0
154,0
155,0
156,0
157,0
158,0
159,0
160,2
161,0
162,1
163,0
164,0
165,0
166,2
167,1
168,2
169,0
170,1
171,0
172,0
173,1
174,0
175,0
176,2
177,0
178,0
179,0
180,2
181,1
182,0
183,1
184,1
185,0
186,0
187,0
188,0
189,1
190,0
191,0
192,0
193,2
194,0
195,0
196,1
197,0
198,0
199,1
200,0
201,0
202,2
203,0
204,0
205,1
206,1
207,0
208,1
209,1
210,2
211,0
212,3
213,0
214,0
215,1
216,0
217,0
218,0
219,0
220,0
221,1
222,0
223,1
224,0
225,0
226,2
227,0
228,2
229,0
230,2
231,0
232,1
233,0
234,0
235,0
236,2
237,1
238,0
239,1
240,0
241,0
242,2
243,0
244,0
245,0
246,0
247,0
248,0
249,0
250,0
251,0
252,1
253,0
254,1
255,1
256,1
257,0
258,0
259,0
260,1
261,1
262,0
263,0
264,0
265,0
266,0
267,0
268,0
269,0
270,0
271,1
272,0
273,0
274,2
275,0
276,2
277,2
278,0
279,0
280,0
281,1
282,0
283,2
284,0
285,0
286,0
287,2
288,2
289,0
290,2
291,1
292,1
293,2
294,0
295,0
296,1
297,0
298,0
299,0
300,1
301,0
302,0
303,0
304,1
305,0
306,0
307,0
308,0
309,0
310,0
311,0
312,2
313,0
314,0
315,2
316,1
317,1
318,0
319,2
320,0
321,0
322,2
323,0
324,0
325,1
326,0
327,0
328,0
329,0
330,2
331,0
332,1
333,0
334,1
335,0
336,0
337,1
338,1
339,1
340,0
341,0
342,2
343,0
344,0
345,0
346,0
347,0
348,0
349,0
350,2
351,0
352,0
353,1
354,0
355,2
356,2
357,0
358,1
359,0
360,0
361,0
362,1
363,0
364,0
365,2
366,1
367,2
368,0
369,0
370,0
371,0
372,0
373,0
374,0
375,0
376,2
377,0
378,0
379,0
380,0
381,3
382,1
383,1
384,1
385,1
386,1
387,1
388,0
389,1
390,1
391,2
392,1
393,1
394,0
395,0
396,2
397,1
398,0
399,0
400,0
401,1
402,1
403,2
404,0
405,0
406,1
407,1
408,0
409,0
410,1
411,1
412,2
413,1
414,0
415,0
416,0
417,1
418,0
419,0
420,1
421,0
422,1
423,1
424,0
425,0
426,1
427,0
428,1
429,1
430,1
431,2
432,1
433,1
434,1
435,0
436,1
437,1
438,0
439,0
440,1
441,0
442,2
443,0
444,0
445,1
446,0
447,0
448,0
449,0
450,0
451,0
452,0
453,0
454,0
455,0
456,1
457,0
458,2
459,1
460,1
461,0
462,0
463,0
464,0
465,0
466,2
467,0
468,2
469,1
470,2
471,4
472,0
473,4
474,1
475,1
476,2
477,0
478,0
479,1
480,1
481,0
482,2
483,0
484,1
485,1
486,0
487,1
488,1
489,0
490,0
491,1
492,0
493,0
494,1
495,0
496,0
497,2
498,1
499,1
500,0
501,2
502,0
503,1
504,0
505,0
506,1
507,4
508,1
509,0
510,0
511,2
512,2
513,1
514,4
515,0
516,1
517,1
518,0
519,0
520,1
521,0
522,0
523,0
524,1
525,0
526,0
527,1
528,0
529,2
530,0
531,2
532,0
533,1
534,1
535,0
536,1
537,1
538,1
539,1
540,1
541,2
542,1
543,0
544,2
545,0
546,0
547,0
548,0
549,1
550,0
551,0
552,1
553,2
554,0
555,0
556,0
557,1
558,0
559,0
560,0
561,0
562,0
563,0
564,1
565,0
566,1
567,0
568,1
569,0
570,2
571,0
572,1
573,0
574,0
575,5
576,1
577,3
578,0
579,0
580,0
581,3
582,0
583,4
584,1
585,0
586,0
587,1
588,1
589,1
590,2
591,0
592,1
593,0
594,0
595,0
596,0
597,4
598,0
599,1
600,0
601,0
602,1
603,0
604,1
605,2
606,2
607,1
608,0
609,1
610,4
611,0
612,0
613,0
614,2
615,1
616,0
617,1
618,0
619,0
620,1
621,0
622,0
623,0
624,0
625,2
626,0
627,0
628,0
629,0
630,0
631,2
632,0
633,1
634,2
635,1
636,0
637,0
638,0
639,0
640,0
641,0
642,0
643,0
644,1
645,2
646,0
647,0
648,1
649,2
650,2
651,0
652,2
653,0
654,0
655,3
656,0
657,2
658,1
659,1
660,1
661,0
662,0
663,0
664,0
665,0
666,0
667,1
668,0
669,0
670,0
671,0
672,2
673,1
674,0
675,0
676,0
677,0
678,0
679,0
680,0
681,0
682,0
683,0
684,0
685,1
686,0
687,1
688,0
689,0
690,0
691,1
692,0
693,2
694,2
695,0
696,0
697,0
698,2
699,0
700,1
701,0
702,0
703,0
704,0
705,3
706,0
707,1
708,0
709,0
710,2
711,0
712,0
713,1
714,0
715,0
716,0
717,0
718,0
719,0
720,0
721,0
722,0
723,0
724,0
725,0
726,2
727,1
728,0
729,2
730,2
731,1
732,0
733,1
734,0
735,3
736,0
737,2
738,0
739,1
740,0
741,2
742,1
743,1
744,2
745,0
746,0
747,0
748,0
749,0
750,0
751,1
752,0
753,3
754,0
755,0
756,0
757,0
758,0
759,0
760,0
761,0
762,1
763,0
764,3
765,0
766,2
767,12
768,0
769,0
770,1
771,0
772,1
773,0
774,1
775,1
776,0
777,0
778,2
779,1
780,0
781,0
782,0
783,0
784,0
785,1
786,1
787,0
788,0
789,0
790,1
791,0
792,0
793,3
794,0
795,0
796,0
797,0
798,0
799,0
800,1
801,2
802,16
803,1
804,1
805,0
806,0
807,1
808,0
809,1
810,2
811,1
812,0
813,0
814,0
815,0
816,0
817,0
818,0
819,3
820,0
821,1
822,0
823,0
824,1
825,1
826,1
827,0
828,0
829,0
830,0
831,2
832,0
833,0
834,1
835,0
836,1
837,1
838,1
839,0
840,0
841,0
842,0
843,0
844,0
845,0
846,0
847,0
848,1
849,1
850,0
851,1
852,0
853,1
854,1
855,0
856,1
857,0
858,0
859,2
860,1
861,1
862,1
863,2
864,4
865,0
866,0
867,1
868,0
869,0
870,1
871,1
872,0
873,0
874,2
875,1
876,1
877,3
878,0
879,1
880,1
881,1
882,0
883,1
884,0
885,1
886,0
887,0
888,0
889,0
890,0
891,0
892,1
893,2
894,1
895,0
896,0
897,1
898,1
899,0
900,0
901,1
902,0
903,2
904,1
905,0
906,1
907,0
908,0
909,0
910,0
911,3
912,0
913,0
914,0
915,0
916,1
917,0
918,0
919,4
920,1
921,0
922,0
923,0
924,0
925,0
926,0
927,0
928,1
929,0
930,0
931,0
932,0
933,1
934,0
935,0
936,0
937,1
938,0
939,2
940,2
941,3
942,1
943,0
944,0
945,1
946,1
947,0
948,0
949,0
950,1
951,3
952,1
953,4
954,0
955,0
956,1
957,0
958,0
959,1
960,0
961,1
962,1
963,1
964,1
965,2
966,0
967,2
968,3
969,1
970,1
971,0
972,0
973,1
974,1
975,1
976,1
977,2
978,1
979,0
980,1
981,0
982,0
983,0
984,0
985,0
986,3
987,0
988,0
989,0
990,0
991,0
992,0
993,1
994,3
995,1
996,1
997,0
998,0
999,1
1000,2
1001,0
1002,0
1003,0
1004,1
1005,0
1006,1
1007,1
1008,1
1009,3
1010,0
1011,1
1012,0
1013,1
1014,0
1015,0
1016,0
1017,1
1018,0
1019,0
1020,0
1021,2
1022,0
1023,0
1024,0
1025,1
1026,2
1027,0
1028,0
1029,1
1030,0
1031,0
1032,1
1033,0
1034,0
1035,3
1036,0
1037,1
1038,0
1039,1
1040,0
1041,0
1042,2
1043,0
1044,0
1045,1
1046,0
1047,0
1048,1
1049,1
1050,1
1051,0
1052,1
1053,0
1054,4
1055,0
1056,0
1057,2
1058,1
1059,0
1060,1
1061,1
1062,0
1063,0
1064,1
1065,2
1066,0
1067,1
1068,1
1069,1
1070,1
1071,0
1072,0
1073,0
1074,1
1075,2
1076,0
1077,1
1078,0
1079,0
1080,1
1081,1
1082,0
1083,0
1084,0
1085,1
1086,0
1087,1
1088,0
1089,3
1090,0
1091,1
1092,1
1093,0
1094,0
1095,0
1096,0
1097,1
1098,1
1099,0
1100,1
1101,0
1102,0
1103,1
1104,0
1105,1
1106,0
1107,0
1108,0
1109,2
1110,0
1111,3
1112,2
1113,0
1114,0
1115,0
1116,0
1117,0
1118,2
1119,1
1120,0
1121,0
1122,1
1123,0
1124,1
1125,1
1126,0
1127,0
1128,0
1129,0
1130,1
1131,0
1132,1
1133,2
1134,0
1135,0
1136,2
1137,0
1138,0
1139,1
1140,1
1141,1
1142,0
1143,0
1144,0
1145,1
1146,0
1147,0
1148,3
1149,1
1150,1
1151,2
1152,1
1153,0
1154,0
1155,1
1156,0
1157,0
1158,0
1159,1
1160,1
1161,0
1162,2
1163,2
1164,1
1165,1
1166,0
1167,1
1168,1
1169,0
1170,1
1171,1
1172,1
1173,1
1174,2
1175,0
1176,0
1177,2
1178,2
1179,0
1180,1
1181,0
1182,0
1183,2
1184,0
1185,0
1186,0
1187,0
1188,0
1189,0
1190,0
1191,4
1192,0
1193,1
1194,0
1195,0
1196,0
1197,0
1198,0
1199,0
1200,0
1201,2
1202,1
1203,1
1204,1
1205,1
1206,0
1207,0
1208,0
1209,1
1210,0
1211,2
1212,1
1213,0
1214,2
1215,1
1216,0
1217,0
1218,2
1219,0
1220,0
1221,0
1222,0
1223,2
1224,1
1225,3
1226,0
1227,2
1228,0
1229,2
1230,0
1231,4
1232,0
1233,0
1234,0
1235,1
1236,0
1237,1
1238,2
1239,0
1240,0
1241,1
1242,0
1243,1
1244,2
1245,0
1246,0
1247,1
1248,0
1249,0
1250,2
1251,0
1252,0
1253,1
1254,0
1255,1
1256,2
1257,0
1258,0
1259,1
1260,0
1261,0
1262,0
1263,0
1264,0
1265,0
1266,1
1267,2
1268,1
1269,0
1270,1
1271,0
1272,1
1273,3
1274,1
1275,0
1276,3
1277,0
1278,0
1279,1
1280,0
1281,0
1282,0
1283,0
1284,0
1285,1
1286,2
1287,0
1288,0
1289,1
1290,2
1291,2
1292,0
1293,0
1294,1
1295,0
1296,0
1297,1
1298,0
1299,0
1300,1
1301,0
1302,0
1303,1
1304,0
1305,0
1306,0
1307,0
1308,4
1309,0
1310,0
1311,1
1312,0
1313,0
1314,1
1315,0
1316,0
1317,0
1318,1
1319,0
1320,0
1321,1
1322,2
1323,0
1324,0
1325,3
1326,0
1327,0
1328,1
1329,0
1330,2
1331,2
1332,0
1333,2
1334,1
1335,1
1336,1
1337,1
1338,0
1339,0
1340,0
1341,1
1342,0
1343,4
1344,0
1345,0
1346,0
1347,3
1348,0
1349,0
1350,0
1351,0
1352,0
1353,2
1354,1
1355,1
1356,0
1357,1
1358,1
1359,0
1360,2
1361,2
1362,1
1363,0
1364,0
1365,0
1366,0
1367,1
1368,0
1369,4
1370,0
1371,5
1372,0
1373,1
1374,0
1375,0
1376,1
1377,0
1378,1
1379,0
1380,1
1381,0
1382,0
1383,0
1384,0
1385,3
1386,2
1387,0
1388,0
1389,0
1390,0
1391,0
1392,1
1393,2
1394,0
1395,0
1396,2
1397,1
1398,2
1399,2
1400,3
1401,1
1402,0
1403,2
1404,1
1405,0
1406,1
1407,0
1408,1
1409,1
1410,1
1411,0
1412,1
1413,0
1414,3
1415,2
1416,1
1417,0
1418,1
1419,0
1420,0
1421,0
1422,0
1423,0
1424,0
1425,0
1426,1
1427,1
1428,1
1429,0
1430,0
1431,0
1432,0
1433,0
1434,1
1435,4
1436,0
1437,0
1438,1
1439,0
1440,1
1441,0
1442,1
1443,0
1444,4
1445,0
1446,0
1447,0
1448,1
1449,1
1450,0
1451,0
1452,2
1453,3
1454,2
1455,0
1456,1
1457,0
1458,1
1459,0
1460,3
1461,1
1462,3
1463,0
1464,0
1465,2
1466,1
1467,0
1468,0
1469,0
1470,1
1471,0
1472,1
1473,0
1474,0
1475,4
1476,1
1477,1
1478,0
1479,0
1480,0
1481,0
1482,0
1483,1
1484,2
1485,1
1486,0
1487,0
1488,0
1489,3
1490,0
1491,1
1492,0
1493,2
1494,1
1495,0
1496,0
1497,1
1498,2
1499,3
1500,1
1501,0
1502,2
1503,1
1504,0
1505,1
1506,0
1507,0
1508,0
1509,3
1510,0
1511,3
1512,0
1513,0
1514,0
1515,0
1516,0
1517,0
1518,1
1519,1
1520,0
1521,0
1522,1
1523,5
1524,0
1525,1
1526,1
1527,1
1528,0
1529,0
1530,2
1531,0
1532,1
1533,0
1534,0
1535,0
1536,0
1537,0
1538,0
1539,2
1540,0
1541,0
1542,0
1543,0
1544,1
1545,1
1546,2
1547,1
1548,0
1549,4
1550,0
1551,0
1552,0
1553,0
1554,0
1555,0
1556,0
1557,1
1558,1
1559,3
1560,1
1561,0
1562,0
1563,2
1564,0
1565,0
1566,0
1567,0
1568,2
1569,2
1570,0
1571,0
1572,0
1573,0
1574,2
1575,0
1576,0
1577,1
1578,0
1579,0
1580,0
1581,2
1582,0
1583,0
1584,0
1585,0
1586,2
1587,1
1588,0
1589,3
1590,1
1591,1
1592,2
1593,0
1594,2
1595,0
1596,0
1597,1
1598,1
1599,0
1600,1
1601,1
1602,0
1603,0
1604,0
1605,0
1606,0
1607,0
1608,1
1609,0
1610,1
1611,1
1612,0
1613,3
1614,0
1615,3
1616,0
1617,0
1618,0
1619,1
1620,0
1621,1
1622,0
1623,0
1624,3
1625,0
1626,0
1627,1
1628,0
1629,0
1630,0
1631,0
1632,0
1633,3
1634,2
1635,0
1636,3
1637,0
1638,2
1639,1
1640,0
1641,1
1642,0
1643,0
1644,0
1645,0
1646,1
1647,1
1648,1
1649,1
1650,0
1651,0
1652,1
1653,1
1654,0
1655,1
1656,0
1657,0
1658,0
1659,0
1660,1
1661,0
1662,0
1663,0
1664,4
1665,0
1666,0
1667,0
1668,2
1669,0
1670,0
1671,0
1672,0
1673,0
1674,0
1675,1
1676,1
1677,0
1678,1
1679,1
1680,0
1681,0
1682,0
1683,3
1684,1
1685,0
1686,1
1687,1
1688,0
1689,0
1690,0
1691,0
1692,1
1693,0
1694,2
1695,0
1696,0
1697,1
1698,0
1699,3
1700,0
1701,1
1702,2
1703,1
1704,0
1705,0
1706,0
1707,0
1708,1
1709,0
1710,1
1711,0
1712,1
1713,1
1714,4
1715,0
1716,2
1717,1
1718,2
1719,1
1720,0
1721,0
1722,0
1723,0
1724,0
1725,1
1726,0
1727,1
1728,0
1729,0
1730,1
1731,1
1732,0
1733,0
1734,0
1735,0
1736,0
1737,1
1738,3
1739,0
1740,0
1741,0
1742,3
1743,0
1744,1
1745,1
1746,0
1747,0
1748,1
1749,0
1750,0
1751,0
1752,0
1753,1
1754,1
1755,2
1756,0
1757,0
1758,1
1759,1
1760,0
1761,0
1762,0
1763,0
1764,0
1765,0
1766,0
1767,1
1768,0
1769,0
1770,0
1771,0
1772,0
1773,0
1774,0
1775,0
1776,0
1777,0
1778,0
1779,1
1780,0
1781,1
1782,0
1783,0
1784,0
1785,2
1786,0
1787,0
1788,0
1789,1
1790,0
1791,1
1792,1
1793,1
1794,0
1795,1
1796,0
1797,0
1798,0
1799,0
1800,1
1801,0
1802,0
1803,1
1804,0
1805,1
1806,1
1807,0
1808,0
1809,1
1810,1
1811,0
1812,0
1813,3
1814,4
1815,3
1816,0
1817,0
1818,0
1819,0
1820,0
1821,1
1822,0
1823,0
1824,0
1825,0
1826,3
1827,2
1828,0
1829,1
1830,0
1831,0
1832,1
1833,2
1834,0
1835,1
1836,0
1837,1
1838,1
1839,0
1840,1
1841,1
1842,0
1843,0
1844,0
1845,0
1846,1
1847,0
1848,3
1849,5
1850,1
1851,0
1852,3
1853,0
1854,0
1855,0
1856,0
1857,0
1858,1
1859,0
1860,0
1861,1
1862,0
1863,2
1864,0
1865,1
1866,0
1867,0
1868,0
1869,4
1870,2
1871,0
1872,0
1873,1
1874,0
1875,0
1876,0
1877,0
1878,0
1879,0
1880,0
1881,0
1882,0
1883,1
1884,1
1885,0
1886,1
1887,2
1888,0
1889,0
1890,0
1891,1
1892,3
1893,0
1894,0
1895,1
1896,0
1897,1
1898,3
1899,4
1900,2
1901,2
1902,0
1903,0
1904,5
1905,3
1906,1
1907,0
1908,0
1909,0
1910,1
1911,0
1912,0
1913,0
1914,0
1915,1
1916,0
1917,0
1918,2
1919,2
1920,1
1921,3
1922,0
1923,1
1924,0
1925,1
1926,1
1927,0
1928,0
1929,5
1930,1
1931,1
1932,0
1933,0
1934,0
1935,5
1936,1
1937,0
1938,1
1939,1
1940,1
1941,3
1942,1
1943,0
1944,1
1945,0
1946,2
1947,3
1948,0
1949,0
1950,1
1951,0
1952,3
1953,1
1954,0
1955,0
1956,0
1957,0
1958,0
