0,4672
1,39410
2,99
3,2345
4,22537
5,14750
6,2758
7,1622
8,1394
9,33517
10,22537
11,8587
12,144927
13,13246
14,170
15,34173
16,841
17,3040
18,14750
19,6587
20,302
21,4344
22,4774
23,339
24,341
25,3322
26,1312
27,3227
28,34254
29,4672
30,1259
31,4721
32,6587
33,2231
34,893
35,9
36,1360
37,4016
38,39410
39,6582
40,4491
41,14750
42,6096
43,797
44,58
45,8972
46,30
47,1832
48,6587
49,13246
50,773
51,1940
52,667
53,2958
54,3289
55,80
56,39410
57,22537
58,17424
59,604
60,18974
61,64
62,
63,23409
64,1259
65,4016
66,5567
67,458
68,19043
69,14750
70,9144
71,14999
72,34173
73,1198
74,6899
75,558
76,517
77,26793
78,13246
79,334
80,87
81,5572
82,34173
83,16052
84,23409
85,17116
86,16052
87,449
88,16052
89,150
90,21537
91,1366
92,16052
93,2007
94,1865
95,937
96,284
97,1020
98,2004
99,7342
100,37206
101,646
102,3183
103,4
104,1317
105,7
106,6582
107,158
108,34173
109,12595
110,1277
111,4065
112,687
113,2105
114,2134
115,34173
116,545
117,19043
118,
119,1259
120,1388
121,2021
122,14750
123,14750
124,643
125,7869
126,6002
127,2021
128,2540
129,1515
130,22537
131,1717
132,17116
133,7869
134,3938
135,739
136,34254
137,72
138,57618
139,34173
140,7869
141,21537
142,13016
143,16052
144,23409
145,16052
146,8336
147,4065
148,22537
149,11
150,22537
151,13246
152,16052
153,2401
154,1188
155,16052
156,61
157,502
158,7159
159,
160,4008
161,
162,34173
163,22537
164,23228
165,50
166,937
167,5923
168,3996
169,1084
170,294
171,816
172,4265
173,17424
174,2820
175,6209
176,131
177,2978
178,727
179,31
180,11665
181,1838
182,1321
183,3676
184,110
185,34173
186,5438
187,1084
188,34173
189,999
190,4265
191,4033
192,38
193,3100
194,10230
195,3654
196,11464
197,149
198,336
199,5438
200,554
201,717
202,368
203,3654
204,37206
205,13016
206,189
207,727
208,6585
209,12352
210,2938
211,3084
212,11464
213,4062
214,10118
215,537
216,2021
217,4062
218,2216
219,37206
220,2585
221,4196
222,4196
223,23228
224,2422
225,5923
226,9144
227,34173
228,6585
229,14750
230,14042
231,157
232,5572
233,34173
234,4940
235,4871
236,2692
237,6585
238,5572
239,7461
240,10118
241,3676
242,2169
243,1425
244,1375
245,3414
246,6142
247,2106
248,10118
249,10883
250,13387
251,3923
252,390
253,390
254,897
255,4344
256,7064
257,420
258,5438
259,4008
260,2958
261,2978
262,34173
263,16419
264,21934
265,1554
266,3913
267,34173
268,396
269,779
270,8587
271,39410
272,6714
273,2308
274,1628
275,2938
276,2956
277,5382
278,16106
279,622
280,1188
281,808
282,31068
283,1106
284,7378
285,2169
286,244
287,83
288,1918
289,1366
290,57618
291,197
292,1698
293,1787
294,386
295,3955
296,1698
297,4740
298,1129
299,39410
300,74
301,779
302,10292
303,2484
304,70
305,2937
306,22570
307,292
308,100
309,1909
310,57618
311,21934
312,12595
313,3506
314,3174
315,17424
316,1683
317,2938
318,2306
319,3158
320,2555
321,1129
322,1239
323,882
324,636
325,16670
326,2401
327,14042
328,3377
329,5592
330,12305
331,14750
332,893
333,7461
334,4196
335,12595
336,949
337,12499
338,514
339,37206
340,18490
341,9230
342,9230
343,4196
344,5571
345,823
346,47
347,7693
348,1680
349,3183
350,6587
351,2590
352,3955
353,7869
354,34173
355,2087
356,241
357,14545
358,1280
359,6374
360,23228
361,33517
362,4557
363,4060
364,16668
365,2701
366,241
367,21934
368,16746
369,10787
370,6587
371,912
372,6529
373,16746
374,14
375,2063
376,1607
377,33517
378,23228
379,1033
380,176
381,6710
382,10870
383,4008
384,5651
385,15335
386,4
387,236
388,52685
389,2956
390,7869
391,1351
392,63
393,1683
394,467
395,4740
396,7693
397,7869
398,4196
399,1020
400,666
401,99
402,66
403,170
404,865
405,13387
406,2384
407,10870
408,
409,692
410,1277
411,7712
412,1428
413,1301
414,7693
415,2012
416,1515
417,2384
418,3856
419,2384
420,2415
421,1247
422,493
423,3656
424,8336
425,7693
426,9965
427,6357
428,23228
429,14750
430,214
431,14750
432,9965
433,416
434,664
435,5572
436,132
437,17116
438,1717
439,161
440,914
441,1717
442,664
443,3460
444,794
445,319
446,717
447,3856
448,144927
449,144927
450,766
451,766
452,239
453,423
454,7693
455,711
456,646
457,48
458,2231
459,1425
460,1133
461,57
462,5044
463,373
464,5382
465,277
466,2434
467,4350
468,19752
469,1958
470,1552
471,1079
472,794
473,83
474,147
475,2542
476,15335
477,5395
478,314
479,5626
480,24325
481,2542
482,815
483,5567
484,2951
485,555
486,35
487,2524
488,1324
489,537
490,16746
491,2955
492,376
493,177
494,14999
495,493
496,1243
497,12305
498,3772
499,39410
500,1344
501,1143
502,457
503,204
504,23228
505,1286
506,52685
507,290
508,1553
509,466
510,34254
511,14042
512,22570
513,10245
514,2030
515,95
516,2231
517,12465
518,918
519,13246
520,398
521,30
522,19043
523,52685
524,11426
525,1243
526,6374
527,334
528,16668
529,2290
530,4344
531,7933
532,329
533,372
534,264
535,5923
536,2602
537,2847
538,1476
539,9705
540,34254
541,17424
542,
543,2770
544,21934
545,13078
546,3981
547,1995
548,52685
549,1347
550,13246
551,2083
552,6529
553,17424
554,453
555,16746
556,290
557,1277
558,678
559,16419
560,751
561,8587
562,31068
563,21439
564,21439
565,1252
566,
567,7693
568,3981
569,1641
570,983
571,438
572,4313
573,3811
574,484
575,1301
576,4721
577,39410
578,2738
579,711
580,246
581,3322
582,2074
583,13016
584,9136
585,230
586,34173
587,2308
588,637
589,34173
590,34173
591,6905
592,13246
593,3598
594,33517
595,34173
596,4859
597,16419
598,1232
599,4990
600,80
601,6714
602,14750
603,8333
604,250
605,21934
606,10883
607,3227
608,707
609,21537
610,33517
611,611
612,17116
613,34173
614,10787
615,2978
616,4062
617,13387
618,13016
619,678
620,33517
621,10118
622,3227
623,404
624,1855
625,7836
626,2820
627,23409
628,8333
629,22537
630,13246
631,13246
632,34173
633,2151
634,3811
635,947
636,541
637,3465
638,13246
639,13246
640,3999
641,1478
642,3035
643,513
644,8650
645,17116
646,2271
647,1245
648,52685
649,14042
650,34173
651,1053
652,1252
653,7712
654,10386
655,1181
656,17116
657,1572
658,26151
659,688
660,7625
661,230
662,7693
663,181
664,430
665,1601
666,1823
667,362
668,1148
669,265
670,7732
671,21537
672,1075
673,543
674,2133
675,17116
676,23409
677,980
678,1028
679,383
680,2955
681,9705
682,1723
683,4375
684,23479
685,12465
686,260
687,7859
688,5395
689,1403
690,18974
691,21934
692,7869
693,8336
694,4196
695,22570
696,1252
697,181
698,672
699,4179
700,1069
701,438
702,57618
703,1598
704,1152
705,242
706,4048
707,1854
708,7869
709,1404
710,716
711,213
712,34254
713,189
714,2951
715,17116
716,4179
717,1351
718,2887
719,144927
720,1172
721,539
722,86
723,16106
724,2231
725,2825
726,1099
727,5065
728,4777
729,7933
730,4284
731,2451
732,6453
733,7732
734,327
735,310
736,1173
737,2083
738,2083
739,2753
740,7625
741,1620
742,39410
743,10883
744,3856
745,242
746,330
747,3856
748,5602
749,2514
750,402
751,1013
752,1473
753,2820
754,4456
755,2847
756,180
757,1084
758,1069
759,4048
760,914
761,10230
762,7933
763,22537
764,2283
765,2813
766,13246
767,16153
768,88
769,17424
770,2825
771,18774
772,7869
773,35
774,716
775,12494
776,22570
777,2187
778,9431
779,1865
780,853
781,62
782,2120
783,
784,1979
785,21934
786,12595
787,202
788,742
789,4179
790,7732
791,2885
792,86
793,
794,355
795,355
796,4579
797,1013
798,61
799,21537
800,7732
801,144927
802,114
803,1345
804,1028
805,244
806,465
807,1864
808,663
809,9493
810,5991
811,1028
812,7467
813,2825
814,2693
815,1121
816,1912
817,1879
818,1028
819,8742
820,1671
821,7693
822,13078
823,149
824,264
825,945
826,497
827,9965
828,3377
829,726
830,289
831,2330
832,17116
833,3259
834,3102
835,7693
836,2956
837,2826
838,183
839,34173
840,4859
841,14750
842,797
843,84
844,37220
845,24325
846,774
847,144927
848,73
849,33517
850,6587
851,3227
852,550
853,420
854,209
855,2956
856,7869
857,1438
858,6587
859,7869
860,405
861,346
862,37220
863,1344
864,6587
865,1891
866,398
867,2876
868,427
869,34173
870,13246
871,9932
872,480
873,1207
874,2182
875,4743
876,882
877,17424
878,6587
879,19043
880,1959
881,502
882,2919
883,11464
884,2826
885,1070
886,17116
887,2973
888,6587
889,7693
890,13246
891,725
892,6394
893,17424
894,21537
895,17116
896,14043
897,57618
898,37220
899,1070
900,773
901,23228
902,3227
903,144927
904,16670
905,3227
906,19043
907,10708
908,2290
909,8336
910,39411
911,
912,7380
913,2758
914,3084
915,13160
916,17424
917,14999
918,6899
919,1394
920,34173
921,7295
922,13246
923,6899
924,14043
925,
926,1189
927,9069
928,2345
929,564
930,1387
931,7869
932,208
933,294
934,1351
935,87
936,14750
937,266
938,13078
939,3443
940,26793
941,604
942,17116
943,396
944,14043
945,4526
946,515
947,1463
948,3289
949,15335
950,4065
951,21537
952,1340
953,23228
954,11665
955,21440
956,5492
957,72
958,515
959,893
960,170
961,6582
962,6582
963,34173
964,76
965,1001
966,6899
967,4557
968,1015
969,11665
970,560
971,568
972,3232
973,13246
974,34173
975,1515
976,1291
977,239
978,1964
979,3227
980,7869
981,2990
982,8587
983,5382
984,1368
985,1515
986,23228
987,643
988,812
989,544
990,18774
991,2021
992,1260
993,17424
994,10708
995,131
996,5651
997,7159
998,4145
999,34173
1000,13016
1001,1889
1002,11464
1003,1964
1004,160
1005,238
1006,34173
1007,16052
1008,8336
1009,13016
1010,258
1011,1527
1012,2271
1013,1198
1014,258
1015,4219
1016,2826
1017,5065
1018,339
1019,515
1020,52685
1021,
1022,14999
1023,881
1024,5382
1025,19043
1026,773
1027,3367
1028,1751
1029,230
1030,16052
1031,16052
1032,34173
1033,50
1034,3977
1035,34173
1036,4065
1037,2398
1038,6714
1039,125
1040,324
1041,1074
1042,1756
1043,383
1044,1252
1045,13246
1046,34173
1047,2695
1048,5064
1049,1673
1050,11665
1051,22537
1052,741
1053,1856
1054,1084
1055,1163
1056,5438
1057,3654
1058,6585
1059,1321
1060,1321
1061,423
1062,901
1063,5928
1064,10883
1065,1634
1066,999
1067,1075
1068,17655
1069,3214
1070,1006
1071,1075
1072,2701
1073,4065
1074,969
1075,307
1076,1498
1077,37220
1078,22537
1079,1291
1080,149
1081,2256
1082,198
1083,3100
1084,816
1085,14750
1086,3654
1087,727
1088,13160
1089,1696
1090,720
1091,35
1092,440
1093,537
1094,7064
1095,816
1096,161
1097,1794
1098,34173
1099,1791
1100,13016
1101,7869
1102,34173
1103,8336
1104,2641
1105,2065
1106,3414
1107,14043
1108,562
1109,208
1110,6585
1111,5429
1112,34173
1113,1485
1114,1425
1115,3923
1116,4953
1117,1366
1118,2134
1119,4065
1120,4953
1121,67
1122,144927
1123,8336
1124,34173
1125,34173
1126,11665
1127,3923
1128,2213
1129,1340
1130,8336
1131,6714
1132,8333
1133,8336
1134,31
1135,8333
1136,2213
1137,
1138,
1139,10118
1140,869
1141,3024
1142,1442
1143,5567
1144,396
1145,
1146,13246
1147,5769
1148,2308
1149,34173
1150,2956
1151,2091
1152,15661
1153,2036
1154,9493
1155,2443
1156,726
1157,13246
1158,3265
1159,28
1160,3360
1161,233
1162,
1163,170
1164,1787
1165,203
1166,2083
1167,1895
1168,5126
1169,12075
1170,3521
1171,261
1172,1592
1173,330
1174,74
1175,1685
1176,57618
1177,711
1178,13078
1179,57618
1180,1080
1181,33517
1182,8972
1183,6587
1184,4016
1185,2683
1186,21934
1187,165
1188,16670
1189,2350
1190,10708
1191,2443
1192,2231
1193,376
1194,6529
1195,376
1196,2956
1197,21934
1198,591
1199,20991
1200,1386
1201,37220
1202,1219
1203,1501
1204,1243
1205,10118
1206,591
1207,328
1208,2136
1209,14750
1210,21440
1211,16670
1212,176
1213,2135
1214,2443
1215,6337
1216,12943
1217,1167
1218,4408
1219,57618
1220,12595
1221,13246
1222,312
1223,1665
1224,4375
1225,2514
1226,468
1227,411
1228,5064
1229,66
1230,144927
1231,3965
1232,4408
1233,4408
1234,1239
1235,13246
1236,7693
1237,3955
1238,6587
1239,2499
1240,21934
1241,2590
1242,7869
1243,13246
1244,37220
1245,6337
1246,6710
1247,1280
1248,12943
1249,5044
1250,5044
1251,453
1252,1054
1253,522
1254,4353
1255,4
1256,1607
1257,7693
1258,37220
1259,378
1260,5572
1261,6710
1262,16746
1263,5923
1264,33517
1265,2061
1266,4
1267,21934
1268,750
1269,1122
1270,271
1271,1351
1272,251
1273,2209
1274,8650
1275,2127
1276,6710
1277,467
1278,4740
1279,688
1280,177
1281,7693
1282,1640
1283,497
1284,125
1285,1717
1286,416
1287,7693
1288,2415
1289,75
1290,57618
1291,9965
1292,4325
1293,29
1294,23228
1295,6357
1296,125
1297,25
1298,2271
1299,3811
1300,185
1301,144927
1302,16106
1303,132
1304,754
1305,2955
1306,815
1307,1620
1308,1959
1309,696
1310,144927
1311,740
1312,49
1313,144927
1314,17116
1315,3183
1316,144927
1317,1680
1318,849
1319,161
1320,144927
1321,2616
1322,250
1323,1198
1324,766
1325,185
1326,7545
1327,34173
1328,6529
1329,755
1330,2027
1331,19752
1332,7461
1333,646
1334,788
1335,16670
1336,457
1337,4008
1338,161
1339,58
1340,1646
1341,515
1342,7378
1343,14750
1344,430
1345,853
1346,17424
1347,1344
1348,184
1349,7625
1350,39411
1351,23228
1352,294
1353,13246
1354,143
1355,34173
1356,2955
1357,17116
1358,17424
1359,1366
1360,5073
1361,5395
1362,327
1363,91
1364,4740
1365,180
1366,17424
1367,555
1368,17116
1369,1959
1370,4196
1371,401
1372,12595
1373,912
1374,16746
1375,2955
1376,17116
1377,1262
1378,6710
1379,2730
1380,14999
1381,5592
1382,3183
1383,731
1384,1192
1385,66
1386,7453
1387,3506
1388,1959
1389,457
1390,23228
1391,439
1392,17424
1393,123
1394,512
1395,6905
1396,14545
1397,854
1398,14545
1399,7994
1400,7693
1401,33517
1402,1445
1403,31068
1404,12943
1405,1141
1406,2384
1407,2499
1408,823
1409,17424
1410,16668
1411,3299
1412,14043
1413,3038
1414,653
1415,7295
1416,470
1417,17116
1418,2202
1419,1181
1420,764
1421,931
1422,362
1423,4283
1424,247
1425,15830
1426,2738
1427,4497
1428,450
1429,6529
1430,2336
1431,23228
1432,17116
1433,2083
1434,1572
1435,5395
1436,2384
1437,1148
1438,17424
1439,6267
1440,678
1441,7342
1442,17424
1443,39411
1444,3938
1445,85
1446,399
1447,6154
1448,983
1449,645
1450,3811
1451,484
1452,545
1453,2256
1454,19043
1455,5065
1456,3465
1457,1751
1458,1363
1459,2307
1460,3811
1461,1891
1462,255
1463,6905
1464,453
1465,34173
1466,34173
1467,3377
1468,959
1469,2091
1470,2596
1471,24325
1472,2134
1473,21934
1474,496
1475,1461
1476,417
1477,1199
1478,14750
1479,12352
1480,2422
1481,1314
1482,17116
1483,16052
1484,2307
1485,6002
1486,57618
1487,28
1488,4394
1489,5036
1490,2312
1491,17116
1492,17116
1493,6363
1494,944
1495,57618
1496,908
1497,17116
1498,8333
1499,386
1500,263
1501,932
1502,1855
1503,2820
1504,6002
1505,10787
1506,13246
1507,8333
1508,1442
1509,16106
1510,17116
1511,1727
1512,2151
1513,11464
1514,2151
1515,116
1516,6374
1517,26
1518,5438
1519,921
1520,3999
1521,17116
1522,8333
1523,34173
1524,829
1525,5515
1526,2384
1527,2271
1528,2384
1529,1482
1530,14043
1531,629
1532,3377
1533,1524
1534,484
1535,7693
1536,14750
1537,7625
1538,1936
1539,328
1540,2136
1541,176
1542,16052
1543,10870
1544,37220
1545,119
1546,1053
1547,265
1548,19043
1549,4179
1550,854
1551,1717
1552,2847
1553,1979
1554,13246
1555,23409
1556,2955
1557,2045
1558,1169
1559,142
1560,1022
1561,21537
1562,17424
1563,260
1564,5395
1565,1403
1566,1717
1567,2847
1568,38
1569,853
1570,465
1571,672
1572,54
1573,1701
1574,57618
1575,506
1576,1482
1577,4774
1578,31
1579,144927
1580,4864
1581,5923
1582,1428
1583,11942
1584,3289
1585,21934
1586,34254
1587,4179
1588,677
1589,19043
1590,17424
1591,1173
1592,144927
1593,2083
1594,33517
1595,2938
1596,742
1597,435
1598,342
1599,2231
1600,726
1601,2825
1602,34173
1603,14545
1604,53
1605,12494
1606,351
1607,1535
1608,121
1609,893
1610,13078
1611,2451
1612,356
1613,7732
1614,376
1615,918
1616,
1617,1879
1618,1879
1619,2635
1620,14750
1621,3099
1622,4872
1623,7693
1624,1532
1625,
1626,2271
1627,3814
1628,2847
1629,23228
1630,8336
1631,1173
1632,3521
1633,142
1634,4579
1635,129
1636,6154
1637,2209
1638,1020
1639,17424
1640,3811
1641,497
1642,
1643,10870
1644,19043
1645,413
1646,28
1647,22570
1648,1169
1649,57618
1650,16153
1651,945
1652,5602
1653,16419
1654,3035
1655,52685
1656,797
1657,294
1658,588
1659,17424
1660,16106
1661,344
1662,3137
1663,399
1664,408
1665,4179
1666,8336
1667,5572
1668,17424
1669,14750
1670,18774
1671,21934
1672,2215
1673,7869
1674,12595
1675,1324
1676,2849
1677,4375
1678,11
1679,117
1680,4215
1681,2514
1682,20991
1683,144927
1684,19043
1685,7712
1686,2135
1687,7869
1688,681
1689,2202
1690,18974
1691,38528
1692,3981
1693,143
1694,5571
1695,2590
1696,7869
1697,1864
1698,3102
1699,2651
1700,15830
1701,1959
1702,607
1703,11382
1704,3443
1705,9493
1706,18774
1707,18774
1708,1031
1709,2825
1710,1023
1711,1912
1712,3158
1713,120
1714,5553
1715,21
1716,1422
1717,16668
1718,38528
1719,1854
1720,2951
1721,23409
1722,144927
1723,286
1724,1139
1725,5572
1726,1535
1727,3772
1728,12465
1729,314
1730,3414
1731,12075
1732,1957
1733,3768
1734,351
1735,17424
1736,22570
1737,7693
1738,2956
1739,3996
1740,42
1741,3040
1742,1997
1743,244
1744,23228
1745,774
1746,8336
1747,2826
1748,3322
1749,3232
1750,34254
1751,955
1752,1344
1753,17116
1754,8336
1755,1034
1756,17424
1757,2231
1758,16670
1759,39411
1760,2100
1761,7869
1762,12494
1763,2135
1764,14750
1765,1073
1766,19043
1767,13246
1768,5991
1769,193
1770,13078
1771,2127
1772,19043
1773,19043
1774,6587
1775,1387
1776,1659
1777,34173
1778,1232
1779,6096
1780,7693
1781,23409
1782,6582
1783,10104
1784,3099
1785,23228
1786,15335
1787,3035
1788,1707
1789,144927
1790,4145
1791,6899
1792,6675
1793,11382
1794,144927
1795,542
1796,19752
1797,14999
1798,190
1799,6899
1800,678
1801,338
1802,14750
1803,16668
1804,757
1805,34173
1806,13246
1807,7467
1808,6582
1809,2239
1810,2045
1811,39411
1812,87
1813,604
1814,13078
1815,1198
1816,4526
1817,6587
1818,937
1819,16419
1820,22537
1821,6899
1822,19043
1823,6587
1824,4065
1825,72
1826,7
1827,6582
1828,16115
1829,34173
1830,3227
1831,76
1832,16670
1833,11826
1834,4557
1835,3183
1836,560
1837,17424
1838,9144
1839,475
1840,
1841,2527
1842,545
1843,1964
1844,8587
1845,7869
1846,806
1847,172
1848,34
1849,8336
1850,16052
1851,13246
1852,2021
1853,2422
1854,39
1855,7159
1856,8587
1857,1450
1858,13160
1859,2377
1860,1368
1861,8650
1862,22537
1863,13016
1864,427
1865,23409
1866,3996
1867,5
1868,2004
1869,45
1870,357
1871,11382
1872,4526
1873,22537
1874,11382
1875,32
1876,6899
1877,1717
1878,22537
1879,8336
1880,23228
1881,3996
1882,515
1883,706
1884,2308
1885,16052
1886,22537
1887,62
1888,355
1889,2956
1890,5553
1891,15830
1892,19043
1893,1290
1894,3580
1895,259
1896,17424
1897,3923
1898,2007
1899,14043
1900,3676
1901,687
1902,22537
1903,125
1904,324
1905,
1906,660
1907,2272
1908,2956
1909,1766
1910,2307
1911,277
1912,6036
1913,786
1914,1601
1915,1878
1916,1634
1917,145
1918,21934
1919,241
1920,1838
1921,1321
1922,1634
1923,5036
1924,1316
1925,1006
1926,3100
1927,4940
1928,1084
1929,34173
1930,1794
1931,37220
1932,11665
1933,1075
1934,3654
1935,26793
1936,23228
1937,1696
1938,4062
1939,313
1940,4062
1941,35
1942,537
1943,7064
1944,5928
1945,5956
1946,681
1947,23228
1948,1791
1949,1234
1950,3227
1951,13016
1952,411
1953,3414
1954,7869
1955,3923
1956,2756
1957,1791
1958,4321
1959,17116
1960,4880
1961,3227
1962,9144
1963,12499
1964,5438
1965,16115
1966,1340
1967,3996
1968,3414
1969,2938
1970,13016
1971,19043
1972,8336
1973,5651
1974,11665
1975,13016
1976,34173
1977,5567
1978,3598
1979,632
1980,13016
1981,6154
1982,1310
1983,4940
1984,2285
1985,7064
1986,635
1987,5438
1988,26793
1989,2982
1990,579
1991,8862
1992,678
1993,5567
1994,1103
1995,9144
1996,8862
1997,38528
1998,352
1999,1628
2000,396
2001,1041
2002,779
2003,
2004,1456
2005,1957
2006,483
2007,588
2008,37220
2009,1188
2010,150
2011,312
2012,742
2013,2965
2014,31068
2015,12595
2016,7049
2017,12595
2018,3360
2019,57618
2020,411
2021,1366
2022,3310
2023,3295
2024,7461
2025,2937
2026,202
2027,1033
2028,57
2029,4196
2030,
2031,2602
2032,771
2033,22570
2034,2683
2035,6337
2036,6337
2037,
2038,771
2039,1362
2040,31068
2041,920
2042,4196
2043,12595
2044,153
2045,1386
2046,4196
2047,1344
2048,6710
2049,1763
2050,31068
2051,16746
2052,153
2053,328
2054,21934
2055,128
2056,21934
2057,37220
2058,619
2059,319
2060,6337
2061,5515
2062,128
2063,3040
2064,1895
2065,3377
2066,189
2067,1763
2068,1572
2069,1388
2070,2270
2071,11942
2072,18490
2073,12595
2074,23
2075,335
2076,7869
2077,2371
2078,70
2079,2956
2080,9997
2081,11665
2082,508
2083,992
2084,22570
2085,1101
2086,4721
2087,1060
2088,1909
2089,5126
2090,4740
2091,20991
2092,5956
2093,7693
2094,1115
2095,1344
2096,1114
2097,23228
2098,2590
2099,21537
2100,6337
2101,696
2102,4743
2103,7295
2104,20991
2105,50
2106,1572
2107,5044
2108,16106
2109,520
2110,14545
2111,
2112,5677
2113,4774
2114,60
2115,241
2116,6337
2117,926
2118,2635
2119,1683
2120,771
2121,14
2122,1344
2123,397
2124,3035
2125,959
2126,611
2127,131
2128,10870
2129,527
2130,26151
2131,236
2132,31068
2133,2127
2134,1680
2135,6710
2136,467
2137,7869
2138,492
2139,6154
2140,1487
2141,1477
2142,99
2143,16106
2144,136
2145,42
2146,7712
2147,3814
2148,889
2149,219
2150,7693
2151,1654
2152,609
2153,23228
2154,144927
2155,493
2156,3745
2157,14750
2158,17424
2159,9965
2160,144927
2161,272
2162,362
2163,1544
2164,3856
2165,239
2166,2951
2167,144927
2168,17116
2169,34173
2170,144927
2171,17116
2172,1496
2173,1496
2174,144927
2175,329
2176,2384
2177,766
2178,31068
2179,106
2180,2
2181,456
2182,1101
2183,1368
2184,7869
2185,17116
2186,16106
2187,3772
2188,57
2189,5269
2190,20991
2191,37220
2192,363
2193,1309
2194,1425
2195,403
2196,853
2197,561
2198,1448
2199,5956
2200,767
2201,17116
2202,17424
2203,4874
2204,23228
2205,3811
2206,11
2207,4196
2208,7481
2209,5175
2210,1959
2211,211
2212,920
2213,13508
2214,3066
2215,1816
2216,2955
2217,3232
2218,50
2219,6710
2220,7869
2221,5515
2222,2271
2223,33517
2224,100
2225,144927
2226,53
2227,1554
2228,918
2229,451
2230,15830
2231,1114
2232,853
2233,55
2234,31068
2235,17424
2236,14545
2237,41
2238,33517
2239,3814
2240,5429
2241,9
2242,39411
2243,2231
2244,14545
2245,95
2246,14545
2247,295
2248,1198
2249,1133
2250,2290
2251,10386
2252,5923
2253,21934
2254,14545
2255,931
2256,16668
2257,2083
2258,7712
2259,2451
2260,1028
2261,715
2262,606
2263,247
2264,3053
2265,3232
2266,144927
2267,7869
2268,2083
2269,4859
2270,17424
2271,453
2272,12075
2273,1875
2274,10245
2275,17424
2276,220
2277,22570
2278,20991
2279,31068
2280,2887
2281,399
2282,24325
2283,62
2284,2439
2285,1713
2286,4777
2287,645
2288,298
2289,48
2290,12465
2291,31068
2292,1428
2293,3521
2294,309
2295,4721
2296,1329
2297,45
2298,1301
2299,2074
2300,8049
2301,230
2302,17424
2303,7509
2304,10104
2305,34173
2306,5395
2307,3377
2308,6374
2309,21934
2310,8333
2311,34173
2312,2134
2313,7453
2314,496
2315,10883
2316,
2317,3066
2318,670
2319,17116
2320,15
2321,4990
2322,17116
2323,16052
2324,3227
2325,1096
2326,4990
2327,13016
2328,210
2329,1183
2330,10118
2331,6899
2332,972
2333,13016
2334,6714
2335,6002
2336,6899
2337,263
2338,14750
2339,8333
2340,13246
2341,13246
2342,8333
2343,8650
2344,9971
2345,5515
2346,2207
2347,4953
2348,3811
2349,2894
2350,8862
2351,5991
2352,2371
2353,4479
2354,39411
2355,1428
2356,13246
2357,412
2358,6363
2359,275
2360,1340
2361,34173
2362,
2363,24325
2364,726
2365,3227
2366,5515
2367,2540
2368,347
2369,3066
2370,52685
2371,988
2372,310
2373,1442
2374,33517
2375,17116
2376,1713
2377,3227
2378,7859
2379,2849
2380,589
2381,2825
2382,3102
2383,19043
2384,20991
2385,5626
2386,7472
2387,209
2388,1814
2389,4048
2390,129
2391,1060
2392,1075
2393,2231
2394,225
2395,425
2396,641
2397,2955
2398,280
2399,2968
2400,495
2401,931
2402,115
2403,1069
2404,5475
2405,17424
2406,260
2407,75
2408,2948
2409,180
2410,
2411,1422
2412,348
2413,176
2414,593
2415,488
2416,4179
2417,21440
2418,898
2419,8049
2420,4205
2421,3811
2422,6587
2423,164
2424,210
2425,399
2426,726
2427,17424
2428,4179
2429,2439
2430,1518
2431,23228
2432,390
2433,39411
2434,213
2435,817
2436,34254
2437,11942
2438,2847
2439,4179
2440,8336
2441,1123
2442,376
2443,14750
2444,318
2445,7869
2446,862
2447,4872
2448,398
2449,3259
2450,34173
2451,18490
2452,12465
2453,1027
2454,22570
2455,4060
2456,15830
2457,15335
2458,5175
2459,1938
2460,7625
2461,3310
2462,5626
2463,14750
2464,2055
2465,86
2466,3099
2467,21257
2468,52685
2469,166
2470,376
2471,2439
2472,1013
2473,422
2474,1133
2475,83
2476,21934
2477,1979
2478,16746
2479,15335
2480,7732
2481,209
2482,22570
2483,243
2484,417
2485,22537
2486,129
2487,1598
2488,873
2489,16106
2490,2571
2491,2886
2492,7693
2493,13246
2494,672
2495,3037
2496,5602
2497,88
2498,7712
2499,2484
2500,335
2501,18774
2502,35
2503,18774
2504,17424
2505,2825
2506,1150
2507,804
2508,102
2509,329
2510,2587
2511,15335
2512,224
2513,1317
2514,902
2515,193
2516,7732
2517,1282
2518,2849
2519,416
2520,1610
2521,20991
2522,2665
2523,16668
2524,61
2525,1013
2526,34173
2527,347
2528,1615
2529,330
2530,2100
2531,465
2532,22570
2533,15830
2534,663
2535,181
2536,85
2537,1238
2538,4284
2539,3772
2540,7461
2541,517
2542,36
2543,8587
2544,19043
2545,7693
2546,3133
2547,10230
2548,1592
2549,1615
2550,482
2551,34173
2552,12595
2553,914
2554,1671
2555,13078
2556,11826
2557,22
2558,1139
2559,1394
2560,289
2561,3414
2562,5923
2563,12075
2564,33517
2565,5923
2566,68
2567,21537
2568,893
2569,646
2570,11942
2571,183
2572,39411
2573,3923
2574,532
2575,691
2576,7625
2577,84
2578,23228
2579,1160
2580,14042
2581,213
2582,2290
2583,7247
2584,1532
2585,1438
2586,678
2587,6587
2588,6587
2589,16668
2590,34254
2591,764
2592,346
2593,6220
2594,1891
2595,9932
2596,13016
2597,9804
2598,3053
2599,22537
2600,9932
2601,2919
2602,6876
2603,12465
2604,12494
2605,371
2606,1676
2607,600
2608,4774
2609,4145
2610,497
2611,22537
2612,882
2613,12494
2614,527
2615,784
2616,422
2617,14042
2618,3035
2619,12465
2620,144927
2621,5269
2622,1940
2623,5382
2624,26793
2625,182
2626,6899
2627,7918
2628,21934
2629,39411
2630,2488
2631,1073
2632,9932
2633,14750
2634,1150
2635,2345
2636,773
2637,7693
2638,26793
2639,614
2640,294
2641,15335
2642,7693
2643,87
2644,3443
2645,10883
2646,1291
2647,893
2648,9932
2649,15830
2650,144927
2651,672
2652,4526
2653,2182
2654,33517
2655,13246
2656,355
2657,12465
2658,22537
2659,2820
2660,16668
2661,3183
2662,4016
2663,2631
2664,636
2665,1172
2666,283
2667,9971
2668,1074
2669,8065
2670,825
2671,641
2672,311
2673,1527
2674,13246
2675,1964
2676,11665
2677,53
2678,16052
2679,1527
2680,23
2681,1832
2682,1
2683,1476
2684,6209
2685,1515
2686,13387
2687,643
2688,259
2689,2422
2690,
2691,4021
2692,13246
2693,545
2694,6220
2695,1
2696,480
2697,1964
2698,5651
2699,11665
2700,784
2701,34173
2702,16052
2703,13016
2704,427
2705,2004
2706,13387
2707,3227
2708,635
2709,16052
2710,1097
2711,1073
2712,15830
2713,1188
2714,52685
2715,34173
2716,1964
2717,5928
2718,19043
2719,2635
2720,2826
2721,13
2722,22537
2723,12940
2724,15830
2725,16052
2726,16052
2727,121
2728,5928
2729,105
2730,4215
2731,4940
2732,22537
2733,224
2734,553
2735,100
2736,1913
2737,256
2738,1290
2739,133
2740,133
2741,4265
2742,46
2743,3923
2744,99
2745,557
2746,778
2747,22537
2748,7
2749,1252
2750,1838
2751,2956
2752,5065
2753,1075
2754,142
2755,22537
2756,6036
2757,4265
2758,1450
2759,4265
2760,248
2761,816
2762,3654
2763,145
2764,1321
2765,6585
2766,5928
2767,34173
2768,1075
2769,6142
2770,4033
2771,2398
2772,6899
2773,3100
2774,4062
2775,8587
2776,3676
2777,5269
2778,4321
2779,16
2780,22537
2781,841
2782,1238
2783,1838
2784,19043
2785,4940
2786,5065
2787,149
2788,2422
2789,1075
2790,727
2791,6585
2792,908
2793,1794
2794,19
2795,2938
2796,3084
2797,5651
2798,778
2799,384
2800,4062
2801,4265
2802,4062
2803,1118
2804,1456
2805,1981
2806,2938
2807,2951
2808,4265
2809,5036
2810,158
2811,562
2812,1368
2813,7064
2814,4321
2815,1485
2816,34173
2817,144927
2818,1957
2819,2398
2820,1838
2821,13387
2822,181
2823,175
2824,3598
2825,5553
2826,26793
2827,210
2828,1075
2829,6002
2830,5395
2831,3923
2832,2398
2833,4344
2834,1367
2835,26793
2836,2312
2837,5567
2838,8333
2839,2958
2840,8862
2841,3066
2842,12305
2843,1832
2844,13246
2845,1456
2846,483
2847,7453
2848,1360
2849,37206
2850,4740
2851,1297
2852,57618
2853,1318
2854,5571
2855,779
2856,2479
2857,233
2858,240
2859,3310
2860,3521
2861,260
2862,160
2863,1080
2864,1062
2865,21934
2866,5878
2867,57618
2868,944
2869,509
2870,6587
2871,591
2872,816
2873,1041
2874,786
2875,7295
2876,621
2877,23479
2878,37206
2879,5956
2880,3024
2881,21934
2882,16115
2883,18974
2884,14042
2885,6337
2886,16746
2887,67
2888,5759
2889,12943
2890,10560
2891,340
2892,2542
2893,10118
2894,6337
2895,16106
2896,33517
2897,20991
2898,1436
2899,16746
2900,2899
2901,9230
2902,497
2903,2100
2904,14545
2905,12595
2906,60
2907,937
2908,322
2909,808
2910,2469
2911,6587
2912,11942
2913,1531
2914,6337
2915,6710
2916,83
2917,5602
2918,1033
2919,561
2920,269
2921,244
2922,2825
2923,945
2924,7693
2925,177
2926,1388
2927,1431
2928,5759
2929,4740
2930,80
2931,
2932,96
2933,37206
2934,12352
2935,14545
2936,2181
2937,21934
2938,411
2939,1143
2940,16670
2941,4740
2942,726
2943,2415
2944,237
2945,467
2946,5626
2947,4184
2948,109
2949,4740
2950,115
2951,4740
2952,179
2953,1620
2954,3265
2955,10264
2956,1717
2957,322
2958,7693
2959,531
2960,75
2961,4205
2962,1717
2963,16668
2964,7693
2965,3856
2966,914
2967,383
2968,1717
2969,416
2970,1717
2971,6357
2972,187
2973,1850
2974,19043
2975,493
2976,144927
2977,567
2978,5572
2979,7933
2980,1680
2981,4740
2982,7625
2983,2415
2984,1620
2985,144927
2986,144927
2987,17116
2988,917
2989,766
2990,1277
2991,5006
2992,185
2993,144927
2994,2
2995,7387
2996,1698
2997,1101
2998,6114
2999,4740
3000,5923
3001,26151
3002,2360
3003,709
3004,726
3005,58
3006,980
3007,1480
3008,39411
3009,6371
3010,1425
3011,959
3012,426
3013,17424
3014,72
3015,959
3016,2174
3017,1958
3018,6114
3019,8042
3020,4740
3021,31068
3022,991
3023,83
3024,33517
3025,252
3026,6190
3027,3265
3028,4179
3029,129
3030,5073
3031,6190
3032,2955
3033,5515
3034,815
3035,4880
3036,6357
3037,17116
3038,17116
3039,23228
3040,3772
3041,93
3042,5269
3043,13160
3044,230
3045,464
3046,93
3047,1959
3048,260
3049,57618
3050,1554
3051,2231
3052,2730
3053,13246
3054,12305
3055,3772
3056,1192
3057,6453
3058,711
3059,7453
3060,3999
3061,17424
3062,739
3063,12465
3064,33517
3065,39411
3066,5626
3067,980
3068,1406
3069,12465
3070,1501
3071,715
3072,2133
3073,37206
3074,398
3075,1020
3076,5065
3077,10245
3078,4874
3079,4196
3080,2847
3081,296
3082,16668
3083,4940
3084,6142
3085,7693
3086,33517
3087,5651
3088,13078
3089,2287
3090,6374
3091,17116
3092,23228
3093,3227
3094,1532
3095,7693
3096,15830
3097,678
3098,7342
3099,721
3100,39411
3101,283
3102,1244
3103,3084
3104,62
3105,3227
3106,546
3107,286
3108,8587
3109,645
3110,1695
3111,286
3112,17424
3113,1394
3114,309
3115,144927
3116,1329
3117,877
3118,576
3119,4497
3120,53
3121,2956
3122,7869
3123,3358
3124,3598
3125,3598
3126,146
3127,5438
3128,34173
3129,3977
3130,5651
3131,34173
3132,227
3133,
3134,341
3135,1643
3136,21934
3137,57618
3138,2978
3139,1006
3140,144927
3141,2596
3142,24325
3143,635
3144,4062
3145,10118
3146,13387
3147,17116
3148,16052
3149,6899
3150,21537
3151,18774
3152,6585
3153,23409
3154,263
3155,23409
3156,1855
3157,318
3158,34254
3159,13246
3160,7509
3161,116
3162,6646
3163,34254
3164,1812
3165,23228
3166,21934
3167,1493
3168,513
3169,7859
3170,7836
3171,14750
3172,16052
3173,1183
3174,159
3175,3227
3176,4394
3177,6582
3178,12465
3179,26793
3180,524
3181,1572
3182,1053
3183,7859
3184,
3185,589
3186,2239
3187,3102
3188,21257
3189,4672
3190,4740
3191,148
3192,4179
3193,23228
3194,19752
3195,455
3196,23409
3197,1309
3198,431
3199,754
3200,575
3201,2847
3202,180
3203,181
3204,1440
3205,24325
3206,71
3207,1981
3208,7918
3209,340
3210,14750
3211,7295
3212,908
3213,133
3214,8
3215,4219
3216,774
3217,2439
3218,506
3219,1239
3220,1876
3221,274
3222,24325
3223,5651
3224,2961
3225,12465
3226,1053
3227,1379
3228,34254
3229,220
3230,1717
3231,4179
3232,13246
3233,14750
3234,5991
3235,451
3236,862
3237,144927
3238,1445
3239,19043
3240,5364
3241,12494
3242,546
3243,1291
3244,4179
3245,1979
3246,817
3247,2415
3248,15830
3249,340
3250,2680
3251,15335
3252,2388
3253,1290
3254,726
3255,1273
3256,3996
3257,166
3258,242
3259,1277
3260,224
3261,143
3262,57618
3263,6220
3264,12494
3265,385
3266,23228
3267,16106
3268,6646
3269,270
3270,256
3271,16106
3272,2209
3273,20991
3274,2961
3275,15335
3276,7933
3277,17424
3278,1643
3279,9678
3280,1169
3281,3053
3282,3745
3283,1086
3284,797
3285,1445
3286,39411
3287,1912
3288,335
3289,294
3290,11826
3291,3040
3292,22969
3293,2187
3294,12940
3295,853
3296,4179
3297,804
3298,663
3299,21934
3300,4375
3301,3227
3302,11
3303,15335
3304,39411
3305,117
3306,1169
3307,3385
3308,862
3309,18974
3310,7712
3311,15661
3312,1620
3313,1487
3314,2223
3315,2849
3316,4284
3317,347
3318,3102
3319,2651
3320,15830
3321,15830
3322,22537
3323,13246
3324,21537
3325,289
3326,51
3327,181
3328,1934
3329,144927
3330,20991
3331,1695
3332,3414
3333,19043
3334,2825
3335,4874
3336,4874
3337,7491
3338,2819
3339,960
