0,3
1,3
2,1
3,6
4,4
5,4
6,3
7,5
8,4
9,5
10,2
11,4
12,7
13,3
14,3
15,3
16,3
17,1
18,4
19,4
20,3
21,3
22,3
23,1
24,1
25,4
26,2
27,6
28,4
29,3
30,3
31,2
32,1
33,3
34,1
35,1
36,4
37,2
38,5
39,2
40,1
41,3
42,4
43,0
44,2
45,4
46,4
47,2
48,0
49,1
50,8
51,4
52,0
53,3
54,2
55,1
56,3
57,5
58,3
59,2
60,3
61,3
62,0
63,2
64,0
65,5
66,2
67,3
68,3
69,1
70,6
71,2
72,3
73,2
74,2
75,5
76,1
77,7
78,2
79,5
80,5
81,2
82,1
83,1
84,3
85,0
86,0
87,1
88,3
89,1
90,3
91,5
92,0
93,2
94,0
95,8
96,1
97,2
98,4
99,2
100,2
101,1
102,0
103,7
104,2
105,9
106,1
107,1
108,3
109,4
110,0
111,2
112,4
113,3
114,2
115,2
116,1
117,3
118,4
119,3
120,2
121,4
122,2
123,2
124,5
125,3
126,2
127,5
128,1
129,0
130,1
131,5
132,6
133,5
134,0
135,2
136,3
137,2
138,3
139,2
140,10
141,0
142,1
143,1
144,0
145,2
146,4
147,6
148,1
149,1
150,1
151,4
152,1
153,3
154,2
155,1
156,4
157,2
158,2
159,3
160,3
161,1
162,3
163,2
164,1
165,0
166,7
167,0
168,3
169,5
170,3
171,2
172,1
173,3
174,2
175,6
176,7
177,3
178,2
179,7
180,2
181,1
182,0
183,2
184,2
185,4
186,1
187,4
188,1
189,5
190,0
191,0
192,3
193,2
194,6
195,2
196,0
197,5
198,2
199,5
200,4
201,2
202,6
203,4
204,4
205,1
206,1
207,2
208,3
209,4
210,3
211,7
212,4
213,1
214,2
215,4
216,3
217,0
218,3
219,4
220,4
221,2
222,4
223,4
224,1
225,0
226,3
227,4
228,6
229,2
230,1
231,5
232,6
233,2
234,1
235,0
236,1
237,1
238,2
239,2
240,3
241,5
242,2
243,4
244,5
245,2
246,4
247,10
248,2
249,2
250,2
251,1
252,3
253,2
254,1
255,1
256,4
257,3
258,3
259,3
260,1
261,1
262,2
263,3
264,4
265,6
266,6
267,0
268,3
269,5
270,3
271,4
272,7
273,1
274,2
275,2
276,0
277,4
278,7
279,1
280,2
281,0
282,4
283,2
284,1
285,3
286,3
287,2
288,4
289,4
290,3
291,2
292,5
293,7
294,3
295,1
296,6
297,6
298,2
299,2
300,4
301,2
302,3
303,1
304,1
305,4
306,1
307,1
308,3
309,4
310,0
311,0
312,3
313,1
314,6
315,3
316,6
317,2
318,4
319,2
320,0
321,0
322,2
323,5
324,2
325,4
326,0
327,1
328,5
329,6
330,5
331,3
332,0
333,3
334,2
335,2
336,2
337,6
338,2
339,4
340,0
341,6
342,4
343,4
344,3
345,2
346,3
347,2
348,2
349,5
350,3
351,3
352,3
353,2
354,0
355,4
356,2
357,1
358,1
359,0
360,3
361,4
362,4
363,1
364,2
365,0
366,2
367,2
368,0
369,4
370,3
371,2
372,1
373,1
374,3
375,1
376,5
377,1
378,0
379,5
380,4
381,5
382,2
383,1
384,2
385,6
386,7
387,2
388,2
389,0
390,2
391,3
392,4
393,1
394,6
395,0
396,4
397,1
398,4
399,5
400,0
401,0
402,5
403,3
404,5
405,5
406,2
407,0
408,0
409,4
410,1
411,1
412,3
413,3
414,5
415,6
416,1
417,3
418,6
419,2
420,0
421,6
422,5
423,2
424,2
425,5
426,4
427,4
428,5
429,1
430,4
431,5
432,10
433,1
434,6
435,3
436,4
437,1
438,2
439,2
440,7
441,8
442,3
443,3
444,6
445,5
446,5
447,7
448,1
449,3
450,2
451,4
452,4
453,3
454,3
455,3
456,6
457,3
458,2
459,4
460,7
461,4
462,5
463,0
464,1
465,3
466,6
467,2
468,0
469,1
470,3
471,2
472,3
473,6
474,0
475,1
476,1
477,0
478,3
479,2
480,1
481,0
482,0
483,0
484,1
485,4
486,2
487,4
488,7
489,3
490,1
491,4
492,7
493,3
494,2
495,1
496,7
497,6
498,6
499,5
500,4
501,3
502,5
503,2
504,5
505,3
506,4
507,0
508,6
509,4
510,3
511,1
512,5
513,1
514,8
515,2
516,0
517,4
518,3
519,2
520,5
521,5
522,1
523,4
524,1
525,7
526,3
527,2
528,4
529,4
530,4
531,0
532,3
533,5
534,5
535,0
536,3
537,4
538,3
539,2
540,3
541,3
542,0
543,3
544,2
545,4
546,1
547,0
548,2
549,3
550,4
551,4
552,0
553,0
554,2
555,1
556,0
557,0
558,3
559,2
560,0
561,3
562,3
563,3
564,2
565,1
566,1
567,2
568,1
569,5
570,2
571,3
572,4
573,0
574,0
575,4
576,0
577,1
578,4
579,3
580,2
581,5
582,5
583,0
584,3
585,6
586,5
587,6
588,3
589,1
590,4
591,3
592,1
593,0
594,0
595,4
596,1
597,3
598,0
599,0
600,0
601,5
602,4
603,1
604,6
605,0
606,1
607,0
608,4
609,1
610,0
611,1
612,1
613,5
614,3
615,1
616,1
617,1
618,5
619,2
620,0
621,5
622,4
623,2
624,1
625,1
626,5
627,2
628,1
629,5
630,0
631,4
632,0
633,5
634,1
635,5
636,2
637,1
638,0
639,3
640,3
641,1
642,1
643,3
644,4
645,0
646,3
647,3
648,5
649,5
650,0
651,2
652,5
653,1
654,4
655,6
656,0
657,6
658,2
659,1
660,8
661,3
662,2
663,6
664,0
665,2
666,1
667,2
668,2
669,1
670,0
671,0
672,5
673,3
674,3
675,4
676,0
677,3
678,4
679,0
680,1
681,4
682,3
683,6
684,0
685,1
686,3
687,1
688,2
689,1
690,3
691,0
692,3
693,2
694,1
695,2
696,3
697,1
698,5
699,2
700,3
701,7
702,1
703,0
704,3
705,3
706,1
707,1
708,1
709,0
710,2
711,0
712,2
713,4
714,1
715,4
716,1
717,2
718,4
719,0
720,1
721,5
722,3
723,3
724,5
725,1
726,2
727,4
728,1
729,0
730,1
731,1
732,3
733,2
734,3
735,0
736,3
737,1
738,4
739,4
740,2
741,1
742,7
743,2
744,0
745,3
746,4
747,3
748,5
749,4
750,2
751,3
752,6
753,2
754,0
755,2
756,3
757,3
758,1
759,1
760,3
761,2
762,3
763,2
764,1
765,2
766,0
767,2
768,9
769,1
770,1
771,8
772,1
773,5
774,3
775,2
776,1
777,2
778,3
779,1
780,2
781,3
782,5
783,1
784,2
785,2
786,3
787,0
788,4
789,1
790,4
791,1
792,0
793,1
794,3
795,2
796,1
797,2
798,0
799,1
800,0
801,1
802,1
803,2
804,2
805,1
806,5
807,3
808,1
809,3
810,2
811,3
812,2
813,0
814,2
815,6
816,0
817,0
818,5
819,4
820,6
821,3
822,0
823,2
824,2
825,2
826,4
827,5
828,2
829,2
830,2
831,4
832,4
833,4
834,4
835,1
836,0
837,5
838,7
839,3
840,9
841,2
842,1
843,4
844,3
845,3
846,6
847,1
848,1
849,1
850,4
851,7
852,1
853,4
854,5
855,0
856,4
857,6
858,2
859,2
860,2
861,2
862,4
863,3
864,1
865,2
866,7
867,0
868,3
869,4
870,1
871,3
872,3
873,0
874,3
875,3
876,6
877,4
878,4
879,7
880,4
881,1
882,0
883,0
884,2
885,1
886,4
887,0
888,1
889,1
890,7
891,2
892,3
893,1
894,2
895,1
896,2
897,1
898,3
899,2
900,8
901,3
902,3
903,1
904,2
905,4
906,2
907,2
908,3
909,3
910,2
911,1
912,6
913,5
914,2
915,9
916,3
917,1
918,2
919,2
920,1
921,1
922,4
923,2
924,2
925,3
926,1
927,3
928,4
929,0
930,1
931,1
932,1
933,1
934,4
935,5
936,1
937,3
938,4
939,4
940,1
941,2
942,2
943,2
944,5
945,3
946,3
947,0
948,3
949,5
950,1
951,2
952,4
953,0
954,1
955,4
956,5
957,2
958,5
959,4
960,1
961,2
962,1
963,2
964,1
965,3
966,4
967,2
968,1
969,2
970,4
971,4
972,2
973,3
974,2
975,5
976,2
977,0
978,2
979,8
980,6
981,2
982,2
983,3
984,5
985,1
986,2
987,5
988,5
989,5
990,2
991,5
992,3
993,2
994,7
995,1
996,4
997,2
998,4
999,2
1000,0
1001,3
1002,3
1003,0
1004,3
1005,4
1006,4
1007,0
1008,4
1009,0
1010,1
1011,5
1012,3
1013,1
1014,1
1015,0
1016,0
1017,7
1018,1
1019,0
1020,4
1021,3
1022,1
1023,3
1024,1
1025,1
1026,3
1027,1
1028,1
1029,1
1030,3
1031,0
1032,1
1033,0
1034,3
1035,0
1036,1
1037,2
1038,0
1039,0
1040,1
1041,0
1042,1
1043,2
1044,5
1045,1
1046,2
1047,1
1048,0
1049,2
1050,3
1051,4
1052,4
1053,0
1054,0
1055,4
1056,1
1057,2
1058,5
1059,0
1060,0
1061,3
1062,2
1063,5
1064,2
1065,0
1066,5
1067,1
1068,3
1069,2
1070,3
1071,2
1072,5
1073,2
1074,2
1075,2
1076,4
1077,4
1078,0
1079,4
1080,5
1081,1
1082,2
1083,7
1084,0
1085,1
1086,1
1087,2
1088,4
1089,3
1090,1
1091,1
1092,4
1093,4
1094,2
1095,0
1096,7
1097,1
1098,1
1099,2
1100,1
1101,3
1102,4
1103,2
1104,0
1105,4
1106,3
1107,1
1108,2
1109,3
1110,1
1111,3
1112,2
1113,5
1114,4
1115,1
1116,1
1117,4
1118,3
1119,3
1120,0
1121,2
1122,2
1123,1
1124,2
1125,3
1126,1
1127,1
1128,2
1129,4
1130,3
1131,1
1132,0
1133,3
1134,5
1135,2
1136,4
1137,6
1138,8
1139,2
1140,2
1141,2
1142,4
1143,0
1144,3
1145,0
1146,3
1147,8
1148,1
1149,0
1150,0
1151,4
1152,2
1153,2
1154,2
1155,2
1156,4
1157,4
1158,4
1159,1
1160,0
1161,1
1162,3
1163,7
1164,7
1165,3
1166,1
1167,4
1168,0
1169,3
1170,3
1171,2
1172,3
1173,2
1174,4
1175,1
1176,1
1177,4
1178,2
1179,2
1180,4
1181,0
1182,4
1183,2
1184,4
1185,2
1186,7
1187,4
1188,1
1189,2
1190,3
1191,2
1192,3
1193,3
1194,2
1195,2
1196,1
1197,0
1198,2
1199,3
1200,0
1201,1
1202,0
1203,2
1204,1
1205,0
1206,1
1207,3
1208,0
1209,4
1210,3
1211,4
1212,5
1213,4
1214,2
1215,3
1216,2
1217,4
1218,3
1219,0
1220,2
1221,0
1222,2
1223,0
1224,0
1225,3
1226,3
1227,2
1228,2
1229,4
1230,1
1231,2
1232,4
1233,4
1234,4
1235,4
1236,2
1237,3
1238,2
1239,3
1240,1
1241,3
1242,2
1243,1
1244,3
1245,1
1246,5
1247,1
1248,3
1249,4
1250,1
1251,2
1252,4
1253,1
1254,5
1255,3
1256,5
1257,5
1258,3
1259,4
1260,5
1261,2
1262,1
1263,1
1264,1
1265,1
1266,7
1267,0
1268,5
1269,3
1270,1
1271,6
1272,5
1273,1
1274,4
1275,4
1276,1
1277,6
1278,0
1279,0
1280,4
1281,3
1282,2
1283,1
1284,6
1285,3
1286,3
1287,4
1288,3
1289,8
1290,4
1291,4
1292,3
1293,5
1294,5
1295,4
1296,3
1297,4
1298,2
1299,1
1300,10
1301,6
1302,6
1303,2
1304,1
1305,1
1306,3
1307,4
1308,2
1309,5
1310,2
1311,4
1312,4
1313,5
1314,1
1315,2
1316,3
1317,3
1318,3
1319,2
1320,3
1321,0
1322,7
1323,2
1324,8
1325,4
1326,3
1327,2
1328,0
1329,1
1330,1
1331,0
1332,4
1333,6
1334,0
1335,3
1336,4
1337,2
1338,1
1339,5
1340,3
1341,2
1342,1
1343,1
1344,3
1345,0
1346,1
1347,2
1348,5
1349,4
1350,5
1351,3
1352,2
1353,2
1354,4
1355,4
1356,2
1357,5
1358,3
1359,2
1360,2
1361,0
1362,3
1363,2
1364,1
1365,4
1366,1
1367,4
1368,1
1369,6
1370,2
1371,7
1372,1
1373,3
1374,1
1375,4
1376,5
1377,4
1378,1
1379,1
1380,3
1381,6
1382,0
1383,1
1384,0
1385,2
1386,4
1387,3
1388,4
1389,1
1390,5
1391,5
1392,3
1393,9
1394,2
1395,2
1396,0
1397,5
1398,0
1399,3
1400,2
1401,3
1402,2
1403,2
1404,1
1405,4
1406,1
1407,1
1408,4
1409,4
1410,4
1411,2
1412,0
1413,1
1414,1
1415,3
1416,2
1417,0
1418,2
1419,4
1420,2
1421,3
1422,2
1423,1
1424,4
1425,0
1426,4
1427,2
1428,0
1429,1
1430,6
1431,4
1432,3
1433,4
1434,1
1435,1
1436,0
1437,1
1438,2
1439,4
1440,3
1441,1
1442,5
1443,3
1444,2
1445,4
1446,4
1447,3
1448,2
1449,1
1450,0
1451,0
1452,2
1453,6
1454,1
1455,1
1456,3
1457,2
1458,3
1459,2
1460,0
1461,3
1462,2
1463,3
1464,4
1465,1
1466,0
1467,5
1468,1
1469,1
1470,4
1471,3
1472,4
1473,4
1474,3
1475,3
1476,4
1477,1
1478,4
1479,1
1480,4
1481,5
1482,3
1483,0
1484,4
1485,0
1486,3
1487,5
1488,2
1489,3
1490,4
1491,1
1492,5
1493,6
1494,4
1495,1
1496,7
1497,1
1498,7
1499,5
1500,3
1501,1
1502,4
1503,5
1504,0
1505,4
1506,6
1507,1
1508,0
1509,4
1510,1
1511,5
1512,4
1513,2
1514,4
1515,1
1516,2
1517,6
1518,1
1519,2
1520,3
1521,5
1522,2
1523,6
1524,6
1525,0
1526,1
1527,3
1528,1
1529,3
1530,5
1531,2
1532,5
1533,5
1534,0
1535,3
1536,2
1537,8
1538,5
1539,4
1540,0
1541,2
1542,1
1543,1
1544,4
1545,3
1546,3
1547,1
1548,0
1549,4
1550,1
1551,1
1552,3
1553,4
1554,2
1555,3
1556,1
1557,4
1558,3
1559,6
1560,4
1561,3
1562,4
1563,3
1564,2
1565,1
1566,7
1567,5
1568,3
1569,1
1570,4
1571,2
1572,4
1573,3
1574,1
1575,2
1576,7
1577,0
1578,0
1579,2
1580,3
1581,0
1582,0
1583,1
1584,4
1585,1
1586,2
1587,2
1588,1
1589,2
1590,2
1591,4
1592,0
1593,1
1594,3
1595,0
1596,3
1597,3
1598,7
1599,5
1600,1
1601,2
1602,3
1603,0
1604,2
1605,0
1606,2
1607,3
1608,3
1609,4
1610,3
1611,1
1612,0
1613,2
1614,5
1615,2
1616,1
1617,1
1618,0
1619,2
1620,6
1621,8
1622,4
1623,3
1624,4
1625,4
1626,2
1627,4
1628,3
1629,1
1630,2
1631,1
1632,4
1633,4
1634,2
1635,1
1636,2
1637,2
1638,8
1639,1
1640,2
1641,2
1642,4
1643,0
1644,5
1645,1
1646,2
1647,3
1648,6
1649,2
1650,2
1651,1
1652,5
1653,2
1654,1
1655,1
1656,0
1657,5
1658,1
1659,4
1660,2
1661,6
1662,1
1663,3
1664,3
1665,4
1666,0
1667,2
1668,1
1669,0
1670,6
1671,1
1672,4
1673,3
1674,1
1675,5
1676,5
1677,0
1678,1
1679,4
1680,2
1681,2
1682,3
1683,4
1684,2
1685,4
1686,9
1687,0
1688,2
1689,4
1690,2
1691,8
1692,2
1693,5
1694,4
1695,3
1696,0
1697,1
1698,3
1699,5
1700,2
1701,1
1702,1
1703,3
1704,1
1705,3
1706,3
1707,3
1708,2
1709,0
1710,6
1711,0
1712,2
1713,0
1714,1
1715,8
1716,4
1717,3
1718,6
1719,4
1720,5
1721,4
1722,3
1723,0
1724,0
1725,2
1726,4
1727,5
1728,1
1729,4
1730,3
1731,4
1732,1
1733,2
1734,3
1735,0
1736,3
1737,1
1738,0
1739,2
1740,4
1741,0
1742,2
1743,5
1744,4
1745,6
1746,5
1747,2
1748,4
1749,4
1750,4
1751,2
1752,3
1753,1
1754,4
1755,6
1756,3
1757,3
1758,6
1759,1
1760,0
1761,0
1762,2
1763,1
1764,3
1765,2
1766,1
1767,3
1768,1
1769,3
1770,5
1771,0
1772,0
1773,2
1774,0
1775,1
1776,3
1777,2
1778,3
1779,3
1780,1
1781,0
1782,2
1783,0
1784,1
1785,3
1786,8
1787,0
1788,1
1789,3
1790,2
1791,4
1792,7
1793,2
1794,1
1795,2
1796,1
1797,2
1798,4
1799,1
1800,8
1801,5
1802,1
1803,3
1804,0
1805,4
1806,2
1807,1
1808,0
1809,1
1810,5
1811,6
1812,5
1813,1
1814,4
1815,3
1816,3
1817,1
1818,8
1819,3
1820,2
1821,1
1822,1
1823,0
1824,1
1825,2
1826,9
1827,1
1828,3
1829,1
1830,6
1831,1
1832,2
1833,3
1834,2
1835,3
1836,4
1837,7
1838,1
1839,2
1840,1
1841,4
1842,7
1843,2
1844,6
1845,6
1846,3
1847,2
1848,1
1849,2
1850,1
1851,3
1852,5
1853,4
1854,0
1855,2
1856,3
1857,5
1858,1
1859,2
1860,1
1861,4
1862,3
1863,1
1864,6
1865,0
1866,1
1867,3
1868,0
1869,6
1870,4
1871,3
1872,2
1873,2
1874,7
1875,4
1876,4
1877,1
1878,2
1879,4
1880,2
1881,6
1882,0
1883,1
1884,12
1885,0
1886,5
1887,1
1888,2
1889,0
1890,1
1891,4
1892,1
1893,4
1894,0
1895,4
1896,2
1897,2
1898,3
1899,3
1900,3
1901,2
1902,0
1903,0
1904,1
1905,6
1906,1
1907,1
1908,1
1909,3
1910,3
1911,3
1912,2
1913,5
1914,1
1915,6
1916,3
1917,1
1918,2
1919,5
1920,3
1921,0
1922,0
1923,3
1924,5
1925,3
1926,2
1927,2
1928,2
1929,2
1930,5
1931,4
1932,2
1933,5
1934,4
1935,6
1936,4
1937,3
1938,1
1939,2
1940,3
1941,1
1942,4
1943,2
1944,2
1945,6
1946,3
1947,6
1948,2
1949,3
1950,9
1951,1
1952,3
1953,3
1954,3
1955,7
1956,3
1957,2
1958,6
1959,2
1960,1
1961,2
1962,3
1963,2
1964,3
1965,3
1966,3
1967,2
1968,2
1969,2
1970,1
1971,2
1972,0
1973,2
1974,4
1975,1
1976,2
1977,2
1978,2
1979,4
1980,1
1981,2
1982,5
1983,1
1984,3
1985,2
1986,3
1987,3
1988,3
1989,3
1990,3
1991,2
1992,4
1993,1
1994,3
1995,2
1996,1
1997,4
1998,2
1999,4
2000,4
2001,2
2002,5
2003,0
2004,4
2005,2
2006,1
2007,3
2008,4
2009,2
2010,0
2011,2
2012,4
2013,3
2014,2
2015,4
2016,1
2017,2
2018,0
2019,3
2020,2
2021,2
2022,1
2023,1
2024,3
2025,3
2026,1
2027,8
2028,3
2029,3
2030,3
2031,4
2032,2
2033,1
2034,2
2035,1
2036,2
2037,5
2038,2
2039,5
2040,1
2041,4
2042,0
2043,3
2044,2
2045,0
2046,1
2047,4
2048,2
2049,4
2050,3
2051,4
2052,2
2053,3
2054,1
2055,3
2056,1
2057,2
2058,2
2059,0
2060,0
2061,2
2062,4
2063,0
2064,0
2065,5
2066,2
2067,2
2068,3
2069,1
2070,5
2071,1
2072,2
2073,2
2074,1
2075,3
2076,0
2077,1
2078,4
2079,0
2080,0
2081,1
2082,3
2083,2
2084,0
2085,0
2086,1
2087,6
2088,0
2089,1
2090,1
2091,2
2092,3
2093,2
2094,1
2095,5
2096,0
2097,4
2098,3
2099,0
2100,4
2101,2
2102,0
2103,2
2104,5
2105,3
2106,0
2107,4
2108,3
2109,2
2110,1
2111,1
2112,5
2113,4
2114,2
2115,2
2116,1
2117,4
2118,3
2119,2
2120,1
2121,3
2122,1
2123,1
2124,4
2125,0
2126,1
2127,1
2128,2
2129,2
2130,4
2131,2
2132,3
2133,4
2134,4
2135,1
2136,6
2137,4
2138,3
2139,2
2140,0
2141,3
2142,1
2143,2
2144,1
2145,5
2146,7
2147,4
2148,3
2149,5
2150,1
2151,5
2152,0
2153,5
2154,3
2155,3
2156,6
2157,1
2158,4
2159,10
2160,1
2161,4
2162,5
2163,5
2164,2
2165,3
2166,3
2167,2
2168,3
2169,4
2170,3
2171,9
2172,2
2173,1
2174,2
2175,1
2176,4
2177,4
2178,6
2179,0
2180,2
2181,1
2182,0
2183,3
2184,2
2185,5
2186,3
2187,1
2188,4
2189,1
2190,3
2191,1
2192,4
2193,3
2194,1
2195,2
2196,0
2197,3
2198,1
2199,3
2200,4
2201,3
2202,3
2203,0
2204,3
2205,2
2206,0
2207,0
2208,0
2209,0
2210,2
2211,4
2212,1
2213,3
2214,0
2215,3
2216,2
2217,0
2218,1
2219,2
2220,1
2221,5
2222,4
2223,3
2224,2
2225,1
2226,0
2227,3
2228,5
2229,5
2230,1
2231,5
2232,2
2233,3
2234,2
2235,3
2236,0
2237,2
2238,1
2239,10
2240,1
2241,0
2242,1
2243,0
2244,0
2245,0
2246,0
2247,3
2248,1
2249,3
2250,4
2251,1
2252,0
2253,1
2254,0
2255,3
2256,4
2257,3
2258,4
2259,0
2260,0
2261,2
2262,1
2263,3
2264,1
2265,8
2266,2
2267,2
2268,4
2269,5
2270,1
2271,2
2272,2
2273,5
2274,2
2275,0
2276,4
2277,2
2278,0
2279,3
2280,3
2281,4
2282,4
2283,2
2284,5
2285,6
2286,2
2287,1
2288,1
2289,4
2290,0
2291,5
2292,0
2293,1
2294,5
2295,0
2296,2
2297,5
2298,2
2299,5
2300,2
2301,6
2302,3
2303,3
2304,1
2305,8
2306,2
2307,5
2308,3
2309,2
2310,2
2311,1
2312,4
2313,0
2314,5
2315,6
2316,6
2317,5
2318,4
2319,1
2320,0
2321,6
2322,3
2323,0
2324,0
2325,11
2326,4
2327,0
2328,0
2329,1
2330,5
2331,6
2332,2
2333,2
2334,2
2335,2
2336,2
2337,3
2338,0
2339,1
2340,0
2341,6
2342,1
2343,6
2344,2
2345,3
2346,0
2347,0
2348,1
2349,1
2350,4
2351,5
2352,4
2353,8
2354,1
2355,3
2356,2
2357,3
2358,4
2359,5
2360,1
2361,1
2362,5
2363,4
2364,1
2365,4
2366,0
2367,4
2368,2
2369,1
2370,4
2371,5
2372,3
2373,2
2374,0
2375,0
2376,4
2377,7
2378,1
2379,7
2380,2
2381,2
2382,1
2383,1
2384,1
2385,0
2386,7
2387,2
2388,7
2389,3
2390,3
2391,1
2392,5
2393,3
2394,2
2395,2
2396,5
2397,1
2398,1
2399,2
2400,5
2401,2
2402,3
2403,3
2404,2
2405,0
2406,3
2407,3
2408,5
2409,2
2410,3
2411,9
2412,3
2413,3
2414,7
2415,6
2416,2
2417,2
2418,0
2419,1
2420,1
2421,0
2422,1
2423,1
2424,2
2425,7
2426,2
2427,5
2428,2
2429,2
2430,1
2431,1
2432,5
2433,3
2434,0
2435,0
2436,2
2437,2
2438,6
2439,2
2440,4
2441,0
2442,4
2443,3
2444,5
2445,6
2446,1
2447,3
2448,5
2449,3
2450,3
2451,1
2452,2
2453,4
2454,3
2455,4
2456,2
2457,2
2458,2
2459,4
2460,2
2461,4
2462,1
2463,6
2464,10
2465,3
2466,2
2467,5
2468,3
2469,3
2470,3
2471,4
2472,3
2473,1
2474,1
2475,0
2476,2
2477,2
2478,0
2479,1
2480,4
2481,7
2482,3
2483,2
2484,2
2485,2
2486,1
2487,6
2488,4
2489,6
2490,0
2491,6
2492,6
2493,0
2494,4
2495,2
2496,5
2497,9
2498,3
2499,1
2500,0
2501,8
2502,5
2503,4
2504,1
2505,1
2506,4
2507,4
2508,0
2509,0
2510,1
2511,2
2512,0
2513,1
2514,2
2515,4
2516,4
2517,1
2518,9
2519,4
2520,1
2521,6
2522,3
2523,5
2524,0
2525,2
2526,2
2527,4
2528,0
2529,4
2530,0
2531,5
2532,2
2533,5
2534,1
2535,5
2536,3
2537,3
2538,2
2539,3
2540,5
2541,1
2542,2
2543,4
2544,4
2545,1
2546,2
2547,3
2548,6
2549,2
2550,2
2551,2
2552,3
2553,9
2554,6
2555,5
2556,0
2557,4
2558,0
2559,4
2560,2
2561,3
2562,0
2563,4
2564,5
2565,0
2566,4
2567,5
2568,5
2569,2
2570,1
2571,7
2572,2
2573,2
2574,3
2575,6
2576,3
2577,4
2578,4
2579,0
2580,4
2581,2
2582,1
2583,4
2584,3
2585,6
2586,7
2587,1
2588,4
2589,5
2590,4
2591,1
2592,2
2593,5
2594,2
2595,2
2596,0
2597,3
2598,6
2599,2
2600,3
2601,0
2602,2
2603,2
2604,2
2605,4
2606,2
2607,1
2608,4
2609,10
2610,2
2611,1
2612,3
2613,1
2614,4
2615,3
2616,2
2617,1
2618,0
2619,0
2620,1
2621,2
2622,4
2623,5
2624,5
2625,3
2626,5
2627,4
2628,5
2629,0
2630,5
2631,2
2632,3
2633,3
2634,0
2635,1
2636,5
2637,3
2638,4
2639,10
2640,1
2641,3
2642,0
2643,5
2644,4
2645,2
2646,4
2647,2
2648,9
2649,1
2650,6
2651,0
2652,3
2653,7
2654,5
2655,2
2656,1
2657,0
2658,1
2659,3
2660,3
2661,0
2662,2
2663,4
2664,0
2665,2
2666,4
2667,2
2668,3
2669,2
2670,4
2671,0
2672,2
2673,3
2674,3
2675,2
2676,2
2677,1
2678,1
2679,0
2680,6
2681,0
2682,2
2683,6
2684,4
2685,1
2686,4
2687,5
2688,4
2689,2
2690,4
2691,2
2692,1
2693,7
2694,3
2695,4
2696,5
2697,3
2698,4
2699,1
2700,1
2701,2
2702,1
2703,1
2704,6
2705,0
2706,6
2707,1
2708,1
2709,1
2710,2
2711,2
2712,0
2713,7
2714,2
2715,3
2716,0
2717,1
2718,1
2719,0
2720,3
2721,0
2722,2
2723,3
2724,1
2725,0
2726,2
2727,4
2728,7
2729,0
2730,5
2731,5
2732,3
2733,1
2734,0
2735,1
2736,10
2737,2
2738,5
2739,0
2740,1
2741,1
2742,4
2743,5
2744,0
2745,3
2746,2
2747,3
2748,3
2749,5
2750,3
2751,1
2752,1
2753,2
2754,1
2755,3
2756,2
2757,3
2758,3
2759,2
2760,2
2761,3
2762,2
2763,1
2764,0
2765,6
2766,4
2767,1
2768,1
2769,1
2770,4
2771,4
2772,4
2773,5
2774,3
2775,3
2776,2
2777,2
2778,4
2779,1
2780,0
2781,0
2782,1
2783,3
2784,3
2785,4
2786,3
2787,5
2788,3
2789,5
2790,2
2791,3
2792,4
2793,2
2794,2
2795,3
2796,7
2797,5
2798,0
2799,3
2800,1
2801,0
2802,1
2803,4
2804,4
2805,1
2806,4
2807,5
2808,1
2809,2
2810,4
2811,2
2812,2
2813,2
2814,0
2815,5
2816,0
2817,7
2818,7
2819,10
2820,3
2821,5
2822,1
2823,4
2824,4
2825,0
2826,4
2827,3
2828,2
2829,2
2830,6
2831,1
2832,5
2833,1
2834,2
2835,2
2836,4
2837,1
2838,2
2839,1
2840,1
2841,1
2842,5
2843,0
2844,3
2845,4
2846,1
2847,1
2848,4
2849,4
2850,2
2851,2
2852,3
2853,3
2854,4
2855,2
2856,0
2857,1
2858,3
2859,1
2860,3
2861,1
2862,3
2863,4
2864,0
2865,7
2866,2
2867,2
2868,4
2869,2
2870,0
2871,2
2872,3
2873,5
2874,8
2875,5
2876,1
2877,9
2878,2
2879,2
2880,7
2881,0
2882,1
2883,3
2884,1
2885,3
2886,0
2887,5
2888,1
2889,4
2890,3
2891,3
2892,0
2893,0
2894,2
2895,4
2896,5
2897,5
2898,0
2899,1
2900,2
2901,4
2902,3
2903,6
2904,0
2905,3
2906,4
2907,9
2908,1
2909,9
2910,6
2911,3
2912,0
2913,3
2914,1
2915,5
2916,4
2917,3
2918,0
2919,3
2920,7
2921,3
2922,3
2923,3
2924,5
2925,3
2926,0
2927,0
2928,1
2929,2
2930,1
2931,2
2932,3
2933,3
2934,0
2935,0
2936,3
2937,0
2938,3
2939,0
2940,5
2941,1
2942,7
2943,3
2944,2
2945,6
2946,2
2947,5
2948,4
2949,0
2950,3
2951,4
2952,2
2953,6
2954,1
2955,3
2956,5
2957,5
2958,2
2959,10
2960,7
2961,3
2962,3
2963,5
2964,4
2965,2
2966,5
2967,1
2968,6
2969,1
2970,1
2971,0
2972,2
2973,2
2974,1
2975,3
2976,6
2977,1
2978,3
2979,2
2980,6
2981,2
2982,1
2983,5
2984,4
2985,6
2986,4
2987,1
2988,1
2989,4
2990,1
2991,7
2992,4
2993,5
2994,2
2995,0
2996,1
2997,0
2998,4
2999,1
3000,4
3001,2
3002,3
3003,5
3004,2
3005,5
3006,1
3007,5
3008,2
3009,1
3010,1
3011,3
3012,3
3013,4
3014,4
3015,1
3016,6
3017,1
3018,2
3019,3
3020,4
3021,2
3022,0
3023,2
3024,1
3025,3
3026,0
3027,5
3028,4
3029,6
3030,5
3031,4
3032,3
3033,4
3034,0
3035,2
3036,4
3037,1
3038,0
3039,1
3040,7
3041,1
3042,2
3043,3
3044,5
3045,6
3046,4
3047,2
3048,0
3049,1
3050,3
3051,2
3052,1
3053,4
3054,6
3055,6
3056,0
3057,2
3058,5
3059,4
3060,5
3061,2
3062,5
3063,2
3064,1
3065,1
3066,3
3067,4
3068,6
3069,3
3070,3
3071,3
3072,4
3073,3
3074,3
3075,2
3076,3
3077,3
3078,4
3079,0
3080,4
3081,8
3082,4
3083,2
3084,3
3085,4
3086,1
3087,2
3088,4
3089,2
3090,0
3091,3
3092,2
3093,1
3094,3
3095,0
3096,6
3097,3
3098,1
3099,0
3100,2
3101,1
3102,3
3103,4
3104,2
3105,5
3106,1
3107,0
3108,4
3109,1
3110,2
3111,4
3112,5
3113,3
3114,5
3115,0
3116,2
3117,1
3118,5
3119,2
3120,5
3121,1
3122,5
3123,10
3124,4
3125,1
3126,3
3127,3
3128,3
3129,8
3130,4
3131,3
3132,2
3133,6
3134,1
3135,3
3136,0
3137,1
3138,1
3139,1
3140,0
3141,3
3142,4
3143,5
3144,8
3145,5
3146,1
3147,1
3148,0
3149,0
3150,2
3151,3
3152,4
3153,0
3154,3
3155,1
3156,1
3157,9
3158,5
3159,1
3160,0
3161,1
3162,3
3163,3
3164,6
3165,9
3166,0
3167,2
3168,3
3169,6
3170,1
3171,3
3172,0
3173,0
3174,2
3175,4
3176,3
3177,3
3178,0
3179,5
3180,1
3181,6
3182,5
3183,3
3184,4
3185,2
3186,1
3187,1
3188,4
3189,1
3190,4
3191,2
3192,0
3193,4
3194,1
3195,1
3196,0
3197,5
3198,9
3199,3
3200,4
3201,5
3202,2
3203,1
3204,2
3205,2
3206,2
3207,5
3208,3
3209,1
3210,6
3211,5
3212,0
3213,0
3214,1
3215,2
3216,5
3217,2
3218,2
3219,2
3220,3
3221,1
3222,4
3223,4
3224,2
3225,1
3226,2
3227,3
3228,2
3229,2
3230,5
3231,2
3232,3
3233,3
3234,3
3235,1
3236,1
3237,0
3238,2
3239,2
3240,1
3241,0
3242,4
3243,6
3244,1
3245,3
3246,0
3247,5
3248,2
3249,4
3250,4
3251,2
3252,2
3253,1
3254,2
3255,4
3256,8
3257,3
3258,3
3259,4
3260,2
3261,2
3262,2
3263,2
3264,3
3265,1
3266,7
3267,4
3268,5
3269,2
3270,3
3271,6
3272,2
3273,2
3274,6
3275,7
3276,3
3277,5
3278,5
3279,1
3280,6
3281,2
3282,4
3283,3
3284,1
3285,2
3286,0
3287,4
3288,0
3289,5
3290,6
3291,1
3292,1
3293,2
3294,2
3295,2
3296,1
3297,4
3298,5
3299,2
3300,0
3301,2
3302,1
3303,2
3304,5
3305,4
3306,6
3307,1
3308,2
3309,2
3310,0
3311,1
3312,4
3313,0
3314,2
3315,5
3316,0
3317,4
3318,3
3319,3
3320,1
3321,0
3322,1
3323,0
3324,0
3325,0
3326,0
3327,5
3328,3
3329,7
3330,3
3331,2
3332,0
3333,3
3334,0
3335,5
3336,0
3337,4
3338,2
3339,6
