0,4
1,1
2,0
3,6
4,2
5,4
6,1
7,0
8,2
9,3
10,3
11,1
12,5
13,0
14,3
15,1
16,4
17,4
18,2
19,1
20,0
21,1
22,2
23,5
24,1
25,2
26,3
27,0
28,4
29,2
30,6
31,3
32,2
33,0
34,2
35,0
36,3
37,3
38,0
39,2
40,0
41,2
42,6
43,1
44,1
45,1
46,1
47,2
48,1
49,1
50,2
51,0
52,1
53,0
54,1
55,4
56,0
57,0
58,1
59,1
60,2
61,0
62,1
63,1
64,0
65,1
66,2
67,1
68,4
69,1
70,0
71,1
72,1
73,3
74,0
75,0
76,1
77,1
78,1
79,1
80,1
81,1
82,2
83,1
84,5
85,1
86,5
87,3
88,1
89,1
90,0
91,1
92,1
93,1
94,0
95,1
96,1
97,1
98,5
99,1
100,2
101,0
102,0
103,2
104,0
105,3
106,0
107,3
108,0
109,1
110,1
111,0
112,0
113,0
114,2
115,0
116,0
117,0
118,1
119,0
120,0
121,1
122,3
123,1
124,1
125,0
126,0
127,1
128,1
129,0
130,1
131,1
132,1
133,4
134,1
135,1
136,1
137,1
138,1
139,4
140,3
141,3
142,2
143,1
144,2
145,1
146,1
147,1
148,1
149,1
150,1
151,1
152,1
153,1
154,1
155,0
156,0
157,1
158,3
159,1
160,1
161,1
162,0
163,0
164,0
165,1
166,2
167,1
168,1
169,1
170,5
171,1
172,2
173,2
174,1
175,0
176,4
177,5
178,0
179,1
180,1
181,4
182,2
183,1
184,1
185,1
186,3
187,3
188,1
189,2
190,0
191,1
192,2
193,1
194,3
195,2
196,2
197,0
198,1
199,1
200,0
201,4
202,1
203,1
204,3
205,2
206,0
207,1
208,2
209,1
210,1
211,3
212,0
213,2
214,3
215,1
216,1
217,2
218,3
219,1
220,1
221,1
222,2
223,1
224,1
225,4
226,1
227,1
228,4
229,2
230,0
231,1
232,2
233,2
234,1
235,3
236,2
237,2
238,2
239,4
240,3
241,1
242,3
243,2
244,3
245,1
246,1
247,2
248,2
249,1
250,1
251,1
252,3
253,2
254,4
255,4
256,1
257,0
258,3
259,3
260,6
261,0
262,5
263,0
264,1
265,1
266,0
267,3
268,0
269,1
270,0
271,3
272,1
273,1
274,0
275,0
276,1
277,2
278,2
279,6
280,3
281,2
282,2
283,4
284,2
285,1
286,3
287,3
288,4
289,1
290,5
291,3
292,1
293,2
294,0
295,0
296,3
297,1
298,2
299,4
300,2
301,1
302,2
303,2
304,0
305,1
306,2
307,2
308,1
309,2
310,1
311,0
312,1
313,1
314,2
315,1
316,1
317,0
318,1
319,1
320,1
321,1
322,0
323,4
324,2
325,6
326,1
327,2
328,3
329,3
330,1
331,1
332,3
333,1
334,0
335,2
336,2
337,1
338,3
339,2
340,1
341,2
342,1
343,3
344,4
345,2
346,1
347,4
348,1
349,2
350,1
351,0
352,0
353,1
354,3
355,0
356,1
357,1
358,1
359,7
360,1
361,2
362,1
363,1
364,0
365,2
366,1
367,3
368,2
369,1
370,2
371,3
372,1
373,0
374,1
375,1
376,5
377,1
378,1
379,0
380,3
381,1
382,2
383,1
384,3
385,3
386,2
387,0
388,3
389,2
390,3
391,1
392,3
393,3
394,0
395,5
396,3
397,1
398,1
399,3
400,0
401,1
402,3
403,4
404,2
405,0
406,2
407,2
408,1
409,1
410,1
411,1
412,5
413,0
414,0
415,1
416,2
417,1
418,0
419,2
420,1
421,1
422,1
423,1
424,2
425,1
426,2
427,2
428,1
429,1
430,0
431,0
432,1
433,6
434,2
435,2
436,4
437,0
438,1
439,1
440,2
441,0
442,1
443,3
444,2
445,1
446,5
447,1
448,0
449,0
450,1
451,2
452,1
453,2
454,1
455,2
456,1
457,2
458,1
459,1
460,1
461,2
462,1
463,1
464,1
465,1
466,3
467,1
468,2
469,3
470,3
471,0
472,2
473,2
474,1
475,1
476,2
477,1
478,1
479,2
480,1
481,1
482,1
483,1
484,3
485,1
486,1
487,2
488,1
489,1
490,1
491,0
492,2
493,2
494,1
495,1
496,1
497,2
498,2
499,4
500,2
501,1
502,1
503,2
504,1
505,3
506,3
507,2
508,0
509,2
510,1
511,2
512,2
513,2
514,1
515,0
516,1
517,1
518,2
519,2
520,1
521,1
522,1
523,1
524,1
525,3
526,1
527,3
528,2
529,0
530,4
531,0
532,1
533,1
534,1
535,1
536,1
537,2
538,0
539,0
540,1
541,1
542,1
543,1
544,1
545,2
546,0
547,4
548,1
549,1
550,0
551,0
552,1
553,1
554,5
555,2
556,1
557,2
558,0
559,1
560,3
561,2
562,2
563,4
564,1
565,1
566,3
567,1
568,2
569,2
570,1
571,2
572,1
573,1
574,1
575,1
576,4
577,2
578,1
579,2
580,2
581,1
582,1
583,4
584,1
585,1
586,2
587,1
588,3
589,3
590,1
591,1
592,0
593,1
594,0
595,1
596,5
597,2
598,1
599,3
600,1
601,1
602,1
603,2
604,2
605,3
606,1
607,2
608,3
609,1
610,0
611,2
612,3
613,1
614,0
615,1
616,2
617,3
618,0
619,1
620,0
621,1
622,2
623,5
624,0
625,0
626,1
627,2
628,2
629,1
630,7
631,0
632,0
633,2
634,2
635,1
636,0
637,0
638,3
639,2
640,2
641,1
642,1
643,1
644,1
645,2
646,2
647,3
648,1
649,1
650,2
651,2
652,0
653,0
654,1
655,2
656,2
657,0
658,2
659,2
660,2
661,2
662,2
663,0
664,3
665,4
666,1
667,1
668,3
669,1
670,1
671,1
672,1
673,4
674,0
675,2
676,1
677,2
678,1
679,1
680,3
681,0
682,1
683,1
684,1
685,2
686,1
687,0
688,4
689,1
690,1
691,1
692,1
693,1
694,5
695,2
696,1
697,1
698,0
699,1
700,1
701,1
702,1
703,0
704,1
705,0
706,0
707,2
708,0
709,0
710,1
711,5
712,0
713,1
714,1
715,2
716,0
717,0
718,0
719,1
720,1
721,4
722,0
723,1
724,3
725,2
726,0
727,2
728,1
729,1
730,1
731,1
732,0
733,2
734,4
735,4
736,2
737,0
738,2
739,3
740,1
741,2
742,2
743,2
744,2
745,0
746,0
747,1
748,2
749,1
750,1
751,2
752,1
753,2
754,4
755,1
756,1
757,1
758,0
759,1
760,2
761,2
762,1
763,1
764,3
765,1
766,1
767,3
768,1
769,3
770,2
771,1
772,1
773,2
774,1
775,0
776,1
777,2
778,3
779,1
780,3
781,1
782,1
783,1
784,0
785,0
786,1
787,1
788,0
789,1
790,5
791,2
792,2
793,1
794,2
795,3
796,2
797,2
798,1
799,1
800,1
801,1
802,2
803,2
804,1
805,1
806,2
807,2
808,1
809,4
810,2
811,1
812,2
813,1
814,1
815,3
816,3
817,1
818,3
819,3
820,2
821,0
822,5
823,1
824,1
825,1
826,2
827,1
828,1
829,1
830,2
831,3
832,1
833,2
834,2
835,5
836,0
837,5
838,3
839,0
840,2
841,3
842,4
843,0
844,3
845,2
846,1
847,3
848,0
849,3
850,2
851,1
852,2
853,1
854,1
855,1
856,1
857,4
858,1
859,1
860,1
861,1
862,2
863,1
864,0
865,1
866,1
867,0
868,3
869,0
870,2
871,1
872,3
873,0
874,0
875,1
876,3
877,2
878,2
879,2
880,3
881,2
882,1
883,4
884,1
885,3
886,1
887,2
888,1
889,1
890,2
891,3
892,2
893,3
894,1
895,3
896,1
897,1
898,1
899,1
900,2
901,0
902,2
903,0
904,2
905,3
906,2
907,1
908,2
909,2
910,3
911,1
912,0
913,2
914,2
915,1
916,0
917,1
918,2
919,1
920,1
921,1
922,2
923,0
924,0
925,4
926,3
927,1
928,0
929,1
930,0
931,1
932,2
933,6
934,3
935,1
936,0
937,1
938,1
939,2
940,2
941,1
942,0
943,2
944,3
945,0
946,1
947,1
948,1
949,1
950,3
951,1
952,1
953,3
954,2
955,1
956,0
957,2
958,1
959,0
960,0
961,1
962,3
963,4
964,1
965,0
966,0
967,1
968,3
969,3
970,0
971,1
972,0
973,0
974,2
975,4
976,2
977,4
978,1
979,1
980,1
981,3
982,2
983,0
984,1
985,1
986,1
987,1
988,1
989,0
990,6
991,2
992,2
993,1
994,2
995,0
996,2
997,1
998,2
999,1
1000,2
1001,1
1002,5
1003,1
1004,2
1005,2
1006,3
1007,1
1008,2
1009,3
1010,2
1011,1
1012,0
1013,4
1014,2
1015,2
1016,1
1017,0
1018,1
1019,2
1020,0
1021,1
1022,1
1023,2
1024,1
1025,1
1026,1
1027,2
1028,1
1029,3
1030,3
1031,2
1032,2
1033,7
1034,0
1035,3
1036,1
1037,0
1038,0
1039,1
1040,2
1041,1
1042,7
1043,1
1044,2
1045,4
1046,1
1047,2
1048,2
1049,0
1050,1
1051,2
1052,3
1053,1
1054,1
1055,3
1056,1
1057,0
1058,2
1059,1
1060,1
1061,1
1062,0
1063,0
1064,1
1065,1
1066,0
1067,1
1068,2
1069,1
1070,2
1071,1
1072,0
1073,1
1074,1
1075,2
1076,1
1077,3
1078,1
1079,1
1080,0
1081,0
1082,1
1083,1
1084,1
1085,2
1086,1
1087,3
1088,1
1089,1
1090,2
1091,1
1092,1
1093,2
1094,3
1095,1
1096,1
1097,1
1098,1
1099,0
1100,1
1101,1
1102,2
1103,1
1104,1
1105,3
1106,1
1107,1
1108,1
1109,1
1110,1
1111,1
1112,1
1113,1
1114,1
1115,2
1116,2
1117,2
1118,3
1119,1
1120,1
1121,0
1122,0
1123,1
1124,1
1125,2
1126,1
1127,1
1128,1
1129,1
1130,3
1131,1
1132,2
1133,4
1134,1
1135,1
1136,2
1137,1
1138,1
1139,0
1140,3
1141,0
1142,1
1143,0
1144,2
1145,0
1146,1
1147,0
1148,1
1149,2
1150,2
1151,3
1152,1
1153,1
1154,1
1155,0
1156,0
1157,1
1158,2
1159,0
1160,2
1161,4
1162,2
1163,1
1164,2
1165,0
1166,0
1167,0
1168,0
1169,3
1170,1
1171,2
1172,3
1173,1
1174,1
1175,1
1176,2
1177,4
1178,3
1179,2
1180,1
1181,0
1182,0
1183,3
1184,0
1185,6
1186,2
1187,3
1188,3
1189,1
1190,5
1191,1
1192,2
1193,0
1194,2
1195,2
1196,0
1197,5
1198,0
1199,2
1200,1
1201,2
1202,0
1203,3
1204,0
1205,0
1206,0
1207,0
1208,1
1209,1
1210,0
1211,1
1212,1
1213,3
1214,0
1215,1
1216,3
1217,2
1218,1
1219,0
1220,1
1221,5
1222,1
1223,0
1224,2
1225,5
1226,1
1227,1
1228,1
1229,0
1230,4
1231,2
1232,1
1233,1
1234,3
1235,1
1236,3
1237,1
1238,0
1239,0
1240,1
1241,2
1242,1
1243,1
1244,8
1245,2
1246,3
1247,0
1248,0
1249,1
1250,0
1251,0
1252,1
1253,1
1254,0
1255,1
1256,0
1257,0
1258,1
1259,1
1260,0
1261,0
1262,4
1263,1
1264,1
1265,2
1266,1
1267,2
1268,1
1269,1
1270,3
1271,0
1272,7
1273,3
1274,1
1275,1
1276,1
1277,2
1278,3
1279,1
1280,1
1281,3
1282,1
1283,1
1284,0
1285,1
1286,2
1287,1
1288,2
1289,1
1290,2
1291,1
1292,3
1293,1
1294,2
1295,2
1296,1
1297,1
1298,1
1299,1
1300,0
1301,0
1302,1
1303,2
1304,1
1305,1
1306,0
1307,1
1308,4
1309,1
1310,2
1311,2
1312,1
1313,3
1314,0
1315,1
1316,1
1317,1
1318,0
1319,0
1320,2
1321,1
1322,1
1323,1
1324,1
1325,4
1326,3
1327,1
1328,1
1329,1
1330,1
1331,0
1332,3
1333,1
1334,2
1335,1
1336,2
1337,2
1338,2
1339,4
1340,1
1341,1
1342,1
1343,1
1344,2
1345,3
1346,1
1347,2
1348,0
1349,1
1350,0
1351,5
1352,2
1353,3
1354,2
1355,2
1356,1
1357,1
1358,2
1359,1
1360,0
1361,2
1362,2
1363,1
1364,2
1365,2
1366,1
1367,0
1368,1
1369,1
1370,2
1371,2
1372,0
1373,1
1374,2
1375,1
1376,1
1377,2
1378,1
1379,0
1380,1
1381,2
1382,1
1383,3
1384,1
1385,0
1386,1
1387,0
1388,0
1389,2
1390,3
1391,1
1392,1
1393,0
1394,1
1395,1
1396,1
1397,1
1398,2
1399,4
1400,1
1401,3
1402,1
1403,2
1404,4
1405,1
1406,2
1407,1
1408,1
1409,2
1410,1
1411,2
1412,3
1413,3
1414,4
1415,3
1416,2
1417,1
1418,0
1419,2
1420,2
1421,1
1422,1
1423,0
1424,3
1425,1
1426,0
1427,1
1428,0
1429,2
1430,0
1431,1
1432,0
1433,0
1434,1
1435,1
1436,4
1437,1
1438,2
1439,0
1440,0
1441,1
1442,2
1443,1
1444,0
1445,1
1446,0
1447,3
1448,1
1449,1
1450,1
1451,3
1452,3
1453,2
1454,1
1455,1
1456,2
1457,0
1458,1
1459,4
1460,1
1461,1
1462,1
1463,1
1464,5
1465,2
1466,2
1467,2
1468,1
1469,1
1470,1
1471,1
1472,2
1473,1
1474,3
1475,3
1476,2
1477,0
1478,1
1479,2
1480,1
1481,1
1482,0
1483,5
1484,1
1485,1
1486,1
1487,3
1488,4
1489,1
1490,1
1491,2
1492,2
1493,2
1494,4
1495,1
1496,4
1497,5
1498,1
1499,1
1500,1
1501,1
1502,2
1503,1
1504,1
1505,1
1506,1
1507,0
1508,2
1509,1
1510,0
1511,2
1512,1
1513,2
1514,0
1515,1
1516,0
1517,2
1518,0
1519,1
1520,1
1521,1
1522,1
1523,1
1524,2
1525,0
1526,2
1527,5
1528,2
1529,1
1530,1
1531,0
1532,1
1533,1
1534,1
1535,2
1536,0
1537,1
1538,1
1539,0
1540,1
1541,0
1542,1
1543,0
1544,1
1545,1
1546,0
1547,2
1548,3
1549,1
1550,0
1551,0
1552,1
1553,3
1554,2
1555,13
1556,0
1557,1
1558,3
1559,2
1560,1
1561,1
1562,0
1563,4
1564,2
1565,2
1566,1
1567,2
1568,2
1569,5
1570,1
1571,1
1572,3
1573,2
1574,5
1575,1
1576,1
1577,3
1578,0
1579,3
1580,3
1581,2
1582,3
1583,2
1584,1
1585,2
1586,3
1587,0
1588,1
1589,1
1590,1
1591,2
1592,1
1593,0
1594,3
1595,1
1596,3
1597,0
1598,2
1599,2
1600,1
1601,2
1602,1
1603,1
1604,6
1605,0
1606,1
1607,2
1608,2
1609,1
1610,1
1611,3
1612,3
1613,2
1614,2
1615,0
1616,2
1617,1
1618,1
1619,0
1620,1
1621,0
1622,2
1623,0
1624,1
1625,0
1626,1
1627,1
1628,0
1629,0
1630,2
1631,0
1632,2
1633,2
1634,1
1635,1
1636,2
1637,0
1638,0
1639,1
1640,0
1641,1
1642,2
1643,1
1644,1
1645,1
1646,0
1647,0
1648,1
1649,0
1650,1
1651,1
1652,1
1653,1
1654,0
1655,0
1656,1
1657,0
1658,0
1659,1
1660,1
1661,2
1662,0
1663,2
1664,0
1665,1
1666,0
1667,2
1668,1
1669,1
1670,0
1671,1
1672,0
1673,0
1674,3
1675,1
1676,1
1677,1
1678,0
1679,2
1680,1
1681,3
1682,0
1683,0
1684,3
1685,2
1686,2
1687,1
1688,1
1689,0
1690,1
1691,3
1692,0
1693,0
1694,2
1695,0
1696,0
1697,1
1698,1
1699,1
1700,0
1701,1
1702,1
1703,1
1704,1
1705,4
1706,2
1707,1
1708,3
1709,3
1710,0
1711,2
1712,3
1713,3
1714,1
1715,1
1716,1
1717,4
1718,2
1719,1
1720,1
1721,2
1722,1
1723,6
1724,1
1725,1
1726,3
1727,1
1728,0
1729,1
1730,1
1731,1
1732,2
1733,2
1734,1
1735,0
1736,4
1737,0
1738,1
1739,0
1740,3
1741,6
1742,6
1743,0
1744,2
1745,1
1746,1
1747,0
1748,1
1749,4
1750,1
1751,3
1752,0
1753,2
1754,1
1755,1
1756,1
1757,2
1758,1
1759,1
1760,3
1761,2
1762,2
1763,3
1764,0
1765,1
1766,0
1767,1
1768,5
1769,8
1770,4
1771,3
1772,2
1773,0
1774,0
1775,0
1776,0
1777,0
1778,3
1779,3
1780,1
1781,1
1782,0
1783,1
1784,1
1785,2
1786,2
1787,0
1788,1
1789,0
1790,1
1791,3
1792,3
1793,2
1794,1
1795,2
1796,1
1797,1
1798,2
1799,4
1800,1
1801,2
1802,2
1803,1
1804,4
1805,3
1806,1
1807,2
1808,2
1809,1
1810,5
1811,1
1812,1
1813,1
1814,2
1815,2
1816,3
1817,3
1818,1
1819,1
1820,7
1821,1
1822,3
1823,1
1824,3
1825,2
1826,1
1827,0
1828,0
1829,2
1830,3
1831,3
1832,1
1833,1
1834,0
1835,2
1836,2
1837,2
1838,1
1839,1
1840,2
1841,1
1842,1
1843,2
1844,2
1845,1
1846,1
1847,1
1848,1
1849,3
1850,4
1851,1
1852,2
1853,2
1854,1
1855,1
1856,1
1857,1
1858,0
1859,1
1860,0
1861,0
1862,1
1863,2
1864,1
1865,0
1866,1
1867,1
1868,1
1869,3
1870,0
1871,3
1872,0
1873,1
1874,1
1875,1
1876,0
1877,0
1878,2
1879,1
1880,1
1881,1
1882,3
1883,2
1884,1
1885,1
1886,0
1887,1
1888,4
1889,2
1890,1
1891,1
1892,1
1893,1
1894,5
1895,1
1896,0
1897,1
1898,1
1899,0
1900,0
1901,2
1902,0
1903,0
1904,3
1905,2
1906,2
1907,3
1908,1
1909,1
1910,2
1911,0
1912,4
1913,2
1914,1
1915,5
1916,0
1917,0
1918,2
1919,0
1920,1
1921,2
1922,5
1923,1
1924,2
1925,4
1926,1
1927,0
1928,1
1929,0
1930,1
1931,5
1932,1
1933,1
1934,1
1935,0
1936,2
1937,2
1938,1
1939,1
1940,1
1941,1
1942,1
1943,1
1944,1
1945,2
1946,1
1947,1
1948,0
1949,1
1950,1
1951,0
1952,1
1953,5
1954,2
1955,2
1956,1
1957,1
1958,1
