0,2
1,1
2,0
3,1
4,1
5,2
6,1
7,1
8,0
9,0
10,1
11,2
12,0
13,5
14,0
15,2
16,0
17,1
18,2
19,2
20,1
21,1
22,1
23,0
24,0
25,1
26,0
27,2
28,0
29,3
30,1
31,3
32,2
33,2
34,0
35,0
36,1
37,2
38,1
39,1
40,2
41,2
42,0
43,2
44,1
45,1
46,2
47,0
48,3
49,3
50,1
51,2
52,0
53,2
54,2
55,0
56,2
57,1
58,0
59,0
60,3
61,1
62,0
63,2
64,1
65,2
66,1
67,3
68,0
69,2
70,1
71,1
72,4
73,2
74,0
75,0
76,0
77,0
78,4
79,1
80,0
81,0
82,1
83,1
84,1
85,1
86,1
87,0
88,1
89,1
90,2
91,1
92,0
93,0
94,0
95,1
96,0
97,0
98,1
99,3
100,0
101,1
102,5
103,1
104,0
105,1
106,1
107,0
108,1
109,2
110,0
111,0
112,1
113,0
114,1
115,2
116,1
117,3
118,0
119,1
120,1
121,0
122,2
123,1
124,1
125,3
126,0
127,0
128,1
129,1
130,1
131,1
132,5
133,2
134,1
135,1
136,1
137,1
138,3
139,2
140,4
141,3
142,0
143,1
144,0
145,1
146,1
147,0
148,0
149,0
150,1
151,3
152,1
153,1
154,0
155,0
156,1
157,0
158,0
159,0
160,3
161,0
162,1
163,0
164,2
165,0
166,1
167,1
168,0
169,1
170,0
171,0
172,0
173,2
174,1
175,0
176,0
177,0
178,0
179,0
180,1
181,0
182,0
183,0
184,1
185,1
186,1
187,1
188,1
189,1
190,0
191,1
192,0
193,0
194,2
195,0
196,0
197,1
198,0
199,2
200,0
201,1
202,1
203,0
204,0
205,1
206,1
207,0
208,1
209,1
210,0
211,4
212,1
213,1
214,0
215,1
216,0
217,1
218,1
219,2
220,3
221,3
222,2
223,2
224,1
225,0
226,1
227,1
228,0
229,1
230,1
231,1
232,1
233,2
234,1
235,0
236,0
237,1
238,1
239,0
240,0
241,0
242,1
243,0
244,1
245,0
246,1
247,1
248,1
249,0
250,1
251,0
252,0
253,0
254,0
255,1
256,2
257,1
258,0
259,1
260,1
261,0
262,1
263,0
264,1
265,3
266,3
267,0
268,1
269,1
270,3
271,2
272,1
273,0
274,0
275,1
276,1
277,1
278,4
279,0
280,2
281,2
282,2
283,4
284,2
285,2
286,1
287,1
288,1
289,2
290,1
291,1
292,0
293,1
294,1
295,0
296,1
297,1
298,1
299,2
300,2
301,0
302,0
303,0
304,0
305,3
306,2
307,0
308,2
309,2
310,3
311,0
312,2
313,2
314,0
315,1
316,3
317,0
318,3
319,2
320,1
321,3
322,0
323,2
324,1
325,1
326,3
327,1
328,3
329,1
330,1
331,1
332,0
333,4
334,3
335,2
336,1
337,1
338,0
339,1
340,1
341,2
342,1
343,2
344,3
345,1
346,3
347,3
348,1
349,5
350,4
351,2
352,1
353,5
354,0
355,2
356,4
357,0
358,0
359,1
360,1
361,0
362,2
363,0
364,2
365,0
366,3
367,2
368,0
369,4
370,1
371,3
372,1
373,2
374,0
375,2
376,0
377,1
378,2
379,0
380,0
381,2
382,1
383,0
384,0
385,1
386,0
387,1
388,1
389,1
390,3
391,1
392,4
393,2
394,0
395,0
396,2
397,1
398,4
399,2
400,0
401,0
402,4
403,1
404,4
405,3
406,2
407,1
408,0
409,1
410,0
411,1
412,2
413,2
414,2
415,7
416,2
417,0
418,1
419,5
420,0
421,5
422,1
423,1
424,1
425,2
426,2
427,3
428,3
429,1
430,1
431,2
432,4
433,2
434,0
435,1
436,2
437,3
438,0
439,5
440,0
441,0
442,3
443,3
444,0
445,0
446,4
447,4
448,1
449,3
450,2
451,0
452,2
453,0
454,2
455,3
456,1
457,1
458,1
459,0
460,1
461,3
462,2
463,0
464,3
465,2
466,2
467,2
468,3
469,2
470,1
471,3
472,1
473,0
474,1
475,1
476,0
477,2
478,2
479,2
480,1
481,1
482,1
483,1
484,2
485,0
486,1
487,1
488,4
489,2
490,1
491,2
492,3
493,2
494,0
495,2
496,0
497,1
498,3
499,1
500,1
501,0
502,0
503,1
504,1
505,2
506,2
507,1
508,3
509,0
510,1
511,2
512,0
513,2
514,1
515,1
516,2
517,3
518,3
519,2
520,3
521,4
522,1
523,3
524,1
525,0
526,1
527,0
528,1
529,2
530,0
531,3
532,1
533,2
534,2
535,0
536,0
537,5
538,0
539,0
540,1
541,1
542,0
543,1
544,2
545,1
546,3
547,0
548,1
549,2
550,3
551,3
552,0
553,0
554,0
555,0
556,1
557,0
558,2
559,0
560,3
561,3
562,3
563,3
564,1
565,2
566,0
567,1
568,0
569,1
570,1
571,1
572,3
573,1
574,0
575,1
576,3
577,0
578,1
579,0
580,2
581,3
582,2
583,1
584,1
585,2
586,2
587,2
588,0
589,2
590,3
591,1
592,2
593,1
594,0
595,1
596,1
597,0
598,1
599,0
600,0
601,1
602,4
603,1
604,1
605,1
606,0
607,0
608,2
609,0
610,1
611,1
612,3
613,3
614,1
615,0
616,0
617,2
618,0
619,1
620,0
621,0
622,1
623,0
624,1
625,1
626,1
627,1
628,3
629,1
630,1
631,1
632,0
633,0
634,3
635,0
636,0
637,0
638,1
639,5
640,2
641,1
642,1
643,1
644,3
645,3
646,2
647,1
648,1
649,0
650,1
651,2
652,3
653,2
654,1
655,1
656,2
657,1
658,0
659,1
660,5
661,1
662,0
663,0
664,2
665,2
666,3
667,0
668,1
669,2
670,1
671,1
672,1
673,1
674,1
675,4
676,1
677,1
678,2
679,3
680,1
681,1
682,1
683,2
684,1
685,1
686,0
687,0
688,0
689,1
690,0
691,1
692,2
693,1
694,1
695,1
696,1
697,1
698,3
699,2
700,3
701,3
702,1
703,3
704,1
705,2
706,4
707,1
708,2
709,1
710,3
711,1
712,2
713,5
714,2
715,3
716,0
717,3
718,0
719,1
720,2
721,4
722,0
723,0
724,3
725,2
726,1
727,3
728,0
729,2
730,1
731,1
732,2
733,0
734,1
735,0
736,3
737,0
738,0
739,4
740,3
741,1
742,1
743,1
744,0
745,2
746,0
747,3
748,1
749,2
750,0
751,1
752,3
753,2
754,0
755,1
756,2
757,4
758,3
759,2
760,0
761,2
762,2
763,0
764,0
765,0
766,3
767,0
768,0
769,1
770,2
771,1
772,3
773,1
774,3
775,1
776,0
777,2
778,1
779,1
780,2
781,0
782,2
783,0
784,0
785,1
786,2
787,0
788,1
789,2
790,0
791,1
792,0
793,0
794,2
795,1
796,0
797,2
798,0
799,1
800,0
801,0
802,1
803,2
804,1
805,2
806,0
807,1
808,1
809,1
810,6
811,0
812,1
813,2
814,0
815,2
816,2
817,0
818,0
819,0
820,4
821,2
822,2
823,0
824,3
825,0
826,3
827,3
828,1
829,1
830,3
831,1
832,3
833,1
834,0
835,2
836,0
837,1
838,1
839,2
840,4
841,1
842,1
843,2
844,1
845,1
846,1
847,1
848,0
849,0
850,2
851,2
852,0
853,1
854,2
855,1
856,3
857,0
858,1
859,1
860,2
861,1
862,1
863,1
864,1
865,1
866,3
867,0
868,1
869,0
870,2
871,1
872,0
873,0
874,0
875,1
876,2
877,1
878,2
879,1
880,2
881,1
882,0
883,1
884,1
885,1
886,0
887,0
888,4
889,2
890,4
891,2
892,0
893,0
894,3
895,2
896,1
897,0
898,1
899,1
900,1
901,1
902,1
903,1
904,0
905,1
906,1
907,0
908,1
909,2
910,0
911,0
912,0
913,1
914,1
915,1
916,1
917,1
918,0
919,0
920,0
921,1
922,2
923,0
924,1
925,0
926,1
927,2
928,1
929,0
930,1
931,4
932,0
933,1
934,2
935,0
936,2
937,1
938,4
939,3
940,0
941,0
942,1
943,0
944,2
945,0
946,0
947,0
948,2
949,2
950,0
951,1
952,1
953,0
954,1
955,0
956,0
957,0
958,3
959,1
960,0
961,1
962,1
963,1
964,1
965,0
966,0
967,0
968,0
969,2
970,2
971,4
972,1
973,2
974,0
975,2
976,0
977,1
978,1
979,2
980,3
981,0
982,0
983,3
984,1
985,1
986,1
987,1
988,0
989,0
990,0
991,0
992,1
993,0
994,1
995,0
996,0
997,2
998,1
999,2
1000,0
1001,1
1002,1
1003,3
1004,0
1005,0
1006,1
1007,0
1008,1
1009,1
1010,1
1011,1
1012,1
1013,0
1014,0
1015,1
1016,0
1017,4
1018,1
1019,1
1020,1
1021,0
1022,0
1023,2
1024,4
1025,0
1026,0
1027,1
1028,3
1029,0
1030,1
1031,0
1032,0
1033,0
1034,1
1035,0
1036,0
1037,0
1038,1
1039,0
1040,0
1041,0
1042,1
1043,0
1044,2
1045,1
1046,0
1047,1
1048,0
1049,2
1050,2
1051,1
1052,2
1053,0
1054,0
1055,1
1056,2
1057,0
1058,1
1059,0
1060,0
1061,0
1062,0
1063,0
1064,0
1065,0
1066,1
1067,0
1068,1
1069,0
1070,1
1071,1
1072,1
1073,0
1074,1
1075,0
1076,1
1077,1
1078,0
1079,1
1080,1
1081,2
1082,1
1083,0
1084,1
1085,2
1086,0
1087,0
1088,1
1089,0
1090,0
1091,0
1092,1
1093,1
1094,1
1095,0
1096,0
1097,1
1098,1
1099,0
1100,0
1101,3
1102,1
1103,1
1104,0
1105,1
1106,2
1107,1
1108,0
1109,0
1110,1
1111,0
1112,0
1113,1
1114,0
1115,3
1116,0
1117,3
1118,1
1119,0
1120,1
1121,0
1122,0
1123,2
1124,2
1125,2
1126,0
1127,0
1128,0
1129,2
1130,3
1131,1
1132,1
1133,5
1134,4
1135,1
1136,0
1137,0
1138,0
1139,0
1140,1
1141,2
1142,2
1143,1
1144,1
1145,0
1146,3
1147,1
1148,0
1149,0
1150,0
1151,3
1152,2
1153,1
1154,2
1155,1
1156,1
1157,3
1158,0
1159,2
1160,1
1161,1
1162,0
1163,0
1164,1
1165,1
1166,1
1167,2
1168,1
1169,0
1170,2
1171,0
1172,2
1173,1
1174,2
1175,2
1176,1
1177,2
1178,1
1179,2
1180,0
1181,0
1182,1
1183,2
1184,2
1185,1
1186,1
1187,1
1188,0
1189,1
1190,0
1191,1
1192,1
1193,2
1194,1
1195,2
1196,0
1197,1
1198,1
1199,0
1200,0
1201,0
1202,0
1203,0
1204,1
1205,0
1206,1
1207,0
1208,0
1209,2
1210,2
1211,1
1212,3
1213,1
1214,4
1215,2
1216,0
1217,2
1218,1
1219,0
1220,2
1221,3
1222,1
1223,0
1224,1
1225,1
1226,1
1227,3
1228,0
1229,0
1230,0
1231,0
1232,1
1233,1
1234,1
1235,3
1236,1
1237,0
1238,4
1239,2
1240,0
1241,2
1242,5
1243,4
1244,1
1245,1
1246,3
1247,0
1248,1
1249,3
1250,1
1251,0
1252,0
1253,3
1254,2
1255,1
1256,0
1257,3
1258,0
1259,0
1260,1
1261,3
1262,2
1263,0
1264,1
1265,1
1266,0
1267,0
1268,1
1269,1
1270,2
1271,1
1272,3
1273,2
1274,3
1275,1
1276,2
1277,0
1278,0
1279,3
1280,2
1281,2
1282,2
1283,3
1284,2
1285,0
1286,3
1287,1
1288,2
1289,0
1290,1
1291,1
1292,2
1293,0
1294,3
1295,3
1296,1
1297,0
1298,2
1299,2
1300,0
1301,1
1302,4
1303,2
1304,2
1305,4
1306,4
1307,0
1308,1
1309,2
1310,1
1311,2
1312,2
1313,2
1314,0
1315,3
1316,0
1317,0
1318,1
1319,3
1320,1
1321,1
1322,1
1323,1
1324,1
1325,0
1326,0
1327,0
1328,0
1329,0
1330,1
1331,0
1332,1
1333,1
1334,0
1335,1
1336,0
1337,1
1338,0
1339,0
1340,1
1341,1
1342,0
1343,1
1344,0
1345,1
1346,1
1347,2
1348,1
1349,1
1350,2
1351,1
1352,2
1353,3
1354,2
1355,1
1356,2
1357,1
1358,1
1359,2
1360,0
1361,2
1362,3
1363,0
1364,1
1365,2
1366,0
1367,0
1368,2
1369,3
1370,3
1371,2
1372,1
1373,1
1374,1
1375,2
1376,3
1377,1
1378,5
1379,0
1380,0
1381,1
1382,0
1383,3
1384,1
1385,1
1386,2
1387,0
1388,3
1389,0
1390,1
1391,0
1392,1
1393,3
1394,4
1395,1
1396,1
1397,1
1398,0
1399,0
1400,1
1401,2
1402,0
1403,3
1404,1
1405,2
1406,2
1407,1
1408,1
1409,1
1410,1
1411,3
1412,1
1413,1
1414,1
1415,1
1416,0
1417,4
1418,1
1419,3
1420,1
1421,1
1422,1
1423,0
1424,0
1425,2
1426,1
1427,0
1428,0
1429,0
1430,1
1431,2
1432,1
1433,3
1434,0
1435,0
1436,2
1437,2
1438,0
1439,1
1440,2
1441,1
1442,1
1443,3
1444,2
1445,0
1446,0
1447,2
1448,1
1449,1
1450,1
1451,0
1452,2
1453,3
1454,0
1455,3
1456,0
1457,1
1458,0
1459,0
1460,1
1461,0
1462,1
1463,1
1464,5
1465,0
1466,0
1467,1
1468,1
1469,1
1470,0
1471,1
1472,1
1473,0
1474,0
1475,0
1476,1
1477,0
1478,4
1479,1
1480,0
1481,3
1482,2
1483,0
1484,1
1485,0
1486,0
1487,1
1488,1
1489,0
1490,0
1491,3
1492,3
1493,1
1494,0
1495,2
1496,0
1497,2
1498,1
1499,0
1500,0
1501,1
1502,0
1503,1
1504,0
1505,2
1506,3
1507,3
1508,2
1509,3
1510,2
1511,1
1512,1
1513,1
1514,0
1515,2
1516,2
1517,0
1518,2
1519,3
1520,2
1521,3
1522,0
1523,1
1524,1
1525,1
1526,2
1527,2
1528,2
1529,1
1530,0
1531,0
1532,1
1533,2
1534,0
1535,3
1536,1
1537,5
1538,2
1539,2
1540,2
1541,1
1542,0
1543,0
1544,0
1545,1
1546,0
1547,2
1548,2
1549,2
1550,0
1551,0
1552,1
1553,2
1554,4
1555,0
1556,1
1557,1
1558,0
1559,2
1560,0
1561,1
1562,0
1563,0
1564,0
1565,1
1566,0
1567,2
1568,1
1569,1
1570,1
1571,1
1572,2
1573,1
1574,1
1575,1
1576,1
1577,2
1578,0
1579,0
1580,2
1581,0
1582,1
1583,3
1584,4
1585,2
1586,2
1587,1
1588,0
1589,1
1590,1
1591,1
1592,1
1593,0
1594,1
1595,3
1596,1
1597,2
1598,4
1599,3
1600,0
1601,0
1602,2
1603,0
1604,1
1605,2
1606,2
1607,1
1608,1
1609,2
1610,2
1611,1
1612,0
1613,0
1614,3
1615,0
1616,0
1617,0
1618,0
1619,4
1620,0
1621,1
1622,2
1623,0
1624,1
1625,0
1626,1
1627,0
1628,2
1629,4
1630,3
1631,1
1632,1
1633,0
1634,0
1635,2
1636,3
1637,1
1638,1
1639,2
1640,1
1641,1
1642,0
1643,0
1644,3
1645,1
1646,0
1647,0
1648,1
1649,3
1650,0
1651,3
1652,3
1653,0
1654,2
1655,0
1656,1
1657,2
1658,0
1659,0
1660,2
1661,2
1662,1
1663,0
1664,1
1665,3
1666,2
1667,1
1668,1
1669,0
1670,1
1671,0
1672,2
1673,3
1674,2
1675,1
1676,1
1677,3
1678,3
1679,1
1680,1
1681,1
1682,0
1683,0
1684,3
1685,0
1686,1
1687,1
1688,0
1689,1
1690,0
1691,1
1692,1
1693,0
1694,1
1695,0
1696,1
1697,0
1698,0
1699,1
1700,2
1701,3
1702,1
1703,0
1704,3
1705,1
1706,1
1707,1
1708,0
1709,2
1710,1
1711,2
1712,4
1713,1
1714,6
1715,1
1716,0
1717,0
1718,0
1719,1
1720,3
1721,1
1722,2
1723,0
1724,1
1725,1
1726,2
1727,2
1728,2
1729,2
1730,2
1731,2
1732,2
1733,1
1734,3
1735,0
1736,3
1737,2
1738,0
1739,0
1740,3
1741,0
1742,4
1743,0
1744,1
1745,1
1746,1
1747,0
1748,1
1749,2
1750,0
1751,1
1752,1
1753,3
1754,4
1755,0
1756,0
1757,1
1758,0
1759,2
1760,1
1761,2
1762,2
1763,0
1764,2
1765,5
1766,1
1767,2
1768,2
1769,0
1770,2
1771,1
1772,0
1773,1
1774,1
1775,2
1776,3
1777,0
1778,0
1779,1
1780,2
1781,1
1782,1
1783,1
1784,0
1785,0
1786,1
1787,2
1788,2
1789,1
1790,4
1791,0
1792,1
1793,2
1794,1
1795,1
1796,1
1797,1
1798,2
1799,0
1800,0
1801,1
1802,2
1803,2
1804,1
1805,1
1806,4
1807,1
1808,0
1809,1
1810,2
1811,3
1812,0
1813,0
1814,4
1815,1
1816,0
1817,2
1818,1
1819,2
1820,1
1821,0
1822,2
1823,3
1824,0
1825,0
1826,1
1827,1
1828,1
1829,1
1830,2
1831,1
1832,1
1833,4
1834,0
1835,3
1836,2
1837,2
1838,1
1839,1
1840,1
1841,2
1842,1
1843,1
1844,2
1845,6
1846,0
1847,0
1848,0
1849,3
1850,1
1851,3
1852,0
1853,0
1854,0
1855,2
1856,2
1857,0
1858,1
1859,2
1860,1
1861,3
1862,1
1863,0
1864,3
1865,0
1866,0
1867,1
1868,0
1869,3
1870,0
1871,0
1872,0
1873,1
1874,2
1875,2
1876,0
1877,1
1878,1
1879,1
1880,1
1881,0
1882,1
1883,1
1884,2
1885,0
1886,1
1887,1
1888,2
1889,0
1890,3
1891,0
1892,1
1893,0
1894,1
1895,1
1896,1
1897,0
1898,1
1899,1
1900,0
1901,1
1902,1
1903,0
1904,0
1905,0
1906,0
1907,1
1908,0
1909,3
1910,0
1911,2
1912,1
1913,2
1914,2
1915,1
1916,3
1917,0
1918,1
1919,1
1920,0
1921,0
1922,0
1923,0
1924,0
1925,1
1926,0
1927,0
1928,1
1929,2
1930,1
1931,1
1932,0
1933,0
1934,0
1935,0
1936,2
1937,0
1938,1
1939,0
1940,0
1941,0
1942,1
1943,1
1944,0
1945,4
1946,0
1947,1
1948,0
1949,0
1950,2
1951,0
1952,1
1953,1
1954,3
1955,1
1956,1
1957,0
1958,0
1959,2
1960,0
1961,1
1962,0
1963,0
1964,0
1965,1
1966,1
1967,0
1968,0
1969,1
1970,1
1971,0
1972,4
1973,0
1974,0
1975,1
1976,1
1977,1
1978,0
1979,4
1980,1
1981,2
1982,0
1983,1
1984,0
1985,2
1986,0
1987,0
1988,0
1989,0
1990,1
1991,0
1992,1
1993,1
1994,1
1995,0
1996,0
1997,1
1998,3
1999,0
2000,1
2001,2
2002,1
2003,0
2004,1
2005,0
2006,0
2007,0
2008,1
2009,2
2010,0
2011,0
2012,0
2013,1
2014,5
2015,2
2016,1
2017,2
2018,1
2019,1
2020,1
2021,2
2022,1
2023,0
2024,1
2025,2
2026,2
2027,7
2028,1
2029,2
2030,0
2031,1
2032,1
2033,2
2034,1
2035,0
2036,0
2037,0
2038,0
2039,1
2040,3
2041,2
2042,4
2043,2
2044,1
2045,0
2046,2
2047,2
2048,4
2049,1
2050,2
2051,1
2052,0
2053,0
2054,2
2055,0
2056,1
2057,1
2058,4
2059,1
2060,0
2061,1
2062,1
2063,0
2064,0
2065,3
2066,4
2067,1
2068,1
2069,0
2070,1
2071,1
2072,0
2073,2
2074,0
2075,1
2076,3
2077,1
2078,0
2079,1
2080,1
2081,1
2082,2
2083,0
2084,2
2085,3
2086,2
2087,1
2088,0
2089,3
2090,1
2091,2
2092,1
2093,3
2094,1
2095,1
2096,4
2097,4
2098,2
2099,1
2100,1
2101,1
2102,0
2103,2
2104,2
2105,2
2106,0
2107,3
2108,3
2109,0
2110,1
2111,0
2112,2
2113,2
2114,0
2115,3
2116,1
2117,1
2118,2
2119,5
2120,2
2121,0
2122,2
2123,0
2124,3
2125,3
2126,0
2127,1
2128,1
2129,0
2130,0
2131,1
2132,3
2133,1
2134,0
2135,2
2136,0
2137,5
2138,2
2139,1
2140,1
2141,1
2142,0
2143,2
2144,0
2145,6
2146,1
2147,0
2148,3
2149,0
2150,2
2151,2
2152,3
2153,3
2154,1
2155,0
2156,3
2157,1
2158,1
2159,4
2160,1
2161,1
2162,2
2163,0
2164,2
2165,1
2166,3
2167,1
2168,1
2169,1
2170,0
2171,4
2172,4
2173,2
2174,0
2175,1
2176,2
2177,1
2178,3
2179,0
2180,0
2181,1
2182,0
2183,3
2184,2
2185,0
2186,2
2187,1
2188,3
2189,0
2190,1
2191,0
2192,3
2193,0
2194,0
2195,0
2196,1
2197,1
2198,1
2199,3
2200,2
2201,2
2202,1
2203,4
2204,3
2205,2
2206,0
2207,3
2208,2
2209,1
2210,3
2211,1
2212,0
2213,1
2214,2
2215,3
2216,2
2217,2
2218,0
2219,1
2220,3
2221,0
2222,2
2223,1
2224,4
2225,0
2226,0
2227,0
2228,1
2229,3
2230,0
2231,4
2232,1
2233,2
2234,3
2235,1
2236,1
2237,2
2238,1
2239,1
2240,1
2241,0
2242,0
2243,2
2244,1
2245,1
2246,0
2247,1
2248,0
2249,2
2250,2
2251,0
2252,0
2253,1
2254,1
2255,1
2256,0
2257,1
2258,1
2259,1
2260,1
2261,0
2262,2
2263,2
2264,0
2265,2
2266,2
2267,4
2268,3
2269,3
2270,1
2271,0
2272,4
2273,5
2274,0
2275,1
2276,1
2277,0
2278,1
2279,3
2280,1
2281,0
2282,1
2283,0
2284,4
2285,3
2286,0
2287,1
2288,0
2289,2
2290,0
2291,4
2292,1
2293,1
2294,3
2295,3
2296,1
2297,0
2298,2
2299,2
2300,0
2301,2
2302,1
2303,0
2304,1
2305,2
2306,2
2307,2
2308,1
2309,2
2310,0
2311,0
2312,1
2313,2
2314,0
2315,0
2316,0
2317,3
2318,0
2319,1
2320,0
2321,0
2322,2
2323,0
2324,0
2325,3
2326,2
2327,0
2328,1
2329,1
2330,0
2331,0
2332,1
2333,0
2334,4
2335,0
2336,0
2337,0
2338,0
2339,1
2340,3
2341,3
2342,3
2343,2
2344,1
2345,1
2346,0
2347,0
2348,3
2349,1
2350,0
2351,3
2352,1
2353,2
2354,0
2355,0
2356,1
2357,0
2358,1
2359,2
2360,1
2361,0
2362,0
2363,0
2364,0
2365,1
2366,0
2367,3
2368,2
2369,3
2370,0
2371,0
2372,0
2373,1
2374,1
2375,2
2376,3
2377,2
2378,0
2379,2
2380,1
2381,3
2382,1
2383,1
2384,1
2385,0
2386,5
2387,0
2388,0
2389,1
2390,0
2391,0
2392,1
2393,2
2394,2
2395,1
2396,2
2397,1
2398,0
2399,1
2400,2
2401,1
2402,0
2403,2
2404,1
2405,0
2406,0
2407,3
2408,1
2409,2
2410,0
2411,0
2412,1
2413,1
2414,1
2415,1
2416,1
2417,2
2418,3
2419,0
2420,3
2421,1
2422,2
2423,0
2424,1
2425,1
2426,1
2427,1
2428,0
2429,4
2430,1
2431,0
2432,1
2433,4
2434,1
2435,2
2436,2
2437,3
2438,5
2439,1
2440,2
2441,0
2442,3
2443,3
2444,2
2445,4
2446,0
2447,2
2448,2
2449,2
2450,2
2451,1
2452,1
2453,1
2454,0
2455,1
2456,1
2457,1
2458,0
2459,2
2460,3
2461,2
2462,2
2463,0
2464,1
2465,0
2466,1
2467,1
2468,1
2469,1
2470,2
2471,1
2472,1
2473,2
2474,1
2475,0
2476,0
2477,1
2478,1
2479,2
2480,1
2481,3
2482,1
2483,1
2484,1
2485,1
2486,2
2487,0
2488,2
2489,5
2490,0
2491,1
2492,1
2493,3
2494,3
2495,1
2496,3
2497,0
2498,2
2499,0
2500,0
2501,1
2502,1
2503,0
2504,1
2505,0
2506,2
2507,1
2508,1
2509,1
2510,3
2511,3
2512,1
2513,0
2514,0
2515,0
2516,0
2517,0
2518,0
2519,0
2520,0
2521,0
2522,1
2523,1
2524,0
2525,2
2526,0
2527,3
2528,1
2529,0
2530,1
2531,0
2532,0
2533,2
2534,1
2535,0
2536,0
2537,0
2538,0
2539,2
2540,1
2541,3
2542,0
2543,1
2544,0
2545,1
2546,1
2547,1
2548,3
2549,0
2550,0
2551,0
2552,4
2553,2
2554,4
2555,5
2556,0
2557,1
2558,1
2559,0
2560,3
2561,2
2562,0
2563,2
2564,0
2565,0
2566,3
2567,2
2568,3
2569,2
2570,2
2571,1
2572,1
2573,0
2574,0
2575,2
2576,2
2577,2
2578,1
2579,1
2580,2
2581,1
2582,0
2583,1
2584,0
2585,0
2586,2
2587,2
2588,3
2589,2
2590,0
2591,3
2592,1
2593,1
2594,1
2595,1
2596,0
2597,0
2598,2
2599,1
2600,1
2601,0
2602,2
2603,0
2604,2
2605,0
2606,2
2607,0
2608,2
2609,3
2610,0
2611,1
2612,0
2613,3
2614,1
2615,2
2616,4
2617,1
2618,2
2619,0
2620,1
2621,1
2622,2
2623,3
2624,0
2625,2
2626,0
2627,0
2628,1
2629,0
2630,2
2631,3
2632,3
2633,1
2634,0
2635,0
2636,1
2637,2
2638,0
2639,2
2640,1
2641,3
2642,1
2643,0
2644,3
2645,1
2646,0
2647,2
2648,1
2649,2
2650,1
2651,2
2652,0
2653,1
2654,1
2655,2
2656,0
2657,0
2658,1
2659,1
2660,3
2661,5
2662,1
2663,2
2664,1
2665,1
2666,0
2667,1
2668,1
2669,0
2670,1
2671,0
2672,0
2673,0
2674,0
2675,0
2676,2
2677,1
2678,1
2679,0
2680,0
2681,0
2682,0
2683,1
2684,0
2685,1
2686,2
2687,1
2688,1
2689,0
2690,0
2691,1
2692,3
2693,1
2694,0
2695,1
2696,1
2697,2
2698,0
2699,2
2700,0
2701,2
2702,1
2703,0
2704,3
2705,0
2706,3
2707,3
2708,0
2709,0
2710,1
2711,1
2712,0
2713,0
2714,1
2715,2
2716,2
2717,0
2718,1
2719,1
2720,0
2721,0
2722,1
2723,1
2724,1
2725,0
2726,0
2727,0
2728,1
2729,0
2730,1
2731,0
2732,1
2733,0
2734,1
2735,0
2736,1
2737,2
2738,0
2739,1
2740,0
2741,0
2742,2
2743,1
2744,0
2745,0
2746,0
2747,0
2748,1
2749,2
2750,0
2751,0
2752,0
2753,0
2754,0
2755,1
2756,1
2757,0
2758,2
2759,0
2760,0
2761,0
2762,0
2763,0
2764,0
2765,0
2766,0
2767,1
2768,0
2769,0
2770,1
2771,1
2772,0
2773,0
2774,1
2775,0
2776,0
2777,1
2778,2
2779,0
2780,0
2781,0
2782,2
2783,0
2784,2
2785,1
2786,2
2787,1
2788,1
2789,0
2790,0
2791,1
2792,0
2793,2
2794,0
2795,0
2796,4
2797,0
2798,0
2799,2
2800,1
2801,0
2802,1
2803,1
2804,0
2805,0
2806,1
2807,2
2808,0
2809,0
2810,0
2811,0
2812,1
2813,0
2814,3
2815,1
2816,0
2817,1
2818,0
2819,1
2820,0
2821,1
2822,0
2823,0
2824,2
2825,1
2826,0
2827,2
2828,0
2829,0
2830,2
2831,0
2832,1
2833,1
2834,0
2835,0
2836,0
2837,1
2838,1
2839,1
2840,0
2841,3
2842,0
2843,0
2844,3
2845,1
2846,0
2847,2
2848,4
2849,1
2850,2
2851,1
2852,1
2853,3
2854,2
2855,0
2856,0
2857,1
2858,1
2859,1
2860,2
2861,1
2862,2
2863,0
2864,5
2865,1
2866,0
2867,2
2868,0
2869,3
2870,2
2871,1
2872,2
2873,0
2874,2
2875,6
2876,2
2877,3
2878,1
2879,1
2880,4
2881,0
2882,1
2883,0
2884,1
2885,2
2886,1
2887,1
2888,2
2889,1
2890,0
2891,0
2892,0
2893,1
2894,0
2895,3
2896,2
2897,2
2898,3
2899,1
2900,0
2901,1
2902,4
2903,2
2904,1
2905,2
2906,0
2907,3
2908,1
2909,6
2910,3
2911,4
2912,2
2913,2
2914,1
2915,3
2916,0
2917,2
2918,1
2919,4
2920,3
2921,0
2922,1
2923,6
2924,3
2925,1
2926,0
2927,3
2928,2
2929,2
2930,1
2931,0
2932,2
2933,0
2934,1
2935,0
2936,2
2937,2
2938,3
2939,0
2940,0
2941,1
2942,3
2943,1
2944,1
2945,0
2946,0
2947,0
2948,0
2949,3
2950,1
2951,3
2952,2
2953,0
2954,1
2955,1
2956,0
2957,4
2958,4
2959,8
2960,4
2961,2
2962,0
2963,1
2964,1
2965,2
2966,1
2967,3
2968,0
2969,1
2970,0
2971,3
2972,0
2973,1
2974,1
2975,0
2976,1
2977,3
2978,1
2979,1
2980,0
2981,4
2982,1
2983,2
2984,0
2985,1
2986,2
2987,0
2988,2
2989,2
2990,0
2991,2
2992,0
2993,0
2994,0
2995,0
2996,0
2997,0
2998,1
2999,0
3000,2
3001,0
3002,0
3003,2
3004,0
3005,0
3006,0
3007,0
3008,2
3009,0
3010,0
3011,1
3012,2
3013,1
3014,2
3015,0
3016,2
3017,2
3018,4
3019,0
3020,0
3021,0
3022,0
3023,2
3024,1
3025,0
3026,2
3027,1
3028,2
3029,4
3030,1
3031,1
3032,1
3033,1
3034,1
3035,2
3036,1
3037,2
3038,0
3039,1
3040,1
3041,0
3042,0
3043,3
3044,1
3045,3
3046,1
3047,2
3048,1
3049,2
3050,0
3051,1
3052,0
3053,1
3054,1
3055,3
3056,1
3057,1
3058,3
3059,2
3060,2
3061,1
3062,3
3063,2
3064,1
3065,0
3066,3
3067,2
3068,1
3069,3
3070,0
3071,1
3072,2
3073,1
3074,0
3075,1
3076,3
3077,1
3078,2
3079,2
3080,5
3081,4
3082,0
3083,2
3084,5
3085,1
3086,1
3087,0
3088,1
3089,1
3090,0
3091,1
3092,0
3093,0
3094,2
3095,3
3096,0
3097,2
3098,1
3099,0
3100,1
3101,1
3102,2
3103,3
3104,0
3105,3
3106,3
3107,0
3108,1
3109,1
3110,1
3111,2
3112,1
3113,1
3114,3
3115,0
3116,1
3117,0
3118,2
3119,0
3120,1
3121,1
3122,2
3123,1
3124,2
3125,0
3126,2
3127,1
3128,0
3129,2
3130,0
3131,0
3132,0
3133,0
3134,1
3135,2
3136,1
3137,0
3138,0
3139,0
3140,1
3141,1
3142,1
3143,4
3144,1
3145,1
3146,2
3147,3
3148,1
3149,0
3150,1
3151,0
3152,1
3153,0
3154,0
3155,1
3156,1
3157,0
3158,1
3159,2
3160,0
3161,2
3162,0
3163,2
3164,2
3165,4
3166,0
3167,2
3168,1
3169,0
3170,1
3171,2
3172,0
3173,1
3174,0
3175,2
3176,4
3177,0
3178,2
3179,0
3180,2
3181,1
3182,2
3183,0
3184,0
3185,1
3186,0
3187,1
3188,1
3189,3
3190,3
3191,0
3192,2
3193,2
3194,0
3195,0
3196,1
3197,0
3198,1
3199,0
3200,1
3201,2
3202,2
3203,1
3204,2
3205,1
3206,0
3207,1
3208,1
3209,1
3210,2
3211,1
3212,1
3213,0
3214,0
3215,0
3216,1
3217,4
3218,0
3219,0
3220,1
3221,1
3222,2
3223,0
3224,0
3225,1
3226,0
3227,0
3228,2
3229,0
3230,1
3231,1
3232,3
3233,3
3234,2
3235,1
3236,0
3237,1
3238,0
3239,3
3240,1
3241,2
3242,1
3243,1
3244,1
3245,1
3246,1
3247,4
3248,1
3249,1
3250,1
3251,1
3252,3
3253,3
3254,0
3255,3
3256,0
3257,1
3258,2
3259,0
3260,2
3261,2
3262,1
3263,0
3264,0
3265,0
3266,2
3267,2
3268,0
3269,0
3270,5
3271,5
3272,1
3273,2
3274,3
3275,2
3276,2
3277,2
3278,0
3279,0
3280,1
3281,2
3282,2
3283,4
3284,1
3285,0
3286,0
3287,3
3288,0
3289,2
3290,1
3291,1
3292,0
3293,2
3294,1
3295,2
3296,1
3297,1
3298,1
3299,1
3300,3
3301,2
3302,3
3303,1
3304,2
3305,1
3306,1
3307,0
3308,1
3309,0
3310,3
3311,1
3312,1
3313,0
3314,3
3315,1
3316,2
3317,3
3318,0
3319,1
3320,1
3321,0
3322,1
3323,2
3324,2
3325,2
3326,0
3327,0
3328,1
3329,4
3330,1
3331,1
3332,2
3333,1
3334,2
3335,1
3336,0
3337,1
3338,3
3339,1
