0,2
1,1
2,0
3,3
4,1
5,2
6,1
7,0
8,1
9,2
10,2
11,0
12,5
13,0
14,2
15,1
16,4
17,2
18,1
19,1
20,0
21,0
22,2
23,3
24,2
25,2
26,0
27,0
28,4
29,1
30,2
31,4
32,3
33,2
34,2
35,0
36,2
37,2
38,0
39,3
40,0
41,2
42,3
43,1
44,3
45,1
46,2
47,1
48,1
49,4
50,2
51,0
52,0
53,0
54,0
55,4
56,1
57,1
58,1
59,1
60,1
61,1
62,0
63,1
64,0
65,1
66,3
67,2
68,6
69,1
70,0
71,1
72,1
73,3
74,0
75,0
76,1
77,2
78,1
79,1
80,2
81,1
82,4
83,0
84,1
85,2
86,4
87,2
88,3
89,0
90,1
91,0
92,1
93,1
94,0
95,0
96,1
97,1
98,3
99,1
100,1
101,1
102,0
103,0
104,0
105,3
106,0
107,2
108,0
109,1
110,1
111,0
112,0
113,0
114,2
115,0
116,0
117,0
118,1
119,0
120,0
121,1
122,1
123,1
124,1
125,0
126,0
127,0
128,1
129,0
130,0
131,1
132,1
133,4
134,1
135,1
136,1
137,1
138,2
139,3
140,3
141,2
142,2
143,0
144,1
145,2
146,2
147,1
148,2
149,2
150,1
151,1
152,1
153,0
154,0
155,0
156,0
157,1
158,1
159,2
160,1
161,1
162,0
163,0
164,0
165,1
166,2
167,0
168,1
169,1
170,5
171,2
172,2
173,0
174,1
175,1
176,1
177,4
178,0
179,2
180,2
181,3
182,4
183,2
184,1
185,1
186,2
187,3
188,1
189,1
190,1
191,2
192,1
193,1
194,1
195,2
196,2
197,0
198,1
199,0
200,0
201,3
202,2
203,0
204,2
205,2
206,3
207,0
208,2
209,2
210,0
211,2
212,0
213,3
214,1
215,3
216,0
217,3
218,1
219,1
220,3
221,2
222,3
223,1
224,1
225,2
226,0
227,2
228,4
229,1
230,0
231,1
232,1
233,2
234,1
235,2
236,3
237,1
238,4
239,5
240,4
241,2
242,5
243,1
244,2
245,0
246,0
247,1
248,1
249,0
250,3
251,0
252,4
253,2
254,4
255,1
256,3
257,1
258,1
259,0
260,2
261,1
262,0
263,0
264,1
265,2
266,1
267,3
268,1
269,2
270,4
271,2
272,0
273,2
274,1
275,0
276,2
277,2
278,2
279,7
280,3
281,2
282,0
283,5
284,1
285,1
286,1
287,2
288,3
289,3
290,4
291,1
292,1
293,4
294,0
295,0
296,4
297,1
298,3
299,3
300,1
301,2
302,1
303,1
304,0
305,1
306,3
307,2
308,0
309,2
310,2
311,3
312,2
313,4
314,1
315,1
316,1
317,2
318,2
319,1
320,1
321,1
322,1
323,2
324,2
325,4
326,1
327,3
328,3
329,2
330,0
331,1
332,3
333,1
334,0
335,2
336,1
337,2
338,4
339,2
340,1
341,2
342,2
343,3
344,4
345,2
346,3
347,4
348,1
349,3
350,1
351,0
352,0
353,1
354,2
355,3
356,1
357,2
358,1
359,5
360,0
361,1
362,1
363,1
364,0
365,2
366,2
367,1
368,0
369,1
370,3
371,1
372,1
373,0
374,2
375,3
376,3
377,1
378,2
379,0
380,2
381,1
382,1
383,3
384,1
385,3
386,2
387,0
388,1
389,3
390,2
391,1
392,2
393,2
394,0
395,3
396,2
397,1
398,1
399,1
400,0
401,0
402,2
403,4
404,2
405,2
406,0
407,3
408,1
409,2
410,1
411,3
412,3
413,0
414,2
415,0
416,1
417,1
418,0
419,1
420,1
421,1
422,1
423,1
424,3
425,1
426,2
427,1
428,3
429,0
430,0
431,0
432,2
433,6
434,3
435,1
436,3
437,3
438,1
439,1
440,1
441,1
442,3
443,2
444,2
445,1
446,5
447,3
448,0
449,1
450,1
451,3
452,2
453,3
454,1
455,2
456,1
457,2
458,1
459,2
460,1
461,0
462,1
463,1
464,3
465,1
466,1
467,1
468,1
469,3
470,3
471,1
472,1
473,4
474,2
475,3
476,1
477,3
478,1
479,2
480,0
481,1
482,1
483,2
484,4
485,0
486,1
487,3
488,4
489,1
490,4
491,0
492,1
493,2
494,1
495,1
496,0
497,1
498,1
499,4
500,3
501,1
502,1
503,1
504,3
505,0
506,1
507,2
508,0
509,2
510,2
511,0
512,1
513,3
514,2
515,0
516,2
517,0
518,0
519,0
520,3
521,1
522,2
523,1
524,3
525,3
526,0
527,2
528,3
529,0
530,3
531,0
532,1
533,2
534,2
535,1
536,0
537,1
538,0
539,2
540,1
541,3
542,1
543,1
544,1
545,2
546,0
547,1
548,1
549,0
550,3
551,0
552,1
553,1
554,3
555,2
556,1
557,4
558,0
559,3
560,3
561,5
562,1
563,3
564,1
565,1
566,4
567,1
568,2
569,2
570,1
571,1
572,2
573,0
574,2
575,1
576,4
577,2
578,3
579,2
580,2
581,1
582,2
583,1
584,1
585,2
586,2
587,2
588,1
589,2
590,1
591,2
592,0
593,1
594,0
595,3
596,4
597,2
598,1
599,3
600,1
601,0
602,1
603,2
604,1
605,2
606,0
607,2
608,1
609,0
610,0
611,1
612,1
613,1
614,0
615,0
616,1
617,2
618,0
619,1
620,0
621,1
622,3
623,2
624,0
625,1
626,4
627,2
628,3
629,1
630,4
631,0
632,0
633,3
634,2
635,0
636,2
637,1
638,1
639,1
640,3
641,1
642,2
643,1
644,1
645,0
646,2
647,2
648,5
649,1
650,1
651,2
652,1
653,0
654,0
655,3
656,1
657,0
658,1
659,0
660,2
661,1
662,1
663,0
664,4
665,2
666,2
667,3
668,1
669,1
670,0
671,1
672,1
673,4
674,1
675,1
676,1
677,2
678,4
679,1
680,3
681,0
682,1
683,1
684,0
685,1
686,1
687,0
688,0
689,1
690,0
691,0
692,1
693,0
694,2
695,2
696,0
697,1
698,0
699,1
700,1
701,0
702,1
703,0
704,1
705,1
706,0
707,1
708,0
709,1
710,2
711,0
712,2
713,1
714,1
715,0
716,0
717,0
718,2
719,1
720,2
721,2
722,0
723,0
724,4
725,2
726,0
727,2
728,0
729,0
730,1
731,1
732,0
733,1
734,2
735,3
736,0
737,0
738,2
739,3
740,1
741,2
742,5
743,4
744,2
745,0
746,0
747,1
748,1
749,2
750,0
751,3
752,2
753,1
754,3
755,1
756,2
757,1
758,0
759,1
760,1
761,2
762,1
763,0
764,2
765,1
766,2
767,1
768,2
769,1
770,2
771,0
772,1
773,2
774,1
775,1
776,0
777,1
778,2
779,1
780,2
781,1
782,1
783,0
784,1
785,0
786,0
787,0
788,1
789,0
790,2
791,2
792,3
793,1
794,2
795,0
796,2
797,2
798,0
799,3
800,1
801,1
802,0
803,0
804,1
805,1
806,3
807,2
808,1
809,4
810,2
811,1
812,4
813,1
814,1
815,2
816,3
817,2
818,0
819,2
820,2
821,0
822,4
823,1
824,1
825,0
826,2
827,1
828,1
829,2
830,1
831,3
832,3
833,3
834,2
835,2
836,0
837,3
838,2
839,0
840,1
841,2
842,2
843,0
844,3
845,2
846,1
847,4
848,0
849,2
850,2
851,1
852,2
853,2
854,1
855,1
856,1
857,2
858,1
859,1
860,0
861,0
862,0
863,1
864,0
865,1
866,1
867,0
868,1
869,0
870,1
871,1
872,1
873,0
874,1
875,1
876,2
877,1
878,2
879,3
880,2
881,2
882,1
883,3
884,1
885,4
886,1
887,2
888,2
889,3
890,2
891,2
892,2
893,3
894,1
895,7
896,1
897,1
898,1
899,2
900,2
901,0
902,3
903,0
904,2
905,3
906,1
907,1
908,1
909,2
910,1
911,2
912,0
913,1
914,2
915,2
916,1
917,1
918,2
919,3
920,1
921,1
922,2
923,0
924,4
925,2
926,3
927,1
928,2
929,1
930,0
931,0
932,1
933,2
934,2
935,1
936,2
937,2
938,2
939,2
940,3
941,2
942,0
943,2
944,4
945,0
946,0
947,0
948,1
949,1
950,5
951,1
952,1
953,2
954,1
955,1
956,1
957,1
958,0
959,0
960,1
961,1
962,3
963,2
964,1
965,0
966,1
967,0
968,3
969,3
970,1
971,2
972,1
973,0
974,2
975,3
976,3
977,2
978,1
979,2
980,1
981,2
982,3
983,1
984,1
985,2
986,2
987,1
988,2
989,0
990,4
991,3
992,2
993,2
994,2
995,0
996,0
997,1
998,1
999,1
1000,2
1001,0
1002,4
1003,1
1004,1
1005,0
1006,2
1007,1
1008,1
1009,2
1010,1
1011,1
1012,1
1013,4
1014,1
1015,2
1016,2
1017,0
1018,3
1019,0
1020,1
1021,3
1022,2
1023,1
1024,2
1025,1
1026,3
1027,2
1028,0
1029,2
1030,2
1031,2
1032,2
1033,3
1034,1
1035,3
1036,1
1037,0
1038,0
1039,4
1040,2
1041,1
1042,2
1043,1
1044,1
1045,1
1046,0
1047,4
1048,2
1049,0
1050,3
1051,3
1052,1
1053,1
1054,2
1055,1
1056,1
1057,1
1058,3
1059,1
1060,3
1061,3
1062,0
1063,2
1064,1
1065,1
1066,0
1067,2
1068,2
1069,2
1070,1
1071,1
1072,3
1073,1
1074,1
1075,1
1076,0
1077,3
1078,2
1079,2
1080,3
1081,4
1082,1
1083,0
1084,0
1085,3
1086,1
1087,1
1088,0
1089,2
1090,1
1091,2
1092,0
1093,0
1094,2
1095,0
1096,2
1097,1
1098,1
1099,0
1100,1
1101,1
1102,6
1103,1
1104,0
1105,0
1106,0
1107,4
1108,1
1109,2
1110,1
1111,2
1112,2
1113,2
1114,3
1115,2
1116,2
1117,2
1118,5
1119,1
1120,3
1121,0
1122,0
1123,1
1124,1
1125,2
1126,1
1127,0
1128,1
1129,3
1130,2
1131,1
1132,2
1133,3
1134,1
1135,2
1136,5
1137,1
1138,2
1139,0
1140,2
1141,1
1142,0
1143,1
1144,1
1145,1
1146,1
1147,0
1148,1
1149,4
1150,1
1151,2
1152,2
1153,1
1154,1
1155,0
1156,0
1157,2
1158,2
1159,1
1160,2
1161,3
1162,1
1163,3
1164,1
1165,2
1166,0
1167,2
1168,0
1169,2
1170,1
1171,4
1172,4
1173,2
1174,1
1175,1
1176,1
1177,7
1178,0
1179,3
1180,1
1181,0
1182,0
1183,2
1184,0
1185,3
1186,1
1187,3
1188,2
1189,1
1190,4
1191,1
1192,2
1193,0
1194,1
1195,2
1196,1
1197,2
1198,0
1199,1
1200,1
1201,2
1202,1
1203,3
1204,0
1205,1
1206,0
1207,1
1208,1
1209,0
1210,0
1211,1
1212,1
1213,2
1214,1
1215,1
1216,2
1217,1
1218,1
1219,0
1220,1
1221,2
1222,1
1223,0
1224,3
1225,0
1226,1
1227,1
1228,1
1229,0
1230,2
1231,2
1232,1
1233,1
1234,1
1235,1
1236,2
1237,1
1238,0
1239,1
1240,4
1241,1
1242,1
1243,0
1244,4
1245,2
1246,2
1247,0
1248,0
1249,2
1250,0
1251,0
1252,1
1253,1
1254,0
1255,1
1256,0
1257,0
1258,1
1259,1
1260,0
1261,1
1262,5
1263,2
1264,2
1265,2
1266,2
1267,2
1268,0
1269,1
1270,2
1271,2
1272,7
1273,3
1274,1
1275,1
1276,1
1277,3
1278,2
1279,4
1280,2
1281,4
1282,1
1283,3
1284,0
1285,2
1286,2
1287,1
1288,4
1289,2
1290,1
1291,1
1292,1
1293,0
1294,0
1295,4
1296,1
1297,1
1298,1
1299,1
1300,1
1301,0
1302,1
1303,3
1304,1
1305,1
1306,2
1307,0
1308,2
1309,1
1310,1
1311,2
1312,1
1313,2
1314,5
1315,4
1316,2
1317,1
1318,2
1319,1
1320,2
1321,1
1322,3
1323,2
1324,0
1325,2
1326,3
1327,0
1328,3
1329,1
1330,0
1331,0
1332,3
1333,2
1334,1
1335,1
1336,3
1337,7
1338,2
1339,4
1340,3
1341,2
1342,1
1343,1
1344,1
1345,2
1346,2
1347,1
1348,0
1349,1
1350,0
1351,3
1352,4
1353,2
1354,3
1355,1
1356,1
1357,0
1358,0
1359,0
1360,1
1361,1
1362,4
1363,1
1364,3
1365,2
1366,4
1367,2
1368,1
1369,2
1370,3
1371,2
1372,2
1373,1
1374,2
1375,4
1376,1
1377,3
1378,1
1379,1
1380,0
1381,1
1382,1
1383,3
1384,3
1385,1
1386,1
1387,1
1388,0
1389,1
1390,2
1391,0
1392,2
1393,1
1394,0
1395,2
1396,2
1397,2
1398,2
1399,2
1400,4
1401,3
1402,2
1403,4
1404,5
1405,1
1406,1
1407,1
1408,2
1409,3
1410,1
1411,0
1412,1
1413,3
1414,3
1415,3
1416,2
1417,1
1418,2
1419,0
1420,1
1421,2
1422,0
1423,0
1424,3
1425,1
1426,0
1427,1
1428,1
1429,1
1430,0
1431,1
1432,0
1433,0
1434,1
1435,3
1436,2
1437,1
1438,1
1439,0
1440,0
1441,1
1442,2
1443,0
1444,0
1445,2
1446,1
1447,2
1448,1
1449,1
1450,1
1451,0
1452,3
1453,3
1454,0
1455,1
1456,3
1457,0
1458,2
1459,3
1460,1
1461,1
1462,1
1463,0
1464,5
1465,0
1466,1
1467,2
1468,1
1469,2
1470,2
1471,2
1472,2
1473,1
1474,1
1475,1
1476,1
1477,0
1478,1
1479,1
1480,1
1481,1
1482,1
1483,2
1484,3
1485,1
1486,1
1487,4
1488,1
1489,1
1490,1
1491,4
1492,3
1493,4
1494,5
1495,2
1496,4
1497,2
1498,2
1499,2
1500,1
1501,1
1502,1
1503,1
1504,1
1505,1
1506,1
1507,0
1508,2
1509,2
1510,0
1511,2
1512,1
1513,2
1514,1
1515,0
1516,1
1517,1
1518,1
1519,2
1520,1
1521,1
1522,1
1523,0
1524,5
1525,0
1526,2
1527,3
1528,3
1529,3
1530,1
1531,0
1532,0
1533,2
1534,3
1535,3
1536,0
1537,0
1538,1
1539,0
1540,1
1541,1
1542,0
1543,2
1544,0
1545,2
1546,0
1547,1
1548,2
1549,3
1550,0
1551,0
1552,0
1553,5
1554,2
1555,5
1556,1
1557,0
1558,2
1559,2
1560,1
1561,0
1562,0
1563,2
1564,1
1565,3
1566,1
1567,3
1568,2
1569,3
1570,1
1571,1
1572,3
1573,1
1574,2
1575,1
1576,1
1577,2
1578,0
1579,2
1580,3
1581,1
1582,2
1583,4
1584,1
1585,2
1586,3
1587,0
1588,1
1589,1
1590,0
1591,2
1592,3
1593,0
1594,1
1595,1
1596,2
1597,0
1598,3
1599,2
1600,1
1601,2
1602,1
1603,2
1604,1
1605,2
1606,1
1607,2
1608,1
1609,1
1610,1
1611,1
1612,3
1613,2
1614,2
1615,2
1616,1
1617,0
1618,1
1619,0
1620,0
1621,1
1622,1
1623,0
1624,1
1625,0
1626,0
1627,1
1628,3
1629,2
1630,0
1631,1
1632,3
1633,3
1634,0
1635,1
1636,3
1637,0
1638,2
1639,1
1640,1
1641,1
1642,1
1643,0
1644,1
1645,2
1646,1
1647,0
1648,1
1649,0
1650,1
1651,1
1652,1
1653,1
1654,0
1655,1
1656,2
1657,1
1658,0
1659,1
1660,0
1661,1
1662,0
1663,2
1664,0
1665,1
1666,0
1667,0
1668,0
1669,1
1670,0
1671,0
1672,0
1673,0
1674,1
1675,2
1676,1
1677,2
1678,0
1679,2
1680,1
1681,3
1682,0
1683,0
1684,2
1685,4
1686,0
1687,1
1688,1
1689,0
1690,2
1691,2
1692,2
1693,0
1694,2
1695,0
1696,0
1697,2
1698,1
1699,0
1700,0
1701,1
1702,1
1703,3
1704,0
1705,3
1706,3
1707,1
1708,3
1709,2
1710,0
1711,0
1712,1
1713,1
1714,5
1715,1
1716,2
1717,2
1718,3
1719,3
1720,0
1721,4
1722,1
1723,4
1724,0
1725,1
1726,0
1727,1
1728,0
1729,1
1730,0
1731,0
1732,2
1733,3
1734,3
1735,0
1736,4
1737,1
1738,2
1739,0
1740,3
1741,5
1742,5
1743,2
1744,2
1745,1
1746,2
1747,1
1748,2
1749,5
1750,2
1751,4
1752,0
1753,2
1754,1
1755,2
1756,2
1757,4
1758,1
1759,0
1760,4
1761,1
1762,3
1763,3
1764,0
1765,1
1766,0
1767,5
1768,8
1769,4
1770,2
1771,1
1772,2
1773,3
1774,0
1775,1
1776,1
1777,2
1778,4
1779,2
1780,1
1781,2
1782,0
1783,0
1784,0
1785,1
1786,3
1787,0
1788,1
1789,0
1790,1
1791,2
1792,1
1793,4
1794,1
1795,2
1796,1
1797,1
1798,3
1799,4
1800,2
1801,1
1802,1
1803,1
1804,2
1805,1
1806,1
1807,3
1808,1
1809,3
1810,3
1811,1
1812,2
1813,2
1814,4
1815,2
1816,2
1817,4
1818,0
1819,1
1820,2
1821,1
1822,4
1823,1
1824,3
1825,3
1826,2
1827,1
1828,0
1829,1
1830,1
1831,2
1832,3
1833,0
1834,0
1835,1
1836,3
1837,3
1838,3
1839,0
1840,2
1841,1
1842,1
1843,1
1844,0
1845,1
1846,2
1847,1
1848,1
1849,2
1850,2
1851,1
1852,1
1853,2
1854,0
1855,0
1856,1
1857,1
1858,1
1859,1
1860,1
1861,2
1862,2
1863,1
1864,1
1865,0
1866,4
1867,2
1868,1
1869,3
1870,1
1871,1
1872,0
1873,3
1874,4
1875,1
1876,2
1877,0
1878,3
1879,2
1880,0
1881,1
1882,4
1883,0
1884,2
1885,0
1886,1
1887,1
1888,1
1889,1
1890,2
1891,1
1892,1
1893,1
1894,2
1895,1
1896,0
1897,0
1898,1
1899,2
1900,0
1901,1
1902,1
1903,0
1904,1
1905,3
1906,2
1907,2
1908,3
1909,1
1910,1
1911,1
1912,4
1913,4
1914,3
1915,5
1916,0
1917,0
1918,2
1919,1
1920,1
1921,1
1922,2
1923,2
1924,3
1925,3
1926,2
1927,0
1928,2
1929,2
1930,1
1931,3
1932,1
1933,0
1934,1
1935,2
1936,2
1937,3
1938,1
1939,2
1940,1
1941,1
1942,3
1943,1
1944,0
1945,1
1946,1
1947,2
1948,0
1949,1
1950,2
1951,2
1952,1
1953,4
1954,1
1955,1
1956,1
1957,2
1958,3
