0,169.0
1,837.0
2,418.0
3,783.0
4,877.0
5,276.0
6,285.0
7,483.0
8,
9,311.0
10,877.0
11,48.0
12,1782.0
13,564.0
14,161.0
15,272.0
16,345.0
17,2012.0
18,276.0
19,28.0
20,204.0
21,1032.0
22,
23,
24,66.0
25,793.0
26,30.0
27,
28,1659.0
29,169.0
30,787.0
31,738.0
32,28.0
33,233.0
34,1280.0
35,
36,
37,969.0
38,837.0
39,
40,370.0
41,276.0
42,442.0
43,517.0
44,
45,
46,759.0
47,441.0
48,28.0
49,564.0
50,95.0
51,720.0
52,789.0
53,647.0
54,563.0
55,
56,837.0
57,877.0
58,465.0
59,287.0
60,913.0
61,562.0
62,
63,114.0
64,787.0
65,969.0
66,235.0
67,657.0
68,228.0
69,276.0
70,835.0
71,421.0
72,272.0
73,791.0
74,
75,326.0
76,
77,575.0
78,564.0
79,
80,
81,
82,272.0
83,51.0
84,114.0
85,396.0
86,51.0
87,
88,51.0
89,662.0
90,361.0
91,394.0
92,51.0
93,779.0
94,70.0
95,289.0
96,
97,51.0
98,149.0
99,517.0
100,772.0
101,417.0
102,462.0
103,
104,14.0
105,
106,
107,593.0
108,272.0
109,429.0
110,
111,816.0
112,696.0
113,
114,289.0
115,272.0
116,468.0
117,228.0
118,
119,787.0
120,293.0
121,161.0
122,276.0
123,276.0
124,477.0
125,791.0
126,
127,161.0
128,483.0
129,147.0
130,877.0
131,273.0
132,396.0
133,791.0
134,710.0
135,1026.0
136,1659.0
137,
138,471.0
139,272.0
140,791.0
141,361.0
142,341.0
143,51.0
144,114.0
145,51.0
146,
147,816.0
148,877.0
149,559.0
150,877.0
151,564.0
152,51.0
153,327.0
154,264.0
155,51.0
156,
157,
158,842.0
159,
160,770.0
161,
162,272.0
163,877.0
164,675.0
165,
166,289.0
167,257.0
168,649.0
169,643.0
170,
171,35.0
172,784.0
173,465.0
174,838.0
175,785.0
176,
177,753.0
178,14.0
179,
180,80.0
181,362.0
182,162.0
183,213.0
184,295.0
185,272.0
186,749.0
187,643.0
188,272.0
189,341.0
190,784.0
191,14.0
192,204.0
193,270.0
194,1427.0
195,103.0
196,
197,331.0
198,
199,749.0
200,495.0
201,416.0
202,563.0
203,103.0
204,772.0
205,341.0
206,415.0
207,14.0
208,229.0
209,387.0
210,289.0
211,786.0
212,
213,228.0
214,363.0
215,
216,161.0
217,228.0
218,352.0
219,772.0
220,792.0
221,2214.0
222,2214.0
223,675.0
224,795.0
225,257.0
226,835.0
227,272.0
228,229.0
229,276.0
230,
231,289.0
232,
233,272.0
234,444.0
235,
236,113.0
237,229.0
238,
239,504.0
240,363.0
241,213.0
242,
243,717.0
244,77.0
245,64.0
246,790.0
247,346.0
248,363.0
249,791.0
250,795.0
251,511.0
252,126.0
253,126.0
254,
255,249.0
256,176.0
257,252.0
258,749.0
259,770.0
260,647.0
261,753.0
262,272.0
263,289.0
264,1042.0
265,
266,2488.0
267,272.0
268,391.0
269,128.0
270,48.0
271,837.0
272,873.0
273,421.0
274,352.0
275,289.0
276,221.0
277,482.0
278,895.0
279,444.0
280,93.0
281,840.0
282,298.0
283,391.0
284,
285,
286,
287,702.0
288,686.0
289,394.0
290,471.0
291,118.0
292,817.0
293,109.0
294,
295,321.0
296,817.0
297,269.0
298,734.0
299,837.0
300,295.0
301,369.0
302,1938.0
303,916.0
304,
305,600.0
306,2525.0
307,177.0
308,
309,
310,471.0
311,1042.0
312,429.0
313,227.0
314,346.0
315,465.0
316,1243.0
317,161.0
318,794.0
319,1393.0
320,723.0
321,734.0
322,625.0
323,
324,53.0
325,790.0
326,327.0
327,
328,501.0
329,1155.0
330,1691.0
331,276.0
332,294.0
333,504.0
334,2214.0
335,429.0
336,1998.0
337,891.0
338,455.0
339,772.0
340,583.0
341,908.0
342,908.0
343,2214.0
344,1181.0
345,1304.0
346,170.0
347,729.0
348,238.0
349,462.0
350,28.0
351,222.0
352,321.0
353,791.0
354,272.0
355,270.0
356,12.0
357,628.0
358,127.0
359,1278.0
360,675.0
361,311.0
362,1482.0
363,
364,
365,1557.0
366,12.0
367,1042.0
368,1604.0
369,343.0
370,28.0
371,280.0
372,313.0
373,1604.0
374,
375,2600.0
376,184.0
377,311.0
378,675.0
379,845.0
380,124.0
381,367.0
382,817.0
383,770.0
384,355.0
385,742.0
386,
387,53.0
388,484.0
389,145.0
390,791.0
391,247.0
392,1373.0
393,672.0
394,
395,269.0
396,729.0
397,791.0
398,2214.0
399,
400,
401,
402,
403,159.0
404,81.0
405,795.0
406,
407,817.0
408,
409,288.0
410,
411,351.0
412,290.0
413,735.0
414,729.0
415,828.0
416,147.0
417,
418,780.0
419,
420,563.0
421,1394.0
422,
423,
424,
425,729.0
426,784.0
427,822.0
428,675.0
429,276.0
430,773.0
431,276.0
432,784.0
433,140.0
434,713.0
435,
436,208.0
437,396.0
438,
439,335.0
440,
441,
442,713.0
443,223.0
444,578.0
445,
446,299.0
447,780.0
448,1782.0
449,1782.0
450,3543.0
451,3543.0
452,491.0
453,
454,729.0
455,298.0
456,417.0
457,956.0
458,233.0
459,717.0
460,268.0
461,
462,227.0
463,621.0
464,482.0
465,2422.0
466,345.0
467,881.0
468,369.0
469,229.0
470,2852.0
471,753.0
472,553.0
473,702.0
474,1218.0
475,3986.0
476,742.0
477,139.0
478,77.0
479,453.0
480,1177.0
481,3986.0
482,61.0
483,235.0
484,821.0
485,
486,
487,827.0
488,
489,
490,1604.0
491,1234.0
492,
493,
494,421.0
495,1710.0
496,27.0
497,1691.0
498,943.0
499,837.0
500,270.0
501,
502,1049.0
503,
504,675.0
505,
506,484.0
507,175.0
508,
509,150.0
510,1659.0
511,
512,2525.0
513,326.0
514,7336.0
515,120.0
516,233.0
517,3536.0
518,383.0
519,564.0
520,805.0
521,81.0
522,228.0
523,484.0
524,433.0
525,592.0
526,1278.0
527,773.0
528,
529,
530,1032.0
531,49.0
532,247.0
533,219.0
534,759.0
535,257.0
536,1345.0
537,635.0
538,1424.0
539,52.0
540,1659.0
541,465.0
542,
543,293.0
544,1042.0
545,790.0
546,246.0
547,94.0
548,484.0
549,958.0
550,564.0
551,661.0
552,313.0
553,465.0
554,354.0
555,1604.0
556,289.0
557,
558,293.0
559,289.0
560,179.0
561,48.0
562,298.0
563,798.0
564,798.0
565,1.0
566,
567,729.0
568,246.0
569,3854.0
570,2403.0
571,426.0
572,716.0
573,357.0
574,
575,735.0
576,738.0
577,837.0
578,779.0
579,
580,
581,793.0
582,813.0
583,341.0
584,727.0
585,945.0
586,272.0
587,421.0
588,793.0
589,272.0
590,272.0
591,569.0
592,564.0
593,246.0
594,311.0
595,272.0
596,238.0
597,289.0
598,
599,759.0
600,143.0
601,873.0
602,276.0
603,339.0
604,596.0
605,1042.0
606,791.0
607,
608,372.0
609,361.0
610,311.0
611,81.0
612,396.0
613,272.0
614,343.0
615,753.0
616,228.0
617,795.0
618,341.0
619,207.0
620,311.0
621,363.0
622,
623,811.0
624,
625,408.0
626,838.0
627,114.0
628,339.0
629,877.0
630,564.0
631,564.0
632,272.0
633,48.0
634,357.0
635,1046.0
636,
637,781.0
638,564.0
639,564.0
640,501.0
641,129.0
642,572.0
643,663.0
644,1945.0
645,396.0
646,466.0
647,782.0
648,484.0
649,
650,272.0
651,1278.0
652,1.0
653,351.0
654,907.0
655,284.0
656,396.0
657,588.0
658,428.0
659,505.0
660,186.0
661,104.0
662,729.0
663,2272.0
664,253.0
665,232.0
666,59.0
667,1036.0
668,1074.0
669,
670,132.0
671,361.0
672,150.0
673,290.0
674,322.0
675,396.0
676,114.0
677,175.0
678,497.0
679,994.0
680,1234.0
681,52.0
682,507.0
683,228.0
684,823.0
685,3536.0
686,127.0
687,469.0
688,139.0
689,
690,913.0
691,1042.0
692,791.0
693,
694,2214.0
695,2525.0
696,1.0
697,
698,679.0
699,
700,246.0
701,426.0
702,471.0
703,572.0
704,
705,
706,1215.0
707,312.0
708,791.0
709,746.0
710,
711,
712,1659.0
713,739.0
714,368.0
715,396.0
716,
717,247.0
718,682.0
719,1782.0
720,
721,760.0
722,
723,895.0
724,233.0
725,15.0
726,1078.0
727,689.0
728,312.0
729,49.0
730,846.0
731,871.0
732,985.0
733,132.0
734,660.0
735,300.0
736,86.0
737,398.0
738,398.0
739,313.0
740,186.0
741,678.0
742,837.0
743,791.0
744,780.0
745,
746,
747,780.0
748,400.0
749,20.0
750,54.0
751,596.0
752,
753,838.0
754,537.0
755,635.0
756,
757,256.0
758,246.0
759,1215.0
760,
761,1427.0
762,49.0
763,877.0
764,165.0
765,1010.0
766,564.0
767,2051.0
768,
769,465.0
770,15.0
771,142.0
772,791.0
773,24.0
774,
775,368.0
776,2525.0
777,971.0
778,310.0
779,70.0
780,659.0
781,
782,393.0
783,
784,592.0
785,1042.0
786,429.0
787,111.0
788,263.0
789,
790,132.0
791,617.0
792,
793,274.0
794,3857.0
795,3857.0
796,1027.0
797,596.0
798,216.0
799,361.0
800,132.0
801,1782.0
802,
803,290.0
804,195.0
805,
806,534.0
807,787.0
808,9.0
809,204.0
810,781.0
811,497.0
812,334.0
813,15.0
814,680.0
815,973.0
816,551.0
817,
818,497.0
819,2646.0
820,53.0
821,729.0
822,790.0
823,
824,274.0
825,38.0
826,440.0
827,784.0
828,501.0
829,34.0
830,
831,665.0
832,396.0
833,391.0
834,
835,729.0
836,221.0
837,772.0
838,441.0
839,272.0
840,238.0
841,276.0
842,2607.0
843,
844,772.0
845,1177.0
846,751.0
847,1782.0
848,132.0
849,311.0
850,28.0
851,
852,
853,350.0
854,3305.0
855,221.0
856,791.0
857,497.0
858,28.0
859,791.0
860,323.0
861,789.0
862,772.0
863,270.0
864,28.0
865,791.0
866,805.0
867,706.0
868,122.0
869,272.0
870,564.0
871,208.0
872,197.0
873,461.0
874,837.0
875,
876,
877,465.0
878,28.0
879,228.0
880,852.0
881,
882,407.0
883,
884,772.0
885,274.0
886,396.0
887,702.0
888,28.0
889,729.0
890,564.0
891,792.0
892,6298.0
893,465.0
894,361.0
895,396.0
896,
897,471.0
898,772.0
899,274.0
900,95.0
901,675.0
902,1220.0
903,1782.0
904,790.0
905,
906,228.0
907,1120.0
908,
909,
910,837.0
911,
912,277.0
913,285.0
914,786.0
915,86.0
916,465.0
917,421.0
918,
919,
920,272.0
921,
922,564.0
923,
924,
925,
926,
927,655.0
928,783.0
929,
930,773.0
931,791.0
932,25.0
933,
934,247.0
935,
936,276.0
937,246.0
938,790.0
939,694.0
940,575.0
941,287.0
942,396.0
943,470.0
944,
945,445.0
946,593.0
947,273.0
948,563.0
949,742.0
950,816.0
951,361.0
952,483.0
953,675.0
954,80.0
955,798.0
956,788.0
957,688.0
958,
959,1280.0
960,
961,
962,
963,272.0
964,110.0
965,9.0
966,
967,1482.0
968,85.0
969,80.0
970,
971,362.0
972,
973,564.0
974,272.0
975,147.0
976,243.0
977,53.0
978,39.0
979,
980,791.0
981,388.0
982,48.0
983,482.0
984,387.0
985,147.0
986,675.0
987,477.0
988,
989,677.0
990,142.0
991,161.0
992,781.0
993,465.0
994,1120.0
995,
996,355.0
997,842.0
998,641.0
999,272.0
1000,341.0
1001,376.0
1002,
1003,39.0
1004,157.0
1005,
1006,272.0
1007,51.0
1008,
1009,341.0
1010,99.0
1011,263.0
1012,466.0
1013,791.0
1014,99.0
1015,127.0
1016,772.0
1017,689.0
1018,130.0
1019,593.0
1020,484.0
1021,
1022,421.0
1023,290.0
1024,482.0
1025,228.0
1026,95.0
1027,
1028,144.0
1029,308.0
1030,51.0
1031,51.0
1032,272.0
1033,
1034,251.0
1035,272.0
1036,816.0
1037,102.0
1038,873.0
1039,101.0
1040,14.0
1041,556.0
1042,318.0
1043,1420.0
1044,790.0
1045,564.0
1046,272.0
1047,787.0
1048,407.0
1049,293.0
1050,80.0
1051,877.0
1052,194.0
1053,12.0
1054,643.0
1055,359.0
1056,749.0
1057,103.0
1058,229.0
1059,162.0
1060,162.0
1061,478.0
1062,839.0
1063,176.0
1064,791.0
1065,123.0
1066,341.0
1067,168.0
1068,808.0
1069,409.0
1070,107.0
1071,168.0
1072,568.0
1073,816.0
1074,44.0
1075,365.0
1076,
1077,772.0
1078,877.0
1079,243.0
1080,331.0
1081,213.0
1082,283.0
1083,270.0
1084,35.0
1085,276.0
1086,103.0
1087,14.0
1088,86.0
1089,117.0
1090,336.0
1091,185.0
1092,358.0
1093,
1094,176.0
1095,35.0
1096,217.0
1097,278.0
1098,272.0
1099,165.0
1100,341.0
1101,791.0
1102,272.0
1103,
1104,
1105,634.0
1106,64.0
1107,
1108,288.0
1109,25.0
1110,229.0
1111,788.0
1112,272.0
1113,186.0
1114,717.0
1115,511.0
1116,358.0
1117,394.0
1118,289.0
1119,816.0
1120,358.0
1121,
1122,1782.0
1123,
1124,272.0
1125,272.0
1126,80.0
1127,511.0
1128,743.0
1129,483.0
1130,
1131,873.0
1132,339.0
1133,
1134,69.0
1135,339.0
1136,743.0
1137,
1138,
1139,363.0
1140,14.0
1141,580.0
1142,952.0
1143,235.0
1144,391.0
1145,
1146,564.0
1147,619.0
1148,421.0
1149,272.0
1150,221.0
1151,
1152,1355.0
1153,922.0
1154,204.0
1155,1285.0
1156,810.0
1157,564.0
1158,1732.0
1159,286.0
1160,223.0
1161,
1162,
1163,1187.0
1164,109.0
1165,105.0
1166,661.0
1167,389.0
1168,82.0
1169,1459.0
1170,556.0
1171,
1172,79.0
1173,173.0
1174,295.0
1175,389.0
1176,471.0
1177,298.0
1178,790.0
1179,471.0
1180,435.0
1181,311.0
1182,
1183,28.0
1184,969.0
1185,667.0
1186,1042.0
1187,281.0
1188,790.0
1189,446.0
1190,1120.0
1191,1285.0
1192,233.0
1193,
1194,313.0
1195,
1196,145.0
1197,1042.0
1198,786.0
1199,150.0
1200,941.0
1201,772.0
1202,97.0
1203,31.0
1204,27.0
1205,363.0
1206,786.0
1207,284.0
1208,136.0
1209,276.0
1210,798.0
1211,790.0
1212,
1213,70.0
1214,1285.0
1215,266.0
1216,976.0
1217,786.0
1218,776.0
1219,471.0
1220,429.0
1221,564.0
1222,
1223,
1224,228.0
1225,20.0
1226,498.0
1227,794.0
1228,407.0
1229,
1230,1782.0
1231,431.0
1232,776.0
1233,776.0
1234,625.0
1235,564.0
1236,729.0
1237,321.0
1238,28.0
1239,64.0
1240,1042.0
1241,222.0
1242,791.0
1243,564.0
1244,772.0
1245,266.0
1246,367.0
1247,127.0
1248,976.0
1249,227.0
1250,227.0
1251,
1252,262.0
1253,285.0
1254,
1255,
1256,184.0
1257,729.0
1258,772.0
1259,277.0
1260,
1261,367.0
1262,1604.0
1263,257.0
1264,311.0
1265,2456.0
1266,
1267,1042.0
1268,
1269,1169.0
1270,677.0
1271,247.0
1272,
1273,194.0
1274,1945.0
1275,2234.0
1276,367.0
1277,
1278,269.0
1279,505.0
1280,1125.0
1281,729.0
1282,220.0
1283,440.0
1284,1093.0
1285,
1286,140.0
1287,729.0
1288,563.0
1289,
1290,471.0
1291,784.0
1292,1893.0
1293,
1294,675.0
1295,822.0
1296,1093.0
1297,735.0
1298,466.0
1299,357.0
1300,
1301,1782.0
1302,895.0
1303,446.0
1304,
1305,1234.0
1306,61.0
1307,
1308,852.0
1309,236.0
1310,1782.0
1311,262.0
1312,
1313,1782.0
1314,396.0
1315,462.0
1316,1782.0
1317,522.0
1318,2703.0
1319,335.0
1320,1782.0
1321,296.0
1322,315.0
1323,791.0
1324,3543.0
1325,
1326,1260.0
1327,272.0
1328,313.0
1329,628.0
1330,2366.0
1331,369.0
1332,504.0
1333,417.0
1334,440.0
1335,790.0
1336,1049.0
1337,770.0
1338,
1339,345.0
1340,702.0
1341,593.0
1342,
1343,276.0
1344,
1345,18.0
1346,465.0
1347,270.0
1348,
1349,186.0
1350,837.0
1351,675.0
1352,252.0
1353,564.0
1354,196.0
1355,272.0
1356,1234.0
1357,396.0
1358,465.0
1359,394.0
1360,580.0
1361,139.0
1362,642.0
1363,
1364,269.0
1365,
1366,465.0
1367,
1368,396.0
1369,852.0
1370,2214.0
1371,1800.0
1372,429.0
1373,280.0
1374,1604.0
1375,1234.0
1376,396.0
1377,
1378,367.0
1379,191.0
1380,421.0
1381,1155.0
1382,462.0
1383,
1384,1666.0
1385,
1386,566.0
1387,227.0
1388,852.0
1389,1049.0
1390,675.0
1391,
1392,465.0
1393,
1394,
1395,569.0
1396,628.0
1397,
1398,628.0
1399,793.0
1400,729.0
1401,311.0
1402,141.0
1403,298.0
1404,976.0
1405,
1406,
1407,64.0
1408,1304.0
1409,465.0
1410,
1411,
1412,
1413,128.0
1414,2448.0
1415,
1416,
1417,396.0
1418,503.0
1419,284.0
1420,
1421,876.0
1422,
1423,660.0
1424,181.0
1425,806.0
1426,779.0
1427,
1428,513.0
1429,313.0
1430,1262.0
1431,675.0
1432,396.0
1433,661.0
1434,588.0
1435,139.0
1436,
1437,1074.0
1438,465.0
1439,647.0
1440,293.0
1441,517.0
1442,465.0
1443,837.0
1444,710.0
1445,
1446,
1447,790.0
1448,2403.0
1449,
1450,357.0
1451,
1452,120.0
1453,390.0
1454,228.0
1455,689.0
1456,781.0
1457,144.0
1458,489.0
1459,842.0
1460,357.0
1461,791.0
1462,778.0
1463,569.0
1464,
1465,272.0
1466,272.0
1467,501.0
1468,799.0
1469,
1470,412.0
1471,1177.0
1472,289.0
1473,1042.0
1474,406.0
1475,
1476,1413.0
1477,80.0
1478,276.0
1479,387.0
1480,795.0
1481,
1482,396.0
1483,51.0
1484,842.0
1485,
1486,471.0
1487,789.0
1488,120.0
1489,234.0
1490,579.0
1491,396.0
1492,396.0
1493,470.0
1494,120.0
1495,471.0
1496,782.0
1497,396.0
1498,339.0
1499,923.0
1500,651.0
1501,
1502,
1503,838.0
1504,
1505,343.0
1506,564.0
1507,339.0
1508,2940.0
1509,895.0
1510,396.0
1511,438.0
1512,48.0
1513,
1514,48.0
1515,352.0
1516,1278.0
1517,
1518,749.0
1519,237.0
1520,501.0
1521,396.0
1522,339.0
1523,272.0
1524,
1525,717.0
1526,
1527,466.0
1528,
1529,899.0
1530,
1531,683.0
1532,501.0
1533,534.0
1534,
1535,729.0
1536,276.0
1537,186.0
1538,152.0
1539,241.0
1540,136.0
1541,
1542,51.0
1543,817.0
1544,772.0
1545,
1546,1278.0
1547,
1548,228.0
1549,
1550,702.0
1551,825.0
1552,635.0
1553,592.0
1554,564.0
1555,114.0
1556,1234.0
1557,725.0
1558,508.0
1559,
1560,200.0
1561,361.0
1562,465.0
1563,127.0
1564,139.0
1565,
1566,825.0
1567,635.0
1568,
1569,18.0
1570,421.0
1571,503.0
1572,
1573,1077.0
1574,471.0
1575,
1576,899.0
1577,
1578,
1579,1782.0
1580,578.0
1581,257.0
1582,290.0
1583,351.0
1584,563.0
1585,1042.0
1586,1659.0
1587,
1588,
1589,228.0
1590,465.0
1591,290.0
1592,1782.0
1593,398.0
1594,311.0
1595,289.0
1596,47.0
1597,
1598,
1599,233.0
1600,34.0
1601,15.0
1602,272.0
1603,628.0
1604,200.0
1605,368.0
1606,375.0
1607,
1608,
1609,1280.0
1610,790.0
1611,871.0
1612,
1613,132.0
1614,
1615,383.0
1616,
1617,
1618,
1619,90.0
1620,276.0
1621,436.0
1622,1550.0
1623,729.0
1624,765.0
1625,
1626,466.0
1627,449.0
1628,635.0
1629,675.0
1630,
1631,290.0
1632,556.0
1633,
1634,1027.0
1635,
1636,790.0
1637,194.0
1638,
1639,465.0
1640,357.0
1641,440.0
1642,
1643,817.0
1644,228.0
1645,277.0
1646,
1647,2525.0
1648,253.0
1649,471.0
1650,2051.0
1651,138.0
1652,400.0
1653,289.0
1654,572.0
1655,484.0
1656,2607.0
1657,
1658,110.0
1659,465.0
1660,895.0
1661,1535.0
1662,342.0
1663,449.0
1664,1537.0
1665,
1666,
1667,
1668,465.0
1669,276.0
1670,142.0
1671,1042.0
1672,427.0
1673,791.0
1674,429.0
1675,
1676,293.0
1677,228.0
1678,
1679,60.0
1680,149.0
1681,20.0
1682,150.0
1683,1782.0
1684,228.0
1685,351.0
1686,70.0
1687,791.0
1688,281.0
1689,503.0
1690,913.0
1691,888.0
1692,246.0
1693,196.0
1694,1181.0
1695,222.0
1696,791.0
1697,787.0
1698,
1699,1213.0
1700,806.0
1701,852.0
1702,196.0
1703,1101.0
1704,694.0
1705,204.0
1706,142.0
1707,142.0
1708,
1709,15.0
1710,754.0
1711,551.0
1712,1393.0
1713,
1714,778.0
1715,
1716,47.0
1717,
1718,888.0
1719,312.0
1720,368.0
1721,114.0
1722,1782.0
1723,
1724,169.0
1725,
1726,
1727,943.0
1728,3536.0
1729,77.0
1730,64.0
1731,1459.0
1732,336.0
1733,1299.0
1734,
1735,465.0
1736,2525.0
1737,729.0
1738,221.0
1739,649.0
1740,293.0
1741,2012.0
1742,69.0
1743,296.0
1744,675.0
1745,751.0
1746,
1747,772.0
1748,793.0
1749,
1750,1659.0
1751,147.0
1752,270.0
1753,396.0
1754,
1755,342.0
1756,465.0
1757,233.0
1758,790.0
1759,837.0
1760,284.0
1761,791.0
1762,368.0
1763,70.0
1764,276.0
1765,
1766,228.0
1767,564.0
1768,781.0
1769,
1770,790.0
1771,547.0
1772,228.0
1773,228.0
1774,28.0
1775,773.0
1776,
1777,272.0
1778,250.0
1779,442.0
1780,729.0
1781,114.0
1782,
1783,178.0
1784,436.0
1785,675.0
1786,742.0
1787,572.0
1788,823.0
1789,1782.0
1790,641.0
1791,
1792,133.0
1793,1101.0
1794,1782.0
1795,
1796,369.0
1797,421.0
1798,324.0
1799,
1800,463.0
1801,
1802,276.0
1803,
1804,773.0
1805,272.0
1806,564.0
1807,334.0
1808,
1809,792.0
1810,725.0
1811,837.0
1812,
1813,287.0
1814,790.0
1815,791.0
1816,445.0
1817,28.0
1818,289.0
1819,289.0
1820,877.0
1821,
1822,228.0
1823,28.0
1824,816.0
1825,688.0
1826,
1827,
1828,142.0
1829,272.0
1830,
1831,110.0
1832,790.0
1833,286.0
1834,1482.0
1835,462.0
1836,
1837,465.0
1838,835.0
1839,
1840,53.0
1841,913.0
1842,468.0
1843,39.0
1844,48.0
1845,791.0
1846,273.0
1847,291.0
1848,
1849,
1850,51.0
1851,564.0
1852,161.0
1853,795.0
1854,332.0
1855,842.0
1856,48.0
1857,592.0
1858,86.0
1859,42.0
1860,387.0
1861,1945.0
1862,877.0
1863,341.0
1864,833.0
1865,114.0
1866,649.0
1867,
1868,149.0
1869,
1870,418.0
1871,1101.0
1872,445.0
1873,877.0
1874,1101.0
1875,499.0
1876,
1877,273.0
1878,877.0
1879,
1880,675.0
1881,649.0
1882,593.0
1883,
1884,421.0
1885,51.0
1886,877.0
1887,
1888,
1889,221.0
1890,778.0
1891,806.0
1892,228.0
1893,649.0
1894,767.0
1895,783.0
1896,465.0
1897,511.0
1898,779.0
1899,
1900,213.0
1901,696.0
1902,877.0
1903,101.0
1904,14.0
1905,
1906,260.0
1907,316.0
1908,221.0
1909,617.0
1910,842.0
1911,1962.0
1912,1742.0
1913,1454.0
1914,1181.0
1915,508.0
1916,123.0
1917,
1918,1042.0
1919,773.0
1920,362.0
1921,162.0
1922,123.0
1923,234.0
1924,430.0
1925,107.0
1926,270.0
1927,444.0
1928,643.0
1929,272.0
1930,278.0
1931,772.0
1932,80.0
1933,168.0
1934,103.0
1935,575.0
1936,675.0
1937,117.0
1938,228.0
1939,282.0
1940,228.0
1941,185.0
1942,
1943,176.0
1944,176.0
1945,402.0
1946,130.0
1947,675.0
1948,165.0
1949,240.0
1950,
1951,341.0
1952,794.0
1953,64.0
1954,791.0
1955,511.0
1956,303.0
1957,165.0
1958,779.0
1959,396.0
1960,792.0
1961,
1962,835.0
1963,891.0
1964,749.0
1965,142.0
1966,483.0
1967,649.0
1968,64.0
1969,289.0
1970,341.0
1971,228.0
1972,
1973,355.0
1974,80.0
1975,341.0
1976,272.0
1977,235.0
1978,246.0
1979,849.0
1980,341.0
1981,790.0
1982,461.0
1983,444.0
1984,448.0
1985,176.0
1986,743.0
1987,749.0
1988,575.0
1989,263.0
1990,349.0
1991,
1992,207.0
1993,235.0
1994,72.0
1995,835.0
1996,
1997,888.0
1998,
1999,352.0
2000,391.0
2001,311.0
2002,128.0
2003,
2004,576.0
2005,
2006,240.0
2007,225.0
2008,772.0
2009,93.0
2010,1554.0
2011,
2012,47.0
2013,774.0
2014,298.0
2015,429.0
2016,724.0
2017,429.0
2018,223.0
2019,471.0
2020,794.0
2021,394.0
2022,190.0
2023,
2024,504.0
2025,600.0
2026,
2027,74.0
2028,342.0
2029,2214.0
2030,
2031,1345.0
2032,295.0
2033,2525.0
2034,667.0
2035,266.0
2036,266.0
2037,289.0
2038,295.0
2039,462.0
2040,298.0
2041,
2042,2214.0
2043,429.0
2044,
2045,941.0
2046,2214.0
2047,270.0
2048,367.0
2049,144.0
2050,298.0
2051,1604.0
2052,
2053,284.0
2054,1042.0
2055,
2056,1042.0
2057,772.0
2058,149.0
2059,
2060,266.0
2061,717.0
2062,
2063,2012.0
2064,389.0
2065,501.0
2066,739.0
2067,144.0
2068,588.0
2069,293.0
2070,
2071,351.0
2072,583.0
2073,429.0
2074,
2075,45.0
2076,791.0
2077,
2078,
2079,145.0
2080,
2081,80.0
2082,188.0
2083,
2084,2525.0
2085,186.0
2086,738.0
2087,1811.0
2088,
2089,82.0
2090,269.0
2091,150.0
2092,402.0
2093,729.0
2094,1945.0
2095,270.0
2096,
2097,675.0
2098,222.0
2099,361.0
2100,266.0
2101,236.0
2102,
2103,411.0
2104,150.0
2105,
2106,588.0
2107,227.0
2108,895.0
2109,291.0
2110,628.0
2111,274.0
2112,601.0
2113,
2114,
2115,12.0
2116,266.0
2117,
2118,90.0
2119,672.0
2120,56.0
2121,
2122,270.0
2123,92.0
2124,572.0
2125,207.0
2126,
2127,286.0
2128,817.0
2129,449.0
2130,428.0
2131,53.0
2132,298.0
2133,2234.0
2134,238.0
2135,367.0
2136,
2137,791.0
2138,297.0
2139,790.0
2140,852.0
2141,764.0
2142,
2143,895.0
2144,1581.0
2145,
2146,351.0
2147,449.0
2148,889.0
2149,
2150,729.0
2151,
2152,139.0
2153,675.0
2154,1782.0
2155,
2156,602.0
2157,276.0
2158,465.0
2159,784.0
2160,1782.0
2161,1558.0
2162,1137.0
2163,837.0
2164,780.0
2165,491.0
2166,821.0
2167,1782.0
2168,396.0
2169,272.0
2170,1782.0
2171,396.0
2172,240.0
2173,240.0
2174,1782.0
2175,976.0
2176,
2177,3543.0
2178,298.0
2179,986.0
2180,494.0
2181,294.0
2182,186.0
2183,387.0
2184,791.0
2185,396.0
2186,895.0
2187,943.0
2188,
2189,
2190,150.0
2191,772.0
2192,2110.0
2193,
2194,717.0
2195,407.0
2196,18.0
2197,
2198,535.0
2199,402.0
2200,1231.0
2201,396.0
2202,465.0
2203,2013.0
2204,675.0
2205,357.0
2206,
2207,2214.0
2208,1111.0
2209,1420.0
2210,852.0
2211,107.0
2212,
2213,800.0
2214,
2215,1591.0
2216,1234.0
2217,
2218,
2219,367.0
2220,791.0
2221,717.0
2222,466.0
2223,311.0
2224,
2225,1782.0
2226,
2227,
2228,383.0
2229,378.0
2230,806.0
2231,
2232,18.0
2233,62.0
2234,298.0
2235,465.0
2236,628.0
2237,520.0
2238,311.0
2239,449.0
2240,788.0
2241,
2242,837.0
2243,233.0
2244,628.0
2245,
2246,628.0
2247,337.0
2248,791.0
2249,
2250,
2251,907.0
2252,257.0
2253,1042.0
2254,628.0
2255,876.0
2256,
2257,398.0
2258,351.0
2259,841.0
2260,497.0
2261,
2262,765.0
2263,181.0
2264,2189.0
2265,
2266,1782.0
2267,791.0
2268,661.0
2269,238.0
2270,465.0
2271,354.0
2272,1459.0
2273,225.0
2274,326.0
2275,465.0
2276,240.0
2277,2525.0
2278,150.0
2279,298.0
2280,682.0
2281,
2282,1177.0
2283,
2284,285.0
2285,787.0
2286,312.0
2287,
2288,
2289,
2290,3536.0
2291,298.0
2292,290.0
2293,556.0
2294,1942.0
2295,738.0
2296,
2297,
2298,735.0
2299,813.0
2300,775.0
2301,945.0
2302,465.0
2303,796.0
2304,178.0
2305,272.0
2306,139.0
2307,501.0
2308,1278.0
2309,1042.0
2310,339.0
2311,272.0
2312,289.0
2313,566.0
2314,406.0
2315,791.0
2316,
2317,
2318,124.0
2319,396.0
2320,
2321,759.0
2322,396.0
2323,51.0
2324,
2325,77.0
2326,759.0
2327,341.0
2328,39.0
2329,251.0
2330,363.0
2331,
2332,1981.0
2333,341.0
2334,873.0
2335,
2336,
2337,651.0
2338,276.0
2339,339.0
2340,564.0
2341,564.0
2342,339.0
2343,1945.0
2344,
2345,717.0
2346,1853.0
2347,358.0
2348,357.0
2349,787.0
2350,
2351,781.0
2352,
2353,649.0
2354,837.0
2355,
2356,564.0
2357,
2358,470.0
2359,
2360,483.0
2361,272.0
2362,
2363,1177.0
2364,280.0
2365,
2366,717.0
2367,483.0
2368,290.0
2369,
2370,484.0
2371,
2372,
2373,285.0
2374,311.0
2375,396.0
2376,787.0
2377,
2378,469.0
2379,293.0
2380,1552.0
2381,15.0
2382,
2383,228.0
2384,150.0
2385,453.0
2386,
2387,548.0
2388,
2389,1215.0
2390,156.0
2391,1811.0
2392,150.0
2393,233.0
2394,
2395,53.0
2396,293.0
2397,1234.0
2398,
2399,96.0
2400,3212.0
2401,876.0
2402,785.0
2403,246.0
2404,939.0
2405,465.0
2406,127.0
2407,466.0
2408,450.0
2409,
2410,
2411,47.0
2412,292.0
2413,293.0
2414,
2415,372.0
2416,
2417,798.0
2418,1352.0
2419,775.0
2420,786.0
2421,357.0
2422,28.0
2423,
2424,227.0
2425,449.0
2426,280.0
2427,465.0
2428,
2429,285.0
2430,287.0
2431,675.0
2432,1046.0
2433,837.0
2434,
2435,
2436,1659.0
2437,351.0
2438,635.0
2439,
2440,
2441,102.0
2442,
2443,276.0
2444,
2445,791.0
2446,194.0
2447,1550.0
2448,805.0
2449,391.0
2450,272.0
2451,583.0
2452,3536.0
2453,217.0
2454,2525.0
2455,
2456,806.0
2457,742.0
2458,1420.0
2459,517.0
2460,186.0
2461,190.0
2462,453.0
2463,276.0
2464,355.0
2465,195.0
2466,436.0
2467,372.0
2468,484.0
2469,743.0
2470,
2471,285.0
2472,596.0
2473,670.0
2474,
2475,702.0
2476,1042.0
2477,592.0
2478,1604.0
2479,742.0
2480,132.0
2481,3305.0
2482,2525.0
2483,280.0
2484,373.0
2485,877.0
2486,
2487,572.0
2488,706.0
2489,895.0
2490,610.0
2491,911.0
2492,729.0
2493,564.0
2494,503.0
2495,450.0
2496,400.0
2497,
2498,351.0
2499,916.0
2500,
2501,142.0
2502,24.0
2503,142.0
2504,465.0
2505,15.0
2506,280.0
2507,293.0
2508,
2509,2513.0
2510,306.0
2511,742.0
2512,211.0
2513,14.0
2514,287.0
2515,
2516,132.0
2517,751.0
2518,293.0
2519,292.0
2520,1596.0
2521,150.0
2522,118.0
2523,
2524,216.0
2525,596.0
2526,272.0
2527,168.0
2528,1195.0
2529,173.0
2530,508.0
2531,534.0
2532,2525.0
2533,806.0
2534,9.0
2535,
2536,
2537,53.0
2538,846.0
2539,943.0
2540,504.0
2541,
2542,699.0
2543,48.0
2544,228.0
2545,729.0
2546,74.0
2547,1427.0
2548,79.0
2549,1195.0
2550,
2551,272.0
2552,429.0
2553,
2554,53.0
2555,790.0
2556,286.0
2557,294.0
2558,169.0
2559,
2560,
2561,64.0
2562,257.0
2563,1459.0
2564,311.0
2565,257.0
2566,45.0
2567,361.0
2568,294.0
2569,417.0
2570,351.0
2571,441.0
2572,837.0
2573,511.0
2574,192.0
2575,388.0
2576,186.0
2577,
2578,675.0
2579,408.0
2580,
2581,
2582,
2583,516.0
2584,
2585,497.0
2586,180.0
2587,28.0
2588,28.0
2589,
2590,1659.0
2591,791.0
2592,789.0
2593,1289.0
2594,791.0
2595,208.0
2596,341.0
2597,540.0
2598,2189.0
2599,877.0
2600,208.0
2601,407.0
2602,198.0
2603,3536.0
2604,368.0
2605,
2606,423.0
2607,99.0
2608,
2609,641.0
2610,
2611,877.0
2612,
2613,368.0
2614,2781.0
2615,575.0
2616,670.0
2617,
2618,572.0
2619,3536.0
2620,1782.0
2621,
2622,720.0
2623,482.0
2624,575.0
2625,1033.0
2626,
2627,748.0
2628,1042.0
2629,837.0
2630,716.0
2631,
2632,208.0
2633,276.0
2634,280.0
2635,783.0
2636,95.0
2637,729.0
2638,575.0
2639,796.0
2640,
2641,742.0
2642,729.0
2643,
2644,694.0
2645,791.0
2646,243.0
2647,
2648,208.0
2649,806.0
2650,1782.0
2651,
2652,445.0
2653,837.0
2654,311.0
2655,564.0
2656,333.0
2657,3536.0
2658,877.0
2659,838.0
2660,
2661,462.0
2662,969.0
2663,119.0
2664,277.0
2665,
2666,136.0
2667,
2668,556.0
2669,790.0
2670,
2671,276.0
2672,
2673,263.0
2674,564.0
2675,39.0
2676,80.0
2677,
2678,51.0
2679,263.0
2680,
2681,441.0
2682,
2683,1424.0
2684,785.0
2685,147.0
2686,795.0
2687,477.0
2688,90.0
2689,795.0
2690,
2691,472.0
2692,564.0
2693,468.0
2694,1289.0
2695,556.0
2696,197.0
2697,39.0
2698,355.0
2699,80.0
2700,
2701,272.0
2702,51.0
2703,341.0
2704,833.0
2705,149.0
2706,795.0
2707,
2708,743.0
2709,51.0
2710,784.0
2711,
2712,806.0
2713,264.0
2714,484.0
2715,272.0
2716,39.0
2717,176.0
2718,228.0
2719,90.0
2720,772.0
2721,83.0
2722,877.0
2723,196.0
2724,806.0
2725,51.0
2726,51.0
2727,
2728,176.0
2729,387.0
2730,149.0
2731,444.0
2732,877.0
2733,149.0
2734,780.0
2735,168.0
2736,432.0
2737,216.0
2738,
2739,416.0
2740,416.0
2741,784.0
2742,337.0
2743,511.0
2744,83.0
2745,57.0
2746,14.0
2747,877.0
2748,101.0
2749,790.0
2750,362.0
2751,221.0
2752,689.0
2753,168.0
2754,
2755,877.0
2756,1742.0
2757,784.0
2758,794.0
2759,784.0
2760,333.0
2761,35.0
2762,103.0
2763,
2764,162.0
2765,229.0
2766,176.0
2767,272.0
2768,168.0
2769,790.0
2770,14.0
2771,102.0
2772,
2773,270.0
2774,228.0
2775,48.0
2776,213.0
2777,
2778,779.0
2779,286.0
2780,877.0
2781,345.0
2782,
2783,362.0
2784,228.0
2785,444.0
2786,689.0
2787,331.0
2788,795.0
2789,168.0
2790,14.0
2791,229.0
2792,782.0
2793,278.0
2794,
2795,289.0
2796,786.0
2797,355.0
2798,14.0
2799,629.0
2800,228.0
2801,784.0
2802,228.0
2803,216.0
2804,576.0
2805,
2806,289.0
2807,368.0
2808,784.0
2809,234.0
2810,982.0
2811,288.0
2812,387.0
2813,176.0
2814,779.0
2815,186.0
2816,272.0
2817,1782.0
2818,
2819,102.0
2820,362.0
2821,795.0
2822,
2823,
2824,246.0
2825,778.0
2826,575.0
2827,39.0
2828,168.0
2829,
2830,139.0
2831,511.0
2832,102.0
2833,249.0
2834,1813.0
2835,575.0
2836,579.0
2837,235.0
2838,339.0
2839,647.0
2840,
2841,
2842,1691.0
2843,441.0
2844,564.0
2845,576.0
2846,240.0
2847,566.0
2848,3359.0
2849,772.0
2850,269.0
2851,194.0
2852,471.0
2853,
2854,1181.0
2855,402.0
2856,561.0
2857,
2858,897.0
2859,190.0
2860,556.0
2861,
2862,292.0
2863,435.0
2864,898.0
2865,1042.0
2866,146.0
2867,471.0
2868,262.0
2869,582.0
2870,28.0
2871,786.0
2872,
2873,
2874,225.0
2875,411.0
2876,
2877,823.0
2878,772.0
2879,402.0
2880,580.0
2881,1042.0
2882,142.0
2883,913.0
2884,
2885,266.0
2886,1604.0
2887,
2888,299.0
2889,976.0
2890,190.0
2891,279.0
2892,3986.0
2893,363.0
2894,266.0
2895,895.0
2896,311.0
2897,150.0
2898,
2899,1604.0
2900,656.0
2901,908.0
2902,
2903,284.0
2904,628.0
2905,429.0
2906,
2907,289.0
2908,669.0
2909,840.0
2910,453.0
2911,28.0
2912,351.0
2913,623.0
2914,266.0
2915,367.0
2916,702.0
2917,400.0
2918,845.0
2919,1363.0
2920,2462.0
2921,
2922,15.0
2923,389.0
2924,729.0
2925,873.0
2926,293.0
2927,
2928,299.0
2929,269.0
2930,173.0
2931,
2932,
2933,772.0
2934,387.0
2935,628.0
2936,764.0
2937,1042.0
2938,794.0
2939,
2940,790.0
2941,269.0
2942,158.0
2943,563.0
2944,573.0
2945,
2946,453.0
2947,171.0
2948,190.0
2949,269.0
2950,
2951,269.0
2952,93.0
2953,
2954,1732.0
2955,68.0
2956,
2957,669.0
2958,729.0
2959,290.0
2960,755.0
2961,786.0
2962,
2963,
2964,729.0
2965,780.0
2966,
2967,
2968,
2969,140.0
2970,
2971,822.0
2972,985.0
2973,1023.0
2974,228.0
2975,
2976,1782.0
2977,408.0
2978,
2979,49.0
2980,522.0
2981,269.0
2982,186.0
2983,563.0
2984,
2985,1782.0
2986,1782.0
2987,396.0
2988,
2989,3543.0
2990,
2991,701.0
2992,
2993,1782.0
2994,494.0
2995,
2996,817.0
2997,186.0
2998,566.0
2999,269.0
3000,257.0
3001,428.0
3002,234.0
3003,
3004,158.0
3005,345.0
3006,126.0
3007,
3008,837.0
3009,563.0
3010,717.0
3011,207.0
3012,1369.0
3013,465.0
3014,
3015,207.0
3016,767.0
3017,229.0
3018,566.0
3019,1062.0
3020,269.0
3021,298.0
3022,180.0
3023,680.0
3024,311.0
3025,
3026,180.0
3027,1732.0
3028,
3029,829.0
3030,580.0
3031,180.0
3032,1234.0
3033,717.0
3034,61.0
3035,792.0
3036,822.0
3037,396.0
3038,396.0
3039,675.0
3040,943.0
3041,
3042,
3043,86.0
3044,104.0
3045,795.0
3046,
3047,852.0
3048,
3049,471.0
3050,
3051,233.0
3052,191.0
3053,564.0
3054,1691.0
3055,943.0
3056,1666.0
3057,985.0
3058,298.0
3059,566.0
3060,501.0
3061,465.0
3062,1190.0
3063,3536.0
3064,311.0
3065,837.0
3066,453.0
3067,175.0
3068,339.0
3069,3536.0
3070,
3071,
3072,322.0
3073,772.0
3074,123.0
3075,
3076,689.0
3077,326.0
3078,2013.0
3079,2214.0
3080,635.0
3081,62.0
3082,
3083,444.0
3084,790.0
3085,729.0
3086,311.0
3087,355.0
3088,790.0
3089,2815.0
3090,1278.0
3091,396.0
3092,675.0
3093,1220.0
3094,
3095,729.0
3096,806.0
3097,293.0
3098,517.0
3099,
3100,837.0
3101,266.0
3102,1009.0
3103,786.0
3104,
3105,
3106,905.0
3107,731.0
3108,48.0
3109,
3110,
3111,731.0
3112,465.0
3113,285.0
3114,1942.0
3115,1782.0
3116,
3117,
3118,283.0
3119,
3120,
3121,221.0
3122,791.0
3123,
3124,246.0
3125,246.0
3126,292.0
3127,749.0
3128,272.0
3129,251.0
3130,355.0
3131,272.0
3132,49.0
3133,
3134,472.0
3135,
3136,1042.0
3137,471.0
3138,753.0
3139,107.0
3140,1782.0
3141,412.0
3142,1177.0
3143,743.0
3144,228.0
3145,363.0
3146,795.0
3147,396.0
3148,51.0
3149,
3150,361.0
3151,142.0
3152,229.0
3153,114.0
3154,651.0
3155,114.0
3156,
3157,
3158,1659.0
3159,564.0
3160,796.0
3161,352.0
3162,687.0
3163,1659.0
3164,593.0
3165,675.0
3166,1042.0
3167,2486.0
3168,663.0
3169,469.0
3170,408.0
3171,276.0
3172,51.0
3173,251.0
3174,
3175,
3176,120.0
3177,
3178,3536.0
3179,575.0
3180,
3181,588.0
3182,1278.0
3183,469.0
3184,
3185,1552.0
3186,792.0
3187,
3188,372.0
3189,169.0
3190,269.0
3191,
3192,
3193,675.0
3194,369.0
3195,814.0
3196,114.0
3197,
3198,297.0
3199,599.0
3200,313.0
3201,635.0
3202,
3203,
3204,54.0
3205,1177.0
3206,55.0
3207,
3208,748.0
3209,
3210,276.0
3211,411.0
3212,
3213,293.0
3214,
3215,127.0
3216,751.0
3217,285.0
3218,
3219,625.0
3220,1529.0
3221,261.0
3222,1177.0
3223,355.0
3224,1115.0
3225,3536.0
3226,1278.0
3227,
3228,1659.0
3229,13.0
3230,825.0
3231,
3232,564.0
3233,276.0
3234,781.0
3235,378.0
3236,194.0
3237,1782.0
3238,141.0
3239,228.0
3240,330.0
3241,368.0
3242,292.0
3243,243.0
3244,
3245,592.0
3246,
3247,563.0
3248,806.0
3249,279.0
3250,816.0
3251,742.0
3252,1172.0
3253,188.0
3254,34.0
3255,1961.0
3256,649.0
3257,743.0
3258,
3259,
3260,686.0
3261,278.0
3262,471.0
3263,1289.0
3264,368.0
3265,
3266,675.0
3267,895.0
3268,687.0
3269,62.0
3270,313.0
3271,895.0
3272,194.0
3273,150.0
3274,1115.0
3275,742.0
3276,49.0
3277,465.0
3278,
3279,149.0
3280,253.0
3281,2189.0
3282,602.0
3283,1141.0
3284,2607.0
3285,141.0
3286,837.0
3287,551.0
3288,
3289,
3290,286.0
3291,2012.0
3292,1429.0
3293,971.0
3294,196.0
3295,659.0
3296,
3297,293.0
3298,9.0
3299,1042.0
3300,228.0
3301,1220.0
3302,
3303,742.0
3304,837.0
3305,60.0
3306,253.0
3307,57.0
3308,355.0
3309,913.0
3310,351.0
3311,1355.0
3312,678.0
3313,852.0
3314,
3315,293.0
3316,846.0
3317,168.0
3318,
3319,1213.0
3320,806.0
3321,806.0
3322,877.0
3323,564.0
3324,361.0
3325,
3326,
3327,
3328,301.0
3329,1782.0
3330,150.0
3331,
3332,64.0
3333,228.0
3334,15.0
3335,2013.0
3336,2013.0
3337,272.0
3338,558.0
3339,226.0
