0,156.0
1,55.0
2,49.0
3,52.0
4,41.0
5,65.0
6,88.0
7,57.0
8,35.0
9,57.0
10,41.0
11,61.0
12,135.0
13,102.0
14,46.0
15,28.0
16,67.0
17,93.0
18,65.0
19,32.0
20,60.0
21,39.0
22,155.0
23,
24,7.0
25,56.0
26,63.0
27,50.0
28,119.0
29,156.0
30,111.0
31,88.0
32,32.0
33,39.0
34,42.0
35,24.0
36,35.0
37,81.0
38,55.0
39,
40,46.0
41,65.0
42,39.0
43,41.0
44,29.0
45,45.0
46,52.0
47,48.0
48,32.0
49,102.0
50,44.0
51,27.0
52,86.0
53,41.0
54,45.0
55,41.0
56,55.0
57,41.0
58,86.0
59,
60,47.0
61,142.0
62,39.0
63,
64,111.0
65,81.0
66,26.0
67,
68,30.0
69,65.0
70,157.0
71,107.0
72,28.0
73,58.0
74,10.0
75,53.0
76,32.0
77,116.0
78,102.0
79,119.0
80,19.0
81,35.0
82,28.0
83,44.0
84,
85,60.0
86,44.0
87,
88,44.0
89,55.0
90,45.0
91,54.0
92,44.0
93,56.0
94,70.0
95,43.0
96,68.0
97,45.0
98,63.0
99,38.0
100,55.0
101,46.0
102,55.0
103,
104,45.0
105,54.0
106,
107,9.0
108,28.0
109,44.0
110,28.0
111,48.0
112,50.0
113,48.0
114,23.0
115,28.0
116,
117,30.0
118,
119,111.0
120,41.0
121,4.0
122,65.0
123,65.0
124,34.0
125,48.0
126,51.0
127,4.0
128,48.0
129,75.0
130,41.0
131,51.0
132,60.0
133,48.0
134,131.0
135,43.0
136,119.0
137,35.0
138,82.0
139,28.0
140,48.0
141,45.0
142,73.0
143,44.0
144,
145,44.0
146,15.0
147,48.0
148,41.0
149,53.0
150,41.0
151,102.0
152,44.0
153,54.0
154,88.0
155,44.0
156,26.0
157,
158,53.0
159,
160,35.0
161,
162,28.0
163,41.0
164,43.0
165,
166,43.0
167,45.0
168,43.0
169,57.0
170,62.0
171,21.0
172,60.0
173,86.0
174,38.0
175,35.0
176,45.0
177,40.0
178,
179,
180,64.0
181,29.0
182,48.0
183,47.0
184,77.0
185,28.0
186,47.0
187,57.0
188,28.0
189,54.0
190,60.0
191,59.0
192,50.0
193,31.0
194,25.0
195,57.0
196,48.0
197,35.0
198,53.0
199,47.0
200,7.0
201,
202,65.0
203,57.0
204,55.0
205,73.0
206,67.0
207,
208,39.0
209,45.0
210,46.0
211,57.0
212,48.0
213,50.0
214,53.0
215,38.0
216,4.0
217,50.0
218,82.0
219,55.0
220,64.0
221,48.0
222,48.0
223,43.0
224,40.0
225,45.0
226,157.0
227,28.0
228,39.0
229,65.0
230,21.0
231,26.0
232,35.0
233,28.0
234,44.0
235,32.0
236,40.0
237,39.0
238,35.0
239,38.0
240,53.0
241,47.0
242,48.0
243,94.0
244,49.0
245,41.0
246,56.0
247,61.0
248,53.0
249,36.0
250,64.0
251,79.0
252,61.0
253,61.0
254,
255,44.0
256,49.0
257,41.0
258,47.0
259,35.0
260,41.0
261,40.0
262,28.0
263,60.0
264,
265,42.0
266,69.0
267,28.0
268,120.0
269,41.0
270,61.0
271,55.0
272,41.0
273,86.0
274,
275,46.0
276,34.0
277,41.0
278,47.0
279,44.0
280,40.0
281,97.0
282,55.0
283,42.0
284,41.0
285,48.0
286,109.0
287,51.0
288,39.0
289,54.0
290,82.0
291,46.0
292,35.0
293,72.0
294,46.0
295,81.0
296,35.0
297,44.0
298,42.0
299,55.0
300,
301,
302,82.0
303,86.0
304,46.0
305,60.0
306,131.0
307,44.0
308,60.0
309,48.0
310,82.0
311,
312,44.0
313,53.0
314,27.0
315,86.0
316,82.0
317,57.0
318,57.0
319,46.0
320,46.0
321,42.0
322,39.0
323,139.0
324,47.0
325,52.0
326,54.0
327,21.0
328,17.0
329,29.0
330,88.0
331,65.0
332,46.0
333,38.0
334,48.0
335,44.0
336,45.0
337,48.0
338,50.0
339,55.0
340,40.0
341,41.0
342,41.0
343,48.0
344,51.0
345,97.0
346,56.0
347,38.0
348,
349,55.0
350,32.0
351,38.0
352,81.0
353,48.0
354,28.0
355,48.0
356,77.0
357,34.0
358,48.0
359,72.0
360,43.0
361,57.0
362,132.0
363,53.0
364,54.0
365,117.0
366,77.0
367,
368,67.0
369,45.0
370,32.0
371,27.0
372,77.0
373,67.0
374,71.0
375,26.0
376,54.0
377,57.0
378,43.0
379,31.0
380,41.0
381,64.0
382,64.0
383,35.0
384,56.0
385,82.0
386,44.0
387,49.0
388,45.0
389,53.0
390,48.0
391,59.0
392,77.0
393,47.0
394,
395,44.0
396,38.0
397,48.0
398,48.0
399,49.0
400,45.0
401,
402,107.0
403,32.0
404,39.0
405,64.0
406,88.0
407,64.0
408,150.0
409,55.0
410,28.0
411,43.0
412,44.0
413,77.0
414,38.0
415,39.0
416,75.0
417,88.0
418,58.0
419,88.0
420,45.0
421,22.0
422,37.0
423,41.0
424,15.0
425,38.0
426,85.0
427,54.0
428,43.0
429,65.0
430,47.0
431,65.0
432,85.0
433,40.0
434,288.0
435,35.0
436,204.0
437,60.0
438,74.0
439,52.0
440,67.0
441,74.0
442,288.0
443,57.0
444,
445,21.0
446,67.0
447,58.0
448,135.0
449,135.0
450,98.0
451,98.0
452,54.0
453,45.0
454,38.0
455,42.0
456,46.0
457,86.0
458,39.0
459,94.0
460,38.0
461,44.0
462,35.0
463,169.0
464,41.0
465,61.0
466,48.0
467,89.0
468,47.0
469,41.0
470,66.0
471,51.0
472,49.0
473,51.0
474,
475,139.0
476,82.0
477,93.0
478,45.0
479,48.0
480,49.0
481,139.0
482,42.0
483,26.0
484,40.0
485,50.0
486,46.0
487,53.0
488,178.0
489,38.0
490,67.0
491,116.0
492,40.0
493,46.0
494,107.0
495,31.0
496,39.0
497,88.0
498,64.0
499,55.0
500,56.0
501,58.0
502,86.0
503,56.0
504,43.0
505,43.0
506,45.0
507,49.0
508,47.0
509,40.0
510,119.0
511,21.0
512,131.0
513,31.0
514,187.0
515,46.0
516,39.0
517,39.0
518,61.0
519,102.0
520,52.0
521,46.0
522,30.0
523,45.0
524,38.0
525,40.0
526,72.0
527,141.0
528,54.0
529,30.0
530,39.0
531,47.0
532,22.0
533,47.0
534,37.0
535,45.0
536,30.0
537,100.0
538,55.0
539,56.0
540,119.0
541,86.0
542,
543,47.0
544,
545,59.0
546,44.0
547,51.0
548,45.0
549,23.0
550,102.0
551,41.0
552,77.0
553,86.0
554,49.0
555,67.0
556,51.0
557,28.0
558,59.0
559,60.0
560,54.0
561,61.0
562,55.0
563,44.0
564,44.0
565,3.0
566,
567,38.0
568,44.0
569,80.0
570,48.0
571,111.0
572,51.0
573,60.0
574,56.0
575,77.0
576,88.0
577,55.0
578,51.0
579,64.0
580,34.0
581,56.0
582,48.0
583,73.0
584,45.0
585,55.0
586,28.0
587,86.0
588,104.0
589,28.0
590,28.0
591,40.0
592,102.0
593,93.0
594,57.0
595,28.0
596,46.0
597,60.0
598,37.0
599,75.0
600,103.0
601,41.0
602,65.0
603,49.0
604,90.0
605,
606,36.0
607,50.0
608,49.0
609,45.0
610,57.0
611,48.0
612,60.0
613,28.0
614,45.0
615,40.0
616,50.0
617,64.0
618,73.0
619,77.0
620,57.0
621,53.0
622,49.0
623,52.0
624,46.0
625,52.0
626,38.0
627,
628,49.0
629,41.0
630,102.0
631,102.0
632,28.0
633,11.0
634,60.0
635,55.0
636,51.0
637,49.0
638,102.0
639,102.0
640,32.0
641,42.0
642,87.0
643,59.0
644,58.0
645,60.0
646,56.0
647,57.0
648,45.0
649,21.0
650,28.0
651,45.0
652,3.0
653,43.0
654,72.0
655,55.0
656,60.0
657,53.0
658,49.0
659,46.0
660,59.0
661,61.0
662,38.0
663,53.0
664,21.0
665,48.0
666,40.0
667,47.0
668,40.0
669,45.0
670,49.0
671,45.0
672,52.0
673,61.0
674,71.0
675,60.0
676,
677,47.0
678,43.0
679,44.0
680,116.0
681,56.0
682,54.0
683,54.0
684,66.0
685,39.0
686,57.0
687,70.0
688,93.0
689,81.0
690,47.0
691,
692,48.0
693,15.0
694,48.0
695,131.0
696,3.0
697,123.0
698,53.0
699,
700,81.0
701,111.0
702,82.0
703,61.0
704,73.0
705,40.0
706,67.0
707,93.0
708,48.0
709,114.0
710,41.0
711,42.0
712,119.0
713,39.0
714,52.0
715,60.0
716,
717,59.0
718,51.0
719,135.0
720,37.0
721,90.0
722,
723,47.0
724,39.0
725,78.0
726,45.0
727,38.0
728,46.0
729,47.0
730,125.0
731,60.0
732,83.0
733,49.0
734,39.0
735,59.0
736,46.0
737,105.0
738,105.0
739,48.0
740,59.0
741,43.0
742,55.0
743,36.0
744,58.0
745,40.0
746,42.0
747,58.0
748,107.0
749,39.0
750,7.0
751,90.0
752,56.0
753,38.0
754,73.0
755,100.0
756,96.0
757,89.0
758,81.0
759,67.0
760,67.0
761,25.0
762,47.0
763,41.0
764,30.0
765,54.0
766,102.0
767,96.0
768,63.0
769,86.0
770,78.0
771,45.0
772,48.0
773,56.0
774,41.0
775,9.0
776,131.0
777,87.0
778,41.0
779,70.0
780,32.0
781,7.0
782,42.0
783,34.0
784,48.0
785,
786,44.0
787,57.0
788,57.0
789,
790,49.0
791,21.0
792,38.0
793,76.0
794,48.0
795,48.0
796,50.0
797,90.0
798,64.0
799,45.0
800,49.0
801,135.0
802,40.0
803,85.0
804,39.0
805,7.0
806,34.0
807,62.0
808,56.0
809,43.0
810,44.0
811,43.0
812,31.0
813,78.0
814,59.0
815,48.0
816,
817,
818,43.0
819,57.0
820,100.0
821,38.0
822,59.0
823,56.0
824,
825,72.0
826,48.0
827,85.0
828,17.0
829,
830,64.0
831,129.0
832,60.0
833,46.0
834,77.0
835,38.0
836,34.0
837,23.0
838,77.0
839,28.0
840,46.0
841,65.0
842,56.0
843,49.0
844,55.0
845,49.0
846,34.0
847,135.0
848,54.0
849,57.0
850,32.0
851,50.0
852,60.0
853,41.0
854,45.0
855,34.0
856,48.0
857,38.0
858,32.0
859,48.0
860,32.0
861,127.0
862,55.0
863,56.0
864,32.0
865,49.0
866,52.0
867,60.0
868,80.0
869,28.0
870,102.0
871,59.0
872,54.0
873,88.0
874,66.0
875,38.0
876,139.0
877,86.0
878,32.0
879,30.0
880,43.0
881,18.0
882,72.0
883,48.0
884,23.0
885,29.0
886,60.0
887,8.0
888,32.0
889,38.0
890,102.0
891,51.0
892,41.0
893,86.0
894,45.0
895,60.0
896,21.0
897,82.0
898,55.0
899,29.0
900,44.0
901,43.0
902,49.0
903,135.0
904,52.0
905,50.0
906,30.0
907,39.0
908,30.0
909,15.0
910,55.0
911,
912,59.0
913,88.0
914,57.0
915,91.0
916,86.0
917,107.0
918,10.0
919,35.0
920,28.0
921,63.0
922,102.0
923,10.0
924,21.0
925,
926,56.0
927,59.0
928,52.0
929,23.0
930,47.0
931,48.0
932,67.0
933,38.0
934,59.0
935,19.0
936,65.0
937,61.0
938,59.0
939,50.0
940,116.0
941,
942,60.0
943,47.0
944,21.0
945,82.0
946,86.0
947,25.0
948,45.0
949,82.0
950,48.0
951,45.0
952,73.0
953,43.0
954,64.0
955,44.0
956,46.0
957,46.0
958,60.0
959,42.0
960,
961,
962,
963,28.0
964,54.0
965,93.0
966,10.0
967,132.0
968,46.0
969,64.0
970,53.0
971,
972,45.0
973,102.0
974,28.0
975,75.0
976,58.0
977,46.0
978,49.0
979,50.0
980,48.0
981,32.0
982,61.0
983,41.0
984,188.0
985,75.0
986,43.0
987,34.0
988,54.0
989,48.0
990,45.0
991,4.0
992,74.0
993,86.0
994,39.0
995,32.0
996,56.0
997,53.0
998,56.0
999,28.0
1000,73.0
1001,47.0
1002,48.0
1003,49.0
1004,60.0
1005,34.0
1006,28.0
1007,44.0
1008,15.0
1009,73.0
1010,84.0
1011,77.0
1012,56.0
1013,58.0
1014,84.0
1015,39.0
1016,23.0
1017,38.0
1018,57.0
1019,86.0
1020,45.0
1021,
1022,107.0
1023,88.0
1024,41.0
1025,30.0
1026,44.0
1027,
1028,42.0
1029,176.0
1030,44.0
1031,44.0
1032,28.0
1033,
1034,44.0
1035,28.0
1036,48.0
1037,45.0
1038,41.0
1039,60.0
1040,64.0
1041,49.0
1042,165.0
1043,65.0
1044,44.0
1045,102.0
1046,28.0
1047,87.0
1048,19.0
1049,28.0
1050,64.0
1051,41.0
1052,64.0
1053,51.0
1054,57.0
1055,47.0
1056,47.0
1057,57.0
1058,39.0
1059,48.0
1060,48.0
1061,41.0
1062,52.0
1063,68.0
1064,36.0
1065,57.0
1066,54.0
1067,95.0
1068,41.0
1069,28.0
1070,121.0
1071,95.0
1072,67.0
1073,48.0
1074,113.0
1075,
1076,57.0
1077,55.0
1078,41.0
1079,58.0
1080,35.0
1081,88.0
1082,38.0
1083,31.0
1084,21.0
1085,65.0
1086,57.0
1087,
1088,91.0
1089,40.0
1090,53.0
1091,27.0
1092,31.0
1093,38.0
1094,49.0
1095,21.0
1096,71.0
1097,54.0
1098,28.0
1099,70.0
1100,73.0
1101,48.0
1102,28.0
1103,15.0
1104,47.0
1105,46.0
1106,41.0
1107,21.0
1108,134.0
1109,67.0
1110,39.0
1111,74.0
1112,28.0
1113,72.0
1114,94.0
1115,79.0
1116,26.0
1117,54.0
1118,23.0
1119,48.0
1120,26.0
1121,64.0
1122,135.0
1123,15.0
1124,28.0
1125,28.0
1126,64.0
1127,79.0
1128,90.0
1129,73.0
1130,15.0
1131,41.0
1132,49.0
1133,15.0
1134,57.0
1135,49.0
1136,90.0
1137,
1138,
1139,53.0
1140,54.0
1141,58.0
1142,35.0
1143,26.0
1144,120.0
1145,
1146,102.0
1147,44.0
1148,86.0
1149,28.0
1150,34.0
1151,3.0
1152,61.0
1153,58.0
1154,43.0
1155,42.0
1156,55.0
1157,102.0
1158,93.0
1159,
1160,45.0
1161,100.0
1162,
1163,26.0
1164,72.0
1165,44.0
1166,41.0
1167,39.0
1168,67.0
1169,47.0
1170,41.0
1171,59.0
1172,57.0
1173,42.0
1174,
1175,39.0
1176,82.0
1177,42.0
1178,59.0
1179,82.0
1180,77.0
1181,57.0
1182,45.0
1183,32.0
1184,81.0
1185,26.0
1186,
1187,89.0
1188,52.0
1189,51.0
1190,39.0
1191,42.0
1192,39.0
1193,40.0
1194,77.0
1195,40.0
1196,53.0
1197,
1198,36.0
1199,48.0
1200,52.0
1201,55.0
1202,42.0
1203,65.0
1204,39.0
1205,53.0
1206,36.0
1207,163.0
1208,41.0
1209,65.0
1210,44.0
1211,52.0
1212,61.0
1213,37.0
1214,42.0
1215,40.0
1216,60.0
1217,73.0
1218,46.0
1219,82.0
1220,44.0
1221,102.0
1222,46.0
1223,22.0
1224,54.0
1225,39.0
1226,46.0
1227,87.0
1228,19.0
1229,
1230,135.0
1231,49.0
1232,46.0
1233,46.0
1234,39.0
1235,102.0
1236,38.0
1237,81.0
1238,32.0
1239,45.0
1240,
1241,38.0
1242,48.0
1243,102.0
1244,55.0
1245,40.0
1246,64.0
1247,48.0
1248,60.0
1249,35.0
1250,35.0
1251,55.0
1252,
1253,83.0
1254,40.0
1255,
1256,54.0
1257,38.0
1258,55.0
1259,65.0
1260,35.0
1261,64.0
1262,67.0
1263,45.0
1264,57.0
1265,40.0
1266,44.0
1267,
1268,22.0
1269,53.0
1270,30.0
1271,59.0
1272,85.0
1273,31.0
1274,58.0
1275,65.0
1276,64.0
1277,
1278,44.0
1279,46.0
1280,52.0
1281,38.0
1282,54.0
1283,48.0
1284,97.0
1285,74.0
1286,40.0
1287,38.0
1288,45.0
1289,44.0
1290,82.0
1291,85.0
1292,26.0
1293,
1294,43.0
1295,54.0
1296,97.0
1297,118.0
1298,56.0
1299,60.0
1300,54.0
1301,135.0
1302,47.0
1303,34.0
1304,
1305,116.0
1306,42.0
1307,67.0
1308,43.0
1309,116.0
1310,135.0
1311,158.0
1312,90.0
1313,135.0
1314,60.0
1315,55.0
1316,135.0
1317,38.0
1318,194.0
1319,52.0
1320,135.0
1321,54.0
1322,59.0
1323,58.0
1324,98.0
1325,54.0
1326,66.0
1327,28.0
1328,77.0
1329,61.0
1330,139.0
1331,47.0
1332,38.0
1333,46.0
1334,68.0
1335,52.0
1336,86.0
1337,35.0
1338,103.0
1339,24.0
1340,55.0
1341,86.0
1342,41.0
1343,65.0
1344,41.0
1345,57.0
1346,86.0
1347,56.0
1348,29.0
1349,59.0
1350,55.0
1351,43.0
1352,338.0
1353,102.0
1354,27.0
1355,28.0
1356,116.0
1357,60.0
1358,86.0
1359,54.0
1360,
1361,93.0
1362,38.0
1363,
1364,44.0
1365,96.0
1366,86.0
1367,50.0
1368,60.0
1369,43.0
1370,48.0
1371,60.0
1372,44.0
1373,27.0
1374,67.0
1375,116.0
1376,60.0
1377,60.0
1378,64.0
1379,165.0
1380,107.0
1381,29.0
1382,55.0
1383,37.0
1384,37.0
1385,10.0
1386,54.0
1387,53.0
1388,43.0
1389,86.0
1390,43.0
1391,
1392,86.0
1393,82.0
1394,58.0
1395,40.0
1396,34.0
1397,38.0
1398,34.0
1399,93.0
1400,38.0
1401,57.0
1402,40.0
1403,55.0
1404,60.0
1405,44.0
1406,88.0
1407,45.0
1408,97.0
1409,86.0
1410,54.0
1411,80.0
1412,21.0
1413,48.0
1414,56.0
1415,63.0
1416,19.0
1417,60.0
1418,100.0
1419,55.0
1420,23.0
1421,42.0
1422,34.0
1423,44.0
1424,19.0
1425,32.0
1426,51.0
1427,
1428,23.0
1429,77.0
1430,53.0
1431,43.0
1432,60.0
1433,41.0
1434,53.0
1435,93.0
1436,88.0
1437,40.0
1438,86.0
1439,55.0
1440,59.0
1441,38.0
1442,86.0
1443,55.0
1444,131.0
1445,54.0
1446,42.0
1447,56.0
1448,48.0
1449,51.0
1450,60.0
1451,56.0
1452,30.0
1453,73.0
1454,30.0
1455,38.0
1456,49.0
1457,42.0
1458,60.0
1459,
1460,60.0
1461,49.0
1462,49.0
1463,40.0
1464,40.0
1465,28.0
1466,28.0
1467,17.0
1468,
1469,3.0
1470,44.0
1471,49.0
1472,23.0
1473,
1474,51.0
1475,19.0
1476,23.0
1477,56.0
1478,65.0
1479,45.0
1480,40.0
1481,63.0
1482,60.0
1483,44.0
1484,
1485,51.0
1486,82.0
1487,61.0
1488,67.0
1489,77.0
1490,59.0
1491,60.0
1492,60.0
1493,51.0
1494,52.0
1495,82.0
1496,27.0
1497,60.0
1498,49.0
1499,100.0
1500,46.0
1501,55.0
1502,46.0
1503,38.0
1504,51.0
1505,45.0
1506,102.0
1507,49.0
1508,38.0
1509,47.0
1510,60.0
1511,55.0
1512,11.0
1513,48.0
1514,11.0
1515,61.0
1516,72.0
1517,30.0
1518,47.0
1519,34.0
1520,32.0
1521,60.0
1522,49.0
1523,28.0
1524,55.0
1525,59.0
1526,88.0
1527,56.0
1528,88.0
1529,4.0
1530,21.0
1531,47.0
1532,17.0
1533,56.0
1534,56.0
1535,38.0
1536,65.0
1537,59.0
1538,30.0
1539,58.0
1540,41.0
1541,26.0
1542,44.0
1543,64.0
1544,55.0
1545,60.0
1546,45.0
1547,45.0
1548,30.0
1549,
1550,59.0
1551,48.0
1552,100.0
1553,48.0
1554,102.0
1555,
1556,116.0
1557,46.0
1558,46.0
1559,59.0
1560,44.0
1561,45.0
1562,86.0
1563,57.0
1564,93.0
1565,81.0
1566,48.0
1567,100.0
1568,20.0
1569,57.0
1570,43.0
1571,40.0
1572,72.0
1573,57.0
1574,82.0
1575,57.0
1576,4.0
1577,155.0
1578,26.0
1579,135.0
1580,39.0
1581,45.0
1582,44.0
1583,53.0
1584,45.0
1585,
1586,119.0
1587,
1588,37.0
1589,30.0
1590,86.0
1591,41.0
1592,135.0
1593,105.0
1594,57.0
1595,46.0
1596,49.0
1597,47.0
1598,75.0
1599,39.0
1600,
1601,78.0
1602,28.0
1603,34.0
1604,49.0
1605,9.0
1606,51.0
1607,
1608,28.0
1609,42.0
1610,59.0
1611,60.0
1612,53.0
1613,49.0
1614,40.0
1615,61.0
1616,
1617,
1618,
1619,48.0
1620,65.0
1621,132.0
1622,38.0
1623,38.0
1624,55.0
1625,
1626,56.0
1627,73.0
1628,100.0
1629,43.0
1630,15.0
1631,41.0
1632,41.0
1633,44.0
1634,50.0
1635,42.0
1636,56.0
1637,31.0
1638,49.0
1639,86.0
1640,60.0
1641,48.0
1642,
1643,64.0
1644,30.0
1645,53.0
1646,79.0
1647,131.0
1648,48.0
1649,82.0
1650,96.0
1651,40.0
1652,107.0
1653,60.0
1654,87.0
1655,45.0
1656,56.0
1657,24.0
1658,23.0
1659,86.0
1660,47.0
1661,106.0
1662,36.0
1663,61.0
1664,67.0
1665,
1666,15.0
1667,35.0
1668,86.0
1669,65.0
1670,45.0
1671,
1672,62.0
1673,48.0
1674,44.0
1675,178.0
1676,47.0
1677,54.0
1678,54.0
1679,38.0
1680,77.0
1681,39.0
1682,48.0
1683,135.0
1684,30.0
1685,43.0
1686,37.0
1687,48.0
1688,34.0
1689,100.0
1690,47.0
1691,
1692,44.0
1693,27.0
1694,51.0
1695,38.0
1696,48.0
1697,62.0
1698,77.0
1699,77.0
1700,32.0
1701,43.0
1702,10.0
1703,65.0
1704,50.0
1705,43.0
1706,45.0
1707,45.0
1708,25.0
1709,78.0
1710,105.0
1711,
1712,46.0
1713,36.0
1714,21.0
1715,
1716,44.0
1717,54.0
1718,
1719,93.0
1720,52.0
1721,
1722,135.0
1723,51.0
1724,48.0
1725,35.0
1726,
1727,64.0
1728,39.0
1729,45.0
1730,41.0
1731,47.0
1732,30.0
1733,121.0
1734,58.0
1735,86.0
1736,131.0
1737,38.0
1738,34.0
1739,43.0
1740,43.0
1741,93.0
1742,38.0
1743,46.0
1744,43.0
1745,34.0
1746,15.0
1747,23.0
1748,56.0
1749,45.0
1750,119.0
1751,41.0
1752,56.0
1753,60.0
1754,15.0
1755,46.0
1756,86.0
1757,39.0
1758,52.0
1759,55.0
1760,51.0
1761,48.0
1762,9.0
1763,37.0
1764,65.0
1765,40.0
1766,30.0
1767,102.0
1768,44.0
1769,
1770,59.0
1771,52.0
1772,30.0
1773,30.0
1774,32.0
1775,47.0
1776,28.0
1777,28.0
1778,57.0
1779,39.0
1780,38.0
1781,
1782,
1783,56.0
1784,132.0
1785,43.0
1786,82.0
1787,87.0
1788,89.0
1789,135.0
1790,56.0
1791,10.0
1792,32.0
1793,65.0
1794,135.0
1795,69.0
1796,47.0
1797,107.0
1798,81.0
1799,10.0
1800,45.0
1801,138.0
1802,65.0
1803,54.0
1804,47.0
1805,28.0
1806,102.0
1807,31.0
1808,
1809,113.0
1810,46.0
1811,55.0
1812,19.0
1813,
1814,59.0
1815,58.0
1816,82.0
1817,32.0
1818,43.0
1819,60.0
1820,41.0
1821,10.0
1822,30.0
1823,32.0
1824,48.0
1825,46.0
1826,54.0
1827,
1828,28.0
1829,28.0
1830,50.0
1831,54.0
1832,52.0
1833,97.0
1834,132.0
1835,55.0
1836,53.0
1837,86.0
1838,157.0
1839,58.0
1840,48.0
1841,27.0
1842,
1843,49.0
1844,61.0
1845,48.0
1846,49.0
1847,61.0
1848,32.0
1849,15.0
1850,44.0
1851,102.0
1852,4.0
1853,40.0
1854,19.0
1855,53.0
1856,61.0
1857,41.0
1858,91.0
1859,56.0
1860,188.0
1861,58.0
1862,41.0
1863,73.0
1864,60.0
1865,
1866,43.0
1867,
1868,63.0
1869,57.0
1870,93.0
1871,65.0
1872,82.0
1873,41.0
1874,65.0
1875,25.0
1876,10.0
1877,51.0
1878,41.0
1879,15.0
1880,43.0
1881,43.0
1882,86.0
1883,28.0
1884,86.0
1885,44.0
1886,41.0
1887,46.0
1888,29.0
1889,34.0
1890,21.0
1891,32.0
1892,30.0
1893,121.0
1894,47.0
1895,32.0
1896,86.0
1897,79.0
1898,56.0
1899,21.0
1900,47.0
1901,50.0
1902,41.0
1903,60.0
1904,64.0
1905,
1906,45.0
1907,52.0
1908,34.0
1909,87.0
1910,
1911,96.0
1912,46.0
1913,65.0
1914,34.0
1915,49.0
1916,57.0
1917,169.0
1918,
1919,44.0
1920,29.0
1921,48.0
1922,57.0
1923,77.0
1924,54.0
1925,121.0
1926,31.0
1927,44.0
1928,57.0
1929,28.0
1930,54.0
1931,55.0
1932,64.0
1933,95.0
1934,57.0
1935,116.0
1936,43.0
1937,40.0
1938,50.0
1939,105.0
1940,50.0
1941,27.0
1942,38.0
1943,49.0
1944,68.0
1945,76.0
1946,46.0
1947,43.0
1948,70.0
1949,54.0
1950,50.0
1951,73.0
1952,87.0
1953,41.0
1954,48.0
1955,79.0
1956,50.0
1957,70.0
1958,47.0
1959,60.0
1960,54.0
1961,49.0
1962,157.0
1963,48.0
1964,47.0
1965,28.0
1966,73.0
1967,43.0
1968,41.0
1969,46.0
1970,73.0
1971,30.0
1972,15.0
1973,56.0
1974,64.0
1975,73.0
1976,28.0
1977,26.0
1978,93.0
1979,68.0
1980,73.0
1981,56.0
1982,45.0
1983,44.0
1984,50.0
1985,49.0
1986,63.0
1987,47.0
1988,116.0
1989,53.0
1990,28.0
1991,64.0
1992,77.0
1993,26.0
1994,3.0
1995,157.0
1996,64.0
1997,
1998,
1999,
2000,120.0
2001,85.0
2002,41.0
2003,
2004,87.0
2005,54.0
2006,12.0
2007,58.0
2008,55.0
2009,40.0
2010,
2011,60.0
2012,49.0
2013,72.0
2014,55.0
2015,44.0
2016,39.0
2017,44.0
2018,45.0
2019,82.0
2020,87.0
2021,54.0
2022,60.0
2023,41.0
2024,38.0
2025,60.0
2026,35.0
2027,107.0
2028,43.0
2029,48.0
2030,
2031,30.0
2032,4.0
2033,131.0
2034,26.0
2035,40.0
2036,40.0
2037,44.0
2038,4.0
2039,47.0
2040,55.0
2041,59.0
2042,48.0
2043,44.0
2044,45.0
2045,52.0
2046,48.0
2047,56.0
2048,64.0
2049,38.0
2050,55.0
2051,67.0
2052,42.0
2053,163.0
2054,
2055,51.0
2056,
2057,55.0
2058,119.0
2059,34.0
2060,40.0
2061,59.0
2062,89.0
2063,93.0
2064,39.0
2065,17.0
2066,39.0
2067,38.0
2068,53.0
2069,41.0
2070,52.0
2071,53.0
2072,40.0
2073,44.0
2074,72.0
2075,46.0
2076,48.0
2077,58.0
2078,53.0
2079,53.0
2080,47.0
2081,64.0
2082,7.0
2083,
2084,131.0
2085,4.0
2086,88.0
2087,64.0
2088,48.0
2089,67.0
2090,44.0
2091,48.0
2092,76.0
2093,38.0
2094,23.0
2095,56.0
2096,151.0
2097,43.0
2098,38.0
2099,45.0
2100,40.0
2101,116.0
2102,38.0
2103,17.0
2104,48.0
2105,91.0
2106,53.0
2107,35.0
2108,47.0
2109,56.0
2110,34.0
2111,76.0
2112,49.0
2113,155.0
2114,
2115,77.0
2116,40.0
2117,55.0
2118,48.0
2119,47.0
2120,21.0
2121,71.0
2122,56.0
2123,
2124,87.0
2125,22.0
2126,48.0
2127,
2128,64.0
2129,37.0
2130,49.0
2131,49.0
2132,55.0
2133,65.0
2134,
2135,64.0
2136,
2137,48.0
2138,
2139,56.0
2140,47.0
2141,32.0
2142,
2143,47.0
2144,32.0
2145,36.0
2146,43.0
2147,73.0
2148,64.0
2149,
2150,38.0
2151,61.0
2152,39.0
2153,43.0
2154,135.0
2155,37.0
2156,55.0
2157,65.0
2158,86.0
2159,85.0
2160,135.0
2161,38.0
2162,293.0
2163,64.0
2164,58.0
2165,54.0
2166,40.0
2167,135.0
2168,60.0
2169,28.0
2170,135.0
2171,60.0
2172,63.0
2173,63.0
2174,135.0
2175,65.0
2176,88.0
2177,98.0
2178,55.0
2179,62.0
2180,45.0
2181,49.0
2182,4.0
2183,188.0
2184,48.0
2185,60.0
2186,47.0
2187,64.0
2188,44.0
2189,34.0
2190,48.0
2191,55.0
2192,46.0
2193,88.0
2194,94.0
2195,42.0
2196,57.0
2197,86.0
2198,59.0
2199,76.0
2200,63.0
2201,60.0
2202,86.0
2203,73.0
2204,43.0
2205,60.0
2206,
2207,48.0
2208,73.0
2209,47.0
2210,43.0
2211,45.0
2212,73.0
2213,44.0
2214,52.0
2215,99.0
2216,116.0
2217,45.0
2218,47.0
2219,64.0
2220,48.0
2221,59.0
2222,56.0
2223,57.0
2224,45.0
2225,135.0
2226,50.0
2227,42.0
2228,61.0
2229,57.0
2230,32.0
2231,151.0
2232,57.0
2233,51.0
2234,55.0
2235,86.0
2236,34.0
2237,59.0
2238,57.0
2239,73.0
2240,74.0
2241,13.0
2242,55.0
2243,39.0
2244,34.0
2245,49.0
2246,34.0
2247,57.0
2248,58.0
2249,53.0
2250,30.0
2251,72.0
2252,45.0
2253,
2254,34.0
2255,42.0
2256,54.0
2257,105.0
2258,43.0
2259,51.0
2260,43.0
2261,40.0
2262,75.0
2263,19.0
2264,46.0
2265,45.0
2266,135.0
2267,48.0
2268,41.0
2269,46.0
2270,86.0
2271,49.0
2272,47.0
2273,76.0
2274,31.0
2275,86.0
2276,102.0
2277,131.0
2278,48.0
2279,55.0
2280,51.0
2281,42.0
2282,49.0
2283,37.0
2284,53.0
2285,55.0
2286,46.0
2287,51.0
2288,26.0
2289,58.0
2290,39.0
2291,55.0
2292,44.0
2293,41.0
2294,46.0
2295,88.0
2296,51.0
2297,25.0
2298,77.0
2299,48.0
2300,56.0
2301,55.0
2302,86.0
2303,47.0
2304,56.0
2305,28.0
2306,93.0
2307,17.0
2308,72.0
2309,
2310,49.0
2311,28.0
2312,23.0
2313,54.0
2314,51.0
2315,36.0
2316,
2317,52.0
2318,58.0
2319,60.0
2320,23.0
2321,75.0
2322,60.0
2323,44.0
2324,50.0
2325,57.0
2326,75.0
2327,73.0
2328,50.0
2329,86.0
2330,53.0
2331,10.0
2332,38.0
2333,73.0
2334,41.0
2335,51.0
2336,10.0
2337,46.0
2338,65.0
2339,49.0
2340,102.0
2341,102.0
2342,49.0
2343,58.0
2344,88.0
2345,59.0
2346,48.0
2347,26.0
2348,60.0
2349,93.0
2350,64.0
2351,44.0
2352,58.0
2353,28.0
2354,55.0
2355,54.0
2356,102.0
2357,108.0
2358,51.0
2359,44.0
2360,73.0
2361,28.0
2362,
2363,49.0
2364,21.0
2365,50.0
2366,59.0
2367,48.0
2368,108.0
2369,52.0
2370,45.0
2371,88.0
2372,22.0
2373,107.0
2374,57.0
2375,60.0
2376,55.0
2377,50.0
2378,70.0
2379,47.0
2380,77.0
2381,78.0
2382,77.0
2383,30.0
2384,48.0
2385,48.0
2386,58.0
2387,40.0
2388,44.0
2389,67.0
2390,47.0
2391,64.0
2392,52.0
2393,39.0
2394,68.0
2395,5.0
2396,57.0
2397,116.0
2398,44.0
2399,103.0
2400,140.0
2401,42.0
2402,55.0
2403,81.0
2404,31.0
2405,86.0
2406,57.0
2407,44.0
2408,9.0
2409,96.0
2410,
2411,44.0
2412,46.0
2413,57.0
2414,52.0
2415,64.0
2416,
2417,44.0
2418,63.0
2419,56.0
2420,74.0
2421,60.0
2422,32.0
2423,45.0
2424,25.0
2425,61.0
2426,21.0
2427,86.0
2428,
2429,53.0
2430,92.0
2431,43.0
2432,3.0
2433,55.0
2434,42.0
2435,55.0
2436,119.0
2437,53.0
2438,100.0
2439,
2440,15.0
2441,67.0
2442,40.0
2443,65.0
2444,57.0
2445,48.0
2446,
2447,38.0
2448,52.0
2449,46.0
2450,28.0
2451,40.0
2452,39.0
2453,47.0
2454,131.0
2455,53.0
2456,32.0
2457,82.0
2458,47.0
2459,66.0
2460,59.0
2461,60.0
2462,48.0
2463,65.0
2464,88.0
2465,16.0
2466,132.0
2467,47.0
2468,45.0
2469,40.0
2470,40.0
2471,53.0
2472,90.0
2473,93.0
2474,53.0
2475,51.0
2476,
2477,48.0
2478,67.0
2479,82.0
2480,49.0
2481,45.0
2482,131.0
2483,39.0
2484,77.0
2485,41.0
2486,42.0
2487,61.0
2488,43.0
2489,47.0
2490,53.0
2491,31.0
2492,38.0
2493,102.0
2494,40.0
2495,91.0
2496,107.0
2497,63.0
2498,43.0
2499,86.0
2500,75.0
2501,45.0
2502,56.0
2503,45.0
2504,86.0
2505,78.0
2506,89.0
2507,50.0
2508,40.0
2509,28.0
2510,45.0
2511,82.0
2512,51.0
2513,45.0
2514,38.0
2515,
2516,49.0
2517,83.0
2518,47.0
2519,60.0
2520,40.0
2521,48.0
2522,48.0
2523,54.0
2524,64.0
2525,90.0
2526,28.0
2527,56.0
2528,90.0
2529,42.0
2530,61.0
2531,34.0
2532,131.0
2533,32.0
2534,56.0
2535,46.0
2536,39.0
2537,60.0
2538,125.0
2539,64.0
2540,38.0
2541,17.0
2542,66.0
2543,61.0
2544,30.0
2545,38.0
2546,28.0
2547,25.0
2548,57.0
2549,90.0
2550,46.0
2551,28.0
2552,44.0
2553,67.0
2554,100.0
2555,59.0
2556,97.0
2557,46.0
2558,48.0
2559,35.0
2560,64.0
2561,41.0
2562,45.0
2563,47.0
2564,57.0
2565,45.0
2566,45.0
2567,45.0
2568,46.0
2569,46.0
2570,53.0
2571,77.0
2572,55.0
2573,79.0
2574,57.0
2575,86.0
2576,59.0
2577,49.0
2578,43.0
2579,44.0
2580,21.0
2581,42.0
2582,30.0
2583,67.0
2584,40.0
2585,38.0
2586,58.0
2587,32.0
2588,32.0
2589,54.0
2590,119.0
2591,56.0
2592,127.0
2593,77.0
2594,49.0
2595,59.0
2596,73.0
2597,40.0
2598,46.0
2599,41.0
2600,59.0
2601,72.0
2602,172.0
2603,39.0
2604,9.0
2605,45.0
2606,57.0
2607,45.0
2608,155.0
2609,56.0
2610,55.0
2611,41.0
2612,139.0
2613,9.0
2614,35.0
2615,64.0
2616,93.0
2617,21.0
2618,87.0
2619,39.0
2620,135.0
2621,34.0
2622,27.0
2623,41.0
2624,116.0
2625,95.0
2626,10.0
2627,49.0
2628,
2629,55.0
2630,64.0
2631,40.0
2632,59.0
2633,65.0
2634,89.0
2635,52.0
2636,44.0
2637,38.0
2638,116.0
2639,93.0
2640,38.0
2641,82.0
2642,38.0
2643,19.0
2644,50.0
2645,36.0
2646,58.0
2647,60.0
2648,59.0
2649,32.0
2650,135.0
2651,15.0
2652,82.0
2653,66.0
2654,57.0
2655,102.0
2656,44.0
2657,39.0
2658,41.0
2659,38.0
2660,54.0
2661,55.0
2662,81.0
2663,26.0
2664,20.0
2665,37.0
2666,40.0
2667,88.0
2668,49.0
2669,39.0
2670,93.0
2671,28.0
2672,
2673,77.0
2674,102.0
2675,49.0
2676,64.0
2677,25.0
2678,44.0
2679,77.0
2680,45.0
2681,48.0
2682,60.0
2683,55.0
2684,35.0
2685,75.0
2686,64.0
2687,34.0
2688,55.0
2689,40.0
2690,
2691,92.0
2692,102.0
2693,
2694,77.0
2695,60.0
2696,54.0
2697,49.0
2698,56.0
2699,64.0
2700,45.0
2701,28.0
2702,44.0
2703,73.0
2704,60.0
2705,63.0
2706,64.0
2707,50.0
2708,45.0
2709,44.0
2710,86.0
2711,40.0
2712,32.0
2713,88.0
2714,45.0
2715,28.0
2716,49.0
2717,68.0
2718,30.0
2719,48.0
2720,23.0
2721,45.0
2722,41.0
2723,48.0
2724,32.0
2725,44.0
2726,44.0
2727,66.0
2728,68.0
2729,6.0
2730,77.0
2731,44.0
2732,41.0
2733,33.0
2734,50.0
2735,44.0
2736,53.0
2737,49.0
2738,108.0
2739,3.0
2740,3.0
2741,60.0
2742,36.0
2743,79.0
2744,26.0
2745,54.0
2746,
2747,41.0
2748,67.0
2749,44.0
2750,29.0
2751,34.0
2752,38.0
2753,95.0
2754,42.0
2755,41.0
2756,46.0
2757,60.0
2758,86.0
2759,60.0
2760,37.0
2761,21.0
2762,57.0
2763,169.0
2764,48.0
2765,39.0
2766,68.0
2767,28.0
2768,95.0
2769,56.0
2770,59.0
2771,45.0
2772,10.0
2773,31.0
2774,50.0
2775,61.0
2776,47.0
2777,34.0
2778,47.0
2779,53.0
2780,41.0
2781,67.0
2782,27.0
2783,29.0
2784,30.0
2785,44.0
2786,38.0
2787,35.0
2788,40.0
2789,95.0
2790,
2791,39.0
2792,27.0
2793,54.0
2794,54.0
2795,46.0
2796,57.0
2797,56.0
2798,
2799,58.0
2800,50.0
2801,60.0
2802,50.0
2803,43.0
2804,87.0
2805,22.0
2806,46.0
2807,52.0
2808,60.0
2809,77.0
2810,45.0
2811,134.0
2812,188.0
2813,49.0
2814,47.0
2815,72.0
2816,28.0
2817,135.0
2818,54.0
2819,45.0
2820,29.0
2821,64.0
2822,46.0
2823,
2824,93.0
2825,21.0
2826,116.0
2827,50.0
2828,95.0
2829,51.0
2830,93.0
2831,79.0
2832,45.0
2833,44.0
2834,160.0
2835,116.0
2836,59.0
2837,26.0
2838,49.0
2839,41.0
2840,64.0
2841,52.0
2842,88.0
2843,48.0
2844,102.0
2845,87.0
2846,12.0
2847,54.0
2848,113.0
2849,55.0
2850,44.0
2851,64.0
2852,82.0
2853,53.0
2854,51.0
2855,44.0
2856,28.0
2857,100.0
2858,49.0
2859,60.0
2860,41.0
2861,45.0
2862,40.0
2863,77.0
2864,70.0
2865,
2866,34.0
2867,82.0
2868,97.0
2869,76.0
2870,32.0
2871,36.0
2872,46.0
2873,90.0
2874,65.0
2875,17.0
2876,73.0
2877,66.0
2878,55.0
2879,76.0
2880,58.0
2881,
2882,28.0
2883,47.0
2884,21.0
2885,40.0
2886,67.0
2887,41.0
2888,44.0
2889,60.0
2890,32.0
2891,57.0
2892,139.0
2893,53.0
2894,40.0
2895,47.0
2896,57.0
2897,48.0
2898,40.0
2899,67.0
2900,45.0
2901,41.0
2902,26.0
2903,51.0
2904,34.0
2905,44.0
2906,72.0
2907,43.0
2908,45.0
2909,97.0
2910,44.0
2911,32.0
2912,53.0
2913,52.0
2914,40.0
2915,64.0
2916,51.0
2917,107.0
2918,31.0
2919,49.0
2920,34.0
2921,109.0
2922,78.0
2923,60.0
2924,38.0
2925,22.0
2926,41.0
2927,41.0
2928,44.0
2929,44.0
2930,
2931,
2932,46.0
2933,55.0
2934,45.0
2935,34.0
2936,31.0
2937,
2938,87.0
2939,58.0
2940,52.0
2941,44.0
2942,62.0
2943,45.0
2944,34.0
2945,
2946,48.0
2947,49.0
2948,60.0
2949,44.0
2950,49.0
2951,44.0
2952,76.0
2953,67.0
2954,93.0
2955,57.0
2956,74.0
2957,45.0
2958,38.0
2959,44.0
2960,24.0
2961,74.0
2962,74.0
2963,54.0
2964,38.0
2965,58.0
2966,67.0
2967,38.0
2968,74.0
2969,40.0
2970,74.0
2971,54.0
2972,105.0
2973,35.0
2974,30.0
2975,37.0
2976,135.0
2977,79.0
2978,35.0
2979,47.0
2980,38.0
2981,44.0
2982,59.0
2983,45.0
2984,67.0
2985,135.0
2986,135.0
2987,60.0
2988,141.0
2989,98.0
2990,28.0
2991,42.0
2992,54.0
2993,135.0
2994,45.0
2995,47.0
2996,35.0
2997,4.0
2998,48.0
2999,44.0
3000,45.0
3001,49.0
3002,45.0
3003,40.0
3004,62.0
3005,24.0
3006,90.0
3007,71.0
3008,55.0
3009,55.0
3010,94.0
3011,22.0
3012,40.0
3013,86.0
3014,81.0
3015,22.0
3016,48.0
3017,41.0
3018,48.0
3019,46.0
3020,44.0
3021,55.0
3022,91.0
3023,53.0
3024,57.0
3025,26.0
3026,117.0
3027,93.0
3028,
3029,27.0
3030,
3031,117.0
3032,116.0
3033,59.0
3034,42.0
3035,54.0
3036,54.0
3037,60.0
3038,60.0
3039,43.0
3040,64.0
3041,42.0
3042,34.0
3043,91.0
3044,61.0
3045,44.0
3046,42.0
3047,43.0
3048,45.0
3049,82.0
3050,42.0
3051,39.0
3052,165.0
3053,102.0
3054,88.0
3055,64.0
3056,37.0
3057,83.0
3058,42.0
3059,54.0
3060,32.0
3061,86.0
3062,28.0
3063,39.0
3064,57.0
3065,55.0
3066,48.0
3067,47.0
3068,27.0
3069,39.0
3070,34.0
3071,40.0
3072,71.0
3073,55.0
3074,
3075,49.0
3076,38.0
3077,31.0
3078,73.0
3079,48.0
3080,100.0
3081,60.0
3082,54.0
3083,44.0
3084,56.0
3085,38.0
3086,57.0
3087,56.0
3088,59.0
3089,57.0
3090,72.0
3091,60.0
3092,43.0
3093,49.0
3094,40.0
3095,38.0
3096,32.0
3097,59.0
3098,38.0
3099,20.0
3100,55.0
3101,87.0
3102,45.0
3103,57.0
3104,37.0
3105,50.0
3106,75.0
3107,26.0
3108,61.0
3109,51.0
3110,39.0
3111,26.0
3112,86.0
3113,53.0
3114,46.0
3115,135.0
3116,51.0
3117,54.0
3118,57.0
3119,
3120,54.0
3121,34.0
3122,48.0
3123,
3124,93.0
3125,93.0
3126,38.0
3127,47.0
3128,28.0
3129,44.0
3130,56.0
3131,28.0
3132,54.0
3133,
3134,46.0
3135,49.0
3136,
3137,82.0
3138,40.0
3139,121.0
3140,135.0
3141,44.0
3142,49.0
3143,63.0
3144,50.0
3145,53.0
3146,64.0
3147,60.0
3148,44.0
3149,10.0
3150,45.0
3151,45.0
3152,39.0
3153,
3154,46.0
3155,
3156,46.0
3157,59.0
3158,119.0
3159,102.0
3160,47.0
3161,61.0
3162,99.0
3163,119.0
3164,49.0
3165,43.0
3166,
3167,130.0
3168,59.0
3169,70.0
3170,52.0
3171,65.0
3172,44.0
3173,86.0
3174,41.0
3175,50.0
3176,67.0
3177,
3178,39.0
3179,116.0
3180,29.0
3181,53.0
3182,45.0
3183,70.0
3184,64.0
3185,77.0
3186,113.0
3187,77.0
3188,47.0
3189,156.0
3190,44.0
3191,
3192,
3193,43.0
3194,47.0
3195,116.0
3196,
3197,68.0
3198,102.0
3199,43.0
3200,
3201,100.0
3202,96.0
3203,123.0
3204,31.0
3205,49.0
3206,24.0
3207,22.0
3208,49.0
3209,7.0
3210,65.0
3211,17.0
3212,48.0
3213,47.0
3214,77.0
3215,39.0
3216,34.0
3217,53.0
3218,57.0
3219,39.0
3220,88.0
3221,51.0
3222,49.0
3223,56.0
3224,85.0
3225,39.0
3226,45.0
3227,158.0
3228,119.0
3229,30.0
3230,48.0
3231,
3232,102.0
3233,65.0
3234,44.0
3235,57.0
3236,
3237,135.0
3238,40.0
3239,30.0
3240,60.0
3241,9.0
3242,35.0
3243,58.0
3244,
3245,48.0
3246,55.0
3247,45.0
3248,32.0
3249,57.0
3250,52.0
3251,82.0
3252,40.0
3253,60.0
3254,
3255,91.0
3256,43.0
3257,40.0
3258,40.0
3259,28.0
3260,58.0
3261,28.0
3262,82.0
3263,77.0
3264,9.0
3265,32.0
3266,43.0
3267,47.0
3268,99.0
3269,23.0
3270,51.0
3271,47.0
3272,31.0
3273,48.0
3274,85.0
3275,82.0
3276,47.0
3277,86.0
3278,49.0
3279,64.0
3280,48.0
3281,46.0
3282,55.0
3283,30.0
3284,56.0
3285,40.0
3286,55.0
3287,
3288,75.0
3289,24.0
3290,97.0
3291,93.0
3292,59.0
3293,87.0
3294,48.0
3295,32.0
3296,
3297,50.0
3298,56.0
3299,
3300,54.0
3301,49.0
3302,54.0
3303,82.0
3304,55.0
3305,38.0
3306,48.0
3307,41.0
3308,51.0
3309,47.0
3310,43.0
3311,61.0
3312,43.0
3313,47.0
3314,5.0
3315,47.0
3316,125.0
3317,56.0
3318,77.0
3319,77.0
3320,32.0
3321,32.0
3322,41.0
3323,102.0
3324,45.0
3325,34.0
3326,47.0
3327,46.0
3328,44.0
3329,135.0
3330,48.0
3331,39.0
3332,41.0
3333,30.0
3334,78.0
3335,73.0
3336,73.0
3337,22.0
3338,48.0
3339,90.0
