0,372.0
1,271.0
2,
3,447.0
4,249.0
5,332.0
6,124.0
7,149.0
8,
9,306.0
10,249.0
11,54.0
12,336.0
13,288.0
14,
15,97.0
16,20.0
17,86.0
18,332.0
19,313.0
20,105.0
21,137.0
22,347.0
23,51.0
24,23.0
25,354.0
26,112.0
27,110.0
28,206.0
29,372.0
30,361.0
31,391.0
32,313.0
33,111.0
34,56.0
35,
36,64.0
37,208.0
38,271.0
39,56.0
40,137.0
41,332.0
42,117.0
43,60.0
44,98.0
45,151.0
46,146.0
47,
48,313.0
49,288.0
50,125.0
51,203.0
52,7.0
53,180.0
54,274.0
55,
56,271.0
57,249.0
58,146.0
59,
60,121.0
61,260.0
62,
63,90.0
64,361.0
65,208.0
66,30.0
67,86.0
68,327.0
69,332.0
70,311.0
71,121.0
72,97.0
73,32.0
74,
75,108.0
76,
77,29.0
78,288.0
79,228.0
80,
81,113.0
82,97.0
83,66.0
84,90.0
85,126.0
86,66.0
87,171.0
88,66.0
89,210.0
90,80.0
91,93.0
92,66.0
93,45.0
94,109.0
95,95.0
96,
97,
98,29.0
99,52.0
100,64.0
101,94.0
102,164.0
103,78.0
104,15.0
105,40.0
106,56.0
107,55.0
108,97.0
109,65.0
110,
111,14.0
112,284.0
113,38.0
114,164.0
115,97.0
116,48.0
117,327.0
118,
119,361.0
120,101.0
121,23.0
122,332.0
123,332.0
124,257.0
125,378.0
126,28.0
127,23.0
128,360.0
129,79.0
130,249.0
131,111.0
132,126.0
133,378.0
134,89.0
135,240.0
136,206.0
137,89.0
138,305.0
139,97.0
140,378.0
141,80.0
142,130.0
143,66.0
144,90.0
145,66.0
146,205.0
147,14.0
148,249.0
149,193.0
150,249.0
151,288.0
152,66.0
153,149.0
154,20.0
155,66.0
156,31.0
157,
158,352.0
159,
160,415.0
161,
162,97.0
163,249.0
164,343.0
165,
166,95.0
167,165.0
168,
169,98.0
170,
171,59.0
172,
173,146.0
174,95.0
175,
176,52.0
177,11.0
178,
179,
180,281.0
181,
182,
183,
184,38.0
185,97.0
186,317.0
187,98.0
188,97.0
189,194.0
190,
191,91.0
192,17.0
193,
194,361.0
195,
196,54.0
197,146.0
198,
199,317.0
200,24.0
201,111.0
202,28.0
203,
204,64.0
205,130.0
206,45.0
207,
208,72.0
209,47.0
210,84.0
211,319.0
212,54.0
213,43.0
214,130.0
215,103.0
216,23.0
217,43.0
218,237.0
219,64.0
220,336.0
221,208.0
222,208.0
223,343.0
224,90.0
225,165.0
226,311.0
227,97.0
228,72.0
229,332.0
230,173.0
231,85.0
232,113.0
233,97.0
234,341.0
235,59.0
236,28.0
237,72.0
238,113.0
239,97.0
240,130.0
241,
242,73.0
243,
244,93.0
245,135.0
246,440.0
247,334.0
248,130.0
249,401.0
250,309.0
251,94.0
252,
253,
254,15.0
255,204.0
256,209.0
257,53.0
258,317.0
259,415.0
260,180.0
261,11.0
262,97.0
263,15.0
264,52.0
265,90.0
266,375.0
267,97.0
268,274.0
269,118.0
270,54.0
271,271.0
272,457.0
273,367.0
274,
275,84.0
276,155.0
277,314.0
278,261.0
279,101.0
280,37.0
281,181.0
282,206.0
283,101.0
284,249.0
285,73.0
286,43.0
287,58.0
288,115.0
289,93.0
290,305.0
291,96.0
292,94.0
293,196.0
294,37.0
295,114.0
296,94.0
297,67.0
298,328.0
299,271.0
300,97.0
301,
302,111.0
303,49.0
304,
305,78.0
306,162.0
307,48.0
308,53.0
309,67.0
310,305.0
311,52.0
312,65.0
313,98.0
314,131.0
315,146.0
316,289.0
317,28.0
318,98.0
319,308.0
320,66.0
321,328.0
322,77.0
323,62.0
324,314.0
325,107.0
326,149.0
327,173.0
328,315.0
329,124.0
330,71.0
331,332.0
332,191.0
333,97.0
334,208.0
335,65.0
336,283.0
337,326.0
338,
339,64.0
340,265.0
341,283.0
342,283.0
343,208.0
344,230.0
345,263.0
346,93.0
347,307.0
348,87.0
349,164.0
350,313.0
351,154.0
352,114.0
353,378.0
354,97.0
355,216.0
356,183.0
357,119.0
358,73.0
359,28.0
360,343.0
361,306.0
362,113.0
363,90.0
364,361.0
365,239.0
366,183.0
367,52.0
368,107.0
369,254.0
370,313.0
371,101.0
372,102.0
373,107.0
374,66.0
375,220.0
376,
377,306.0
378,343.0
379,90.0
380,59.0
381,258.0
382,230.0
383,415.0
384,22.0
385,345.0
386,
387,63.0
388,91.0
389,88.0
390,378.0
391,160.0
392,80.0
393,178.0
394,82.0
395,67.0
396,307.0
397,378.0
398,208.0
399,51.0
400,44.0
401,
402,91.0
403,108.0
404,317.0
405,309.0
406,241.0
407,230.0
408,
409,58.0
410,
411,326.0
412,87.0
413,171.0
414,307.0
415,395.0
416,79.0
417,241.0
418,373.0
419,241.0
420,62.0
421,257.0
422,286.0
423,253.0
424,205.0
425,307.0
426,104.0
427,89.0
428,343.0
429,332.0
430,57.0
431,332.0
432,104.0
433,270.0
434,183.0
435,113.0
436,339.0
437,126.0
438,
439,353.0
440,16.0
441,
442,183.0
443,262.0
444,16.0
445,124.0
446,225.0
447,373.0
448,336.0
449,336.0
450,290.0
451,290.0
452,118.0
453,
454,307.0
455,110.0
456,94.0
457,67.0
458,111.0
459,
460,86.0
461,36.0
462,116.0
463,69.0
464,314.0
465,46.0
466,187.0
467,376.0
468,170.0
469,273.0
470,344.0
471,299.0
472,261.0
473,58.0
474,67.0
475,223.0
476,345.0
477,167.0
478,110.0
479,152.0
480,108.0
481,223.0
482,227.0
483,30.0
484,190.0
485,101.0
486,117.0
487,174.0
488,484.0
489,103.0
490,107.0
491,345.0
492,88.0
493,65.0
494,121.0
495,112.0
496,72.0
497,71.0
498,344.0
499,271.0
500,87.0
501,214.0
502,22.0
503,80.0
504,343.0
505,307.0
506,91.0
507,91.0
508,374.0
509,51.0
510,206.0
511,173.0
512,162.0
513,354.0
514,114.0
515,39.0
516,111.0
517,490.0
518,254.0
519,288.0
520,67.0
521,181.0
522,327.0
523,91.0
524,73.0
525,18.0
526,28.0
527,87.0
528,361.0
529,88.0
530,137.0
531,354.0
532,89.0
533,65.0
534,110.0
535,165.0
536,96.0
537,268.0
538,173.0
539,159.0
540,206.0
541,146.0
542,
543,235.0
544,52.0
545,411.0
546,210.0
547,107.0
548,91.0
549,250.0
550,288.0
551,79.0
552,102.0
553,146.0
554,23.0
555,107.0
556,92.0
557,
558,83.0
559,15.0
560,69.0
561,54.0
562,206.0
563,398.0
564,398.0
565,33.0
566,
567,307.0
568,210.0
569,183.0
570,266.0
571,109.0
572,434.0
573,229.0
574,
575,171.0
576,391.0
577,271.0
578,212.0
579,
580,90.0
581,354.0
582,83.0
583,130.0
584,256.0
585,401.0
586,97.0
587,367.0
588,
589,97.0
590,97.0
591,74.0
592,288.0
593,109.0
594,306.0
595,97.0
596,246.0
597,15.0
598,312.0
599,327.0
600,46.0
601,457.0
602,332.0
603,125.0
604,375.0
605,52.0
606,401.0
607,110.0
608,96.0
609,80.0
610,306.0
611,54.0
612,126.0
613,97.0
614,254.0
615,11.0
616,43.0
617,309.0
618,130.0
619,110.0
620,306.0
621,130.0
622,32.0
623,108.0
624,57.0
625,77.0
626,95.0
627,90.0
628,125.0
629,249.0
630,288.0
631,288.0
632,97.0
633,53.0
634,229.0
635,22.0
636,
637,
638,288.0
639,288.0
640,183.0
641,296.0
642,301.0
643,100.0
644,292.0
645,126.0
646,323.0
647,127.0
648,91.0
649,173.0
650,97.0
651,128.0
652,33.0
653,326.0
654,29.0
655,190.0
656,126.0
657,49.0
658,14.0
659,58.0
660,191.0
661,45.0
662,307.0
663,113.0
664,106.0
665,260.0
666,76.0
667,
668,148.0
669,96.0
670,120.0
671,80.0
672,97.0
673,90.0
674,412.0
675,126.0
676,90.0
677,50.0
678,111.0
679,203.0
680,345.0
681,159.0
682,199.0
683,180.0
684,262.0
685,490.0
686,208.0
687,24.0
688,167.0
689,93.0
690,121.0
691,52.0
692,378.0
693,205.0
694,208.0
695,162.0
696,33.0
697,86.0
698,97.0
699,103.0
700,219.0
701,109.0
702,305.0
703,93.0
704,350.0
705,78.0
706,228.0
707,179.0
708,378.0
709,305.0
710,95.0
711,111.0
712,206.0
713,113.0
714,328.0
715,126.0
716,103.0
717,160.0
718,181.0
719,336.0
720,147.0
721,248.0
722,39.0
723,261.0
724,111.0
725,335.0
726,63.0
727,313.0
728,
729,354.0
730,347.0
731,342.0
732,276.0
733,120.0
734,95.0
735,103.0
736,239.0
737,171.0
738,171.0
739,79.0
740,191.0
741,72.0
742,271.0
743,401.0
744,373.0
745,78.0
746,149.0
747,373.0
748,330.0
749,158.0
750,
751,394.0
752,279.0
753,95.0
754,175.0
755,268.0
756,30.0
757,249.0
758,219.0
759,228.0
760,16.0
761,361.0
762,354.0
763,249.0
764,83.0
765,85.0
766,288.0
767,307.0
768,
769,146.0
770,335.0
771,320.0
772,378.0
773,18.0
774,95.0
775,206.0
776,162.0
777,203.0
778,316.0
779,109.0
780,43.0
781,16.0
782,359.0
783,
784,252.0
785,52.0
786,65.0
787,116.0
788,55.0
789,103.0
790,120.0
791,313.0
792,
793,160.0
794,117.0
795,117.0
796,239.0
797,394.0
798,
799,80.0
800,120.0
801,336.0
802,60.0
803,333.0
804,192.0
805,83.0
806,
807,341.0
808,240.0
809,150.0
810,255.0
811,111.0
812,81.0
813,335.0
814,50.0
815,273.0
816,304.0
817,
818,111.0
819,272.0
820,57.0
821,307.0
822,411.0
823,54.0
824,131.0
825,
826,152.0
827,104.0
828,315.0
829,76.0
830,246.0
831,284.0
832,126.0
833,306.0
834,47.0
835,307.0
836,155.0
837,89.0
838,86.0
839,97.0
840,246.0
841,332.0
842,66.0
843,59.0
844,64.0
845,108.0
846,73.0
847,336.0
848,90.0
849,306.0
850,313.0
851,110.0
852,63.0
853,149.0
854,385.0
855,155.0
856,378.0
857,17.0
858,313.0
859,378.0
860,43.0
861,445.0
862,64.0
863,87.0
864,313.0
865,117.0
866,67.0
867,92.0
868,187.0
869,97.0
870,288.0
871,92.0
872,139.0
873,77.0
874,334.0
875,47.0
876,62.0
877,146.0
878,313.0
879,327.0
880,318.0
881,115.0
882,12.0
883,54.0
884,89.0
885,299.0
886,126.0
887,
888,313.0
889,307.0
890,288.0
891,184.0
892,96.0
893,146.0
894,80.0
895,126.0
896,173.0
897,305.0
898,64.0
899,299.0
900,125.0
901,343.0
902,50.0
903,336.0
904,107.0
905,110.0
906,327.0
907,314.0
908,88.0
909,205.0
910,271.0
911,
912,43.0
913,124.0
914,319.0
915,73.0
916,146.0
917,121.0
918,
919,
920,97.0
921,75.0
922,288.0
923,
924,173.0
925,
926,86.0
927,306.0
928,447.0
929,
930,323.0
931,378.0
932,20.0
933,105.0
934,160.0
935,
936,332.0
937,65.0
938,411.0
939,226.0
940,29.0
941,
942,126.0
943,18.0
944,173.0
945,95.0
946,35.0
947,241.0
948,274.0
949,345.0
950,14.0
951,80.0
952,359.0
953,343.0
954,281.0
955,398.0
956,113.0
957,16.0
958,291.0
959,56.0
960,
961,56.0
962,56.0
963,97.0
964,190.0
965,54.0
966,
967,113.0
968,264.0
969,281.0
970,120.0
971,109.0
972,28.0
973,288.0
974,97.0
975,79.0
976,37.0
977,111.0
978,245.0
979,110.0
980,378.0
981,25.0
982,54.0
983,314.0
984,336.0
985,79.0
986,343.0
987,257.0
988,
989,59.0
990,320.0
991,23.0
992,114.0
993,146.0
994,314.0
995,37.0
996,22.0
997,352.0
998,308.0
999,97.0
1000,130.0
1001,197.0
1002,54.0
1003,245.0
1004,
1005,
1006,97.0
1007,66.0
1008,205.0
1009,130.0
1010,122.0
1011,82.0
1012,323.0
1013,32.0
1014,122.0
1015,150.0
1016,89.0
1017,313.0
1018,87.0
1019,35.0
1020,91.0
1021,
1022,121.0
1023,96.0
1024,314.0
1025,327.0
1026,125.0
1027,265.0
1028,337.0
1029,21.0
1030,66.0
1031,66.0
1032,97.0
1033,
1034,297.0
1035,97.0
1036,14.0
1037,66.0
1038,457.0
1039,102.0
1040,234.0
1041,163.0
1042,165.0
1043,370.0
1044,315.0
1045,288.0
1046,97.0
1047,50.0
1048,67.0
1049,388.0
1050,281.0
1051,249.0
1052,195.0
1053,82.0
1054,98.0
1055,66.0
1056,317.0
1057,
1058,72.0
1059,
1060,
1061,77.0
1062,60.0
1063,102.0
1064,401.0
1065,105.0
1066,194.0
1067,115.0
1068,389.0
1069,277.0
1070,207.0
1071,115.0
1072,262.0
1073,14.0
1074,74.0
1075,13.0
1076,40.0
1077,64.0
1078,249.0
1079,37.0
1080,146.0
1081,213.0
1082,34.0
1083,
1084,59.0
1085,332.0
1086,
1087,
1088,73.0
1089,77.0
1090,
1091,
1092,337.0
1093,103.0
1094,209.0
1095,59.0
1096,
1097,284.0
1098,97.0
1099,
1100,130.0
1101,378.0
1102,97.0
1103,205.0
1104,23.0
1105,115.0
1106,135.0
1107,173.0
1108,83.0
1109,20.0
1110,72.0
1111,226.0
1112,97.0
1113,245.0
1114,
1115,94.0
1116,34.0
1117,93.0
1118,164.0
1119,14.0
1120,34.0
1121,19.0
1122,336.0
1123,205.0
1124,97.0
1125,97.0
1126,281.0
1127,94.0
1128,22.0
1129,359.0
1130,205.0
1131,457.0
1132,125.0
1133,205.0
1134,339.0
1135,125.0
1136,22.0
1137,
1138,
1139,130.0
1140,95.0
1141,319.0
1142,170.0
1143,30.0
1144,274.0
1145,
1146,288.0
1147,101.0
1148,367.0
1149,97.0
1150,155.0
1151,363.0
1152,144.0
1153,127.0
1154,150.0
1155,146.0
1156,146.0
1157,288.0
1158,267.0
1159,72.0
1160,377.0
1161,69.0
1162,
1163,
1164,196.0
1165,227.0
1166,79.0
1167,119.0
1168,279.0
1169,53.0
1170,447.0
1171,74.0
1172,148.0
1173,61.0
1174,97.0
1175,45.0
1176,305.0
1177,110.0
1178,411.0
1179,305.0
1180,143.0
1181,306.0
1182,151.0
1183,313.0
1184,208.0
1185,422.0
1186,52.0
1187,16.0
1188,107.0
1189,64.0
1190,314.0
1191,146.0
1192,111.0
1193,88.0
1194,102.0
1195,88.0
1196,88.0
1197,52.0
1198,64.0
1199,48.0
1200,139.0
1201,64.0
1202,108.0
1203,81.0
1204,72.0
1205,130.0
1206,64.0
1207,79.0
1208,104.0
1209,332.0
1210,398.0
1211,107.0
1212,208.0
1213,61.0
1214,146.0
1215,133.0
1216,116.0
1217,163.0
1218,51.0
1219,305.0
1220,65.0
1221,288.0
1222,80.0
1223,77.0
1224,180.0
1225,158.0
1226,96.0
1227,97.0
1228,67.0
1229,
1230,336.0
1231,156.0
1232,51.0
1233,51.0
1234,77.0
1235,288.0
1236,307.0
1237,114.0
1238,313.0
1239,113.0
1240,52.0
1241,154.0
1242,378.0
1243,288.0
1244,64.0
1245,133.0
1246,258.0
1247,73.0
1248,116.0
1249,116.0
1250,116.0
1251,145.0
1252,44.0
1253,240.0
1254,102.0
1255,66.0
1256,
1257,307.0
1258,64.0
1259,17.0
1260,113.0
1261,258.0
1262,107.0
1263,165.0
1264,306.0
1265,108.0
1266,
1267,52.0
1268,55.0
1269,109.0
1270,95.0
1271,160.0
1272,117.0
1273,242.0
1274,292.0
1275,180.0
1276,258.0
1277,82.0
1278,67.0
1279,58.0
1280,58.0
1281,307.0
1282,207.0
1283,152.0
1284,352.0
1285,
1286,270.0
1287,307.0
1288,62.0
1289,
1290,305.0
1291,104.0
1292,332.0
1293,20.0
1294,343.0
1295,89.0
1296,352.0
1297,
1298,323.0
1299,229.0
1300,
1301,336.0
1302,261.0
1303,37.0
1304,38.0
1305,345.0
1306,227.0
1307,
1308,318.0
1309,264.0
1310,336.0
1311,20.0
1312,309.0
1313,336.0
1314,126.0
1315,164.0
1316,336.0
1317,
1318,128.0
1319,353.0
1320,336.0
1321,239.0
1322,79.0
1323,32.0
1324,290.0
1325,
1326,146.0
1327,97.0
1328,102.0
1329,45.0
1330,111.0
1331,170.0
1332,97.0
1333,94.0
1334,379.0
1335,107.0
1336,22.0
1337,415.0
1338,
1339,
1340,104.0
1341,35.0
1342,249.0
1343,332.0
1344,
1345,52.0
1346,146.0
1347,87.0
1348,289.0
1349,191.0
1350,271.0
1351,343.0
1352,407.0
1353,288.0
1354,49.0
1355,97.0
1356,345.0
1357,126.0
1358,146.0
1359,93.0
1360,77.0
1361,167.0
1362,109.0
1363,
1364,67.0
1365,30.0
1366,146.0
1367,101.0
1368,126.0
1369,318.0
1370,208.0
1371,113.0
1372,65.0
1373,101.0
1374,107.0
1375,345.0
1376,126.0
1377,122.0
1378,258.0
1379,87.0
1380,121.0
1381,124.0
1382,164.0
1383,183.0
1384,372.0
1385,123.0
1386,256.0
1387,98.0
1388,318.0
1389,22.0
1390,343.0
1391,
1392,146.0
1393,273.0
1394,301.0
1395,74.0
1396,119.0
1397,32.0
1398,119.0
1399,116.0
1400,307.0
1401,306.0
1402,
1403,206.0
1404,116.0
1405,169.0
1406,241.0
1407,113.0
1408,263.0
1409,146.0
1410,361.0
1411,68.0
1412,173.0
1413,93.0
1414,158.0
1415,75.0
1416,
1417,126.0
1418,115.0
1419,190.0
1420,76.0
1421,184.0
1422,138.0
1423,88.0
1424,88.0
1425,359.0
1426,212.0
1427,24.0
1428,95.0
1429,102.0
1430,78.0
1431,343.0
1432,126.0
1433,79.0
1434,49.0
1435,167.0
1436,241.0
1437,148.0
1438,146.0
1439,107.0
1440,83.0
1441,52.0
1442,146.0
1443,271.0
1444,89.0
1445,
1446,
1447,440.0
1448,266.0
1449,332.0
1450,229.0
1451,
1452,102.0
1453,206.0
1454,327.0
1455,313.0
1456,
1457,337.0
1458,190.0
1459,73.0
1460,229.0
1461,117.0
1462,49.0
1463,74.0
1464,285.0
1465,97.0
1466,97.0
1467,315.0
1468,120.0
1469,363.0
1470,300.0
1471,108.0
1472,164.0
1473,52.0
1474,261.0
1475,
1476,113.0
1477,13.0
1478,332.0
1479,47.0
1480,90.0
1481,231.0
1482,126.0
1483,66.0
1484,73.0
1485,28.0
1486,305.0
1487,178.0
1488,368.0
1489,26.0
1490,171.0
1491,126.0
1492,126.0
1493,175.0
1494,36.0
1495,305.0
1496,
1497,126.0
1498,125.0
1499,81.0
1500,12.0
1501,68.0
1502,57.0
1503,95.0
1504,28.0
1505,254.0
1506,288.0
1507,125.0
1508,120.0
1509,261.0
1510,126.0
1511,353.0
1512,53.0
1513,54.0
1514,53.0
1515,188.0
1516,28.0
1517,
1518,317.0
1519,77.0
1520,183.0
1521,126.0
1522,125.0
1523,97.0
1524,213.0
1525,241.0
1526,241.0
1527,323.0
1528,241.0
1529,226.0
1530,173.0
1531,
1532,315.0
1533,83.0
1534,
1535,307.0
1536,332.0
1537,191.0
1538,105.0
1539,332.0
1540,104.0
1541,98.0
1542,66.0
1543,230.0
1544,64.0
1545,67.0
1546,128.0
1547,96.0
1548,327.0
1549,103.0
1550,150.0
1551,95.0
1552,268.0
1553,252.0
1554,288.0
1555,90.0
1556,345.0
1557,177.0
1558,143.0
1559,97.0
1560,68.0
1561,80.0
1562,146.0
1563,208.0
1564,167.0
1565,93.0
1566,95.0
1567,268.0
1568,81.0
1569,52.0
1570,312.0
1571,360.0
1572,303.0
1573,135.0
1574,305.0
1575,65.0
1576,226.0
1577,347.0
1578,
1579,336.0
1580,288.0
1581,165.0
1582,87.0
1583,275.0
1584,274.0
1585,52.0
1586,206.0
1587,103.0
1588,234.0
1589,327.0
1590,146.0
1591,101.0
1592,336.0
1593,171.0
1594,306.0
1595,84.0
1596,87.0
1597,91.0
1598,370.0
1599,111.0
1600,76.0
1601,335.0
1602,97.0
1603,119.0
1604,92.0
1605,206.0
1606,312.0
1607,89.0
1608,63.0
1609,56.0
1610,411.0
1611,342.0
1612,43.0
1613,120.0
1614,88.0
1615,254.0
1616,
1617,
1618,
1619,62.0
1620,332.0
1621,106.0
1622,423.0
1623,307.0
1624,94.0
1625,
1626,323.0
1627,87.0
1628,268.0
1629,343.0
1630,205.0
1631,101.0
1632,447.0
1633,
1634,239.0
1635,100.0
1636,440.0
1637,242.0
1638,51.0
1639,146.0
1640,229.0
1641,152.0
1642,
1643,230.0
1644,327.0
1645,97.0
1646,84.0
1647,162.0
1648,27.0
1649,305.0
1650,307.0
1651,217.0
1652,330.0
1653,15.0
1654,301.0
1655,91.0
1656,66.0
1657,330.0
1658,
1659,146.0
1660,261.0
1661,372.0
1662,126.0
1663,124.0
1664,123.0
1665,103.0
1666,205.0
1667,113.0
1668,146.0
1669,332.0
1670,320.0
1671,52.0
1672,216.0
1673,378.0
1674,65.0
1675,484.0
1676,377.0
1677,180.0
1678,194.0
1679,85.0
1680,98.0
1681,158.0
1682,48.0
1683,336.0
1684,327.0
1685,326.0
1686,61.0
1687,378.0
1688,112.0
1689,115.0
1690,121.0
1691,37.0
1692,210.0
1693,49.0
1694,230.0
1695,154.0
1696,378.0
1697,341.0
1698,47.0
1699,167.0
1700,359.0
1701,318.0
1702,109.0
1703,182.0
1704,226.0
1705,150.0
1706,320.0
1707,320.0
1708,
1709,335.0
1710,14.0
1711,304.0
1712,308.0
1713,359.0
1714,161.0
1715,61.0
1716,105.0
1717,361.0
1718,37.0
1719,179.0
1720,328.0
1721,90.0
1722,336.0
1723,18.0
1724,125.0
1725,113.0
1726,89.0
1727,344.0
1728,490.0
1729,110.0
1730,135.0
1731,53.0
1732,97.0
1733,309.0
1734,60.0
1735,146.0
1736,162.0
1737,307.0
1738,155.0
1739,
1740,226.0
1741,86.0
1742,94.0
1743,99.0
1744,343.0
1745,73.0
1746,205.0
1747,89.0
1748,354.0
1749,28.0
1750,206.0
1751,215.0
1752,87.0
1753,126.0
1754,205.0
1755,77.0
1756,146.0
1757,111.0
1758,107.0
1759,271.0
1760,117.0
1761,378.0
1762,206.0
1763,61.0
1764,332.0
1765,339.0
1766,327.0
1767,288.0
1768,255.0
1769,16.0
1770,411.0
1771,321.0
1772,327.0
1773,327.0
1774,313.0
1775,323.0
1776,119.0
1777,97.0
1778,138.0
1779,117.0
1780,307.0
1781,90.0
1782,56.0
1783,107.0
1784,106.0
1785,343.0
1786,345.0
1787,301.0
1788,211.0
1789,336.0
1790,308.0
1791,
1792,90.0
1793,182.0
1794,336.0
1795,40.0
1796,170.0
1797,121.0
1798,192.0
1799,
1800,17.0
1801,73.0
1802,332.0
1803,361.0
1804,281.0
1805,97.0
1806,288.0
1807,81.0
1808,56.0
1809,87.0
1810,177.0
1811,271.0
1812,
1813,
1814,411.0
1815,32.0
1816,95.0
1817,313.0
1818,95.0
1819,15.0
1820,249.0
1821,
1822,327.0
1823,313.0
1824,14.0
1825,16.0
1826,40.0
1827,56.0
1828,99.0
1829,97.0
1830,110.0
1831,190.0
1832,107.0
1833,311.0
1834,113.0
1835,164.0
1836,120.0
1837,146.0
1838,311.0
1839,83.0
1840,29.0
1841,148.0
1842,48.0
1843,245.0
1844,54.0
1845,378.0
1846,72.0
1847,
1848,
1849,205.0
1850,66.0
1851,288.0
1852,23.0
1853,90.0
1854,
1855,352.0
1856,54.0
1857,
1858,73.0
1859,200.0
1860,336.0
1861,292.0
1862,249.0
1863,130.0
1864,54.0
1865,90.0
1866,
1867,74.0
1868,29.0
1869,93.0
1870,23.0
1871,182.0
1872,95.0
1873,249.0
1874,182.0
1875,95.0
1876,
1877,111.0
1878,249.0
1879,205.0
1880,343.0
1881,
1882,35.0
1883,34.0
1884,367.0
1885,66.0
1886,249.0
1887,90.0
1888,375.0
1889,155.0
1890,161.0
1891,359.0
1892,327.0
1893,14.0
1894,237.0
1895,292.0
1896,146.0
1897,94.0
1898,45.0
1899,173.0
1900,
1901,284.0
1902,249.0
1903,102.0
1904,234.0
1905,
1906,71.0
1907,293.0
1908,155.0
1909,304.0
1910,73.0
1911,273.0
1912,252.0
1913,328.0
1914,191.0
1915,232.0
1916,105.0
1917,95.0
1918,52.0
1919,110.0
1920,
1921,
1922,105.0
1923,26.0
1924,114.0
1925,207.0
1926,
1927,341.0
1928,98.0
1929,97.0
1930,284.0
1931,64.0
1932,281.0
1933,115.0
1934,
1935,29.0
1936,343.0
1937,77.0
1938,43.0
1939,87.0
1940,43.0
1941,
1942,103.0
1943,209.0
1944,102.0
1945,316.0
1946,101.0
1947,343.0
1948,
1949,
1950,110.0
1951,130.0
1952,97.0
1953,135.0
1954,378.0
1955,94.0
1956,188.0
1957,
1958,320.0
1959,126.0
1960,323.0
1961,32.0
1962,311.0
1963,326.0
1964,317.0
1965,99.0
1966,359.0
1967,
1968,135.0
1969,84.0
1970,130.0
1971,327.0
1972,205.0
1973,22.0
1974,281.0
1975,130.0
1976,97.0
1977,30.0
1978,109.0
1979,166.0
1980,130.0
1981,440.0
1982,25.0
1983,341.0
1984,11.0
1985,209.0
1986,116.0
1987,317.0
1988,29.0
1989,
1990,132.0
1991,
1992,110.0
1993,30.0
1994,160.0
1995,311.0
1996,
1997,37.0
1998,138.0
1999,
2000,274.0
2001,105.0
2002,118.0
2003,
2004,59.0
2005,
2006,14.0
2007,
2008,64.0
2009,37.0
2010,38.0
2011,19.0
2012,87.0
2013,114.0
2014,206.0
2015,65.0
2016,103.0
2017,65.0
2018,377.0
2019,305.0
2020,97.0
2021,93.0
2022,184.0
2023,103.0
2024,97.0
2025,78.0
2026,17.0
2027,412.0
2028,48.0
2029,208.0
2030,
2031,96.0
2032,68.0
2033,162.0
2034,422.0
2035,133.0
2036,133.0
2037,49.0
2038,68.0
2039,61.0
2040,206.0
2041,43.0
2042,208.0
2043,65.0
2044,57.0
2045,139.0
2046,208.0
2047,87.0
2048,258.0
2049,105.0
2050,206.0
2051,107.0
2052,
2053,79.0
2054,52.0
2055,
2056,52.0
2057,64.0
2058,105.0
2059,67.0
2060,133.0
2061,241.0
2062,106.0
2063,86.0
2064,119.0
2065,315.0
2066,113.0
2067,105.0
2068,49.0
2069,101.0
2070,104.0
2071,275.0
2072,265.0
2073,65.0
2074,
2075,53.0
2076,378.0
2077,83.0
2078,22.0
2079,88.0
2080,110.0
2081,281.0
2082,49.0
2083,88.0
2084,162.0
2085,160.0
2086,391.0
2087,96.0
2088,67.0
2089,279.0
2090,67.0
2091,48.0
2092,316.0
2093,307.0
2094,56.0
2095,87.0
2096,280.0
2097,343.0
2098,154.0
2099,80.0
2100,133.0
2101,264.0
2102,47.0
2103,294.0
2104,48.0
2105,36.0
2106,49.0
2107,116.0
2108,261.0
2109,70.0
2110,119.0
2111,160.0
2112,206.0
2113,347.0
2114,38.0
2115,183.0
2116,133.0
2117,42.0
2118,62.0
2119,178.0
2120,235.0
2121,66.0
2122,87.0
2123,152.0
2124,301.0
2125,31.0
2126,210.0
2127,32.0
2128,230.0
2129,265.0
2130,14.0
2131,63.0
2132,206.0
2133,180.0
2134,87.0
2135,258.0
2136,82.0
2137,378.0
2138,356.0
2139,440.0
2140,73.0
2141,78.0
2142,
2143,261.0
2144,72.0
2145,293.0
2146,326.0
2147,87.0
2148,157.0
2149,62.0
2150,307.0
2151,166.0
2152,238.0
2153,343.0
2154,336.0
2155,286.0
2156,96.0
2157,332.0
2158,146.0
2159,104.0
2160,336.0
2161,93.0
2162,67.0
2163,217.0
2164,373.0
2165,118.0
2166,190.0
2167,336.0
2168,126.0
2169,97.0
2170,336.0
2171,126.0
2172,286.0
2173,286.0
2174,336.0
2175,117.0
2176,241.0
2177,290.0
2178,206.0
2179,436.0
2180,49.0
2181,136.0
2182,160.0
2183,336.0
2184,378.0
2185,126.0
2186,261.0
2187,344.0
2188,36.0
2189,148.0
2190,48.0
2191,64.0
2192,250.0
2193,91.0
2194,
2195,86.0
2196,52.0
2197,42.0
2198,319.0
2199,316.0
2200,96.0
2201,126.0
2202,146.0
2203,267.0
2204,343.0
2205,229.0
2206,13.0
2207,208.0
2208,388.0
2209,164.0
2210,318.0
2211,97.0
2212,16.0
2213,326.0
2214,87.0
2215,396.0
2216,345.0
2217,28.0
2218,56.0
2219,258.0
2220,378.0
2221,241.0
2222,323.0
2223,306.0
2224,158.0
2225,336.0
2226,
2227,90.0
2228,254.0
2229,384.0
2230,359.0
2231,280.0
2232,52.0
2233,163.0
2234,206.0
2235,146.0
2236,119.0
2237,158.0
2238,306.0
2239,87.0
2240,226.0
2241,
2242,271.0
2243,111.0
2244,119.0
2245,58.0
2246,119.0
2247,18.0
2248,32.0
2249,296.0
2250,88.0
2251,29.0
2252,165.0
2253,52.0
2254,119.0
2255,184.0
2256,361.0
2257,171.0
2258,326.0
2259,236.0
2260,111.0
2261,146.0
2262,329.0
2263,88.0
2264,162.0
2265,28.0
2266,336.0
2267,378.0
2268,79.0
2269,246.0
2270,146.0
2271,23.0
2272,53.0
2273,302.0
2274,354.0
2275,146.0
2276,90.0
2277,162.0
2278,48.0
2279,206.0
2280,181.0
2281,
2282,108.0
2283,
2284,167.0
2285,186.0
2286,
2287,332.0
2288,40.0
2289,126.0
2290,490.0
2291,206.0
2292,87.0
2293,447.0
2294,212.0
2295,391.0
2296,382.0
2297,11.0
2298,171.0
2299,83.0
2300,62.0
2301,401.0
2302,146.0
2303,
2304,107.0
2305,97.0
2306,167.0
2307,315.0
2308,28.0
2309,52.0
2310,125.0
2311,97.0
2312,164.0
2313,256.0
2314,261.0
2315,401.0
2316,
2317,87.0
2318,136.0
2319,126.0
2320,
2321,327.0
2322,126.0
2323,66.0
2324,110.0
2325,192.0
2326,327.0
2327,130.0
2328,33.0
2329,296.0
2330,130.0
2331,
2332,150.0
2333,130.0
2334,457.0
2335,28.0
2336,
2337,12.0
2338,332.0
2339,125.0
2340,288.0
2341,288.0
2342,125.0
2343,292.0
2344,388.0
2345,241.0
2346,13.0
2347,34.0
2348,229.0
2349,121.0
2350,
2351,255.0
2352,83.0
2353,291.0
2354,271.0
2355,
2356,288.0
2357,
2358,175.0
2359,105.0
2360,359.0
2361,97.0
2362,
2363,108.0
2364,77.0
2365,110.0
2366,241.0
2367,360.0
2368,92.0
2369,87.0
2370,91.0
2371,75.0
2372,318.0
2373,276.0
2374,306.0
2375,126.0
2376,186.0
2377,110.0
2378,24.0
2379,377.0
2380,228.0
2381,335.0
2382,47.0
2383,327.0
2384,48.0
2385,152.0
2386,52.0
2387,72.0
2388,18.0
2389,228.0
2390,153.0
2391,96.0
2392,97.0
2393,111.0
2394,144.0
2395,83.0
2396,157.0
2397,345.0
2398,59.0
2399,118.0
2400,80.0
2401,184.0
2402,117.0
2403,219.0
2404,100.0
2405,146.0
2406,208.0
2407,61.0
2408,85.0
2409,30.0
2410,
2411,105.0
2412,74.0
2413,118.0
2414,114.0
2415,46.0
2416,103.0
2417,398.0
2418,393.0
2419,62.0
2420,298.0
2421,229.0
2422,313.0
2423,90.0
2424,53.0
2425,124.0
2426,77.0
2427,146.0
2428,103.0
2429,167.0
2430,408.0
2431,343.0
2432,45.0
2433,271.0
2434,111.0
2435,216.0
2436,206.0
2437,275.0
2438,268.0
2439,103.0
2440,205.0
2441,
2442,88.0
2443,332.0
2444,287.0
2445,378.0
2446,41.0
2447,423.0
2448,67.0
2449,306.0
2450,97.0
2451,265.0
2452,490.0
2453,41.0
2454,162.0
2455,90.0
2456,359.0
2457,345.0
2458,164.0
2459,188.0
2460,191.0
2461,184.0
2462,152.0
2463,332.0
2464,88.0
2465,
2466,106.0
2467,83.0
2468,91.0
2469,64.0
2470,88.0
2471,167.0
2472,394.0
2473,126.0
2474,296.0
2475,58.0
2476,52.0
2477,252.0
2478,107.0
2479,345.0
2480,120.0
2481,385.0
2482,162.0
2483,106.0
2484,113.0
2485,249.0
2486,100.0
2487,93.0
2488,169.0
2489,261.0
2490,193.0
2491,289.0
2492,307.0
2493,288.0
2494,360.0
2495,297.0
2496,330.0
2497,
2498,326.0
2499,49.0
2500,
2501,320.0
2502,18.0
2503,320.0
2504,146.0
2505,335.0
2506,181.0
2507,263.0
2508,90.0
2509,164.0
2510,171.0
2511,345.0
2512,344.0
2513,15.0
2514,136.0
2515,16.0
2516,120.0
2517,
2518,377.0
2519,118.0
2520,136.0
2521,48.0
2522,98.0
2523,361.0
2524,
2525,394.0
2526,97.0
2527,59.0
2528,292.0
2529,61.0
2530,57.0
2531,
2532,162.0
2533,359.0
2534,240.0
2535,
2536,
2537,70.0
2538,347.0
2539,344.0
2540,97.0
2541,104.0
2542,64.0
2543,54.0
2544,327.0
2545,307.0
2546,46.0
2547,361.0
2548,148.0
2549,292.0
2550,16.0
2551,97.0
2552,65.0
2553,16.0
2554,57.0
2555,411.0
2556,311.0
2557,77.0
2558,125.0
2559,
2560,246.0
2561,135.0
2562,165.0
2563,53.0
2564,306.0
2565,165.0
2566,95.0
2567,80.0
2568,191.0
2569,94.0
2570,275.0
2571,86.0
2572,271.0
2573,94.0
2574,
2575,439.0
2576,191.0
2577,59.0
2578,343.0
2579,76.0
2580,173.0
2581,111.0
2582,88.0
2583,134.0
2584,209.0
2585,17.0
2586,113.0
2587,313.0
2588,313.0
2589,361.0
2590,206.0
2591,382.0
2592,445.0
2593,357.0
2594,117.0
2595,92.0
2596,130.0
2597,65.0
2598,162.0
2599,249.0
2600,92.0
2601,12.0
2602,503.0
2603,490.0
2604,206.0
2605,212.0
2606,120.0
2607,
2608,347.0
2609,308.0
2610,100.0
2611,249.0
2612,62.0
2613,206.0
2614,317.0
2615,171.0
2616,126.0
2617,173.0
2618,301.0
2619,490.0
2620,336.0
2621,148.0
2622,203.0
2623,314.0
2624,29.0
2625,46.0
2626,
2627,81.0
2628,52.0
2629,271.0
2630,181.0
2631,339.0
2632,92.0
2633,332.0
2634,181.0
2635,447.0
2636,125.0
2637,307.0
2638,29.0
2639,296.0
2640,105.0
2641,345.0
2642,307.0
2643,
2644,226.0
2645,401.0
2646,37.0
2647,193.0
2648,92.0
2649,359.0
2650,336.0
2651,73.0
2652,95.0
2653,334.0
2654,306.0
2655,288.0
2656,127.0
2657,490.0
2658,249.0
2659,95.0
2660,361.0
2661,164.0
2662,208.0
2663,96.0
2664,189.0
2665,147.0
2666,
2667,388.0
2668,163.0
2669,107.0
2670,41.0
2671,23.0
2672,20.0
2673,82.0
2674,288.0
2675,245.0
2676,281.0
2677,93.0
2678,66.0
2679,82.0
2680,
2681,
2682,
2683,173.0
2684,
2685,79.0
2686,309.0
2687,257.0
2688,77.0
2689,90.0
2690,
2691,217.0
2692,288.0
2693,48.0
2694,357.0
2695,77.0
2696,139.0
2697,245.0
2698,22.0
2699,281.0
2700,309.0
2701,97.0
2702,66.0
2703,130.0
2704,54.0
2705,29.0
2706,309.0
2707,110.0
2708,100.0
2709,66.0
2710,187.0
2711,339.0
2712,359.0
2713,20.0
2714,91.0
2715,97.0
2716,245.0
2717,102.0
2718,327.0
2719,62.0
2720,89.0
2721,148.0
2722,249.0
2723,369.0
2724,359.0
2725,66.0
2726,66.0
2727,
2728,102.0
2729,126.0
2730,98.0
2731,341.0
2732,249.0
2733,98.0
2734,178.0
2735,209.0
2736,384.0
2737,68.0
2738,
2739,199.0
2740,199.0
2741,
2742,307.0
2743,94.0
2744,36.0
2745,
2746,
2747,249.0
2748,38.0
2749,315.0
2750,
2751,155.0
2752,313.0
2753,115.0
2754,
2755,249.0
2756,252.0
2757,
2758,319.0
2759,
2760,
2761,59.0
2762,
2763,95.0
2764,
2765,72.0
2766,102.0
2767,97.0
2768,115.0
2769,440.0
2770,91.0
2771,66.0
2772,
2773,
2774,43.0
2775,54.0
2776,
2777,148.0
2778,320.0
2779,114.0
2780,249.0
2781,20.0
2782,149.0
2783,
2784,327.0
2785,341.0
2786,313.0
2787,146.0
2788,90.0
2789,115.0
2790,
2791,72.0
2792,
2793,284.0
2794,
2795,84.0
2796,319.0
2797,22.0
2798,
2799,208.0
2800,43.0
2801,
2802,43.0
2803,256.0
2804,59.0
2805,31.0
2806,84.0
2807,328.0
2808,
2809,26.0
2810,
2811,83.0
2812,336.0
2813,209.0
2814,320.0
2815,245.0
2816,97.0
2817,336.0
2818,
2819,66.0
2820,
2821,309.0
2822,
2823,
2824,109.0
2825,161.0
2826,29.0
2827,33.0
2828,115.0
2829,28.0
2830,167.0
2831,94.0
2832,66.0
2833,204.0
2834,152.0
2835,29.0
2836,171.0
2837,30.0
2838,125.0
2839,180.0
2840,
2841,87.0
2842,71.0
2843,
2844,288.0
2845,59.0
2846,14.0
2847,256.0
2848,308.0
2849,64.0
2850,67.0
2851,98.0
2852,305.0
2853,110.0
2854,230.0
2855,63.0
2856,365.0
2857,69.0
2858,451.0
2859,184.0
2860,447.0
2861,62.0
2862,81.0
2863,143.0
2864,311.0
2865,52.0
2866,131.0
2867,305.0
2868,101.0
2869,253.0
2870,313.0
2871,64.0
2872,257.0
2873,104.0
2874,227.0
2875,294.0
2876,84.0
2877,262.0
2878,64.0
2879,316.0
2880,319.0
2881,52.0
2882,99.0
2883,121.0
2884,173.0
2885,133.0
2886,107.0
2887,131.0
2888,123.0
2889,116.0
2890,
2891,145.0
2892,223.0
2893,130.0
2894,133.0
2895,261.0
2896,306.0
2897,48.0
2898,310.0
2899,107.0
2900,64.0
2901,283.0
2902,67.0
2903,117.0
2904,119.0
2905,65.0
2906,18.0
2907,95.0
2908,85.0
2909,181.0
2910,279.0
2911,313.0
2912,275.0
2913,205.0
2914,133.0
2915,258.0
2916,58.0
2917,330.0
2918,90.0
2919,225.0
2920,120.0
2921,43.0
2922,335.0
2923,338.0
2924,307.0
2925,106.0
2926,101.0
2927,98.0
2928,123.0
2929,67.0
2930,80.0
2931,
2932,68.0
2933,64.0
2934,47.0
2935,119.0
2936,114.0
2937,52.0
2938,97.0
2939,214.0
2940,107.0
2941,67.0
2942,119.0
2943,62.0
2944,120.0
2945,82.0
2946,152.0
2947,22.0
2948,
2949,67.0
2950,40.0
2951,67.0
2952,98.0
2953,
2954,267.0
2955,349.0
2956,
2957,85.0
2958,307.0
2959,230.0
2960,184.0
2961,298.0
2962,
2963,361.0
2964,307.0
2965,373.0
2966,16.0
2967,244.0
2968,
2969,270.0
2970,
2971,89.0
2972,
2973,11.0
2974,327.0
2975,286.0
2976,336.0
2977,190.0
2978,113.0
2979,354.0
2980,
2981,67.0
2982,191.0
2983,62.0
2984,
2985,336.0
2986,336.0
2987,126.0
2988,305.0
2989,290.0
2990,
2991,364.0
2992,
2993,336.0
2994,49.0
2995,43.0
2996,94.0
2997,160.0
2998,241.0
2999,67.0
3000,165.0
3001,14.0
3002,58.0
3003,89.0
3004,119.0
3005,
3006,
3007,99.0
3008,271.0
3009,342.0
3010,
3011,31.0
3012,123.0
3013,146.0
3014,97.0
3015,31.0
3016,192.0
3017,273.0
3018,241.0
3019,206.0
3020,67.0
3021,206.0
3022,118.0
3023,194.0
3024,306.0
3025,50.0
3026,371.0
3027,267.0
3028,103.0
3029,55.0
3030,77.0
3031,371.0
3032,345.0
3033,241.0
3034,227.0
3035,323.0
3036,89.0
3037,126.0
3038,126.0
3039,343.0
3040,344.0
3041,93.0
3042,148.0
3043,73.0
3044,45.0
3045,91.0
3046,93.0
3047,318.0
3048,62.0
3049,305.0
3050,90.0
3051,111.0
3052,87.0
3053,288.0
3054,71.0
3055,344.0
3056,372.0
3057,276.0
3058,110.0
3059,256.0
3060,183.0
3061,146.0
3062,264.0
3063,490.0
3064,306.0
3065,271.0
3066,152.0
3067,50.0
3068,80.0
3069,490.0
3070,74.0
3071,146.0
3072,412.0
3073,64.0
3074,
3075,51.0
3076,313.0
3077,354.0
3078,267.0
3079,208.0
3080,268.0
3081,143.0
3082,361.0
3083,341.0
3084,440.0
3085,307.0
3086,306.0
3087,22.0
3088,411.0
3089,378.0
3090,28.0
3091,126.0
3092,343.0
3093,50.0
3094,209.0
3095,307.0
3096,359.0
3097,83.0
3098,52.0
3099,91.0
3100,271.0
3101,90.0
3102,178.0
3103,319.0
3104,
3105,110.0
3106,310.0
3107,88.0
3108,54.0
3109,332.0
3110,69.0
3111,88.0
3112,146.0
3113,132.0
3114,212.0
3115,336.0
3116,382.0
3117,334.0
3118,218.0
3119,24.0
3120,54.0
3121,155.0
3122,378.0
3123,265.0
3124,109.0
3125,109.0
3126,119.0
3127,317.0
3128,97.0
3129,297.0
3130,22.0
3131,97.0
3132,22.0
3133,
3134,105.0
3135,221.0
3136,52.0
3137,305.0
3138,11.0
3139,207.0
3140,336.0
3141,300.0
3142,108.0
3143,116.0
3144,43.0
3145,130.0
3146,309.0
3147,126.0
3148,66.0
3149,
3150,80.0
3151,320.0
3152,72.0
3153,90.0
3154,12.0
3155,90.0
3156,57.0
3157,
3158,206.0
3159,288.0
3160,
3161,188.0
3162,
3163,206.0
3164,379.0
3165,343.0
3166,52.0
3167,284.0
3168,100.0
3169,24.0
3170,77.0
3171,332.0
3172,66.0
3173,296.0
3174,
3175,110.0
3176,368.0
3177,56.0
3178,490.0
3179,29.0
3180,45.0
3181,49.0
3182,128.0
3183,24.0
3184,90.0
3185,228.0
3186,87.0
3187,47.0
3188,83.0
3189,372.0
3190,67.0
3191,96.0
3192,103.0
3193,343.0
3194,170.0
3195,219.0
3196,90.0
3197,
3198,64.0
3199,214.0
3200,52.0
3201,268.0
3202,30.0
3203,86.0
3204,103.0
3205,108.0
3206,
3207,31.0
3208,81.0
3209,32.0
3210,332.0
3211,294.0
3212,83.0
3213,
3214,23.0
3215,150.0
3216,73.0
3217,167.0
3218,65.0
3219,77.0
3220,199.0
3221,41.0
3222,108.0
3223,22.0
3224,109.0
3225,490.0
3226,128.0
3227,
3228,206.0
3229,51.0
3230,95.0
3231,103.0
3232,288.0
3233,332.0
3234,255.0
3235,384.0
3236,41.0
3237,336.0
3238,
3239,327.0
3240,107.0
3241,206.0
3242,98.0
3243,37.0
3244,103.0
3245,252.0
3246,216.0
3247,62.0
3248,359.0
3249,145.0
3250,96.0
3251,345.0
3252,290.0
3253,72.0
3254,76.0
3255,222.0
3256,
3257,64.0
3258,78.0
3259,
3260,123.0
3261,86.0
3262,305.0
3263,357.0
3264,206.0
3265,
3266,343.0
3267,261.0
3268,
3269,82.0
3270,355.0
3271,261.0
3272,242.0
3273,48.0
3274,109.0
3275,345.0
3276,354.0
3277,146.0
3278,221.0
3279,194.0
3280,27.0
3281,162.0
3282,96.0
3283,143.0
3284,66.0
3285,
3286,271.0
3287,304.0
3288,
3289,330.0
3290,311.0
3291,86.0
3292,94.0
3293,203.0
3294,369.0
3295,43.0
3296,103.0
3297,263.0
3298,240.0
3299,52.0
3300,180.0
3301,50.0
3302,194.0
3303,345.0
3304,271.0
3305,85.0
3306,27.0
3307,92.0
3308,210.0
3309,121.0
3310,326.0
3311,144.0
3312,72.0
3313,73.0
3314,218.0
3315,377.0
3316,347.0
3317,59.0
3318,47.0
3319,167.0
3320,359.0
3321,359.0
3322,249.0
3323,288.0
3324,80.0
3325,127.0
3326,50.0
3327,
3328,100.0
3329,336.0
3330,48.0
3331,69.0
3332,135.0
3333,327.0
3334,335.0
3335,267.0
3336,267.0
3337,411.0
3338,210.0
3339,53.0
