0,200.0
1,200.0
2,30.0
3,200.0
4,200.0
5,200.0
6,198.0
7,200.0
8,200.0
9,200.0
10,200.0
11,199.0
12,200.0
13,197.0
14,50.0
15,196.0
16,199.0
17,200.0
18,200.0
19,199.0
20,90.0
21,200.0
22,200.0
23,80.0
24,172.0
25,200.0
26,200.0
27,200.0
28,200.0
29,200.0
30,200.0
31,197.0
32,199.0
33,200.0
34,120.0
35,
36,200.0
37,200.0
38,200.0
39,199.0
40,200.0
41,200.0
42,200.0
43,200.0
44,38.0
45,200.0
46,10.0
47,200.0
48,199.0
49,197.0
50,200.0
51,200.0
52,200.0
53,197.0
54,197.0
55,200.0
56,200.0
57,200.0
58,200.0
59,88.0
60,200.0
61,198.0
62,
63,200.0
64,200.0
65,200.0
66,200.0
67,140.0
68,200.0
69,200.0
70,197.0
71,197.0
72,196.0
73,200.0
74,200.0
75,200.0
76,199.0
77,197.0
78,197.0
79,182.0
80,40.0
81,200.0
82,196.0
83,198.0
84,200.0
85,200.0
86,198.0
87,108.0
88,198.0
89,199.0
90,200.0
91,200.0
92,198.0
93,190.0
94,200.0
95,200.0
96,90.0
97,200.0
98,200.0
99,200.0
100,200.0
101,200.0
102,200.0
103,
104,200.0
105,
106,199.0
107,199.0
108,196.0
109,200.0
110,140.0
111,199.0
112,198.0
113,200.0
114,199.0
115,196.0
116,10.0
117,200.0
118,
119,200.0
120,200.0
121,200.0
122,200.0
123,200.0
124,198.0
125,200.0
126,200.0
127,200.0
128,200.0
129,200.0
130,200.0
131,200.0
132,200.0
133,200.0
134,200.0
135,110.0
136,200.0
137,20.0
138,197.0
139,196.0
140,200.0
141,200.0
142,195.0
143,198.0
144,200.0
145,198.0
146,200.0
147,199.0
148,200.0
149,
150,200.0
151,197.0
152,198.0
153,200.0
154,138.0
155,198.0
156,30.0
157,60.0
158,196.0
159,
160,200.0
161,
162,196.0
163,200.0
164,200.0
165,10.0
166,200.0
167,200.0
168,200.0
169,200.0
170,10.0
171,200.0
172,199.0
173,200.0
174,200.0
175,200.0
176,147.0
177,160.0
178,150.0
179,195.0
180,200.0
181,200.0
182,200.0
183,200.0
184,199.0
185,196.0
186,200.0
187,200.0
188,196.0
189,200.0
190,199.0
191,200.0
192,
193,200.0
194,200.0
195,200.0
196,200.0
197,100.0
198,173.0
199,200.0
200,60.0
201,200.0
202,50.0
203,200.0
204,200.0
205,195.0
206,188.0
207,150.0
208,200.0
209,196.0
210,198.0
211,200.0
212,200.0
213,200.0
214,200.0
215,200.0
216,200.0
217,200.0
218,200.0
219,200.0
220,200.0
221,200.0
222,200.0
223,200.0
224,196.0
225,200.0
226,197.0
227,196.0
228,200.0
229,200.0
230,200.0
231,130.0
232,200.0
233,196.0
234,200.0
235,200.0
236,198.0
237,200.0
238,200.0
239,200.0
240,200.0
241,200.0
242,200.0
243,200.0
244,200.0
245,200.0
246,200.0
247,200.0
248,200.0
249,196.0
250,196.0
251,200.0
252,169.0
253,169.0
254,130.0
255,200.0
256,196.0
257,110.0
258,200.0
259,200.0
260,197.0
261,160.0
262,196.0
263,200.0
264,199.0
265,200.0
266,200.0
267,196.0
268,200.0
269,123.0
270,199.0
271,200.0
272,199.0
273,199.0
274,199.0
275,198.0
276,200.0
277,200.0
278,200.0
279,165.0
280,200.0
281,200.0
282,200.0
283,200.0
284,200.0
285,200.0
286,193.0
287,200.0
288,200.0
289,200.0
290,197.0
291,186.0
292,200.0
293,200.0
294,116.0
295,200.0
296,200.0
297,200.0
298,200.0
299,200.0
300,200.0
301,200.0
302,199.0
303,200.0
304,111.0
305,200.0
306,198.0
307,69.0
308,70.0
309,200.0
310,197.0
311,199.0
312,200.0
313,200.0
314,200.0
315,200.0
316,200.0
317,200.0
318,200.0
319,200.0
320,200.0
321,200.0
322,200.0
323,197.0
324,200.0
325,200.0
326,200.0
327,200.0
328,200.0
329,200.0
330,200.0
331,200.0
332,200.0
333,200.0
334,200.0
335,200.0
336,200.0
337,200.0
338,150.0
339,200.0
340,199.0
341,200.0
342,200.0
343,200.0
344,200.0
345,200.0
346,110.0
347,199.0
348,200.0
349,200.0
350,199.0
351,200.0
352,200.0
353,200.0
354,196.0
355,200.0
356,198.0
357,200.0
358,200.0
359,200.0
360,200.0
361,200.0
362,200.0
363,200.0
364,198.0
365,200.0
366,198.0
367,199.0
368,199.0
369,196.0
370,199.0
371,200.0
372,200.0
373,199.0
374,19.0
375,200.0
376,200.0
377,200.0
378,200.0
379,200.0
380,90.0
381,200.0
382,199.0
383,200.0
384,200.0
385,200.0
386,
387,69.0
388,200.0
389,200.0
390,200.0
391,200.0
392,186.0
393,200.0
394,189.0
395,200.0
396,199.0
397,200.0
398,200.0
399,200.0
400,199.0
401,
402,
403,200.0
404,200.0
405,196.0
406,200.0
407,199.0
408,
409,110.0
410,140.0
411,199.0
412,100.0
413,200.0
414,199.0
415,200.0
416,200.0
417,200.0
418,198.0
419,200.0
420,200.0
421,200.0
422,30.0
423,200.0
424,200.0
425,199.0
426,200.0
427,200.0
428,200.0
429,200.0
430,109.0
431,200.0
432,200.0
433,182.0
434,200.0
435,200.0
436,30.0
437,200.0
438,200.0
439,10.0
440,194.0
441,200.0
442,200.0
443,200.0
444,200.0
445,80.0
446,200.0
447,198.0
448,200.0
449,200.0
450,200.0
451,200.0
452,150.0
453,186.0
454,199.0
455,200.0
456,200.0
457,188.0
458,200.0
459,200.0
460,200.0
461,183.0
462,200.0
463,198.0
464,200.0
465,154.0
466,200.0
467,200.0
468,200.0
469,200.0
470,200.0
471,200.0
472,197.0
473,200.0
474,195.0
475,200.0
476,200.0
477,200.0
478,50.0
479,200.0
480,196.0
481,200.0
482,200.0
483,200.0
484,200.0
485,126.0
486,181.0
487,200.0
488,200.0
489,200.0
490,199.0
491,200.0
492,181.0
493,20.0
494,197.0
495,195.0
496,200.0
497,200.0
498,200.0
499,200.0
500,200.0
501,200.0
502,200.0
503,198.0
504,200.0
505,200.0
506,200.0
507,145.0
508,200.0
509,200.0
510,200.0
511,200.0
512,198.0
513,200.0
514,200.0
515,60.0
516,200.0
517,199.0
518,200.0
519,197.0
520,200.0
521,185.0
522,200.0
523,200.0
524,200.0
525,200.0
526,200.0
527,70.0
528,198.0
529,200.0
530,200.0
531,199.0
532,80.0
533,195.0
534,150.0
535,200.0
536,200.0
537,200.0
538,200.0
539,200.0
540,200.0
541,200.0
542,
543,198.0
544,199.0
545,199.0
546,200.0
547,200.0
548,200.0
549,198.0
550,197.0
551,200.0
552,200.0
553,200.0
554,198.0
555,199.0
556,110.0
557,140.0
558,200.0
559,200.0
560,195.0
561,199.0
562,200.0
563,200.0
564,200.0
565,200.0
566,
567,199.0
568,200.0
569,200.0
570,200.0
571,186.0
572,200.0
573,200.0
574,195.0
575,200.0
576,197.0
577,200.0
578,200.0
579,60.0
580,90.0
581,200.0
582,200.0
583,195.0
584,200.0
585,199.0
586,196.0
587,199.0
588,195.0
589,196.0
590,196.0
591,200.0
592,197.0
593,200.0
594,200.0
595,196.0
596,200.0
597,200.0
598,200.0
599,200.0
600,185.0
601,199.0
602,200.0
603,199.0
604,140.0
605,199.0
606,196.0
607,200.0
608,100.0
609,200.0
610,200.0
611,140.0
612,200.0
613,196.0
614,196.0
615,160.0
616,200.0
617,196.0
618,195.0
619,200.0
620,200.0
621,200.0
622,200.0
623,200.0
624,200.0
625,200.0
626,200.0
627,200.0
628,199.0
629,200.0
630,197.0
631,197.0
632,196.0
633,60.0
634,200.0
635,200.0
636,80.0
637,200.0
638,197.0
639,197.0
640,200.0
641,200.0
642,200.0
643,167.0
644,200.0
645,200.0
646,200.0
647,200.0
648,200.0
649,200.0
650,196.0
651,200.0
652,200.0
653,199.0
654,200.0
655,200.0
656,200.0
657,200.0
658,200.0
659,200.0
660,196.0
661,188.0
662,199.0
663,85.0
664,160.0
665,200.0
666,200.0
667,50.0
668,200.0
669,120.0
670,199.0
671,200.0
672,200.0
673,138.0
674,200.0
675,200.0
676,200.0
677,200.0
678,199.0
679,189.0
680,200.0
681,200.0
682,199.0
683,200.0
684,200.0
685,199.0
686,199.0
687,200.0
688,200.0
689,199.0
690,200.0
691,199.0
692,200.0
693,200.0
694,200.0
695,198.0
696,200.0
697,200.0
698,197.0
699,200.0
700,200.0
701,186.0
702,197.0
703,200.0
704,196.0
705,199.0
706,198.0
707,200.0
708,200.0
709,195.0
710,200.0
711,70.0
712,200.0
713,188.0
714,197.0
715,200.0
716,200.0
717,200.0
718,200.0
719,200.0
720,200.0
721,176.0
722,186.0
723,200.0
724,200.0
725,198.0
726,200.0
727,199.0
728,200.0
729,199.0
730,200.0
731,200.0
732,200.0
733,199.0
734,50.0
735,200.0
736,200.0
737,200.0
738,200.0
739,200.0
740,196.0
741,199.0
742,200.0
743,196.0
744,198.0
745,199.0
746,100.0
747,198.0
748,199.0
749,199.0
750,200.0
751,200.0
752,200.0
753,200.0
754,200.0
755,200.0
756,50.0
757,200.0
758,200.0
759,198.0
760,194.0
761,200.0
762,199.0
763,200.0
764,200.0
765,200.0
766,197.0
767,199.0
768,
769,200.0
770,198.0
771,200.0
772,200.0
773,
774,200.0
775,200.0
776,198.0
777,200.0
778,200.0
779,200.0
780,149.0
781,183.0
782,200.0
783,191.0
784,200.0
785,199.0
786,200.0
787,133.0
788,199.0
789,200.0
790,199.0
791,199.0
792,30.0
793,185.0
794,60.0
795,60.0
796,196.0
797,200.0
798,84.0
799,200.0
800,199.0
801,200.0
802,30.0
803,200.0
804,200.0
805,143.0
806,100.0
807,200.0
808,200.0
809,200.0
810,200.0
811,199.0
812,200.0
813,198.0
814,200.0
815,200.0
816,200.0
817,200.0
818,199.0
819,200.0
820,200.0
821,199.0
822,199.0
823,120.0
824,50.0
825,160.0
826,200.0
827,200.0
828,200.0
829,130.0
830,70.0
831,200.0
832,200.0
833,200.0
834,200.0
835,199.0
836,200.0
837,199.0
838,56.0
839,196.0
840,200.0
841,200.0
842,200.0
843,90.0
844,200.0
845,196.0
846,199.0
847,200.0
848,50.0
849,200.0
850,199.0
851,200.0
852,200.0
853,60.0
854,199.0
855,200.0
856,200.0
857,200.0
858,199.0
859,200.0
860,60.0
861,198.0
862,200.0
863,200.0
864,199.0
865,200.0
866,200.0
867,200.0
868,40.0
869,196.0
870,197.0
871,200.0
872,200.0
873,200.0
874,200.0
875,200.0
876,197.0
877,200.0
878,199.0
879,200.0
880,200.0
881,130.0
882,200.0
883,200.0
884,199.0
885,128.0
886,200.0
887,200.0
888,199.0
889,199.0
890,197.0
891,140.0
892,200.0
893,200.0
894,200.0
895,200.0
896,200.0
897,197.0
898,200.0
899,128.0
900,200.0
901,200.0
902,200.0
903,200.0
904,200.0
905,200.0
906,200.0
907,200.0
908,200.0
909,200.0
910,200.0
911,
912,200.0
913,198.0
914,200.0
915,200.0
916,200.0
917,197.0
918,200.0
919,200.0
920,196.0
921,200.0
922,197.0
923,200.0
924,200.0
925,
926,199.0
927,200.0
928,200.0
929,158.0
930,200.0
931,200.0
932,20.0
933,70.0
934,200.0
935,40.0
936,200.0
937,187.0
938,199.0
939,200.0
940,197.0
941,88.0
942,200.0
943,140.0
944,200.0
945,199.0
946,140.0
947,200.0
948,197.0
949,200.0
950,199.0
951,200.0
952,200.0
953,200.0
954,200.0
955,200.0
956,200.0
957,60.0
958,194.0
959,120.0
960,186.0
961,199.0
962,199.0
963,196.0
964,89.0
965,200.0
966,200.0
967,200.0
968,200.0
969,200.0
970,184.0
971,90.0
972,200.0
973,197.0
974,196.0
975,200.0
976,200.0
977,182.0
978,197.0
979,200.0
980,200.0
981,200.0
982,199.0
983,200.0
984,200.0
985,200.0
986,200.0
987,198.0
988,129.0
989,145.0
990,200.0
991,200.0
992,200.0
993,200.0
994,200.0
995,90.0
996,200.0
997,196.0
998,199.0
999,196.0
1000,195.0
1001,200.0
1002,200.0
1003,197.0
1004,20.0
1005,70.0
1006,196.0
1007,198.0
1008,200.0
1009,195.0
1010,60.0
1011,198.0
1012,200.0
1013,200.0
1014,60.0
1015,200.0
1016,199.0
1017,199.0
1018,200.0
1019,140.0
1020,200.0
1021,
1022,197.0
1023,199.0
1024,200.0
1025,200.0
1026,200.0
1027,199.0
1028,200.0
1029,50.0
1030,198.0
1031,198.0
1032,196.0
1033,10.0
1034,197.0
1035,196.0
1036,199.0
1037,200.0
1038,199.0
1039,40.0
1040,200.0
1041,200.0
1042,200.0
1043,200.0
1044,196.0
1045,197.0
1046,196.0
1047,200.0
1048,200.0
1049,200.0
1050,200.0
1051,200.0
1052,199.0
1053,200.0
1054,200.0
1055,200.0
1056,200.0
1057,200.0
1058,200.0
1059,200.0
1060,200.0
1061,130.0
1062,200.0
1063,200.0
1064,196.0
1065,200.0
1066,200.0
1067,200.0
1068,200.0
1069,200.0
1070,200.0
1071,200.0
1072,200.0
1073,199.0
1074,200.0
1075,199.0
1076,200.0
1077,200.0
1078,200.0
1079,200.0
1080,100.0
1081,200.0
1082,188.0
1083,200.0
1084,200.0
1085,200.0
1086,200.0
1087,150.0
1088,200.0
1089,200.0
1090,120.0
1091,10.0
1092,197.0
1093,200.0
1094,196.0
1095,200.0
1096,30.0
1097,196.0
1098,196.0
1099,200.0
1100,195.0
1101,200.0
1102,196.0
1103,200.0
1104,200.0
1105,200.0
1106,200.0
1107,200.0
1108,200.0
1109,20.0
1110,200.0
1111,199.0
1112,196.0
1113,200.0
1114,200.0
1115,200.0
1116,200.0
1117,200.0
1118,199.0
1119,199.0
1120,200.0
1121,84.0
1122,200.0
1123,200.0
1124,196.0
1125,196.0
1126,200.0
1127,200.0
1128,200.0
1129,200.0
1130,200.0
1131,199.0
1132,199.0
1133,200.0
1134,181.0
1135,199.0
1136,200.0
1137,
1138,
1139,200.0
1140,198.0
1141,200.0
1142,200.0
1143,200.0
1144,200.0
1145,
1146,197.0
1147,200.0
1148,199.0
1149,196.0
1150,200.0
1151,200.0
1152,200.0
1153,200.0
1154,200.0
1155,200.0
1156,200.0
1157,197.0
1158,200.0
1159,125.0
1160,200.0
1161,190.0
1162,
1163,110.0
1164,200.0
1165,198.0
1166,200.0
1167,200.0
1168,200.0
1169,200.0
1170,200.0
1171,30.0
1172,200.0
1173,70.0
1174,200.0
1175,200.0
1176,197.0
1177,200.0
1178,199.0
1179,197.0
1180,200.0
1181,200.0
1182,200.0
1183,199.0
1184,200.0
1185,200.0
1186,199.0
1187,100.0
1188,200.0
1189,200.0
1190,200.0
1191,200.0
1192,200.0
1193,181.0
1194,200.0
1195,181.0
1196,200.0
1197,199.0
1198,197.0
1199,200.0
1200,200.0
1201,200.0
1202,200.0
1203,200.0
1204,200.0
1205,200.0
1206,197.0
1207,120.0
1208,200.0
1209,200.0
1210,200.0
1211,200.0
1212,193.0
1213,200.0
1214,200.0
1215,200.0
1216,200.0
1217,200.0
1218,200.0
1219,197.0
1220,200.0
1221,197.0
1222,194.0
1223,200.0
1224,200.0
1225,199.0
1226,150.0
1227,158.0
1228,200.0
1229,29.0
1230,200.0
1231,200.0
1232,200.0
1233,200.0
1234,200.0
1235,197.0
1236,199.0
1237,200.0
1238,199.0
1239,200.0
1240,199.0
1241,200.0
1242,200.0
1243,197.0
1244,200.0
1245,200.0
1246,200.0
1247,200.0
1248,200.0
1249,200.0
1250,200.0
1251,110.0
1252,200.0
1253,190.0
1254,200.0
1255,183.0
1256,200.0
1257,199.0
1258,200.0
1259,140.0
1260,200.0
1261,200.0
1262,199.0
1263,200.0
1264,200.0
1265,200.0
1266,
1267,199.0
1268,80.0
1269,200.0
1270,50.0
1271,200.0
1272,195.0
1273,200.0
1274,200.0
1275,200.0
1276,200.0
1277,189.0
1278,200.0
1279,200.0
1280,172.0
1281,199.0
1282,199.0
1283,200.0
1284,10.0
1285,200.0
1286,182.0
1287,199.0
1288,200.0
1289,60.0
1290,197.0
1291,200.0
1292,200.0
1293,10.0
1294,200.0
1295,200.0
1296,10.0
1297,20.0
1298,200.0
1299,200.0
1300,60.0
1301,200.0
1302,200.0
1303,40.0
1304,200.0
1305,200.0
1306,200.0
1307,170.0
1308,200.0
1309,200.0
1310,200.0
1311,190.0
1312,
1313,200.0
1314,200.0
1315,200.0
1316,200.0
1317,200.0
1318,200.0
1319,10.0
1320,200.0
1321,200.0
1322,190.0
1323,200.0
1324,200.0
1325,60.0
1326,200.0
1327,196.0
1328,200.0
1329,190.0
1330,200.0
1331,200.0
1332,200.0
1333,200.0
1334,197.0
1335,200.0
1336,200.0
1337,200.0
1338,191.0
1339,140.0
1340,200.0
1341,140.0
1342,200.0
1343,200.0
1344,184.0
1345,200.0
1346,200.0
1347,200.0
1348,20.0
1349,196.0
1350,200.0
1351,200.0
1352,200.0
1353,197.0
1354,
1355,196.0
1356,200.0
1357,200.0
1358,200.0
1359,200.0
1360,200.0
1361,200.0
1362,133.0
1363,20.0
1364,200.0
1365,50.0
1366,200.0
1367,126.0
1368,200.0
1369,200.0
1370,200.0
1371,200.0
1372,200.0
1373,200.0
1374,199.0
1375,200.0
1376,200.0
1377,200.0
1378,200.0
1379,200.0
1380,197.0
1381,200.0
1382,200.0
1383,200.0
1384,200.0
1385,183.0
1386,200.0
1387,200.0
1388,200.0
1389,200.0
1390,200.0
1391,100.0
1392,200.0
1393,185.0
1394,200.0
1395,200.0
1396,200.0
1397,200.0
1398,200.0
1399,200.0
1400,199.0
1401,200.0
1402,199.0
1403,200.0
1404,200.0
1405,200.0
1406,200.0
1407,200.0
1408,200.0
1409,200.0
1410,198.0
1411,200.0
1412,200.0
1413,200.0
1414,200.0
1415,200.0
1416,110.0
1417,200.0
1418,200.0
1419,200.0
1420,200.0
1421,200.0
1422,189.0
1423,200.0
1424,48.0
1425,200.0
1426,200.0
1427,200.0
1428,200.0
1429,200.0
1430,200.0
1431,200.0
1432,200.0
1433,200.0
1434,200.0
1435,200.0
1436,200.0
1437,200.0
1438,200.0
1439,200.0
1440,200.0
1441,200.0
1442,200.0
1443,200.0
1444,200.0
1445,181.0
1446,200.0
1447,200.0
1448,200.0
1449,97.0
1450,200.0
1451,195.0
1452,200.0
1453,200.0
1454,200.0
1455,199.0
1456,200.0
1457,200.0
1458,198.0
1459,200.0
1460,200.0
1461,200.0
1462,197.0
1463,200.0
1464,60.0
1465,196.0
1466,196.0
1467,200.0
1468,200.0
1469,200.0
1470,200.0
1471,196.0
1472,199.0
1473,199.0
1474,200.0
1475,200.0
1476,199.0
1477,199.0
1478,200.0
1479,196.0
1480,196.0
1481,200.0
1482,200.0
1483,198.0
1484,200.0
1485,200.0
1486,197.0
1487,
1488,200.0
1489,200.0
1490,200.0
1491,200.0
1492,200.0
1493,198.0
1494,199.0
1495,197.0
1496,70.0
1497,200.0
1498,199.0
1499,100.0
1500,199.0
1501,200.0
1502,200.0
1503,200.0
1504,200.0
1505,196.0
1506,197.0
1507,199.0
1508,200.0
1509,200.0
1510,200.0
1511,199.0
1512,60.0
1513,200.0
1514,60.0
1515,170.0
1516,200.0
1517,40.0
1518,200.0
1519,190.0
1520,200.0
1521,200.0
1522,199.0
1523,196.0
1524,199.0
1525,199.0
1526,200.0
1527,200.0
1528,200.0
1529,200.0
1530,200.0
1531,200.0
1532,200.0
1533,200.0
1534,195.0
1535,199.0
1536,200.0
1537,196.0
1538,200.0
1539,100.0
1540,200.0
1541,10.0
1542,198.0
1543,199.0
1544,200.0
1545,189.0
1546,200.0
1547,120.0
1548,200.0
1549,200.0
1550,200.0
1551,200.0
1552,200.0
1553,200.0
1554,197.0
1555,200.0
1556,200.0
1557,200.0
1558,200.0
1559,20.0
1560,200.0
1561,200.0
1562,200.0
1563,199.0
1564,200.0
1565,199.0
1566,200.0
1567,200.0
1568,120.0
1569,200.0
1570,200.0
1571,200.0
1572,
1573,200.0
1574,197.0
1575,158.0
1576,200.0
1577,200.0
1578,30.0
1579,200.0
1580,200.0
1581,200.0
1582,100.0
1583,200.0
1584,197.0
1585,199.0
1586,200.0
1587,200.0
1588,200.0
1589,200.0
1590,200.0
1591,198.0
1592,200.0
1593,200.0
1594,200.0
1595,198.0
1596,160.0
1597,200.0
1598,90.0
1599,200.0
1600,130.0
1601,198.0
1602,196.0
1603,200.0
1604,121.0
1605,200.0
1606,60.0
1607,80.0
1608,73.0
1609,120.0
1610,199.0
1611,200.0
1612,200.0
1613,199.0
1614,181.0
1615,200.0
1616,
1617,200.0
1618,200.0
1619,200.0
1620,200.0
1621,200.0
1622,200.0
1623,199.0
1624,200.0
1625,
1626,200.0
1627,200.0
1628,200.0
1629,200.0
1630,200.0
1631,198.0
1632,200.0
1633,40.0
1634,196.0
1635,101.0
1636,200.0
1637,200.0
1638,200.0
1639,200.0
1640,200.0
1641,200.0
1642,
1643,199.0
1644,200.0
1645,50.0
1646,10.0
1647,198.0
1648,197.0
1649,197.0
1650,199.0
1651,200.0
1652,199.0
1653,200.0
1654,200.0
1655,200.0
1656,200.0
1657,30.0
1658,170.0
1659,200.0
1660,200.0
1661,197.0
1662,200.0
1663,170.0
1664,90.0
1665,200.0
1666,200.0
1667,200.0
1668,200.0
1669,200.0
1670,200.0
1671,199.0
1672,200.0
1673,200.0
1674,200.0
1675,200.0
1676,199.0
1677,200.0
1678,45.0
1679,70.0
1680,200.0
1681,199.0
1682,200.0
1683,200.0
1684,200.0
1685,199.0
1686,200.0
1687,200.0
1688,193.0
1689,200.0
1690,200.0
1691,200.0
1692,200.0
1693,
1694,200.0
1695,200.0
1696,200.0
1697,200.0
1698,200.0
1699,200.0
1700,200.0
1701,200.0
1702,200.0
1703,199.0
1704,200.0
1705,200.0
1706,200.0
1707,200.0
1708,200.0
1709,198.0
1710,200.0
1711,200.0
1712,200.0
1713,50.0
1714,198.0
1715,179.0
1716,200.0
1717,198.0
1718,200.0
1719,200.0
1720,197.0
1721,200.0
1722,200.0
1723,107.0
1724,199.0
1725,200.0
1726,80.0
1727,200.0
1728,199.0
1729,50.0
1730,200.0
1731,200.0
1732,200.0
1733,200.0
1734,130.0
1735,200.0
1736,198.0
1737,199.0
1738,200.0
1739,200.0
1740,10.0
1741,200.0
1742,200.0
1743,10.0
1744,200.0
1745,199.0
1746,200.0
1747,199.0
1748,200.0
1749,200.0
1750,200.0
1751,200.0
1752,200.0
1753,200.0
1754,200.0
1755,200.0
1756,200.0
1757,200.0
1758,200.0
1759,200.0
1760,200.0
1761,200.0
1762,200.0
1763,200.0
1764,200.0
1765,200.0
1766,200.0
1767,197.0
1768,200.0
1769,48.0
1770,199.0
1771,200.0
1772,200.0
1773,200.0
1774,199.0
1775,200.0
1776,200.0
1777,196.0
1778,200.0
1779,200.0
1780,199.0
1781,200.0
1782,199.0
1783,200.0
1784,200.0
1785,200.0
1786,200.0
1787,200.0
1788,200.0
1789,200.0
1790,199.0
1791,200.0
1792,199.0
1793,199.0
1794,200.0
1795,200.0
1796,200.0
1797,197.0
1798,50.0
1799,200.0
1800,76.0
1801,200.0
1802,200.0
1803,198.0
1804,200.0
1805,196.0
1806,197.0
1807,200.0
1808,199.0
1809,199.0
1810,200.0
1811,200.0
1812,40.0
1813,88.0
1814,199.0
1815,200.0
1816,199.0
1817,199.0
1818,200.0
1819,200.0
1820,200.0
1821,200.0
1822,200.0
1823,199.0
1824,199.0
1825,60.0
1826,
1827,199.0
1828,200.0
1829,196.0
1830,200.0
1831,89.0
1832,200.0
1833,200.0
1834,200.0
1835,200.0
1836,184.0
1837,200.0
1838,197.0
1839,160.0
1840,10.0
1841,200.0
1842,10.0
1843,197.0
1844,199.0
1845,200.0
1846,200.0
1847,190.0
1848,60.0
1849,200.0
1850,198.0
1851,197.0
1852,200.0
1853,196.0
1854,
1855,196.0
1856,199.0
1857,139.0
1858,200.0
1859,200.0
1860,200.0
1861,200.0
1862,200.0
1863,195.0
1864,200.0
1865,200.0
1866,200.0
1867,20.0
1868,200.0
1869,54.0
1870,50.0
1871,199.0
1872,199.0
1873,200.0
1874,199.0
1875,181.0
1876,200.0
1877,200.0
1878,200.0
1879,200.0
1880,200.0
1881,200.0
1882,140.0
1883,186.0
1884,199.0
1885,198.0
1886,200.0
1887,200.0
1888,40.0
1889,200.0
1890,198.0
1891,200.0
1892,200.0
1893,200.0
1894,200.0
1895,193.0
1896,200.0
1897,200.0
1898,190.0
1899,200.0
1900,200.0
1901,198.0
1902,200.0
1903,40.0
1904,200.0
1905,
1906,200.0
1907,200.0
1908,200.0
1909,200.0
1910,200.0
1911,70.0
1912,200.0
1913,200.0
1914,198.0
1915,200.0
1916,200.0
1917,39.0
1918,199.0
1919,49.0
1920,200.0
1921,200.0
1922,200.0
1923,200.0
1924,199.0
1925,200.0
1926,200.0
1927,200.0
1928,200.0
1929,196.0
1930,196.0
1931,200.0
1932,200.0
1933,200.0
1934,200.0
1935,197.0
1936,200.0
1937,200.0
1938,200.0
1939,200.0
1940,200.0
1941,10.0
1942,200.0
1943,196.0
1944,200.0
1945,200.0
1946,193.0
1947,200.0
1948,200.0
1949,200.0
1950,200.0
1951,195.0
1952,158.0
1953,200.0
1954,200.0
1955,200.0
1956,200.0
1957,200.0
1958,198.0
1959,200.0
1960,198.0
1961,200.0
1962,197.0
1963,200.0
1964,200.0
1965,200.0
1966,200.0
1967,200.0
1968,200.0
1969,198.0
1970,195.0
1971,200.0
1972,200.0
1973,200.0
1974,200.0
1975,195.0
1976,196.0
1977,200.0
1978,200.0
1979,130.0
1980,195.0
1981,200.0
1982,197.0
1983,200.0
1984,200.0
1985,196.0
1986,200.0
1987,200.0
1988,197.0
1989,200.0
1990,160.0
1991,200.0
1992,200.0
1993,200.0
1994,200.0
1995,197.0
1996,200.0
1997,200.0
1998,70.0
1999,199.0
2000,200.0
2001,200.0
2002,123.0
2003,
2004,200.0
2005,199.0
2006,40.0
2007,107.0
2008,200.0
2009,200.0
2010,198.0
2011,193.0
2012,160.0
2013,200.0
2014,200.0
2015,200.0
2016,200.0
2017,200.0
2018,200.0
2019,197.0
2020,158.0
2021,200.0
2022,200.0
2023,200.0
2024,200.0
2025,200.0
2026,184.0
2027,200.0
2028,10.0
2029,200.0
2030,
2031,200.0
2032,200.0
2033,198.0
2034,200.0
2035,200.0
2036,200.0
2037,130.0
2038,200.0
2039,200.0
2040,200.0
2041,200.0
2042,200.0
2043,200.0
2044,146.0
2045,200.0
2046,200.0
2047,200.0
2048,200.0
2049,200.0
2050,200.0
2051,199.0
2052,80.0
2053,120.0
2054,199.0
2055,20.0
2056,199.0
2057,200.0
2058,192.0
2059,191.0
2060,200.0
2061,199.0
2062,94.0
2063,200.0
2064,200.0
2065,200.0
2066,188.0
2067,200.0
2068,200.0
2069,200.0
2070,200.0
2071,200.0
2072,199.0
2073,200.0
2074,10.0
2075,120.0
2076,200.0
2077,196.0
2078,183.0
2079,200.0
2080,200.0
2081,200.0
2082,200.0
2083,168.0
2084,198.0
2085,200.0
2086,197.0
2087,200.0
2088,200.0
2089,200.0
2090,200.0
2091,200.0
2092,200.0
2093,199.0
2094,200.0
2095,200.0
2096,200.0
2097,200.0
2098,200.0
2099,200.0
2100,200.0
2101,200.0
2102,200.0
2103,200.0
2104,200.0
2105,39.0
2106,200.0
2107,200.0
2108,200.0
2109,200.0
2110,200.0
2111,185.0
2112,200.0
2113,200.0
2114,
2115,198.0
2116,200.0
2117,194.0
2118,200.0
2119,200.0
2120,200.0
2121,19.0
2122,200.0
2123,120.0
2124,200.0
2125,197.0
2126,200.0
2127,30.0
2128,199.0
2129,40.0
2130,200.0
2131,69.0
2132,200.0
2133,200.0
2134,200.0
2135,200.0
2136,189.0
2137,200.0
2138,196.0
2139,200.0
2140,200.0
2141,200.0
2142,
2143,200.0
2144,20.0
2145,182.0
2146,199.0
2147,200.0
2148,200.0
2149,120.0
2150,199.0
2151,200.0
2152,200.0
2153,200.0
2154,200.0
2155,30.0
2156,200.0
2157,200.0
2158,200.0
2159,200.0
2160,200.0
2161,60.0
2162,152.0
2163,200.0
2164,198.0
2165,150.0
2166,200.0
2167,200.0
2168,200.0
2169,196.0
2170,200.0
2171,200.0
2172,200.0
2173,200.0
2174,200.0
2175,100.0
2176,200.0
2177,200.0
2178,200.0
2179,191.0
2180,100.0
2181,199.0
2182,200.0
2183,200.0
2184,200.0
2185,200.0
2186,200.0
2187,200.0
2188,183.0
2189,200.0
2190,200.0
2191,200.0
2192,200.0
2193,200.0
2194,200.0
2195,194.0
2196,200.0
2197,191.0
2198,200.0
2199,200.0
2200,200.0
2201,200.0
2202,200.0
2203,200.0
2204,200.0
2205,200.0
2206,186.0
2207,200.0
2208,200.0
2209,200.0
2210,200.0
2211,70.0
2212,199.0
2213,199.0
2214,200.0
2215,200.0
2216,200.0
2217,200.0
2218,20.0
2219,200.0
2220,200.0
2221,199.0
2222,200.0
2223,200.0
2224,191.0
2225,200.0
2226,182.0
2227,200.0
2228,200.0
2229,200.0
2230,200.0
2231,200.0
2232,200.0
2233,20.0
2234,200.0
2235,200.0
2236,200.0
2237,185.0
2238,200.0
2239,200.0
2240,199.0
2241,185.0
2242,200.0
2243,200.0
2244,200.0
2245,20.0
2246,200.0
2247,100.0
2248,200.0
2249,200.0
2250,200.0
2251,200.0
2252,200.0
2253,199.0
2254,200.0
2255,200.0
2256,198.0
2257,200.0
2258,199.0
2259,200.0
2260,199.0
2261,180.0
2262,199.0
2263,48.0
2264,200.0
2265,200.0
2266,200.0
2267,200.0
2268,200.0
2269,200.0
2270,200.0
2271,198.0
2272,200.0
2273,200.0
2274,200.0
2275,200.0
2276,137.0
2277,198.0
2278,200.0
2279,200.0
2280,200.0
2281,200.0
2282,196.0
2283,10.0
2284,200.0
2285,199.0
2286,200.0
2287,97.0
2288,118.0
2289,191.0
2290,199.0
2291,200.0
2292,100.0
2293,200.0
2294,198.0
2295,197.0
2296,200.0
2297,
2298,200.0
2299,200.0
2300,200.0
2301,199.0
2302,200.0
2303,200.0
2304,200.0
2305,196.0
2306,200.0
2307,200.0
2308,200.0
2309,199.0
2310,199.0
2311,196.0
2312,199.0
2313,200.0
2314,200.0
2315,196.0
2316,
2317,200.0
2318,50.0
2319,200.0
2320,
2321,200.0
2322,200.0
2323,198.0
2324,200.0
2325,160.0
2326,200.0
2327,195.0
2328,40.0
2329,200.0
2330,200.0
2331,200.0
2332,200.0
2333,195.0
2334,199.0
2335,200.0
2336,200.0
2337,199.0
2338,200.0
2339,199.0
2340,197.0
2341,197.0
2342,199.0
2343,200.0
2344,200.0
2345,199.0
2346,196.0
2347,200.0
2348,200.0
2349,197.0
2350,200.0
2351,200.0
2352,196.0
2353,200.0
2354,200.0
2355,179.0
2356,197.0
2357,186.0
2358,198.0
2359,50.0
2360,200.0
2361,196.0
2362,
2363,196.0
2364,200.0
2365,200.0
2366,199.0
2367,200.0
2368,40.0
2369,200.0
2370,200.0
2371,200.0
2372,200.0
2373,198.0
2374,200.0
2375,200.0
2376,199.0
2377,200.0
2378,200.0
2379,199.0
2380,194.0
2381,198.0
2382,200.0
2383,200.0
2384,200.0
2385,200.0
2386,200.0
2387,189.0
2388,200.0
2389,198.0
2390,192.0
2391,200.0
2392,200.0
2393,200.0
2394,126.0
2395,140.0
2396,200.0
2397,200.0
2398,111.0
2399,200.0
2400,198.0
2401,200.0
2402,20.0
2403,200.0
2404,200.0
2405,200.0
2406,199.0
2407,
2408,200.0
2409,50.0
2410,
2411,200.0
2412,50.0
2413,180.0
2414,200.0
2415,198.0
2416,200.0
2417,200.0
2418,200.0
2419,200.0
2420,198.0
2421,200.0
2422,199.0
2423,120.0
2424,70.0
2425,170.0
2426,200.0
2427,200.0
2428,200.0
2429,200.0
2430,200.0
2431,200.0
2432,200.0
2433,200.0
2434,70.0
2435,199.0
2436,200.0
2437,200.0
2438,200.0
2439,200.0
2440,200.0
2441,200.0
2442,181.0
2443,200.0
2444,200.0
2445,200.0
2446,200.0
2447,200.0
2448,200.0
2449,200.0
2450,196.0
2451,199.0
2452,199.0
2453,200.0
2454,198.0
2455,200.0
2456,200.0
2457,200.0
2458,200.0
2459,200.0
2460,196.0
2461,200.0
2462,200.0
2463,200.0
2464,200.0
2465,198.0
2466,200.0
2467,200.0
2468,200.0
2469,199.0
2470,181.0
2471,200.0
2472,200.0
2473,50.0
2474,200.0
2475,200.0
2476,199.0
2477,200.0
2478,199.0
2479,200.0
2480,199.0
2481,199.0
2482,198.0
2483,58.0
2484,200.0
2485,200.0
2486,101.0
2487,200.0
2488,200.0
2489,200.0
2490,200.0
2491,200.0
2492,199.0
2493,197.0
2494,200.0
2495,200.0
2496,199.0
2497,
2498,199.0
2499,200.0
2500,10.0
2501,200.0
2502,
2503,200.0
2504,200.0
2505,198.0
2506,200.0
2507,200.0
2508,
2509,200.0
2510,200.0
2511,200.0
2512,30.0
2513,200.0
2514,198.0
2515,48.0
2516,199.0
2517,200.0
2518,199.0
2519,119.0
2520,200.0
2521,200.0
2522,200.0
2523,198.0
2524,84.0
2525,200.0
2526,196.0
2527,195.0
2528,200.0
2529,70.0
2530,200.0
2531,100.0
2532,198.0
2533,200.0
2534,200.0
2535,195.0
2536,10.0
2537,167.0
2538,200.0
2539,200.0
2540,200.0
2541,200.0
2542,30.0
2543,199.0
2544,200.0
2545,199.0
2546,200.0
2547,200.0
2548,200.0
2549,200.0
2550,68.0
2551,196.0
2552,200.0
2553,194.0
2554,200.0
2555,199.0
2556,200.0
2557,
2558,199.0
2559,200.0
2560,70.0
2561,200.0
2562,200.0
2563,200.0
2564,200.0
2565,200.0
2566,189.0
2567,200.0
2568,200.0
2569,200.0
2570,200.0
2571,56.0
2572,200.0
2573,200.0
2574,190.0
2575,200.0
2576,196.0
2577,90.0
2578,200.0
2579,200.0
2580,200.0
2581,70.0
2582,200.0
2583,200.0
2584,200.0
2585,200.0
2586,199.0
2587,199.0
2588,199.0
2589,198.0
2590,200.0
2591,200.0
2592,198.0
2593,200.0
2594,200.0
2595,200.0
2596,195.0
2597,200.0
2598,200.0
2599,200.0
2600,200.0
2601,200.0
2602,200.0
2603,199.0
2604,200.0
2605,189.0
2606,200.0
2607,110.0
2608,200.0
2609,199.0
2610,194.0
2611,200.0
2612,197.0
2613,200.0
2614,196.0
2615,200.0
2616,50.0
2617,200.0
2618,200.0
2619,199.0
2620,200.0
2621,200.0
2622,200.0
2623,200.0
2624,197.0
2625,182.0
2626,200.0
2627,200.0
2628,199.0
2629,200.0
2630,200.0
2631,200.0
2632,200.0
2633,200.0
2634,200.0
2635,200.0
2636,200.0
2637,199.0
2638,197.0
2639,200.0
2640,70.0
2641,200.0
2642,199.0
2643,40.0
2644,200.0
2645,196.0
2646,200.0
2647,100.0
2648,200.0
2649,200.0
2650,200.0
2651,186.0
2652,199.0
2653,200.0
2654,200.0
2655,197.0
2656,78.0
2657,199.0
2658,200.0
2659,200.0
2660,198.0
2661,200.0
2662,200.0
2663,200.0
2664,200.0
2665,200.0
2666,60.0
2667,200.0
2668,200.0
2669,200.0
2670,191.0
2671,192.0
2672,29.0
2673,198.0
2674,197.0
2675,197.0
2676,200.0
2677,19.0
2678,198.0
2679,198.0
2680,64.0
2681,200.0
2682,
2683,200.0
2684,200.0
2685,200.0
2686,196.0
2687,198.0
2688,80.0
2689,196.0
2690,
2691,200.0
2692,197.0
2693,10.0
2694,200.0
2695,160.0
2696,200.0
2697,197.0
2698,200.0
2699,200.0
2700,200.0
2701,196.0
2702,198.0
2703,195.0
2704,200.0
2705,200.0
2706,196.0
2707,200.0
2708,200.0
2709,198.0
2710,199.0
2711,200.0
2712,200.0
2713,138.0
2714,200.0
2715,196.0
2716,197.0
2717,200.0
2718,200.0
2719,200.0
2720,199.0
2721,49.0
2722,200.0
2723,200.0
2724,200.0
2725,198.0
2726,198.0
2727,199.0
2728,200.0
2729,153.0
2730,200.0
2731,200.0
2732,200.0
2733,192.0
2734,200.0
2735,160.0
2736,199.0
2737,150.0
2738,190.0
2739,177.0
2740,177.0
2741,199.0
2742,159.0
2743,200.0
2744,40.0
2745,150.0
2746,200.0
2747,200.0
2748,184.0
2749,196.0
2750,200.0
2751,200.0
2752,199.0
2753,200.0
2754,50.0
2755,200.0
2756,200.0
2757,199.0
2758,198.0
2759,199.0
2760,120.0
2761,200.0
2762,200.0
2763,39.0
2764,200.0
2765,200.0
2766,200.0
2767,196.0
2768,200.0
2769,200.0
2770,200.0
2771,200.0
2772,200.0
2773,200.0
2774,200.0
2775,199.0
2776,200.0
2777,200.0
2778,198.0
2779,40.0
2780,200.0
2781,199.0
2782,200.0
2783,200.0
2784,200.0
2785,200.0
2786,199.0
2787,100.0
2788,196.0
2789,200.0
2790,150.0
2791,200.0
2792,70.0
2793,196.0
2794,91.0
2795,198.0
2796,200.0
2797,200.0
2798,200.0
2799,198.0
2800,200.0
2801,199.0
2802,200.0
2803,199.0
2804,200.0
2805,200.0
2806,198.0
2807,197.0
2808,199.0
2809,200.0
2810,200.0
2811,200.0
2812,200.0
2813,196.0
2814,198.0
2815,200.0
2816,196.0
2817,200.0
2818,199.0
2819,200.0
2820,200.0
2821,196.0
2822,195.0
2823,120.0
2824,200.0
2825,198.0
2826,197.0
2827,40.0
2828,200.0
2829,200.0
2830,200.0
2831,200.0
2832,200.0
2833,200.0
2834,200.0
2835,197.0
2836,200.0
2837,200.0
2838,199.0
2839,197.0
2840,200.0
2841,200.0
2842,200.0
2843,200.0
2844,197.0
2845,200.0
2846,40.0
2847,200.0
2848,200.0
2849,200.0
2850,200.0
2851,200.0
2852,197.0
2853,200.0
2854,200.0
2855,173.0
2856,200.0
2857,190.0
2858,197.0
2859,200.0
2860,200.0
2861,184.0
2862,191.0
2863,200.0
2864,200.0
2865,199.0
2866,200.0
2867,197.0
2868,140.0
2869,200.0
2870,199.0
2871,197.0
2872,188.0
2873,200.0
2874,189.0
2875,200.0
2876,200.0
2877,200.0
2878,200.0
2879,200.0
2880,200.0
2881,199.0
2882,200.0
2883,200.0
2884,200.0
2885,200.0
2886,199.0
2887,40.0
2888,200.0
2889,200.0
2890,200.0
2891,90.0
2892,200.0
2893,200.0
2894,200.0
2895,200.0
2896,200.0
2897,200.0
2898,200.0
2899,199.0
2900,200.0
2901,200.0
2902,190.0
2903,200.0
2904,200.0
2905,200.0
2906,199.0
2907,200.0
2908,192.0
2909,200.0
2910,200.0
2911,199.0
2912,200.0
2913,200.0
2914,200.0
2915,200.0
2916,200.0
2917,199.0
2918,200.0
2919,199.0
2920,188.0
2921,193.0
2922,198.0
2923,200.0
2924,199.0
2925,196.0
2926,200.0
2927,196.0
2928,200.0
2929,200.0
2930,50.0
2931,
2932,40.0
2933,200.0
2934,196.0
2935,200.0
2936,200.0
2937,199.0
2938,158.0
2939,200.0
2940,200.0
2941,200.0
2942,200.0
2943,200.0
2944,192.0
2945,189.0
2946,200.0
2947,200.0
2948,171.0
2949,200.0
2950,30.0
2951,200.0
2952,190.0
2953,170.0
2954,200.0
2955,200.0
2956,200.0
2957,192.0
2958,199.0
2959,70.0
2960,60.0
2961,198.0
2962,200.0
2963,198.0
2964,199.0
2965,198.0
2966,194.0
2967,200.0
2968,200.0
2969,182.0
2970,200.0
2971,200.0
2972,40.0
2973,200.0
2974,200.0
2975,30.0
2976,200.0
2977,200.0
2978,200.0
2979,199.0
2980,200.0
2981,200.0
2982,196.0
2983,200.0
2984,170.0
2985,200.0
2986,200.0
2987,200.0
2988,172.0
2989,200.0
2990,140.0
2991,200.0
2992,60.0
2993,200.0
2994,100.0
2995,200.0
2996,200.0
2997,200.0
2998,200.0
2999,200.0
3000,200.0
3001,200.0
3002,200.0
3003,200.0
3004,200.0
3005,140.0
3006,200.0
3007,196.0
3008,200.0
3009,200.0
3010,200.0
3011,197.0
3012,197.0
3013,200.0
3014,128.0
3015,197.0
3016,200.0
3017,200.0
3018,200.0
3019,200.0
3020,200.0
3021,200.0
3022,200.0
3023,60.0
3024,200.0
3025,185.0
3026,198.0
3027,200.0
3028,200.0
3029,187.0
3030,200.0
3031,198.0
3032,200.0
3033,199.0
3034,200.0
3035,198.0
3036,200.0
3037,200.0
3038,200.0
3039,200.0
3040,200.0
3041,151.0
3042,200.0
3043,200.0
3044,188.0
3045,199.0
3046,151.0
3047,200.0
3048,184.0
3049,197.0
3050,200.0
3051,200.0
3052,200.0
3053,197.0
3054,200.0
3055,200.0
3056,200.0
3057,200.0
3058,200.0
3059,200.0
3060,200.0
3061,200.0
3062,190.0
3063,199.0
3064,200.0
3065,200.0
3066,200.0
3067,200.0
3068,200.0
3069,199.0
3070,200.0
3071,180.0
3072,200.0
3073,200.0
3074,200.0
3075,200.0
3076,199.0
3077,200.0
3078,200.0
3079,200.0
3080,200.0
3081,200.0
3082,198.0
3083,200.0
3084,200.0
3085,199.0
3086,200.0
3087,200.0
3088,199.0
3089,200.0
3090,200.0
3091,200.0
3092,200.0
3093,200.0
3094,200.0
3095,199.0
3096,200.0
3097,200.0
3098,200.0
3099,192.0
3100,200.0
3101,80.0
3102,200.0
3103,200.0
3104,10.0
3105,200.0
3106,200.0
3107,89.0
3108,199.0
3109,97.0
3110,200.0
3111,89.0
3112,200.0
3113,200.0
3114,198.0
3115,200.0
3116,200.0
3117,200.0
3118,200.0
3119,200.0
3120,117.0
3121,200.0
3122,200.0
3123,199.0
3124,200.0
3125,200.0
3126,20.0
3127,200.0
3128,196.0
3129,197.0
3130,200.0
3131,196.0
3132,20.0
3133,
3134,149.0
3135,200.0
3136,199.0
3137,197.0
3138,160.0
3139,200.0
3140,200.0
3141,200.0
3142,196.0
3143,200.0
3144,200.0
3145,200.0
3146,196.0
3147,200.0
3148,198.0
3149,200.0
3150,200.0
3151,200.0
3152,200.0
3153,200.0
3154,199.0
3155,200.0
3156,200.0
3157,200.0
3158,200.0
3159,197.0
3160,200.0
3161,170.0
3162,199.0
3163,200.0
3164,200.0
3165,200.0
3166,199.0
3167,200.0
3168,167.0
3169,200.0
3170,200.0
3171,200.0
3172,198.0
3173,200.0
3174,10.0
3175,200.0
3176,200.0
3177,199.0
3178,199.0
3179,197.0
3180,120.0
3181,200.0
3182,200.0
3183,200.0
3184,164.0
3185,194.0
3186,199.0
3187,200.0
3188,200.0
3189,200.0
3190,200.0
3191,30.0
3192,200.0
3193,200.0
3194,200.0
3195,199.0
3196,200.0
3197,200.0
3198,175.0
3199,200.0
3200,200.0
3201,200.0
3202,50.0
3203,200.0
3204,200.0
3205,196.0
3206,185.0
3207,200.0
3208,200.0
3209,84.0
3210,200.0
3211,200.0
3212,200.0
3213,
3214,127.0
3215,200.0
3216,199.0
3217,200.0
3218,158.0
3219,200.0
3220,200.0
3221,187.0
3222,196.0
3223,200.0
3224,200.0
3225,199.0
3226,200.0
3227,199.0
3228,200.0
3229,200.0
3230,200.0
3231,200.0
3232,197.0
3233,200.0
3234,200.0
3235,200.0
3236,200.0
3237,200.0
3238,199.0
3239,200.0
3240,200.0
3241,200.0
3242,200.0
3243,200.0
3244,200.0
3245,200.0
3246,199.0
3247,200.0
3248,200.0
3249,90.0
3250,200.0
3251,200.0
3252,200.0
3253,200.0
3254,130.0
3255,160.0
3256,200.0
3257,199.0
3258,199.0
3259,140.0
3260,142.0
3261,107.0
3262,197.0
3263,200.0
3264,200.0
3265,20.0
3266,200.0
3267,200.0
3268,199.0
3269,198.0
3270,198.0
3271,200.0
3272,200.0
3273,200.0
3274,200.0
3275,200.0
3276,199.0
3277,200.0
3278,200.0
3279,200.0
3280,197.0
3281,200.0
3282,200.0
3283,200.0
3284,200.0
3285,199.0
3286,200.0
3287,200.0
3288,10.0
3289,30.0
3290,200.0
3291,200.0
3292,200.0
3293,200.0
3294,200.0
3295,149.0
3296,200.0
3297,200.0
3298,200.0
3299,199.0
3300,200.0
3301,200.0
3302,45.0
3303,200.0
3304,200.0
3305,70.0
3306,197.0
3307,200.0
3308,200.0
3309,200.0
3310,199.0
3311,200.0
3312,199.0
3313,200.0
3314,200.0
3315,199.0
3316,200.0
3317,195.0
3318,200.0
3319,200.0
3320,200.0
3321,200.0
3322,200.0
3323,197.0
3324,200.0
3325,40.0
3326,
3327,195.0
3328,200.0
3329,200.0
3330,200.0
3331,200.0
3332,200.0
3333,200.0
3334,198.0
3335,200.0
3336,200.0
3337,200.0
3338,200.0
3339,200.0
