0,4.0
1,258.0
2,
3,14.0
4,537.0
5,32.0
6,16.0
7,21.0
8,125.0
9,537.0
10,63.0
11,493.0
12,11.0
13,
14,79.0
15,22.0
16,32.0
17,8.0
18,3.0
19,1.0
20,5.0
21,3.0
22,9.0
23,4.0
24,8.0
25,7.0
26,1.0
27,
28,3.0
29,258.0
30,32.0
31,8.0
32,11.0
33,3.0
34,17.0
35,
36,258.0
37,44.0
38,2.0
39,74.0
40,
41,148.0
42,3.0
43,37.0
44,
45,170.0
46,32.0
47,30.0
48,47.0
49,79.0
50,4.0
51,37.0
52,4.0
53,
54,111.0
55,11.0
56,56.0
57,56.0
58,2.0
59,56.0
60,
61,56.0
62,6.0
63,4.0
64,6.0
65,12.0
66,9.0
67,155.0
68,10.0
69,
70,4.0
71,44.0
72,79.0
73,15.0
74,
75,13.0
76,3.0
77,79.0
78,9.0
79,2.0
80,32.0
81,2.0
82,21.0
83,16.0
84,10.0
85,8.0
86,118.0
87,79.0
88,88.0
89,58.0
90,56.0
91,148.0
92,56.0
93,16.0
94,13.0
95,537.0
96,
97,537.0
98,11.0
99,56.0
100,2.0
101,56.0
102,1.0
103,22.0
104,
105,20.0
106,
107,79.0
108,
109,4.0
110,6.0
111,17.0
112,
113,23.0
114,3.0
115,15.0
116,3.0
117,
118,73.0
119,7.0
120,12.0
121,4.0
122,45.0
123,5.0
124,79.0
125,23.0
126,
127,35.0
128,
129,15.0
130,155.0
131,29.0
132,17.0
133,8.0
134,35.0
135,31.0
136,39.0
137,9.0
138,155.0
139,2.0
140,5.0
141,5.0
142,90.0
143,6.0
144,30.0
145,79.0
146,78.0
147,8.0
148,79.0
149,39.0
150,25.0
151,6.0
152,29.0
153,4.0
154,39.0
155,25.0
156,9.0
157,14.0
158,24.0
159,12.0
160,46.0
161,11.0
162,
163,
164,5.0
165,26.0
166,22.0
167,45.0
168,14.0
169,43.0
170,
171,79.0
172,2.0
173,13.0
174,17.0
175,36.0
176,3.0
177,21.0
178,2.0
179,7.0
180,3.0
181,33.0
182,3.0
183,10.0
184,1.0
185,29.0
186,
187,118.0
188,
189,1.0
190,2.0
191,6.0
192,1.0
193,16.0
194,19.0
195,258.0
196,
197,2.0
198,13.0
199,2.0
200,1.0
201,1.0
202,24.0
203,
204,
205,3.0
206,118.0
207,43.0
208,15.0
209,18.0
210,12.0
211,44.0
212,4.0
213,
214,2.0
215,19.0
216,
217,4.0
218,3.0
219,47.0
220,2.0
221,78.0
222,9.0
223,18.0
224,29.0
225,32.0
226,6.0
227,15.0
228,6.0
229,41.0
230,
231,155.0
232,42.0
233,13.0
234,13.0
235,5.0
236,6.0
237,10.0
238,19.0
239,10.0
240,8.0
241,6.0
242,21.0
243,79.0
244,12.0
245,22.0
246,5.0
247,42.0
248,90.0
249,5.0
250,25.0
251,12.0
252,1.0
253,43.0
254,21.0
255,8.0
256,1.0
257,29.0
258,125.0
259,5.0
260,16.0
261,36.0
262,20.0
263,23.0
264,43.0
265,
266,6.0
267,21.0
268,16.0
269,19.0
270,5.0
271,2.0
272,
273,7.0
274,36.0
275,
276,21.0
277,2.0
278,19.0
279,4.0
280,8.0
281,7.0
282,3.0
283,3.0
284,4.0
285,19.0
286,16.0
287,12.0
288,1.0
289,90.0
290,12.0
291,
292,8.0
293,36.0
294,28.0
295,1.0
296,2.0
297,493.0
298,493.0
299,2.0
300,2.0
301,1.0
302,1.0
303,7.0
304,9.0
305,3.0
306,
307,14.0
308,3.0
309,6.0
310,17.0
311,23.0
312,9.0
313,4.0
314,2.0
315,29.0
316,
317,13.0
318,13.0
319,97.0
320,17.0
321,
322,37.0
323,4.0
324,1.0
325,3.0
326,91.0
327,9.0
328,
329,
330,47.0
331,29.0
332,32.0
333,258.0
334,2.0
335,1.0
336,90.0
337,159.0
338,9.0
339,78.0
340,24.0
341,6.0
342,7.0
343,45.0
344,2.0
345,11.0
346,1.0
347,
348,170.0
349,159.0
350,26.0
351,5.0
352,1.0
353,25.0
354,
355,15.0
356,2.0
357,
358,6.0
359,14.0
360,5.0
361,24.0
362,303.0
363,44.0
364,
365,11.0
366,43.0
367,27.0
368,1.0
369,159.0
370,11.0
371,44.0
372,91.0
373,
374,
375,63.0
376,33.0
377,91.0
378,13.0
379,
380,19.0
381,15.0
382,6.0
383,4.0
384,1.0
385,26.0
386,26.0
387,1.0
388,2.0
389,3.0
390,5.0
391,18.0
392,
393,79.0
394,2.0
395,79.0
396,11.0
397,125.0
398,79.0
399,31.0
400,58.0
401,22.0
402,25.0
403,32.0
404,
405,43.0
406,46.0
407,
408,88.0
409,125.0
410,6.0
411,36.0
412,79.0
413,15.0
414,32.0
415,58.0
416,3.0
417,125.0
418,39.0
419,48.0
420,
421,4.0
422,33.0
423,148.0
424,36.0
425,537.0
426,11.0
427,79.0
428,26.0
429,1.0
430,2.0
431,26.0
432,11.0
433,11.0
434,22.0
435,13.0
436,59.0
437,36.0
438,7.0
439,159.0
440,78.0
441,79.0
442,13.0
443,21.0
444,36.0
445,4.0
446,36.0
447,5.0
448,1.0
449,88.0
450,148.0
451,5.0
452,
453,
454,9.0
455,24.0
456,8.0
457,37.0
458,58.0
459,45.0
460,
461,13.0
462,74.0
463,43.0
464,21.0
465,16.0
466,5.0
467,24.0
468,13.0
469,1.0
470,1.0
471,118.0
472,7.0
473,1.0
474,2.0
475,21.0
476,2.0
477,1.0
478,
479,303.0
480,11.0
481,12.0
482,493.0
483,1.0
484,4.0
485,
486,21.0
487,7.0
488,1.0
489,3.0
490,15.0
491,31.0
492,26.0
493,14.0
494,23.0
495,
496,
497,11.0
498,11.0
499,10.0
500,36.0
501,2.0
502,258.0
503,46.0
504,16.0
505,
506,22.0
507,4.0
508,
509,1.0
510,3.0
511,5.0
512,14.0
513,1.0
514,1.0
515,3.0
516,15.0
517,537.0
518,1.0
519,5.0
520,11.0
521,65.0
522,1.0
523,86.0
524,21.0
525,1.0
526,24.0
527,3.0
528,2.0
529,
530,2.0
531,
532,43.0
533,15.0
534,
535,4.0
536,23.0
537,10.0
538,
539,2.0
540,2.0
541,1.0
542,88.0
543,493.0
544,
545,1.0
546,
547,3.0
548,21.0
549,4.0
550,9.0
551,3.0
552,
553,38.0
554,19.0
555,27.0
556,1.0
557,1.0
558,5.0
559,2.0
560,12.0
561,
562,3.0
563,36.0
564,16.0
565,36.0
566,31.0
567,2.0
568,
569,155.0
570,97.0
571,2.0
572,493.0
573,125.0
574,9.0
575,36.0
576,21.0
577,8.0
578,21.0
579,3.0
580,155.0
581,8.0
582,4.0
583,14.0
584,79.0
585,11.0
586,21.0
587,4.0
588,44.0
589,8.0
590,170.0
591,8.0
592,9.0
593,13.0
594,3.0
595,19.0
596,11.0
597,2.0
598,44.0
599,88.0
600,78.0
601,118.0
602,155.0
603,4.0
604,8.0
605,493.0
606,47.0
607,170.0
608,
609,258.0
610,
611,11.0
612,8.0
613,47.0
614,37.0
615,79.0
616,15.0
617,11.0
618,37.0
619,78.0
620,
621,4.0
622,11.0
623,14.0
624,
625,14.0
626,21.0
627,5.0
628,32.0
629,
630,27.0
631,111.0
632,2.0
633,36.0
634,78.0
635,13.0
636,88.0
637,73.0
638,91.0
639,9.0
640,2.0
641,1.0
642,79.0
643,
644,
645,7.0
646,73.0
647,3.0
648,2.0
649,2.0
650,79.0
651,8.0
652,1.0
653,6.0
654,63.0
655,5.0
656,8.0
657,7.0
658,
659,86.0
660,44.0
661,18.0
662,1.0
663,23.0
664,22.0
665,11.0
666,35.0
667,20.0
668,16.0
669,2.0
670,4.0
671,9.0
672,13.0
673,15.0
674,2.0
675,3.0
676,159.0
677,2.0
678,3.0
679,170.0
680,3.0
681,2.0
682,56.0
683,56.0
684,79.0
685,11.0
686,79.0
687,13.0
688,
689,14.0
690,1.0
691,79.0
692,13.0
693,2.0
694,2.0
695,537.0
696,6.0
697,5.0
698,15.0
699,29.0
700,1.0
701,2.0
702,23.0
703,6.0
704,186.0
705,6.0
706,13.0
707,5.0
708,5.0
709,3.0
710,155.0
711,537.0
712,19.0
713,1.0
714,99.0
715,2.0
716,3.0
717,
718,22.0
719,6.0
720,20.0
721,79.0
722,16.0
723,58.0
724,21.0
725,16.0
726,21.0
727,24.0
728,1.0
729,79.0
730,33.0
731,12.0
732,13.0
733,493.0
734,79.0
735,79.0
736,73.0
737,10.0
738,12.0
739,16.0
740,25.0
741,36.0
742,16.0
743,
744,36.0
745,10.0
746,
747,39.0
748,3.0
749,3.0
750,79.0
751,4.0
752,90.0
753,8.0
754,11.0
755,16.0
756,
757,1.0
758,
759,
760,5.0
761,3.0
762,15.0
763,
764,1.0
765,3.0
766,4.0
767,118.0
768,
769,27.0
770,118.0
771,4.0
772,125.0
773,8.0
774,43.0
775,
776,47.0
777,7.0
778,
779,29.0
780,
781,43.0
782,1.0
783,64.0
784,6.0
785,155.0
786,
787,8.0
788,39.0
789,
790,32.0
791,91.0
792,
793,7.0
794,5.0
795,34.0
796,2.0
797,11.0
798,118.0
799,11.0
800,2.0
801,2.0
802,493.0
803,8.0
804,11.0
805,11.0
806,11.0
807,19.0
808,6.0
809,8.0
810,5.0
811,43.0
812,11.0
813,155.0
814,5.0
815,34.0
816,14.0
817,14.0
818,
819,
820,
821,4.0
822,19.0
823,155.0
824,8.0
825,6.0
826,125.0
827,5.0
828,
829,1.0
830,5.0
831,1.0
832,1.0
833,19.0
834,
835,
836,28.0
837,3.0
838,19.0
839,
840,118.0
841,12.0
842,3.0
843,
844,1.0
845,26.0
846,493.0
847,
848,25.0
849,8.0
850,2.0
851,493.0
852,1.0
853,493.0
854,36.0
855,493.0
856,1.0
857,493.0
858,4.0
859,2.0
860,79.0
861,29.0
862,
863,9.0
864,23.0
865,4.0
866,47.0
867,2.0
868,20.0
869,1.0
870,5.0
871,3.0
872,32.0
873,1.0
874,5.0
875,44.0
876,
877,36.0
878,258.0
879,90.0
880,
881,
882,79.0
883,9.0
884,44.0
885,
886,16.0
887,
888,44.0
889,36.0
890,2.0
891,15.0
892,1.0
893,36.0
894,2.0
895,16.0
896,13.0
897,47.0
898,18.0
899,
900,24.0
901,18.0
902,8.0
903,2.0
904,44.0
905,1.0
906,4.0
907,22.0
908,2.0
909,26.0
910,19.0
911,125.0
912,1.0
913,34.0
914,4.0
915,7.0
916,5.0
917,10.0
918,44.0
919,10.0
920,78.0
921,2.0
922,15.0
923,1.0
924,36.0
925,10.0
926,6.0
927,
928,58.0
929,21.0
930,6.0
931,29.0
932,12.0
933,90.0
934,36.0
935,4.0
936,7.0
937,7.0
938,44.0
939,9.0
940,258.0
941,5.0
942,
943,32.0
944,17.0
945,170.0
946,8.0
947,9.0
948,4.0
949,3.0
950,
951,79.0
952,79.0
953,9.0
954,3.0
955,4.0
956,97.0
957,43.0
958,
959,2.0
960,76.0
961,23.0
962,2.0
963,36.0
964,56.0
965,21.0
966,118.0
967,6.0
968,36.0
969,32.0
970,8.0
971,118.0
972,1.0
973,21.0
974,21.0
975,11.0
976,5.0
977,4.0
978,9.0
979,35.0
980,9.0
981,42.0
982,45.0
983,79.0
984,
985,7.0
986,7.0
987,9.0
988,3.0
989,1.0
990,19.0
991,32.0
992,10.0
993,
994,
995,56.0
996,36.0
997,155.0
998,
999,8.0
1000,170.0
1001,4.0
1002,11.0
1003,148.0
1004,2.0
1005,
1006,
1007,2.0
1008,88.0
1009,44.0
1010,7.0
1011,
1012,5.0
1013,
1014,
1015,9.0
1016,3.0
1017,1.0
1018,493.0
1019,6.0
1020,2.0
1021,31.0
1022,43.0
1023,11.0
1024,170.0
1025,125.0
1026,17.0
1027,
1028,1.0
1029,1.0
1030,79.0
1031,1.0
1032,1.0
1033,27.0
1034,
1035,
1036,2.0
1037,3.0
1038,3.0
1039,4.0
1040,32.0
1041,14.0
1042,30.0
1043,19.0
1044,8.0
1045,2.0
1046,16.0
1047,90.0
1048,6.0
1049,
1050,4.0
1051,32.0
1052,4.0
1053,2.0
1054,44.0
1055,26.0
1056,2.0
1057,36.0
1058,170.0
1059,8.0
1060,
1061,22.0
1062,58.0
1063,13.0
1064,159.0
1065,2.0
1066,
1067,44.0
1068,21.0
1069,2.0
1070,22.0
1071,
1072,16.0
1073,8.0
1074,44.0
1075,86.0
1076,43.0
1077,21.0
1078,15.0
1079,3.0
1080,37.0
1081,
1082,4.0
1083,64.0
1084,493.0
1085,170.0
1086,7.0
1087,21.0
1088,1.0
1089,10.0
1090,74.0
1091,323.0
1092,
1093,4.0
1094,21.0
1095,16.0
1096,58.0
1097,86.0
1098,86.0
1099,3.0
1100,11.0
1101,
1102,34.0
1103,
1104,4.0
1105,25.0
1106,323.0
1107,8.0
1108,148.0
1109,493.0
1110,8.0
1111,3.0
1112,32.0
1113,45.0
1114,
1115,24.0
1116,15.0
1117,11.0
1118,
1119,44.0
1120,24.0
1121,36.0
1122,17.0
1123,22.0
1124,
1125,90.0
1126,16.0
1127,13.0
1128,2.0
1129,36.0
1130,44.0
1131,7.0
1132,21.0
1133,19.0
1134,7.0
1135,32.0
1136,5.0
1137,170.0
1138,11.0
1139,2.0
1140,27.0
1141,10.0
1142,170.0
1143,8.0
1144,79.0
1145,148.0
1146,44.0
1147,90.0
1148,43.0
1149,11.0
1150,35.0
1151,57.0
1152,493.0
1153,23.0
1154,47.0
1155,37.0
1156,2.0
1157,25.0
1158,79.0
1159,21.0
1160,2.0
1161,258.0
1162,4.0
1163,8.0
1164,4.0
1165,58.0
1166,37.0
1167,170.0
1168,13.0
1169,9.0
1170,47.0
1171,22.0
1172,10.0
1173,44.0
1174,30.0
1175,4.0
1176,11.0
1177,21.0
1178,1.0
1179,16.0
1180,56.0
1181,16.0
1182,
1183,63.0
1184,1.0
1185,59.0
1186,537.0
1187,
1188,
1189,12.0
1190,
1191,5.0
1192,57.0
1193,37.0
1194,16.0
1195,90.0
1196,2.0
1197,13.0
1198,56.0
1199,537.0
1200,
1201,
1202,36.0
1203,34.0
1204,58.0
1205,170.0
1206,8.0
1207,11.0
1208,
1209,11.0
1210,25.0
1211,3.0
1212,537.0
1213,9.0
1214,36.0
1215,9.0
1216,3.0
1217,24.0
1218,43.0
1219,7.0
1220,39.0
1221,79.0
1222,73.0
1223,111.0
1224,90.0
1225,
1226,31.0
1227,23.0
1228,90.0
1229,9.0
1230,9.0
1231,24.0
1232,16.0
1233,48.0
1234,30.0
1235,41.0
1236,45.0
1237,31.0
1238,17.0
1239,170.0
1240,16.0
1241,79.0
1242,37.0
1243,13.0
1244,1.0
1245,58.0
1246,32.0
1247,6.0
1248,12.0
1249,22.0
1250,10.0
1251,38.0
1252,37.0
1253,3.0
1254,38.0
1255,323.0
1256,9.0
1257,
1258,155.0
1259,1.0
1260,2.0
1261,14.0
1262,33.0
1263,15.0
1264,28.0
1265,15.0
1266,2.0
1267,4.0
1268,5.0
1269,4.0
1270,1.0
1271,
1272,2.0
1273,5.0
1274,3.0
1275,5.0
1276,5.0
1277,33.0
1278,1.0
1279,5.0
1280,5.0
1281,16.0
1282,5.0
1283,33.0
1284,
1285,43.0
1286,43.0
1287,155.0
1288,2.0
1289,
1290,5.0
1291,10.0
1292,
1293,22.0
1294,3.0
1295,
1296,5.0
1297,4.0
1298,2.0
1299,31.0
1300,42.0
1301,
1302,
1303,21.0
1304,10.0
1305,73.0
1306,3.0
1307,1.0
1308,3.0
1309,1.0
1310,16.0
1311,64.0
1312,15.0
1313,1.0
1314,
1315,90.0
1316,88.0
1317,5.0
1318,2.0
1319,10.0
1320,64.0
1321,4.0
1322,21.0
1323,22.0
1324,
1325,3.0
1326,3.0
1327,
1328,3.0
1329,
1330,1.0
1331,62.0
1332,33.0
1333,
1334,32.0
1335,2.0
1336,21.0
1337,
1338,21.0
1339,2.0
1340,19.0
1341,1.0
1342,493.0
1343,44.0
1344,493.0
1345,16.0
1346,8.0
1347,493.0
1348,
1349,
1350,6.0
1351,5.0
1352,21.0
1353,36.0
1354,21.0
1355,71.0
1356,64.0
1357,155.0
1358,1.0
1359,2.0
1360,1.0
1361,6.0
1362,15.0
1363,44.0
1364,90.0
1365,26.0
1366,5.0
1367,32.0
1368,9.0
1369,3.0
1370,5.0
1371,9.0
1372,2.0
1373,
1374,16.0
1375,21.0
1376,10.0
1377,2.0
1378,125.0
1379,493.0
1380,7.0
1381,2.0
1382,58.0
1383,
1384,33.0
1385,22.0
1386,125.0
1387,28.0
1388,
1389,258.0
1390,22.0
1391,38.0
1392,43.0
1393,22.0
1394,25.0
1395,2.0
1396,4.0
1397,1.0
1398,2.0
1399,493.0
1400,21.0
1401,31.0
1402,44.0
1403,15.0
1404,16.0
1405,66.0
1406,44.0
1407,24.0
1408,64.0
1409,3.0
1410,2.0
1411,45.0
1412,6.0
1413,
1414,2.0
1415,79.0
1416,13.0
1417,42.0
1418,43.0
1419,36.0
1420,79.0
1421,24.0
1422,46.0
1423,
1424,3.0
1425,1.0
1426,
1427,22.0
1428,58.0
1429,9.0
1430,37.0
1431,58.0
1432,21.0
1433,37.0
1434,36.0
1435,11.0
1436,59.0
1437,54.0
1438,10.0
1439,7.0
1440,38.0
1441,20.0
1442,11.0
1443,258.0
1444,1.0
1445,11.0
1446,32.0
1447,
1448,79.0
1449,97.0
1450,9.0
1451,10.0
1452,10.0
1453,3.0
1454,5.0
1455,125.0
1456,3.0
1457,12.0
1458,18.0
1459,1.0
1460,16.0
1461,170.0
1462,64.0
1463,13.0
1464,12.0
1465,1.0
1466,1.0
1467,
1468,1.0
1469,7.0
1470,
1471,
1472,2.0
1473,6.0
1474,2.0
1475,44.0
1476,3.0
1477,
1478,4.0
1479,1.0
1480,10.0
1481,
1482,11.0
1483,91.0
1484,5.0
1485,44.0
1486,11.0
1487,7.0
1488,2.0
1489,90.0
1490,3.0
1491,258.0
1492,1.0
1493,31.0
1494,14.0
1495,16.0
1496,21.0
1497,30.0
1498,1.0
1499,12.0
1500,42.0
1501,45.0
1502,
1503,24.0
1504,5.0
1505,58.0
1506,43.0
1507,9.0
1508,6.0
1509,13.0
1510,
1511,14.0
1512,57.0
1513,
1514,10.0
1515,29.0
1516,43.0
1517,7.0
1518,91.0
1519,43.0
1520,24.0
1521,
1522,537.0
1523,1.0
1524,21.0
1525,3.0
1526,2.0
1527,19.0
1528,
1529,21.0
1530,2.0
1531,
1532,86.0
1533,6.0
1534,3.0
1535,43.0
1536,4.0
1537,9.0
1538,25.0
1539,
1540,79.0
1541,13.0
1542,3.0
1543,3.0
1544,24.0
1545,58.0
1546,1.0
1547,26.0
1548,32.0
1549,
1550,170.0
1551,3.0
1552,79.0
1553,15.0
1554,3.0
1555,27.0
1556,6.0
1557,6.0
1558,88.0
1559,1.0
1560,258.0
1561,11.0
1562,5.0
1563,
1564,2.0
1565,78.0
1566,27.0
1567,8.0
1568,25.0
1569,1.0
1570,15.0
1571,21.0
1572,7.0
1573,537.0
1574,10.0
1575,45.0
1576,
1577,10.0
1578,2.0
1579,3.0
1580,11.0
1581,
1582,2.0
1583,
1584,78.0
1585,71.0
1586,
1587,37.0
1588,18.0
1589,43.0
1590,258.0
1591,4.0
1592,21.0
1593,6.0
1594,14.0
1595,2.0
1596,19.0
1597,111.0
1598,43.0
1599,19.0
1600,46.0
1601,4.0
1602,21.0
1603,58.0
1604,493.0
1605,
1606,4.0
1607,125.0
1608,2.0
1609,45.0
1610,537.0
1611,3.0
1612,25.0
1613,3.0
1614,20.0
1615,
1616,54.0
1617,22.0
1618,6.0
1619,
1620,6.0
1621,56.0
1622,6.0
1623,
1624,1.0
1625,
1626,15.0
1627,
1628,20.0
1629,73.0
1630,
1631,56.0
1632,32.0
1633,9.0
1634,56.0
1635,2.0
1636,5.0
1637,3.0
1638,20.0
1639,23.0
1640,170.0
1641,4.0
1642,13.0
1643,
1644,537.0
1645,50.0
1646,56.0
1647,1.0
1648,23.0
1649,1.0
1650,22.0
1651,39.0
1652,537.0
1653,2.0
1654,10.0
1655,1.0
1656,
1657,
1658,6.0
1659,
1660,15.0
1661,537.0
1662,23.0
1663,9.0
1664,23.0
1665,6.0
1666,15.0
1667,23.0
1668,32.0
1669,17.0
1670,37.0
1671,63.0
1672,25.0
1673,7.0
1674,39.0
1675,15.0
1676,23.0
1677,20.0
1678,23.0
1679,3.0
1680,5.0
1681,8.0
1682,23.0
1683,
1684,5.0
1685,19.0
1686,79.0
1687,493.0
1688,17.0
1689,7.0
1690,32.0
1691,13.0
1692,34.0
1693,111.0
1694,1.0
1695,6.0
1696,21.0
1697,13.0
1698,17.0
1699,9.0
1700,111.0
1701,6.0
1702,37.0
1703,3.0
1704,29.0
1705,24.0
1706,16.0
1707,118.0
1708,1.0
1709,6.0
1710,1.0
1711,7.0
1712,3.0
1713,
1714,5.0
1715,6.0
1716,118.0
1717,2.0
1718,
1719,8.0
1720,2.0
1721,58.0
1722,15.0
1723,7.0
1724,43.0
1725,31.0
1726,74.0
1727,34.0
1728,62.0
1729,1.0
1730,17.0
1731,5.0
1732,125.0
1733,2.0
1734,91.0
1735,5.0
1736,1.0
1737,22.0
1738,15.0
1739,
1740,4.0
1741,3.0
1742,17.0
1743,31.0
1744,
1745,29.0
1746,22.0
1747,5.0
1748,1.0
1749,1.0
1750,6.0
1751,16.0
1752,
1753,
1754,155.0
1755,76.0
1756,43.0
1757,2.0
1758,
1759,47.0
1760,4.0
1761,3.0
1762,16.0
1763,16.0
1764,25.0
1765,34.0
1766,28.0
1767,19.0
1768,
1769,1.0
1770,5.0
1771,25.0
1772,16.0
1773,1.0
1774,1.0
1775,2.0
1776,170.0
1777,15.0
1778,16.0
1779,3.0
1780,493.0
1781,493.0
1782,
1783,10.0
1784,1.0
1785,2.0
1786,6.0
1787,62.0
1788,1.0
1789,4.0
1790,5.0
1791,
1792,3.0
1793,2.0
1794,68.0
1795,16.0
1796,33.0
1797,125.0
1798,40.0
1799,
1800,9.0
1801,10.0
1802,1.0
1803,36.0
1804,90.0
1805,32.0
1806,71.0
1807,99.0
1808,
1809,118.0
1810,11.0
1811,29.0
1812,44.0
1813,45.0
1814,13.0
1815,5.0
1816,3.0
1817,45.0
1818,
1819,
1820,5.0
1821,155.0
1822,15.0
1823,66.0
1824,12.0
1825,5.0
1826,39.0
1827,125.0
1828,23.0
1829,42.0
1830,90.0
1831,5.0
1832,19.0
1833,58.0
1834,3.0
1835,258.0
1836,8.0
1837,9.0
1838,2.0
1839,
1840,63.0
1841,10.0
1842,44.0
1843,21.0
1844,493.0
1845,3.0
1846,2.0
1847,
1848,36.0
1849,21.0
1850,
1851,45.0
1852,79.0
1853,11.0
1854,79.0
1855,118.0
1856,3.0
1857,493.0
1858,97.0
1859,31.0
1860,56.0
1861,88.0
1862,29.0
1863,148.0
1864,303.0
1865,46.0
1866,90.0
1867,1.0
1868,33.0
1869,32.0
1870,56.0
1871,9.0
1872,
1873,9.0
1874,9.0
1875,44.0
1876,45.0
1877,111.0
1878,3.0
1879,8.0
1880,10.0
1881,57.0
1882,16.0
1883,
1884,90.0
1885,23.0
1886,148.0
1887,2.0
1888,4.0
1889,
1890,9.0
1891,97.0
1892,5.0
1893,18.0
1894,32.0
1895,
1896,
1897,9.0
1898,
1899,97.0
1900,23.0
1901,45.0
1902,8.0
1903,6.0
1904,7.0
1905,11.0
1906,38.0
1907,
1908,170.0
1909,8.0
1910,7.0
1911,1.0
1912,3.0
1913,6.0
1914,2.0
1915,4.0
1916,17.0
1917,
1918,
1919,118.0
1920,15.0
1921,19.0
1922,90.0
1923,64.0
1924,10.0
1925,43.0
1926,44.0
1927,76.0
1928,7.0
1929,2.0
1930,2.0
1931,9.0
1932,22.0
1933,76.0
1934,11.0
1935,3.0
1936,43.0
1937,8.0
1938,43.0
1939,258.0
1940,8.0
1941,6.0
1942,21.0
1943,90.0
1944,6.0
1945,18.0
1946,6.0
1947,58.0
1948,58.0
1949,537.0
1950,11.0
1951,88.0
1952,11.0
1953,493.0
1954,64.0
1955,10.0
1956,170.0
1957,12.0
1958,3.0
