0,0
1,4
2,2
3,0
4,0
5,0
6,1
7,1
8,0
9,2
10,2
11,1
12,1
13,2
14,1
15,1
16,0
17,0
18,2
19,3
20,2
21,0
22,1
23,0
24,1
25,1
26,0
27,2
28,2
29,1
30,2
31,1
32,1
33,1
34,2
35,1
36,2
37,7
38,1
39,0
40,1
41,2
42,1
43,1
44,1
45,2
46,1
47,1
48,1
49,1
50,2
51,1
52,0
53,2
54,1
55,1
56,0
57,1
58,0
59,1
60,0
61,3
62,0
63,0
64,0
65,5
66,1
67,2
68,0
69,2
70,1
71,3
72,0
73,2
74,1
75,1
76,1
77,5
78,2
79,2
80,1
81,0
82,1
83,1
84,1
85,7
86,1
87,0
88,2
89,1
90,0
91,1
92,0
93,1
94,0
95,0
96,2
97,2
98,1
99,3
100,1
101,3
102,2
103,1
104,0
105,1
106,1
107,1
108,2
109,1
110,3
111,1
112,3
113,2
114,1
115,1
116,0
117,1
118,0
119,1
120,2
121,2
122,0
123,0
124,0
125,1
126,1
127,0
128,0
129,0
130,0
131,1
132,1
133,0
134,1
135,0
136,0
137,1
138,2
139,0
140,1
141,1
142,0
143,0
144,2
145,0
146,1
147,3
148,2
149,1
150,3
151,1
152,0
153,0
154,2
155,2
156,1
157,0
158,0
159,2
160,0
161,1
162,2
163,0
164,1
165,1
166,0
167,1
168,0
169,0
170,2
171,0
172,0
173,1
174,1
175,0
176,0
177,0
178,1
179,0
180,0
181,0
182,1
183,2
184,0
185,1
186,1
187,2
188,1
189,0
190,0
191,1
192,1
193,0
194,0
195,1
196,0
197,0
198,1
199,1
200,0
201,2
202,1
203,1
204,1
205,2
206,2
207,1
208,2
209,0
210,0
211,0
212,1
213,0
214,1
215,0
216,0
217,1
218,5
219,1
220,3
221,1
222,1
223,1
224,0
225,0
226,0
227,0
228,0
229,2
230,2
231,2
232,0
233,2
234,1
235,3
236,2
237,1
238,0
239,3
240,1
241,0
242,4
243,1
244,1
245,1
246,0
247,1
248,2
249,0
250,3
251,2
252,1
253,1
254,5
255,5
256,0
257,3
258,2
259,5
260,2
261,0
262,1
263,0
264,0
265,0
266,14
267,4
268,0
269,1
270,0
271,0
272,0
273,1
274,0
275,0
276,0
277,3
278,3
279,2
280,2
281,1
282,2
283,0
284,1
285,1
286,4
287,0
288,1
289,2
290,2
291,1
292,0
293,4
294,1
295,1
296,2
297,1
298,2
299,4
300,0
301,2
302,2
303,1
304,1
305,3
306,4
307,1
308,3
309,1
310,1
311,0
312,2
313,2
314,2
315,0
316,9
317,4
318,3
319,1
320,2
321,1
322,2
323,4
324,3
325,5
326,4
327,0
328,0
329,2
330,2
331,0
332,2
333,1
334,2
335,3
336,0
337,1
338,4
339,2
340,4
341,0
342,3
343,3
344,1
345,0
346,1
347,2
348,3
349,2
350,1
351,2
352,2
353,2
354,1
355,0
356,2
357,2
358,3
359,1
360,0
361,2
362,1
363,1
364,0
365,1
366,0
367,2
368,0
369,1
370,0
371,2
372,0
373,0
374,1
375,4
376,0
377,1
378,0
379,2
380,1
381,2
382,0
383,0
384,1
385,0
386,1
387,2
388,2
389,0
390,2
391,0
392,2
393,1
394,1
395,1
396,0
397,1
398,1
399,0
400,2
401,0
402,1
403,1
404,0
405,0
406,1
407,2
408,0
409,4
410,0
411,1
412,1
413,1
414,0
415,3
416,3
417,0
418,0
419,1
420,0
421,3
422,0
423,1
424,0
425,1
426,1
427,2
428,0
429,0
430,2
431,1
432,3
433,0
434,1
435,0
436,1
437,1
438,0
439,1
440,0
441,1
442,0
443,3
444,5
445,1
446,3
447,0
448,1
449,0
450,0
451,1
452,3
453,0
454,0
455,1
456,1
457,3
458,0
459,1
460,1
461,2
462,1
463,2
464,3
465,1
466,0
467,1
468,2
469,1
470,1
471,2
472,0
473,1
474,1
475,1
476,1
477,0
478,1
479,0
480,1
481,0
482,0
483,0
484,1
485,3
486,1
487,0
488,2
489,2
490,1
491,0
492,3
493,4
494,2
495,3
496,2
497,1
498,0
499,0
500,2
501,1
502,1
503,1
504,0
505,0
506,0
507,0
508,0
509,1
510,0
511,1
512,2
513,0
514,1
515,1
516,2
517,0
518,1
519,1
520,1
521,1
522,1
523,0
524,0
525,2
526,2
527,1
528,1
529,2
530,1
531,1
532,2
533,1
534,3
535,0
536,2
537,0
538,0
539,0
540,0
541,1
542,0
543,3
544,1
545,0
546,1
547,5
548,2
549,3
550,0
551,5
552,1
553,0
554,2
555,0
556,0
557,1
558,2
559,4
560,2
561,1
562,1
563,0
564,1
565,0
566,2
567,0
568,3
569,4
570,7
571,1
572,0
573,1
574,1
575,3
576,1
577,0
578,1
579,3
580,1
581,2
582,1
583,2
584,0
585,2
586,2
587,0
588,0
589,1
590,2
591,1
592,1
593,0
594,0
595,0
596,0
597,0
598,1
599,0
600,1
601,1
602,2
603,1
604,2
605,0
606,0
607,3
608,2
609,2
610,5
611,3
612,3
613,1
614,2
615,1
616,0
617,3
618,1
619,0
620,0
621,1
622,0
623,0
624,3
625,1
626,1
627,3
628,2
629,0
630,3
631,2
632,2
633,1
634,3
635,0
636,3
637,0
638,2
639,0
640,1
641,1
642,0
643,0
644,2
645,2
646,2
647,0
648,1
649,0
650,2
651,3
652,3
653,0
654,1
655,0
656,0
657,1
658,0
659,0
660,1
661,2
662,0
663,3
664,1
665,1
666,0
667,0
668,1
669,2
670,1
671,3
672,1
673,2
674,3
675,2
676,0
677,0
678,2
679,2
680,3
681,3
682,0
683,1
684,2
685,1
686,2
687,0
688,2
689,0
690,0
691,0
692,1
693,1
694,1
695,0
696,0
697,3
698,1
699,1
700,1
701,1
702,3
703,3
704,1
705,1
706,5
707,0
708,1
709,1
710,1
711,2
712,1
713,1
714,0
715,1
716,0
717,2
718,1
719,3
720,1
721,0
722,3
723,2
724,2
725,2
726,3
727,0
728,2
729,0
730,1
731,3
732,1
733,1
734,2
735,4
736,0
737,1
738,0
739,1
740,1
741,4
742,1
743,1
744,1
745,4
746,3
747,1
748,3
749,2
750,3
751,1
752,1
753,2
754,2
755,1
756,1
757,5
758,3
759,2
760,1
761,2
762,1
763,0
764,2
765,2
766,2
767,2
768,2
769,5
770,2
771,2
772,0
773,2
774,2
775,1
776,1
777,1
778,1
779,1
780,1
781,1
782,1
783,2
784,1
785,3
786,1
787,3
788,0
789,3
790,2
791,1
792,2
793,2
794,3
795,0
796,2
797,2
798,0
799,1
800,2
801,1
802,1
803,2
804,0
805,0
806,1
807,1
808,1
809,4
810,1
811,0
812,1
813,3
814,3
815,2
816,1
817,5
818,7
819,4
820,1
821,0
822,1
823,1
824,1
825,1
826,1
827,0
828,3
829,2
830,17
831,0
832,1
833,0
834,0
835,0
836,0
837,1
838,1
839,1
840,1
841,2
842,0
843,5
844,2
845,1
846,1
847,2
848,1
849,1
850,3
851,0
852,1
853,0
854,0
855,1
856,0
857,4
858,2
859,0
860,3
861,0
862,0
863,1
864,2
865,1
866,1
867,1
868,1
869,0
870,1
871,1
872,1
873,0
874,2
875,3
876,2
877,1
878,2
879,0
880,0
881,1
882,0
883,1
884,0
885,1
886,0
887,3
888,1
889,1
890,0
891,2
892,2
893,3
894,1
895,0
896,0
897,0
898,1
899,0
900,2
901,0
902,1
903,1
904,3
905,2
906,0
907,1
908,0
909,1
910,0
911,2
912,0
913,3
914,1
915,0
916,0
917,1
918,0
919,0
920,0
921,2
922,2
923,0
924,3
925,2
926,3
927,0
928,0
929,0
930,1
931,2
932,2
933,1
934,2
935,1
936,2
937,0
938,4
939,1
940,2
941,3
942,0
943,4
944,2
945,1
946,0
947,5
948,2
949,1
950,1
951,2
952,1
953,0
954,0
955,3
956,2
957,3
958,0
959,4
960,0
961,0
962,1
963,1
964,3
965,2
966,0
967,1
968,1
969,1
970,1
971,1
972,1
973,0
974,1
975,0
976,2
977,0
978,0
979,2
980,1
981,0
982,0
983,1
984,2
985,0
986,0
987,0
988,0
989,0
990,1
991,0
992,0
993,1
994,1
995,0
996,1
997,1
998,1
999,0
1000,1
1001,0
1002,0
1003,4
1004,8
1005,2
1006,1
1007,2
1008,3
1009,1
1010,1
1011,0
1012,2
1013,3
1014,1
1015,0
1016,2
1017,1
1018,2
1019,2
1020,3
1021,2
1022,0
1023,0
1024,2
1025,0
1026,2
1027,0
1028,1
1029,5
1030,2
1031,0
1032,0
1033,1
1034,1
1035,1
1036,2
1037,0
1038,0
1039,1
1040,0
1041,3
1042,2
1043,1
1044,1
1045,1
1046,1
1047,1
1048,2
1049,1
1050,0
1051,0
1052,1
1053,0
1054,0
1055,1
1056,1
1057,3
1058,1
1059,1
1060,1
1061,2
1062,0
1063,0
1064,1
1065,2
1066,0
1067,0
1068,0
1069,2
1070,2
1071,0
1072,1
1073,0
1074,0
1075,0
1076,0
1077,2
1078,0
1079,0
1080,0
1081,0
1082,1
1083,0
1084,1
1085,1
1086,2
1087,1
1088,0
1089,3
1090,1
1091,1
1092,1
1093,0
1094,0
1095,7
1096,0
1097,1
1098,1
1099,2
1100,0
1101,1
1102,0
1103,1
1104,0
1105,1
1106,1
1107,2
1108,1
1109,1
1110,1
1111,0
1112,2
1113,2
1114,1
1115,2
1116,0
1117,2
1118,2
1119,1
1120,2
1121,0
1122,2
1123,2
1124,1
1125,1
1126,0
1127,2
1128,0
1129,2
1130,2
1131,1
1132,1
1133,5
1134,1
1135,1
1136,2
1137,1
1138,0
1139,0
1140,0
1141,2
1142,1
1143,0
1144,0
1145,0
1146,2
1147,0
1148,1
1149,0
1150,0
1151,3
1152,4
1153,4
1154,0
1155,1
1156,1
1157,1
1158,1
1159,3
1160,3
1161,4
1162,4
1163,2
1164,4
1165,1
1166,0
1167,3
1168,0
1169,11
1170,0
1171,2
1172,2
1173,1
1174,0
1175,3
1176,4
1177,1
1178,1
1179,2
1180,2
1181,6
1182,1
1183,3
1184,1
1185,4
1186,1
1187,5
1188,1
1189,2
1190,2
1191,3
1192,3
1193,1
1194,0
1195,4
1196,0
1197,1
1198,1
1199,0
1200,0
1201,4
1202,1
1203,2
1204,1
1205,0
1206,1
1207,0
1208,2
1209,1
1210,1
1211,5
1212,1
1213,2
1214,1
1215,4
1216,1
1217,0
1218,3
1219,1
1220,3
1221,2
1222,3
1223,2
1224,0
1225,0
1226,1
1227,1
1228,3
1229,3
1230,0
1231,2
1232,2
1233,1
1234,1
1235,1
1236,0
1237,1
1238,0
1239,2
1240,0
1241,2
1242,2
1243,0
1244,1
1245,4
1246,3
1247,3
1248,0
1249,1
1250,1
1251,1
1252,2
1253,1
1254,1
1255,0
1256,1
1257,0
1258,3
1259,2
1260,1
1261,0
1262,0
1263,0
1264,0
1265,1
1266,1
1267,0
1268,1
1269,3
1270,5
1271,1
1272,0
1273,1
1274,0
1275,1
1276,2
1277,1
1278,1
1279,2
1280,3
1281,1
1282,4
1283,1
1284,0
1285,0
1286,2
1287,0
1288,0
1289,2
1290,0
1291,1
1292,1
1293,2
1294,0
1295,1
1296,1
1297,5
1298,1
1299,0
1300,4
1301,0
1302,2
1303,1
1304,2
1305,1
1306,1
1307,0
1308,0
1309,3
1310,1
1311,3
1312,0
1313,1
1314,0
1315,0
1316,0
1317,4
1318,0
1319,0
1320,1
1321,0
1322,1
1323,0
1324,0
1325,1
1326,0
1327,0
1328,0
1329,14
1330,2
1331,0
1332,3
1333,1
1334,1
1335,0
1336,0
1337,0
1338,2
1339,2
1340,3
1341,0
1342,0
1343,0
1344,1
1345,0
1346,3
1347,1
1348,2
1349,1
1350,2
1351,1
1352,1
1353,2
1354,3
1355,2
1356,3
1357,1
1358,3
1359,1
1360,2
1361,0
1362,3
1363,1
1364,0
1365,1
1366,1
1367,3
1368,1
1369,1
1370,1
1371,1
1372,1
1373,4
1374,1
1375,0
1376,3
1377,1
1378,2
1379,0
1380,2
1381,1
1382,2
1383,0
1384,2
1385,2
1386,0
1387,2
1388,0
1389,0
1390,0
1391,1
1392,0
1393,0
1394,2
1395,3
1396,0
1397,0
1398,0
1399,2
1400,0
1401,0
1402,0
1403,4
1404,2
1405,2
1406,1
1407,1
1408,0
1409,0
1410,1
1411,2
1412,1
1413,0
1414,2
1415,4
1416,1
1417,1
1418,1
1419,4
1420,3
1421,1
1422,1
1423,4
1424,2
1425,2
1426,0
1427,3
1428,0
1429,0
1430,0
1431,0
1432,2
1433,5
1434,0
1435,1
1436,1
1437,1
1438,0
1439,1
1440,2
1441,1
1442,1
1443,2
1444,2
1445,3
1446,2
1447,5
1448,7
1449,1
1450,1
1451,1
1452,1
1453,0
1454,0
1455,0
1456,0
1457,1
1458,3
1459,1
1460,0
1461,1
1462,1
1463,1
1464,1
1465,1
1466,1
1467,2
1468,2
1469,3
1470,1
1471,0
1472,0
1473,0
1474,1
1475,0
1476,2
1477,1
1478,2
1479,3
1480,1
1481,3
1482,2
1483,1
1484,0
1485,1
1486,2
1487,2
1488,2
1489,1
1490,1
1491,2
1492,4
1493,2
1494,1
1495,0
1496,1
1497,1
1498,2
1499,2
1500,2
1501,2
1502,2
1503,1
1504,2
1505,1
1506,2
1507,2
1508,3
1509,0
1510,1
1511,2
1512,0
1513,1
1514,0
1515,2
1516,1
1517,1
1518,2
1519,0
1520,1
1521,1
1522,2
1523,1
1524,0
1525,1
1526,2
1527,2
1528,1
1529,2
1530,0
1531,3
1532,1
1533,1
1534,0
1535,0
1536,1
1537,1
1538,2
1539,2
1540,1
1541,2
1542,2
1543,5
1544,0
1545,2
1546,0
1547,2
1548,2
1549,0
1550,0
1551,0
1552,0
1553,0
1554,1
1555,1
1556,3
1557,2
1558,3
1559,2
1560,3
1561,3
1562,4
1563,2
1564,2
1565,0
1566,1
1567,1
1568,1
1569,2
1570,1
1571,1
1572,3
1573,5
1574,3
1575,3
1576,2
1577,1
1578,2
1579,4
1580,4
1581,1
1582,5
1583,4
1584,2
1585,0
1586,1
1587,1
1588,0
1589,2
1590,1
1591,3
1592,3
1593,2
1594,2
1595,1
1596,1
1597,0
1598,1
1599,2
1600,0
1601,3
1602,2
1603,0
1604,0
1605,1
1606,1
1607,1
1608,7
1609,1
1610,1
1611,3
1612,5
1613,1
1614,2
1615,3
1616,1
1617,0
1618,2
1619,1
1620,1
1621,0
1622,0
1623,0
1624,3
1625,1
1626,2
1627,1
1628,3
1629,2
1630,2
1631,2
1632,3
1633,1
1634,4
1635,3
1636,2
1637,2
1638,1
1639,0
1640,2
1641,1
1642,2
1643,0
1644,0
1645,2
1646,3
1647,2
1648,0
1649,2
1650,2
1651,4
1652,2
1653,0
1654,0
1655,4
1656,4
1657,1
1658,2
1659,2
1660,2
1661,1
1662,3
1663,2
1664,2
1665,2
1666,0
1667,2
1668,3
1669,2
1670,3
1671,1
1672,3
1673,2
1674,0
1675,0
1676,0
1677,1
1678,2
1679,2
1680,4
1681,1
1682,0
1683,1
1684,2
1685,0
1686,1
1687,0
1688,0
1689,1
1690,1
1691,2
1692,3
1693,0
1694,4
1695,1
1696,0
1697,1
1698,0
1699,0
1700,0
1701,0
1702,1
1703,1
1704,0
1705,4
1706,0
1707,1
1708,2
1709,3
1710,2
1711,1
1712,0
1713,2
1714,1
1715,4
1716,2
1717,1
1718,1
1719,1
1720,1
1721,1
1722,1
1723,1
1724,2
1725,1
1726,1
1727,1
1728,0
1729,0
1730,0
1731,1
1732,0
1733,2
1734,1
1735,1
1736,1
1737,0
1738,0
1739,1
1740,0
1741,0
1742,0
1743,1
1744,0
1745,1
1746,2
1747,0
1748,1
1749,1
1750,2
1751,0
1752,1
1753,2
1754,2
1755,0
1756,2
1757,0
1758,0
1759,1
1760,0
1761,1
1762,1
1763,1
1764,1
1765,1
1766,0
1767,1
1768,0
1769,3
1770,1
1771,2
1772,1
1773,1
1774,0
1775,1
1776,1
1777,0
1778,2
1779,3
1780,1
1781,0
1782,0
1783,2
1784,0
1785,0
1786,0
1787,1
1788,3
1789,1
1790,2
1791,0
1792,0
1793,1
1794,0
1795,1
1796,1
1797,1
1798,1
1799,1
1800,4
1801,4
1802,2
1803,3
1804,0
1805,1
1806,0
1807,2
1808,0
1809,0
1810,2
1811,1
1812,1
1813,3
1814,4
1815,3
1816,1
1817,0
1818,1
1819,3
1820,1
1821,1
1822,0
1823,3
1824,3
1825,3
1826,1
1827,1
1828,2
1829,1
1830,1
1831,3
1832,4
1833,1
1834,1
1835,7
1836,1
1837,1
1838,1
1839,0
1840,0
1841,1
1842,0
1843,0
1844,1
1845,1
1846,1
1847,2
1848,0
1849,2
1850,1
1851,1
1852,0
1853,1
1854,0
1855,0
1856,0
1857,2
1858,0
1859,2
1860,2
1861,1
1862,0
1863,0
1864,2
1865,2
1866,2
1867,0
1868,2
1869,1
1870,2
1871,2
1872,3
1873,1
1874,1
1875,1
1876,0
1877,3
1878,0
1879,2
1880,0
1881,1
1882,2
1883,3
1884,2
1885,3
1886,1
1887,2
1888,2
1889,2
1890,1
1891,2
1892,1
1893,0
1894,0
1895,2
1896,2
1897,0
1898,1
1899,0
1900,0
1901,1
1902,0
1903,1
1904,0
1905,0
1906,3
1907,4
1908,0
1909,1
1910,0
1911,1
1912,0
1913,2
1914,0
1915,0
1916,1
1917,2
1918,1
1919,2
1920,0
1921,1
1922,2
1923,1
1924,1
1925,2
1926,0
1927,1
1928,0
1929,1
1930,1
1931,2
1932,1
1933,1
1934,1
1935,0
1936,0
1937,3
1938,0
1939,1
1940,0
1941,1
1942,0
1943,0
1944,5
1945,2
1946,0
1947,0
1948,2
1949,0
1950,3
1951,0
1952,0
1953,1
1954,1
1955,2
1956,0
1957,1
1958,0
1959,3
1960,2
1961,2
1962,1
1963,2
1964,0
1965,4
1966,0
1967,1
1968,1
1969,0
1970,3
1971,0
1972,1
1973,2
1974,2
1975,3
1976,1
1977,1
1978,1
1979,1
1980,3
1981,4
1982,2
1983,2
1984,1
1985,0
1986,1
1987,2
1988,4
1989,2
1990,2
1991,3
1992,0
1993,2
1994,1
1995,0
1996,1
1997,3
1998,1
1999,0
2000,0
2001,4
2002,1
2003,0
2004,0
2005,0
2006,2
2007,2
2008,3
2009,2
2010,1
2011,0
2012,1
2013,4
2014,1
2015,2
2016,2
2017,2
2018,3
2019,2
2020,1
2021,3
2022,0
2023,2
2024,1
2025,3
2026,1
2027,2
2028,2
2029,1
2030,1
2031,2
2032,1
2033,4
2034,4
2035,0
2036,0
2037,1
2038,1
2039,3
2040,1
2041,2
2042,0
2043,2
2044,1
2045,0
2046,1
2047,1
2048,1
2049,1
2050,3
2051,0
2052,0
2053,0
2054,2
2055,2
2056,0
2057,1
2058,1
2059,3
2060,4
2061,0
2062,3
2063,2
2064,1
2065,0
2066,0
2067,1
2068,1
2069,1
2070,2
2071,0
2072,2
2073,3
2074,0
2075,2
2076,1
2077,1
2078,3
2079,2
2080,3
2081,1
2082,2
2083,3
2084,1
2085,0
2086,2
2087,1
2088,0
2089,1
2090,0
2091,0
2092,5
2093,2
2094,2
2095,0
2096,0
2097,1
2098,2
2099,0
2100,2
2101,1
2102,4
2103,1
2104,4
2105,3
2106,1
2107,1
2108,2
2109,2
2110,0
2111,1
2112,0
2113,1
2114,1
2115,0
2116,2
2117,2
2118,3
2119,3
2120,0
2121,1
2122,0
2123,0
2124,1
2125,0
2126,1
2127,1
2128,0
2129,1
2130,0
2131,2
2132,2
2133,1
2134,1
2135,2
2136,1
2137,0
2138,2
2139,0
2140,0
2141,1
2142,3
2143,0
2144,0
2145,2
2146,0
2147,1
2148,3
2149,0
2150,0
2151,4
2152,3
2153,0
2154,0
2155,0
2156,4
2157,0
2158,3
2159,3
2160,0
2161,2
2162,1
2163,0
2164,0
2165,1
2166,1
2167,1
2168,0
2169,1
2170,0
2171,3
2172,0
2173,0
2174,0
2175,0
2176,1
2177,2
2178,0
2179,0
2180,1
2181,2
2182,2
2183,3
2184,1
2185,3
2186,1
2187,1
2188,2
2189,0
2190,0
2191,0
2192,4
2193,1
2194,1
2195,1
2196,0
2197,2
2198,0
2199,2
2200,3
2201,1
2202,0
2203,0
2204,1
2205,0
2206,1
2207,2
2208,0
2209,2
2210,1
2211,3
2212,1
2213,1
2214,0
2215,0
2216,0
2217,1
2218,6
2219,0
2220,3
2221,1
2222,2
2223,0
2224,1
2225,1
2226,1
2227,2
2228,2
2229,1
2230,1
2231,1
2232,1
2233,1
2234,12
2235,0
2236,0
2237,1
2238,2
2239,2
2240,1
2241,1
2242,0
2243,2
2244,1
2245,2
2246,0
2247,1
2248,0
2249,0
2250,2
2251,3
2252,0
2253,0
2254,1
2255,1
2256,0
2257,1
2258,0
2259,1
2260,0
2261,0
2262,0
2263,2
2264,0
2265,1
2266,3
2267,0
2268,5
2269,0
2270,1
2271,2
2272,3
2273,0
2274,0
2275,1
2276,1
2277,2
2278,2
2279,1
2280,1
2281,2
2282,0
2283,2
2284,1
2285,0
2286,0
2287,1
2288,4
2289,1
2290,2
2291,3
2292,1
2293,1
2294,3
2295,1
2296,2
2297,1
2298,2
2299,1
2300,1
2301,2
2302,3
2303,1
2304,1
2305,4
2306,2
2307,2
2308,0
2309,1
2310,1
2311,1
2312,0
2313,1
2314,2
2315,1
2316,2
2317,2
2318,3
2319,1
2320,1
2321,0
2322,2
2323,1
2324,3
2325,1
2326,0
2327,0
2328,4
2329,0
2330,1
2331,0
2332,3
2333,1
2334,0
2335,1
2336,0
2337,2
2338,3
2339,3
2340,2
2341,2
2342,2
2343,1
2344,4
2345,3
2346,0
2347,1
2348,3
2349,2
2350,1
2351,0
2352,1
2353,0
2354,0
2355,1
2356,1
2357,1
2358,2
2359,1
2360,1
2361,0
2362,1
2363,2
2364,1
2365,1
2366,0
2367,0
2368,1
2369,2
2370,1
2371,3
2372,0
2373,1
2374,0
2375,0
2376,1
2377,0
2378,0
2379,1
2380,1
2381,1
2382,0
2383,1
2384,1
2385,0
2386,1
2387,2
2388,3
2389,4
2390,1
2391,2
2392,1
2393,1
2394,1
2395,2
2396,3
2397,3
2398,1
2399,11
2400,2
2401,1
2402,0
2403,3
2404,5
2405,2
2406,2
2407,1
2408,6
2409,2
2410,0
2411,0
2412,1
2413,2
2414,2
2415,2
2416,1
2417,1
2418,1
2419,1
2420,5
2421,3
2422,1
2423,1
2424,1
2425,1
2426,4
2427,1
2428,1
2429,1
2430,1
2431,2
2432,1
2433,4
2434,2
2435,0
2436,1
2437,3
2438,1
2439,1
2440,3
2441,0
2442,3
2443,1
2444,0
2445,1
2446,3
2447,0
2448,0
2449,4
2450,2
2451,0
2452,3
2453,2
2454,1
2455,4
2456,0
2457,0
2458,4
2459,6
2460,1
2461,0
2462,4
2463,1
2464,0
2465,1
2466,3
2467,1
2468,1
2469,1
2470,3
2471,1
2472,1
2473,2
2474,0
2475,3
2476,0
2477,2
2478,1
2479,0
2480,1
2481,1
2482,0
2483,3
2484,4
2485,0
2486,3
2487,1
2488,3
2489,2
2490,2
2491,1
2492,0
2493,2
2494,2
2495,1
2496,2
2497,2
2498,0
2499,2
2500,3
2501,2
2502,2
2503,0
2504,3
2505,0
2506,1
2507,1
2508,2
2509,0
2510,0
2511,0
2512,3
2513,0
2514,1
2515,0
2516,2
2517,2
2518,0
2519,0
2520,2
2521,2
2522,1
2523,2
2524,0
2525,2
2526,2
2527,1
2528,0
2529,1
2530,0
2531,1
2532,0
2533,0
2534,1
2535,1
2536,0
2537,0
2538,3
2539,2
2540,1
2541,3
2542,3
2543,1
2544,0
2545,2
2546,5
2547,1
2548,4
2549,1
2550,2
2551,1
2552,0
2553,2
2554,1
2555,1
2556,0
2557,1
2558,2
2559,0
2560,17
2561,0
2562,5
2563,1
2564,2
2565,0
2566,2
2567,0
2568,1
2569,1
2570,1
2571,1
2572,1
2573,1
2574,1
2575,1
2576,1
2577,5
2578,0
2579,1
2580,0
2581,1
2582,0
2583,0
2584,0
2585,4
2586,2
2587,1
2588,2
2589,4
2590,2
2591,1
2592,0
2593,0
2594,1
2595,1
2596,0
2597,2
2598,0
2599,1
2600,1
2601,2
2602,3
2603,0
2604,1
2605,1
2606,3
2607,1
2608,1
2609,0
2610,0
2611,0
2612,1
2613,3
2614,1
2615,1
2616,1
2617,0
2618,1
2619,1
2620,1
2621,1
2622,1
2623,0
2624,0
2625,1
2626,0
2627,1
2628,2
2629,1
2630,2
2631,1
2632,2
2633,1
2634,2
2635,1
2636,1
2637,0
2638,1
2639,0
2640,1
2641,0
2642,1
2643,1
2644,1
2645,0
2646,1
2647,3
2648,0
2649,1
2650,4
2651,4
2652,1
2653,3
2654,1
2655,2
2656,3
2657,0
2658,1
2659,0
2660,1
2661,2
2662,2
2663,0
2664,3
2665,3
2666,0
2667,1
2668,0
2669,0
2670,0
2671,1
2672,0
2673,1
2674,1
2675,0
2676,1
2677,3
2678,1
2679,0
2680,1
2681,0
2682,0
2683,0
2684,2
2685,0
2686,0
2687,0
2688,1
2689,2
2690,1
2691,4
2692,1
2693,0
2694,1
2695,4
2696,0
2697,0
2698,1
2699,0
2700,0
2701,0
2702,1
2703,0
2704,2
2705,2
2706,0
2707,3
2708,2
2709,0
2710,3
2711,3
2712,3
2713,3
2714,0
2715,1
2716,2
2717,1
2718,0
2719,0
2720,3
2721,1
2722,0
2723,1
2724,2
2725,0
2726,0
2727,1
2728,2
2729,1
2730,0
2731,0
2732,1
2733,0
2734,1
2735,1
2736,0
2737,3
2738,0
2739,0
2740,0
2741,0
2742,1
2743,0
2744,1
2745,1
2746,0
2747,0
2748,1
2749,1
2750,1
2751,0
2752,1
2753,0
2754,0
2755,0
2756,0
2757,0
2758,1
2759,1
2760,1
2761,2
2762,1
2763,2
2764,1
2765,0
2766,1
2767,1
2768,0
2769,1
2770,0
2771,0
2772,0
2773,0
2774,0
2775,1
2776,2
2777,1
2778,0
2779,0
2780,0
2781,1
2782,2
2783,1
2784,0
2785,2
2786,0
2787,0
2788,1
2789,1
2790,1
2791,2
2792,0
2793,2
2794,0
2795,0
2796,0
2797,1
2798,2
2799,0
2800,0
2801,4
2802,0
2803,0
2804,1
2805,1
2806,2
2807,2
2808,2
2809,0
2810,1
2811,1
2812,2
2813,2
2814,2
2815,2
2816,0
2817,3
2818,1
2819,0
2820,2
2821,0
2822,0
2823,0
2824,4
2825,0
2826,3
2827,2
2828,3
2829,1
2830,0
2831,2
2832,1
2833,5
2834,1
2835,1
2836,1
2837,1
2838,1
2839,2
2840,1
2841,1
2842,0
2843,0
2844,2
2845,0
2846,2
2847,2
2848,0
2849,3
2850,0
2851,3
2852,0
2853,1
2854,4
2855,2
2856,2
2857,4
2858,3
2859,0
2860,0
2861,2
2862,3
2863,2
2864,1
2865,1
2866,4
2867,5
2868,2
2869,5
2870,1
2871,1
2872,2
2873,4
2874,0
2875,0
2876,3
2877,2
2878,1
2879,0
2880,0
2881,1
2882,1
2883,3
2884,0
2885,4
2886,1
2887,2
2888,0
2889,1
2890,0
2891,0
2892,0
2893,0
2894,1
2895,5
2896,0
2897,2
2898,1
2899,5
2900,1
2901,3
2902,2
2903,1
2904,2
2905,4
2906,1
2907,2
2908,1
2909,1
2910,2
2911,1
2912,1
2913,1
2914,4
2915,3
2916,1
2917,3
2918,3
2919,1
2920,2
2921,2
2922,1
2923,0
2924,0
2925,0
2926,1
2927,0
2928,0
2929,0
2930,1
2931,0
2932,2
2933,1
2934,0
2935,1
2936,2
2937,2
2938,0
2939,1
2940,2
2941,1
2942,2
2943,1
2944,2
2945,1
2946,0
2947,0
2948,1
2949,0
2950,2
2951,0
2952,1
2953,0
2954,1
2955,1
2956,0
2957,2
2958,0
2959,2
2960,1
2961,2
2962,0
2963,0
2964,0
2965,0
2966,1
2967,2
2968,1
2969,0
2970,0
2971,2
2972,2
2973,2
2974,0
2975,0
2976,0
2977,1
2978,0
2979,4
2980,1
2981,0
2982,1
2983,0
2984,0
2985,2
2986,0
2987,0
2988,0
2989,0
2990,0
2991,0
2992,1
2993,0
2994,1
2995,13
2996,1
2997,2
2998,1
2999,1
3000,1
3001,1
3002,2
3003,0
3004,3
3005,2
3006,1
3007,1
3008,0
3009,3
3010,1
3011,0
3012,1
3013,3
3014,1
3015,1
3016,2
3017,1
3018,1
3019,1
3020,0
3021,3
3022,1
3023,1
3024,4
3025,1
3026,2
3027,0
3028,1
3029,2
3030,1
3031,1
3032,0
3033,1
3034,0
3035,1
3036,2
3037,1
3038,2
3039,0
3040,0
3041,1
3042,0
3043,1
3044,2
3045,1
3046,1
3047,0
3048,4
3049,2
3050,2
3051,1
3052,0
3053,0
3054,4
3055,0
3056,2
3057,2
3058,0
3059,0
3060,1
3061,2
3062,0
3063,1
3064,2
3065,0
3066,0
3067,0
3068,1
3069,1
3070,4
3071,0
3072,0
3073,0
3074,3
3075,0
3076,0
3077,0
3078,1
3079,0
3080,0
3081,3
3082,0
3083,1
3084,0
3085,1
3086,2
3087,1
3088,0
3089,1
3090,0
3091,2
3092,2
3093,1
3094,1
3095,0
3096,1
3097,2
3098,1
3099,1
3100,1
3101,3
3102,1
3103,1
3104,2
3105,1
3106,2
3107,2
3108,1
3109,1
3110,2
3111,2
3112,4
3113,2
3114,3
3115,1
3116,2
3117,0
3118,3
3119,1
3120,0
3121,0
3122,0
3123,1
3124,0
3125,0
3126,1
3127,1
3128,0
3129,0
3130,0
3131,0
3132,2
3133,2
3134,1
3135,2
3136,0
3137,3
3138,2
3139,1
3140,0
3141,1
3142,2
3143,3
3144,1
3145,3
3146,3
3147,2
3148,1
3149,0
3150,1
3151,1
3152,2
3153,2
3154,2
3155,1
3156,3
3157,7
3158,1
3159,0
3160,0
3161,2
3162,0
3163,0
3164,1
3165,2
3166,1
3167,1
3168,0
3169,0
3170,1
3171,2
3172,1
3173,1
3174,1
3175,1
3176,1
3177,1
3178,2
3179,0
3180,1
3181,1
3182,1
3183,1
3184,0
3185,1
3186,0
3187,0
3188,1
3189,2
3190,3
3191,3
3192,0
3193,1
3194,0
3195,0
3196,2
3197,0
3198,1
3199,2
3200,2
3201,1
3202,2
3203,3
3204,1
3205,1
3206,1
3207,1
3208,1
3209,0
3210,0
3211,1
3212,1
3213,1
3214,1
3215,1
3216,1
3217,1
3218,3
3219,1
3220,3
3221,4
3222,1
3223,1
3224,0
3225,1
3226,1
3227,0
3228,1
3229,2
3230,1
3231,1
3232,2
3233,1
3234,1
3235,1
3236,3
3237,3
3238,0
3239,0
3240,2
3241,1
3242,2
3243,2
3244,0
3245,1
3246,1
3247,5
3248,0
3249,1
3250,1
3251,0
3252,0
3253,1
3254,1
3255,2
3256,0
3257,1
3258,4
3259,4
3260,5
3261,1
3262,2
3263,1
3264,3
3265,1
3266,0
3267,2
3268,1
3269,3
3270,3
3271,2
3272,2
3273,3
3274,5
3275,0
3276,1
3277,5
3278,2
3279,1
3280,0
3281,3
3282,3
3283,2
3284,2
3285,0
3286,1
3287,2
3288,3
3289,1
3290,0
3291,0
3292,2
3293,1
3294,2
3295,1
3296,0
3297,1
3298,2
3299,0
3300,1
3301,2
3302,2
3303,0
3304,5
3305,2
3306,1
3307,1
3308,5
3309,1
3310,1
3311,1
3312,4
3313,1
3314,2
3315,1
3316,0
3317,1
3318,0
3319,0
3320,1
3321,0
3322,1
3323,1
3324,0
3325,1
3326,0
3327,1
3328,3
3329,5
3330,0
3331,2
3332,0
3333,1
3334,3
3335,2
3336,4
3337,1
3338,3
3339,1
