0,68
1,177
2,189
3,47
4,105
5,110
6,234
7,247
8,177
9,267
10,217
11,149
12,195
13,122
14,111
15,75
16,123
17,59
18,104
19,275
20,240
21,326
22,111
23,209
24,91
25,179
26,210
27,24
28,65
29,135
30,130
31,148
32,102
33,249
34,264
35,43
36,40
37,206
38,105
39,289
40,240
41,28
42,91
43,249
44,198
45,41
46,150
47,261
48,58
49,60
50,238
51,93
52,104
53,133
54,73
55,160
56,210
57,158
58,146
59,52
60,137
61,77
62,239
63,276
64,157
65,104
66,170
67,182
68,116
69,253
70,213
71,234
72,163
73,235
74,304
75,75
76,104
77,41
78,19
79,249
80,197
81,229
82,203
83,219
84,257
85,194
86,65
87,120
88,285
89,155
90,189
91,66
92,73
93,197
94,99
95,212
96,269
97,257
98,168
99,144
100,187
101,126
102,137
103,135
104,60
105,60
106,37
107,242
108,270
109,91
110,104
111,239
112,216
113,160
114,175
115,169
116,251
117,137
118,205
119,260
120,101
121,21
122,169
123,195
124,249
125,116
126,102
127,137
128,115
129,139
130,267
131,22
132,170
133,115
134,199
135,36
136,286
137,240
138,27
139,136
140,274
141,274
142,28
143,164
144,148
145,70
146,54
147,68
148,41
149,126
150,296
151,93
152,158
153,78
154,196
155,214
156,118
157,142
158,159
159,141
160,231
161,211
162,165
163,124
164,89
165,53
166,22
167,256
168,81
169,93
170,87
171,147
172,158
173,177
174,125
175,216
176,267
177,92
178,35
179,173
180,247
181,177
182,198
183,176
184,282
185,162
186,35
187,216
188,137
189,22
190,71
191,249
192,146
193,93
194,89
195,130
196,142
197,141
198,143
199,167
200,112
201,301
202,163
203,138
204,261
205,185
206,190
207,150
208,205
209,284
210,128
211,108
212,122
213,246
214,91
215,249
216,103
217,96
218,55
219,240
220,153
221,243
222,190
223,162
224,191
225,172
226,20
227,87
228,149
229,80
230,111
231,89
232,64
233,244
234,244
235,35
236,28
237,97
238,183
239,106
240,189
241,199
242,273
243,61
244,67
245,228
246,79
247,177
248,133
249,117
250,83
251,61
252,265
253,105
254,72
255,120
256,75
257,112
258,196
259,185
260,195
261,56
262,137
263,183
264,167
265,155
266,141
267,203
268,289
269,198
270,157
271,115
272,66
273,27
274,281
275,61
276,98
277,57
278,120
279,186
280,200
281,155
282,75
283,238
284,86
285,275
286,29
287,240
288,202
289,260
290,149
291,87
292,161
293,206
294,202
295,111
296,12
297,262
298,289
299,8
300,104
301,102
302,85
303,62
304,105
305,144
306,149
307,229
308,167
309,253
310,112
311,137
312,273
313,211
314,190
315,10
316,264
317,262
318,175
319,118
320,121
321,119
322,47
323,77
324,206
325,65
326,262
327,42
328,65
329,240
330,68
331,160
332,149
333,119
334,246
335,78
336,249
337,245
338,257
339,68
340,139
341,155
342,236
343,240
344,152
345,160
346,196
347,125
348,119
349,194
350,252
351,95
352,116
353,35
354,119
355,53
356,37
357,113
358,202
359,162
360,98
361,141
362,157
363,135
364,278
365,154
366,247
367,229
368,149
369,72
370,264
371,256
372,270
373,170
374,163
375,149
376,207
377,212
378,270
379,119
380,81
381,59
382,99
383,304
384,203
385,44
386,96
387,269
388,137
389,131
390,108
391,270
392,127
393,44
394,88
395,99
396,146
397,104
398,110
399,273
400,69
401,193
402,205
403,44
404,116
405,176
406,151
407,147
408,187
409,234
410,89
411,53
412,238
413,138
414,98
415,160
416,88
417,127
418,30
419,47
420,143
421,123
422,289
423,112
424,260
425,112
426,115
427,90
428,239
429,99
430,243
431,113
432,251
433,238
434,264
435,163
436,114
437,232
438,297
439,74
440,135
441,39
442,19
443,130
444,104
445,44
446,262
447,132
448,49
449,69
450,266
451,73
452,160
453,234
454,99
455,191
456,78
457,89
458,261
459,234
460,208
461,240
462,50
463,131
464,149
465,49
466,154
467,282
468,251
469,257
470,149
471,120
472,165
473,160
474,180
475,161
476,110
477,121
478,205
479,257
480,254
481,200
482,204
483,191
484,210
485,104
486,180
487,197
488,242
489,139
490,103
491,219
492,71
493,167
494,181
495,104
496,144
497,149
498,130
499,143
500,93
501,119
502,163
503,89
504,219
505,218
506,86
507,53
508,190
509,258
510,46
511,89
512,155
513,182
514,74
515,210
516,275
517,237
518,143
519,144
520,212
521,103
522,146
523,29
524,182
525,103
526,103
527,87
528,101
529,78
530,57
531,149
532,197
533,196
534,121
535,208
536,80
537,152
538,179
539,87
540,175
541,274
542,70
543,471
544,146
545,176
546,262
547,142
548,241
549,35
550,134
551,152
552,131
553,59
554,44
555,127
556,166
557,41
558,292
559,38
560,89
561,285
562,263
563,85
564,186
565,94
566,32
567,210
568,165
569,104
570,245
571,264
572,167
573,68
574,234
575,145
576,164
577,168
578,164
579,124
580,75
581,231
582,178
583,85
584,108
585,66
586,258
587,167
588,238
589,144
590,159
591,172
592,46
593,49
594,29
595,244
596,195
597,93
598,157
599,213
600,105
601,299
602,50
603,234
604,63
605,225
606,56
607,250
608,264
609,68
610,229
611,268
612,142
613,46
614,283
615,153
616,143
617,186
618,1068
619,118
620,115
621,125
622,194
623,169
624,48
625,86
626,157
627,181
628,198
629,118
630,264
631,233
632,206
633,110
634,166
635,176
636,272
637,81
638,296
639,244
640,257
641,159
642,289
643,212
644,158
645,40
646,146
647,57
648,41
649,172
650,245
651,264
652,240
653,113
654,82
655,151
656,59
657,160
658,213
659,125
660,238
661,167
662,232
663,202
664,81
665,242
666,105
667,156
668,131
669,106
670,260
671,162
672,86
673,221
674,58
675,141
676,234
677,171
678,61
679,237
680,169
681,277
682,147
683,250
684,193
685,81
686,120
687,231
688,81
689,116
690,51
691,131
692,163
693,169
694,75
695,282
696,31
697,143
698,122
699,40
700,66
701,40
702,289
703,81
704,225
705,165
706,98
707,139
708,73
709,156
710,274
711,207
712,187
713,147
714,138
715,203
716,251
717,182
718,167
719,137
720,105
721,50
722,253
723,198
724,203
725,162
726,42
727,135
728,47
729,222
730,81
731,229
732,92
733,57
734,170
735,211
736,118
737,79
738,290
739,206
740,125
741,125
742,234
743,204
744,221
745,160
746,162
747,60
748,61
749,251
750,145
751,193
752,138
753,221
754,145
755,304
756,280
757,214
758,136
759,277
760,29
761,59
762,145
763,133
764,50
765,212
766,136
767,190
768,213
769,265
770,74
771,50
772,63
773,29
774,131
775,44
776,269
777,233
778,57
779,234
780,260
781,74
782,138
783,292
784,96
785,262
786,55
787,10
788,257
789,211
790,83
791,69
792,165
793,141
794,44
795,242
796,268
797,79
798,76
799,69
800,126
801,75
802,145
803,95
804,151
805,194
806,99
807,175
808,102
809,133
810,167
811,224
812,231
813,223
814,284
815,119
816,190
817,263
818,122
819,61
820,155
821,206
822,129
823,237
824,182
825,163
826,51
827,120
828,120
829,135
830,234
831,97
832,62
833,136
834,136
835,190
836,73
837,110
838,248
839,122
840,93
841,124
842,144
843,66
844,28
845,144
846,162
847,55
848,51
849,155
850,238
851,99
852,116
853,253
854,241
855,73
856,206
857,221
858,249
859,15
860,192
861,89
862,209
863,91
864,117
865,143
866,221
867,193
868,62
869,292
870,281
871,114
872,108
873,203
874,127
875,110
876,239
877,22
878,116
879,257
880,120
881,159
882,53
883,160
884,130
885,52
886,134
887,237
888,55
889,118
890,182
891,249
892,191
893,212
894,115
895,214
896,110
897,243
898,282
899,186
900,114
901,149
902,122
903,234
904,214
905,195
906,258
907,253
908,47
909,229
910,119
911,69
912,232
913,105
914,224
915,289
916,194
917,242
918,230
919,145
920,22
921,101
922,47
923,132
924,106
925,124
926,201
927,268
928,28
929,118
930,136
931,272
932,119
933,8
934,95
935,155
936,217
937,196
938,29
939,195
940,273
941,115
942,188
943,272
944,260
945,214
946,118
947,247
948,212
949,210
950,242
951,234
952,30
953,125
954,120
955,178
956,110
957,224
958,99
959,243
960,12
961,104
962,282
963,125
964,108
965,43
966,213
967,234
968,117
969,99
970,290
971,115
972,212
973,297
974,43
975,103
976,83
977,310
978,67
979,149
980,263
981,59
982,303
983,163
984,218
985,92
986,151
987,276
988,53
989,88
990,129
991,212
992,292
993,120
994,191
995,149
996,237
997,96
998,90
999,366
1000,187
1001,260
1002,176
1003,171
1004,133
1005,136
1006,78
1007,149
1008,42
1009,210
1010,103
1011,241
1012,87
1013,168
1014,151
1015,62
1016,206
1017,138
1018,118
1019,282
1020,111
1021,144
1022,183
1023,206
1024,123
1025,237
1026,56
1027,163
1028,127
1029,238
1030,195
1031,293
1032,59
1033,159
1034,194
1035,108
1036,89
1037,213
1038,176
1039,144
1040,76
1041,15
1042,242
1043,125
1044,260
1045,212
1046,242
1047,87
1048,280
1049,223
1050,60
1051,237
1052,85
1053,87
1054,135
1055,256
1056,72
1057,262
1058,78
1059,260
1060,231
1061,50
1062,76
1063,175
1064,151
1065,127
1066,51
1067,85
1068,119
1069,54
1070,239
1071,155
1072,67
1073,216
1074,20
1075,273
1076,84
1077,207
1078,77
1079,49
1080,231
1081,163
1082,133
1083,251
1084,30
1085,37
1086,40
1087,177
1088,190
1089,75
1090,169
1091,253
1092,72
1093,51
1094,79
1095,166
1096,85
1097,56
1098,49
1099,210
1100,87
1101,207
1102,251
1103,673
1104,212
1105,245
1106,89
1107,258
1108,46
1109,231
1110,80
1111,244
1112,119
1113,236
1114,72
1115,244
1116,39
1117,157
1118,228
1119,253
1120,53
1121,38
1122,147
1123,142
1124,138
1125,257
1126,207
1127,160
1128,250
1129,228
1130,122
1131,48
1132,215
1133,235
1134,234
1135,227
1136,215
1137,15
1138,135
1139,66
1140,276
1141,195
1142,43
1143,181
1144,53
1145,24
1146,105
1147,128
1148,87
1149,208
1150,253
1151,46
1152,142
1153,96
1154,45
1155,182
1156,99
1157,114
1158,214
1159,171
1160,235
1161,161
1162,288
1163,118
1164,264
1165,204
1166,142
1167,66
1168,190
1169,103
1170,146
1171,207
1172,135
1173,269
1174,302
1175,32
1176,305
1177,273
1178,178
1179,121
1180,250
1181,230
1182,196
1183,149
1184,80
1185,231
1186,115
1187,73
1188,101
1189,251
1190,90
1191,159
1192,248
1193,40
1194,127
1195,167
1196,12
1197,231
1198,120
1199,163
1200,207
1201,48
1202,205
1203,88
1204,42
1205,45
1206,153
1207,189
1208,149
1209,104
1210,112
1211,193
1212,195
1213,261
1214,199
1215,269
1216,244
1217,181
1218,48
1219,105
1220,194
1221,209
1222,53
1223,225
1224,260
1225,110
1226,220
1227,114
1228,242
1229,30
1230,152
1231,125
1232,98
1233,191
1234,257
1235,387
1236,30
1237,42
1238,28
1239,73
1240,170
1241,222
1242,71
1243,56
1244,155
1245,267
1246,99
1247,144
1248,252
1249,32
1250,245
1251,81
1252,238
1253,193
1254,260
1255,216
1256,142
1257,253
1258,246
1259,70
1260,149
1261,14
1262,274
1263,274
1264,114
1265,149
1266,148
1267,116
1268,261
1269,75
1270,49
1271,277
1272,152
1273,258
1274,193
1275,130
1276,58
1277,280
1278,274
1279,28
1280,301
1281,239
1282,129
1283,149
1284,273
1285,213
1286,225
1287,276
1288,265
1289,43
1290,71
1291,153
1292,137
1293,246
1294,55
1295,105
1296,36
1297,157
1298,205
1299,66
1300,18
1301,53
1302,165
1303,273
1304,160
1305,249
1306,43
1307,181
1308,285
1309,112
1310,242
1311,235
1312,217
1313,127
1314,152
1315,259
1316,151
1317,244
1318,63
1319,218
1320,274
1321,274
1322,270
1323,199
1324,76
1325,260
1326,296
1327,127
1328,107
1329,234
1330,89
1331,143
1332,270
1333,285
1334,213
1335,118
1336,155
1337,173
1338,151
1339,32
1340,46
1341,94
1342,73
1343,83
1344,188
1345,78
1346,28
1347,138
1348,33
1349,123
1350,87
1351,68
1352,79
1353,97
1354,50
1355,91
1356,8
1357,137
1358,163
1359,120
1360,270
1361,290
1362,47
1363,55
1364,242
1365,76
1366,243
1367,277
1368,120
1369,204
1370,276
1371,183
1372,210
1373,233
1374,47
1375,104
1376,190
1377,206
1378,167
1379,216
1380,203
1381,123
1382,261
1383,103
1384,157
1385,58
1386,144
1387,105
1388,147
1389,98
1390,136
1391,183
1392,176
1393,166
1394,48
1395,179
1396,207
1397,149
1398,205
1399,102
1400,207
1401,240
1402,162
1403,202
1404,234
1405,261
1406,110
1407,87
1408,155
1409,106
1410,71
1411,111
1412,140
1413,243
1414,149
1415,49
1416,264
1417,111
1418,147
1419,72
1420,202
1421,96
1422,129
1423,155
1424,210
1425,125
1426,125
1427,186
1428,235
1429,274
1430,216
1431,303
1432,118
1433,118
1434,304
1435,238
1436,99
1437,274
1438,264
1439,220
1440,245
1441,257
1442,260
1443,263
1444,146
1445,87
1446,141
1447,265
1448,204
1449,159
1450,70
1451,127
1452,273
1453,116
1454,191
1455,221
1456,235
1457,49
1458,182
1459,182
1460,185
1461,254
1462,119
1463,15
1464,154
1465,258
1466,163
1467,31
1468,201
1469,136
1470,60
1471,113
1472,47
1473,204
1474,172
1475,25
1476,257
1477,171
1478,55
1479,50
1480,238
1481,276
1482,256
1483,24
1484,80
1485,251
1486,93
1487,114
1488,212
1489,260
1490,120
1491,119
1492,235
1493,22
1494,209
1495,212
1496,210
1497,145
1498,243
1499,236
1500,127
1501,29
1502,249
1503,189
1504,56
1505,238
1506,96
1507,32
1508,261
1509,218
1510,79
1511,502
1512,260
1513,301
1514,45
1515,156
1516,224
1517,44
1518,270
1519,208
1520,119
1521,261
1522,249
1523,56
1524,275
1525,136
1526,190
1527,190
1528,70
1529,124
1530,145
1531,166
1532,69
1533,60
1534,67
1535,155
1536,273
1537,120
1538,176
1539,149
1540,205
1541,207
1542,205
1543,160
1544,190
1545,275
1546,149
1547,79
1548,135
1549,190
1550,85
1551,63
1552,254
1553,169
1554,147
1555,226
1556,210
1557,229
1558,240
1559,103
1560,166
1561,237
1562,126
1563,210
1564,197
1565,96
1566,136
1567,119
1568,56
1569,207
1570,56
1571,88
1572,73
1573,147
1574,65
1575,114
1576,69
1577,34
1578,32
1579,205
1580,177
1581,30
1582,167
1583,148
1584,77
1585,205
1586,81
1587,189
1588,284
1589,244
1590,144
1591,135
1592,105
1593,47
1594,213
1595,53
1596,241
1597,96
1598,237
1599,161
1600,171
1601,300
1602,55
1603,226
1604,167
1605,56
1606,156
1607,277
1608,286
1609,295
1610,135
1611,131
1612,149
1613,259
1614,273
1615,259
1616,72
1617,260
1618,72
1619,258
1620,178
1621,268
1622,154
1623,87
1624,85
1625,275
1626,251
1627,51
1628,119
1629,160
1630,176
1631,272
1632,161
1633,195
1634,245
1635,204
1636,61
1637,208
1638,66
1639,176
1640,102
1641,226
1642,270
1643,247
1644,220
1645,87
1646,106
1647,165
1648,113
1649,111
1650,152
1651,52
1652,108
1653,92
1654,99
1655,242
1656,74
1657,47
1658,87
1659,135
1660,197
1661,177
1662,251
1663,149
1664,70
1665,58
1666,221
1667,130
1668,229
1669,12
1670,63
1671,226
1672,210
1673,268
1674,169
1675,297
1676,300
1677,114
1678,145
1679,135
1680,176
1681,210
1682,26
1683,49
1684,139
1685,67
1686,127
1687,49
1688,256
1689,51
1690,30
1691,48
1692,191
1693,135
1694,77
1695,92
1696,30
1697,47
1698,223
1699,89
1700,66
1701,267
1702,267
1703,198
1704,289
1705,204
1706,111
1707,24
1708,268
1709,149
1710,258
1711,160
1712,43
1713,111
1714,114
1715,40
1716,173
1717,81
1718,149
1719,87
1720,149
1721,230
1722,73
1723,111
1724,62
1725,172
1726,72
1727,53
1728,33
1729,181
1730,249
1731,181
1732,42
1733,511
1734,283
1735,43
1736,53
1737,43
1738,185
1739,28
1740,237
1741,301
1742,96
1743,246
1744,212
1745,29
1746,74
1747,87
1748,202
1749,49
1750,81
1751,80
1752,169
1753,156
1754,167
1755,57
1756,61
1757,155
1758,52
1759,61
1760,234
1761,260
1762,62
1763,143
1764,267
1765,196
1766,226
1767,27
1768,134
1769,80
1770,275
1771,92
1772,210
1773,202
1774,62
1775,149
1776,155
1777,257
1778,106
1779,121
1780,227
1781,242
1782,203
1783,296
1784,143
1785,77
1786,123
1787,257
1788,155
1789,225
1790,29
1791,159
1792,134
1793,252
1794,289
1795,195
1796,114
1797,93
1798,82
1799,282
1800,144
1801,92
1802,274
1803,205
1804,111
1805,119
1806,96
1807,276
1808,240
1809,88
1810,164
1811,99
1812,53
1813,236
1814,258
1815,79
1816,502
1817,68
1818,252
1819,207
1820,230
1821,66
1822,88
1823,85
1824,220
1825,79
1826,247
1827,47
1828,270
1829,186
1830,178
1831,278
1832,94
1833,123
1834,252
1835,98
1836,171
1837,260
1838,160
1839,130
1840,87
1841,241
1842,211
1843,300
1844,138
1845,296
1846,221
1847,115
1848,198
1849,261
1850,111
1851,123
1852,148
1853,213
1854,103
1855,170
1856,60
1857,215
1858,146
1859,99
1860,227
1861,91
1862,232
1863,54
1864,96
1865,111
1866,198
1867,186
1868,75
1869,152
1870,211
1871,119
1872,221
1873,110
1874,190
1875,40
1876,138
1877,207
1878,10
1879,31
1880,67
1881,124
1882,63
1883,122
1884,235
1885,54
1886,97
1887,180
1888,102
1889,56
1890,46
1891,24
1892,65
1893,35
1894,241
1895,226
1896,210
1897,173
1898,29
1899,204
1900,273
1901,522
1902,110
1903,134
1904,216
1905,77
1906,246
1907,248
1908,60
1909,25
1910,165
1911,187
1912,239
1913,101
1914,125
1915,53
1916,297
1917,114
1918,140
1919,141
1920,247
1921,199
1922,69
1923,297
1924,57
1925,89
1926,39
1927,129
1928,124
1929,258
1930,130
1931,166
1932,183
1933,48
1934,224
1935,50
1936,206
1937,230
1938,12
1939,253
1940,208
1941,220
1942,53
1943,54
1944,24
1945,94
1946,260
1947,15
1948,166
1949,258
1950,194
1951,173
1952,127
1953,161
1954,251
1955,63
1956,104
1957,239
1958,258
