0,34042379
1,93821039
2,145114464
3,1443377
4,1231117
5,103687075
6,7610742
7,19334377
8,327059582
9,1548122
10,13574505
11,3825616
12,7734960
13,668826
14,33668915
15,3423459
16,449168
17,7734960
18,9730494
19,526145
20,49858736
21,589515
22,33668915
23,1798869
24,3293728
25,3423459
26,1263575
27,2894150
28,196209
29,2313078
30,755810
31,33668915
32,1607761
33,13624857
34,1798869
35,4451047
36,
37,2062585
38,1231117
39,31003998
40,593902
41,2165475
42,3293728
43,23996936
44,96340863
45,30750093
46,111439
47,2559712
48,1296397
49,1375216
50,1798869
51,12223086
52,23996936
53,33668915
54,1097820
55,23996936
56,13574505
57,156896
58,2718756
59,6487954
60,34042379
61,22265171
62,6821013
63,40562982
64,28385884
65,8593016
66,1356348
67,683128
68,2708617
69,72598923
70,1892566
71,17807397
72,10187176
73,3448426
74,532064951
75,24634
76,1634767
77,28385884
78,5705696
79,13624857
80,33668915
81,305585
82,683128
83,215551
84,533656
85,169447
86,55409
87,23996936
88,23383332
89,2240752
90,6821013
91,176536
92,1097820
93,24872980
94,140029
95,146305
96,1060191
97,603207
98,23996936
99,809524
100,482546
101,532064951
102,3015055
103,103687075
104,177466560
105,54997184
106,6888849
107,7297552
108,4637037
109,10539635
110,9730494
111,364794
112,103687075
113,90747
114,3423459
115,107007
116,709681
117,3015055
118,9730494
119,2284841
120,561971
121,6656488
122,107007
123,25344802
124,18095624
125,387646
126,63592770
127,21422277
128,72598923
129,19824361
130,1548122
131,22357255
132,1340310
133,327059582
134,2446639
135,177466560
136,18095624
137,131689
138,953195
139,129047
140,586712
141,586712
142,1296302
143,3580709
144,33668915
145,9443276
146,22357255
147,8136063
148,23996936
149,7297552
150,40562982
151,543764
152,156896
153,2727638
154,6821013
155,137351463
156,2746286
157,6086887
158,1997882
159,17570793
160,259914
161,18096298
162,34042379
163,8593016
164,18555109
165,109196
166,63592770
167,5575262
168,1131711
169,43263
170,226759
171,17807397
172,412485
173,903735
174,17203974
175,327059582
176,464549
177,3932137
178,5860478
179,14303318
180,3009148
181,903735
182,359766
183,14303318
184,3581207
185,443095
186,5860478
187,103687075
188,532064951
189,22357255
190,3423459
191,5900505
192,2718756
193,12223086
194,1214692
195,1131711
196,3009814
197,561971
198,1803829
199,96340863
200,7711881
201,122344
202,586712
203,5701392
204,1097016
205,23996936
206,51233351
207,5900505
208,9730494
209,40057
210,96340863
211,1524483
212,833448
213,275292
214,3293728
215,31003998
216,1798869
217,171776
218,1214692
219,593902
220,215000
221,145114464
222,407829
223,63592770
224,6694824
225,17203974
226,295820
227,25344802
228,3355981
229,
230,33668915
231,213910
232,8089106
233,58042
234,58042
235,5860478
236,1296302
237,176988
238,58924275
239,3529266
240,145114464
241,2446639
242,9730494
243,2894150
244,18431790
245,1361372
246,247857
247,2446639
248,51233351
249,501289
250,34042379
251,8438670
252,2604594
253,58924275
254,303570
255,5744117
256,24634
257,6230693
258,713396
259,23996936
260,7734960
261,2657942
262,132030717
263,532064951
264,96340863
265,2240752
266,831334
267,683128
268,31003998
269,96340863
270,24872980
271,12188102
272,496951
273,63592770
274,13624857
275,8438670
276,2393172
277,9730494
278,643482
279,17570793
280,955056
281,2240752
282,2114178
283,2757845
284,5511364
285,125006
286,7734960
287,2613061
288,3825616
289,4781234
290,3825616
291,1055155
292,10187176
293,6528225
294,3825616
295,2440118
296,103687075
297,122213
298,51233351
299,28385884
300,47293
301,1607761
302,1740846
303,5860478
304,1231117
305,809524
306,3825616
307,51233351
308,4892567
309,212655
310,2671859
311,21422277
312,9741944
313,355127
314,1125685
315,5860478
316,40562982
317,122213
318,10187176
319,90531
320,370107
321,28801096
322,1443377
323,7734960
324,528330
325,379915
326,122213
327,6621454
328,2727638
329,1296302
330,8136063
331,945881
332,117370
333,103687075
334,23996936
335,2727638
336,5900505
337,6086887
338,603207
339,8136063
340,2612228
341,96339072
342,4619961
343,593902
344,439631
345,526145
346,1845400
347,96339072
348,103687075
349,3522129
350,4099510
351,1740846
352,387646
353,5860478
354,57189
355,143281597
356,9435795
357,47024504
358,3825616
359,371175
360,103687075
361,831334
362,24872980
363,34042379
364,990604
365,12083
366,6278901
367,11249696
368,117370
369,1329755
370,1798869
371,13624857
372,6086887
373,1340310
374,6086887
375,3825616
376,24872980
377,146305
378,21649648
379,8943887
380,58924275
381,195055
382,4493280
383,532064951
384,683128
385,11590
386,90522
387,23996936
388,34042379
389,
390,56061335
391,4637037
392,7734960
393,950973
394,5511364
395,17807397
396,21422277
397,3529266
398,43428
399,9730494
400,3605933
401,6727669
402,33668915
403,1539139
404,15252691
405,14303318
406,3787635
407,17807397
408,48008
409,17807397
410,327059582
411,28385884
412,1798869
413,1911344
414,514937
415,945881
416,2974639
417,
418,6044678
419,1443377
420,1803829
421,449168
422,4372519
423,1402544
424,484059
425,327059582
426,9443276
427,6086887
428,364794
429,4493280
430,909257
431,23996936
432,160316
433,1798869
434,1364381
435,6086887
436,2471059
437,305076
438,4637037
439,3711546
440,103687075
441,7734960
442,701675
443,755810
444,1634767
445,2726936
446,122213
447,15570535
448,28385884
449,3423459
450,601922
451,66165427
452,23996936
453,371175
454,4493280
455,6694824
456,2757845
457,1097016
458,1097016
459,7610742
460,150497
461,1296302
462,2931252
463,382409
464,3355981
465,54997184
466,12083
467,14303318
468,160316
469,603207
470,140174
471,5744117
472,3127895
473,206775
474,4209686
475,1185650
476,43428
477,438414
478,17807397
479,603207
480,16898156
481,955056
482,58247291
483,137351056
484,199263
485,177466560
486,
487,53547851
488,1980863
489,2612228
490,54997184
491,949616
492,35121095
493,2137997
494,178540
495,1032049
496,137351463
497,3355981
498,7297552
499,3320936
500,824941
501,28801096
502,586712
503,1214692
504,1097365
505,13574505
506,33668915
507,143281597
508,424314
509,1402544
510,19987963
511,213910
512,4619961
513,683128
514,93821039
515,13574505
516,526145
517,1875024
518,3320936
519,184470
520,6528225
521,7734960
522,28385884
523,5705696
524,683128
525,54997184
526,96339072
527,226759
528,561971
529,2727638
530,8733682
531,140174
532,53547851
533,1845400
534,28801096
535,64818
536,
537,439631
538,3423459
539,25344802
540,10187176
541,931487
542,9443276
543,3357110
544,28385884
545,96340863
546,287242
547,6528225
548,7297552
549,5860478
550,1735029
551,1153973
552,1073584
553,2727638
554,58924275
555,528883
556,5744117
557,28385884
558,2446639
559,18555109
560,213910
561,23383332
562,506389
563,23996936
564,17570793
565,10910681
566,287816
567,5900505
568,724983
569,9730494
570,635602
571,7297552
572,6177
573,34042379
574,17807397
575,589092
576,93821039
577,23996936
578,3580709
579,2727638
580,3580709
581,31644
582,23996936
583,6528225
584,1524483
585,7734960
586,1402544
587,6177
588,1798869
589,28385884
590,446445
591,23996936
592,2021290
593,912212
594,7734960
595,14303318
596,7734960
597,8438670
598,28385884
599,3580699
600,54997184
601,1221683
602,5860478
603,371175
604,378399
605,2787031
606,3580709
607,7827
608,7297552
609,34042379
610,709681
611,51233351
612,21421458
613,650650
614,23383332
615,532064951
616,16960185
617,2613061
618,452884
619,385271
620,56492
621,54997184
622,761729
623,23996936
624,533974
625,33668915
626,24872980
627,178540
628,6528225
629,385271
630,1798869
631,863530
632,2062585
633,8838
634,4637037
635,935815
636,12732078
637,1131711
638,40562982
639,14854418
640,65918
641,1997882
642,51233351
643,203100
644,156896
645,532064951
646,28385884
647,9730494
648,18555109
649,6230693
650,51233351
651,7297552
652,328854
653,567700
654,47024504
655,33668915
656,195055
657,23996936
658,4493280
659,54997184
660,1798869
661,2137997
662,22265171
663,21422277
664,1131711
665,59963
666,54997184
667,28385884
668,1972907
669,178873
670,2284841
671,1844310
672,33668915
673,414161
674,4451047
675,561971
676,137351056
677,14303318
678,8438670
679,4639419
680,107007
681,42894
682,85301
683,1801589
684,33668915
685,103687075
686,5744117
687,5414588
688,1131711
689,15252691
690,18096298
691,
692,586712
693,1032184
694,559937
695,3581207
696,58924275
697,1803829
698,132030717
699,8438670
700,8853749
701,14854418
702,31003998
703,58924275
704,5958254
705,724983
706,103687075
707,19824361
708,148862
709,3055550
710,586712
711,327242
712,75725
713,85301
714,17638006
715,683128
716,160316
717,2689979
718,4892567
719,132030717
720,305356
721,15570535
722,72598923
723,96340863
724,683128
725,23996936
726,7734960
727,9741944
728,8164779
729,3932137
730,3864675
731,14303318
732,1295480
733,7735813
734,6230693
735,7734960
736,2746286
737,16302506
738,
739,1427221
740,2757057
741,265259
742,17807397
743,3581207
744,2746286
745,23996936
746,23996936
747,5128314
748,532064951
749,12195
750,6230693
751,3932137
752,5701392
753,532064951
754,6230693
755,532064951
756,593902
757,1068927
758,1287047
759,42894
760,7734960
761,2727638
762,1294491
763,33668915
764,5860478
765,6528225
766,1287047
767,1375673
768,1892566
769,528970
770,337446
771,15570535
772,6390103
773,7734960
774,382409
775,1539139
776,
777,33668915
778,8733682
779,19576234
780,10187176
781,97999
782,17638006
783,2446639
784,96339072
785,189453
786,145571
787,5860478
788,533656
789,33668915
790,28385884
791,3423459
792,1597606
793,2062585
794,58924275
795,622641
796,51233351
797,3423459
798,1363
799,23996936
800,132030717
801,559937
802,145114464
803,177466560
804,54997184
805,169447
806,17807397
807,3423459
808,17402
809,6528225
810,96340863
811,81330
812,31644
813,1205653
814,6278901
815,494444
816,51233351
817,1440858
818,7734960
819,8438670
820,831334
821,528330
822,480653
823,6086887
824,683128
825,586712
826,716609
827,643482
828,5744117
829,124149
830,371175
831,176988
832,177466560
833,367604
834,129047
835,529204
836,1097820
837,43428
838,14303318
839,7734960
840,670766
841,2727638
842,1296302
843,195819
844,1296302
845,1296302
846,23996936
847,54997184
848,716609
849,831334
850,1798869
851,143281597
852,2708617
853,72598923
854,7297552
855,1097820
856,6528225
857,532064951
858,23996936
859,177466560
860,672192
861,1042430
862,736026
863,3293728
864,134693
865,3320936
866,69807918
867,5744117
868,5860478
869,2446639
870,1008831
871,7734960
872,1524483
873,683128
874,1415735
875,43428
876,1412577
877,63592770
878,34042379
879,533656
880,5744117
881,446445
882,28385884
883,526145
884,23996936
885,17828
886,1377972
887,1875024
888,145571
889,90531
890,1045881
891,129047
892,6528225
893,6528225
894,56492
895,1997882
896,43428
897,7734960
898,1278519
899,310708
900,10748512
901,117370
902,7734960
903,17807397
904,1997882
905,78913606
906,2746286
907,532064951
908,2114867
909,709681
910,22357255
911,6230693
912,63592770
913,54997184
914,337501
915,31003998
916,3522129
917,59963
918,170494
919,145114464
920,22357255
921,206312
922,1443377
923,6528225
924,3529266
925,6009901
926,1789444
927,43988
928,1296302
929,19585280
930,367604
931,6390103
932,22357255
933,125601
934,1740846
935,2240752
936,2657942
937,1845400
938,7734960
939,7734960
940,9741944
941,12188102
942,10187176
943,6390103
944,8198852
945,711484
946,3711546
947,3836866
948,146305
949,5900505
950,1980863
951,17807397
952,600791
953,265259
954,14769549
955,559937
956,23996936
957,81330
958,594684
959,7734960
960,5705696
961,47293
962,532064951
963,28385884
964,1524483
965,7734960
966,19334377
967,19576234
968,134693
969,4493280
970,310924
971,56492
972,203100
973,4637037
974,4451047
975,7734960
976,17807397
977,758085
978,2718756
979,980760
980,1331316
981,169537
982,2578104
983,6086887
984,17570793
985,2689979
986,33668915
987,10748512
988,17203974
989,175211
990,480653
991,203100
992,2446639
993,23996936
994,6528225
995,3825616
996,1875024
997,96339072
998,54997184
999,66520
1000,48008
1001,4781234
1002,17807397
1003,34042379
1004,1009888
1005,1287047
1006,96340863
1007,3825616
1008,7734960
1009,23996936
1010,54997184
1011,227897
1012,66506589
1013,23996936
1014,54997184
1015,
1016,40562982
1017,1153973
1018,19585280
1019,14303318
1020,33668915
1021,184470
1022,72598923
1023,899766
1024,189730
1025,1875024
1026,64986
1027,632365
1028,7734960
1029,1235544
1030,7734960
1031,72598923
1032,7734960
1033,3448426
1034,3522129
1035,2727638
1036,18555109
1037,1892566
1038,17807397
1039,1296302
1040,499660
1041,1514500
1042,2613061
1043,2757057
1044,1961501
1045,203100
1046,814574
1047,83828
1048,593902
1049,1205653
1050,66165427
1051,6086887
1052,23996936
1053,66506589
1054,17807397
1055,5575262
1056,1329755
1057,22265171
1058,3529266
1059,7546554
1060,5414588
1061,15570535
1062,1363
1063,10187176
1064,191035
1065,1415735
1066,1335081
1067,23996936
1068,28801096
1069,66506589
1070,4204947
1071,831334
1072,2718756
1073,3809615
1074,18555109
1075,178955
1076,4451047
1077,24872980
1078,7734960
1079,28385884
1080,5414588
1081,632365
1082,6528225
1083,160316
1084,135161
1085,177466560
1086,54997184
1087,127495
1088,14303318
1089,24634
1090,107007
1091,1147501
1092,103687075
1093,716609
1094,247857
1095,4637037
1096,6528225
1097,2657942
1098,54997184
1099,199263
1100,25344802
1101,3522129
1102,14303318
1103,781651
1104,203100
1105,6086887
1106,66506589
1107,1402544
1108,2021290
1109,5414588
1110,6621454
1111,14303318
1112,8943887
1113,4619961
1114,6487954
1115,58042
1116,63592770
1117,1584863
1118,23996936
1119,72598923
1120,17203974
1121,85740
1122,17807397
1123,1735029
1124,1153973
1125,533656
1126,4785543
1127,90747
1128,7827
1129,23996936
1130,132030717
1131,533974
1132,9730494
1133,634630
1134,17807397
1135,836297
1136,430575
1137,1514500
1138,17807397
1139,1294840
1140,10748512
1141,7734960
1142,4451047
1143,129951
1144,28385884
1145,2894150
1146,1231117
1147,5226334
1148,10539635
1149,150497
1150,72598923
1151,2021290
1152,93015
1153,171776
1154,7734960
1155,23996936
1156,49911474
1157,9619
1158,1997882
1159,34042379
1160,2877915
1161,10187176
1162,6528225
1163,1055155
1164,1364381
1165,2974639
1166,1153973
1167,195819
1168,2471059
1169,7734960
1170,2718756
1171,3522129
1172,17807397
1173,1060191
1174,13574505
1175,51233351
1176,9258033
1177,9730494
1178,3787635
1179,93821039
1180,1801589
1181,5958254
1182,13574505
1183,140174
1184,6621454
1185,2974639
1186,256022
1187,1097820
1188,206312
1189,23996936
1190,14303318
1191,3448426
1192,8531715
1193,8438670
1194,7734960
1195,2137997
1196,921541
1197,5414588
1198,23996936
1199,6086887
1200,3522129
1201,533974
1202,9730494
1203,21421458
1204,1883991
1205,63592770
1206,116547
1207,6821013
1208,980760
1209,3529266
1210,403945
1211,6727669
1212,327059582
1213,2559712
1214,1364381
1215,6278901
1216,14854418
1217,2878430
1218,132030717
1219,58924275
1220,169447
1221,1798869
1222,109196
1223,1801589
1224,4781234
1225,23996936
1226,2787031
1227,2471059
1228,814574
1229,135161
1230,1153973
1231,265259
1232,103687075
1233,1057312
1234,533656
1235,909546
1236,135161
1237,6621454
1238,1296302
1239,1097820
1240,6230693
1241,3932137
1242,9730494
1243,18555109
1244,4619961
1245,24872980
1246,140029
1247,6009901
1248,137351463
1249,287816
1250,2974639
1251,58924275
1252,58247291
1253,459404
1254,2284841
1255,1798869
1256,1153973
1257,532064951
1258,2867902
1259,970132
1260,99912
1261,18555109
1262,586712
1263,586712
1264,10748512
1265,3825616
1266,2014146
1267,15252691
1268,2559712
1269,24634
1270,10539635
1271,2137720
1272,439631
1273,129047
1274,459404
1275,755810
1276,35121095
1277,593902
1278,586712
1279,1296302
1280,122344
1281,709533
1282,480653
1283,140174
1284,178955
1285,1892566
1286,51052
1287,40562982
1288,2604594
1289,4451047
1290,35121095
1291,116547
1292,3864675
1293,17638006
1294,145571
1295,77305
1296,177466560
1297,24872980
1298,33668915
1299,176536
1300,654542
1301,109196
1302,724983
1303,9730494
1304,90747
1305,23996936
1306,66506589
1307,793354
1308,2757845
1309,34042379
1310,814574
1311,3448426
1312,13574505
1313,7734960
1314,439631
1315,42938
1316,18425
1317,14303318
1318,1249096
1319,13574505
1320,931487
1321,586712
1322,1236452
1323,2446639
1324,19824361
1325,10187176
1326,532064951
1327,7734960
1328,86279
1329,17807397
1330,1097016
1331,58924275
1332,1236452
1333,2757845
1334,1769666
1335,2746286
1336,831334
1337,7711881
1338,66165427
1339,690335
1340,9435795
1341,34317525
1342,1097820
1343,28385884
1344,10187176
1345,177466560
1346,1296302
1347,532064951
1348,1480984
1349,3058445
1350,83828
1351,7734960
1352,247857
1353,2034597
1354,5860478
1355,762116
1356,125601
1357,113162
1358,632365
1359,69807918
1360,1236452
1361,310924
1362,2114867
1363,145571
1364,51233351
1365,1363
1366,1004462
1367,42894
1368,23996936
1369,23996936
1370,40562982
1371,72598923
1372,1055155
1373,28385884
1374,7734960
1375,9730494
1376,499660
1377,1427221
1378,96340863
1379,327059582
1380,532064951
1381,189730
1382,364961
1383,72402
1384,24872980
1385,35121095
1386,1296302
1387,686869
1388,306761
1389,4178839
1390,367604
1391,72598923
1392,14303318
1393,2034597
1394,533974
1395,556537
1396,3522129
1397,140174
1398,33668915
1399,167831
1400,24872980
1401,169571
1402,3864675
1403,6621454
1404,371175
1405,2559712
1406,23996936
1407,226759
1408,96339072
1409,3529266
1410,9730494
1411,177202
1412,30034417
1413,51904
1414,140174
1415,912212
1416,7297552
1417,33668915
1418,14303318
1419,7734960
1420,23996936
1421,90522
1422,72631213
1423,1980863
1424,1055155
1425,28385884
1426,28385884
1427,137351463
1428,14303318
1429,1818655
1430,327059582
1431,2578104
1432,2746286
1433,2746286
1434,532064951
1435,1798869
1436,49911474
1437,586712
1438,1892055
1439,2787031
1440,2974639
1441,603207
1442,7546554
1443,31402902
1444,2657942
1445,83828
1446,58924275
1447,13574505
1448,33668915
1449,446445
1450,129951
1451,7734960
1452,90892
1453,2708617
1454,1057312
1455,69807918
1456,661809
1457,912212
1458,683128
1459,23996936
1460,23996936
1461,16898156
1462,28801096
1463,1514500
1464,6230693
1465,1402544
1466,6086887
1467,58924275
1468,1789444
1469,367604
1470,66165427
1471,342471
1472,8164779
1473,3581207
1474,6230693
1475,1800490
1476,603207
1477,34042379
1478,145571
1479,14303318
1480,58247291
1481,10748512
1482,5575262
1483,2894150
1484,6009901
1485,661809
1486,12223086
1487,28235
1488,203100
1489,4781234
1490,5744117
1491,501289
1492,3448426
1493,63592770
1494,1097365
1495,203100
1496,17877
1497,25344802
1498,1004462
1499,4619961
1500,7734960
1501,5230507
1502,18095624
1503,33668915
1504,96339072
1505,58247291
1506,96339072
1507,18555109
1508,191898
1509,17570793
1510,3423459
1511,5128314
1512,4781234
1513,122344
1514,66506589
1515,23996936
1516,81330
1517,950973
1518,1236452
1519,63592770
1520,793354
1521,2559712
1522,129047
1523,143281597
1524,125006
1525,1287047
1526,424314
1527,14303318
1528,129951
1529,8593016
1530,25344802
1531,2034597
1532,536685
1533,177466560
1534,2727900
1535,96339072
1536,9730494
1537,69807918
1538,96340863
1539,3825616
1540,1220431
1541,970132
1542,33668915
1543,23996936
1544,424314
1545,7091598
1546,17807397
1547,3423459
1548,54997184
1549,14303318
1550,3009148
1551,6390103
1552,2657942
1553,67829
1554,85301
1555,25344802
1556,13574505
1557,51233351
1558,593902
1559,6528225
1560,51233351
1561,4143407
1562,105349
1563,13574505
1564,6278901
1565,171776
1566,1173512
1567,5860478
1568,3580709
1569,4785543
1570,3580709
1571,7735813
1572,6009901
1573,654542
1574,55409
1575,7734960
1576,3423459
1577,2441723
1578,18555109
1579,1789444
1580,4549231
1581,93821039
1582,2137997
1583,33668915
1584,670766
1585,34942061
1586,3864675
1587,145114464
1588,6278901
1589,58042
1590,184470
1591,124149
1592,2727638
1593,2114867
1594,19334377
1595,109196
1596,7297552
1597,90522
1598,1966155
1599,1354142
1600,2726936
1601,1351471
1602,116709
1603,10187176
1604,96340863
1605,5860478
1606,23996936
1607,1818655
1608,105795
1609,1205322
1610,2313078
1611,4205549
1612,140174
1613,42938
1614,9730494
1615,42938
1616,1329755
1617,2284841
1618,1329755
1619,1402544
1620,4024985
1621,43988
1622,306893
1623,54997184
1624,77641
1625,125006
1626,12195
1627,136421
1628,28801096
1629,90747
1630,935815
1631,2313078
1632,1354142
1633,7734960
1634,2974639
1635,19106526
1636,2450411
1637,645816
1638,176536
1639,137351056
1640,17402
1641,10187176
1642,21649648
1643,2705713
1644,2787031
1645,54997184
1646,51233351
1647,724983
1648,391385
1649,352201
1650,9741944
1651,7686
1652,56061335
1653,2689979
1654,3522548
1655,51233351
1656,6528225
1657,1443377
1658,25344802
1659,17807397
1660,21421458
1661,327059582
1662,160316
1663,99912
1664,970132
1665,1296397
1666,2746286
1667,1131711
1668,305585
1669,5705696
1670,1249096
1671,25344802
1672,13574505
1673,1495008
1674,107007
1675,4637037
1676,34942061
1677,10748512
1678,25344802
1679,2313078
1680,14303318
1681,154495
1682,58924275
1683,912212
1684,45586
1685,701675
1686,7734960
1687,54997184
1688,5575262
1689,1335081
1690,135161
1691,132030717
1692,1164322
1693,9741944
1694,7734960
1695,30750093
1696,5705696
1697,8164779
1698,1597606
1699,15570535
1700,14303318
1701,3320936
1702,464549
1703,597905
1704,31003998
1705,2309219
1706,177202
1707,7723897
1708,43988
1709,140174
1710,129047
1711,862415
1712,4451047
1713,352201
1714,9619
1715,
1716,546069
1717,147952
1718,140174
1719,83828
1720,117370
1721,96340863
1722,1097820
1723,33668915
1724,5860478
1725,17203974
1726,6009901
1727,241311
1728,2671859
1729,178540
1730,13624857
1731,793354
1732,579432
1733,64433
1734,23383332
1735,17203974
1736,6009901
1737,4451047
1738,10187176
1739,1296302
1740,1966155
1741,1892566
1742,96339072
1743,2867902
1744,203100
1745,216100
1746,6528225
1747,270247
1748,23996936
1749,912212
1750,755810
1751,6009901
1752,107007
1753,28385884
1754,96340863
1755,9730494
1756,66165427
1757,1388798
1758,17828
1759,8438670
1760,7610742
1761,72108
1762,327059582
1763,1220431
1764,3320936
1765,713396
1766,785068
1767,58924275
1768,976675
1769,6009901
1770,526145
1771,1295480
1772,5900505
1773,3825616
1774,5860478
1775,3825616
1776,831334
1777,2516873
1778,512542
1779,1361372
1780,17807397
1781,51233351
1782,532064951
1783,40562982
1784,2754398
1785,7734960
1786,794291
1787,533656
1788,4619961
1789,5958254
1790,5230507
1791,1966155
1792,976675
1793,6573876
1794,31003998
1795,2137720
1796,17203974
1797,824941
1798,17203974
1799,7091598
1800,28385884
1801,3932137
1802,586712
1803,33668915
1804,33668915
1805,8943887
1806,96339072
1807,9172795
1808,328854
1809,21421458
1810,33668915
1811,93821039
1812,28385884
1813,4619961
1814,564754
1815,190029
1816,5128314
1817,34042379
1818,2787031
1819,3522129
1820,96340863
1821,1294840
1822,7735813
1823,482238
1824,2137720
1825,633397
1826,3009148
1827,8593016
1828,4637037
1829,137351463
1830,4024985
1831,990604
1832,1735029
1833,794291
1834,137351463
1835,4178839
1836,805759
1837,4781234
1838,23996936
1839,7297552
1840,25344802
1841,7297552
1842,33668915
1843,34942061
1844,4204947
1845,532064951
1846,51233351
1847,327059582
1848,96340863
1849,191898
1850,7297552
1851,449168
1852,1892566
1853,4493280
1854,54997184
1855,1340310
1856,1375216
1857,430575
1858,2718756
1859,3522548
1860,8593016
1861,3293728
1862,63592770
1863,1287878
1864,96339072
1865,352201
1866,597905
1867,310708
1868,4781234
1869,1153973
1870,327059582
1871,103687075
1872,2746286
1873,23996936
1874,2471059
1875,
1876,5958254
1877,4785543
1878,5860478
1879,58924275
1880,18431790
1881,6009901
1882,177466560
1883,668826
1884,2877915
1885,175113
1886,856749
1887,4209686
1888,1375673
1889,3580709
1890,2021290
1891,2894150
1892,108916
1893,5860478
1894,369792
1895,107287
1896,1263575
1897,444469
1898,5230507
1899,2974639
1900,90892
1901,348209
1902,23996936
1903,863026
1904,307739
1905,7734960
1906,17638006
1907,326221
1908,54997184
1909,44603611
1910,724983
1911,19585280
1912,1412577
1913,206312
1914,17203974
1915,16960185
1916,4372519
1917,9619
1918,305585
1919,831334
1920,3836866
1921,149041
1922,30229
1923,4637037
1924,7735813
1925,1867044
1926,7734960
1927,72631213
1928,6009901
1929,9346
1930,7297552
1931,6576843
1932,532064951
1933,17807397
1934,81330
1935,15570535
1936,899766
1937,24312
1938,921541
1939,3834373
1940,27414136
1941,1375673
1942,16960185
1943,66506589
1944,2894150
1945,1735029
1946,1961501
1947,7734960
1948,4637037
1949,1402544
1950,169447
1951,14303318
1952,1415735
1953,1354142
1954,12195
1955,22004229
1956,30043
1957,1412577
1958,9346
