0,0
1,1
2,6
3,1
4,0
5,0
6,3
7,4
8,0
9,4
10,3
11,3
12,2
13,2
14,1
15,3
16,2
17,1
18,0
19,2
20,5
21,1
22,2
23,2
24,1
25,3
26,1
27,1
28,0
29,3
30,2
31,1
32,1
33,5
34,3
35,1
36,1
37,3
38,3
39,2
40,3
41,0
42,2
43,3
44,1
45,2
46,1
47,3
48,2
49,1
50,5
51,1
52,3
53,1
54,2
55,6
56,3
57,1
58,2
59,1
60,1
61,1
62,0
63,6
64,2
65,4
66,5
67,7
68,3
69,1
70,2
71,1
72,2
73,8
74,2
75,0
76,2
77,3
78,0
79,4
80,2
81,3
82,3
83,0
84,5
85,3
86,1
87,3
88,1
89,0
90,6
91,0
92,2
93,1
94,3
95,0
96,2
97,2
98,2
99,2
100,0
101,1
102,3
103,0
104,2
105,2
106,1
107,3
108,1
109,2
110,1
111,2
112,1
113,2
114,2
115,0
116,3
117,3
118,2
119,1
120,1
121,0
122,2
123,1
124,1
125,2
126,1
127,0
128,1
129,2
130,2
131,0
132,3
133,1
134,2
135,0
136,3
137,3
138,0
139,1
140,4
141,2
142,0
143,2
144,3
145,3
146,1
147,1
148,2
149,1
150,1
151,3
152,6
153,1
154,1
155,4
156,1
157,1
158,3
159,2
160,2
161,4
162,1
163,1
164,1
165,1
166,1
167,1
168,1
169,4
170,2
171,5
172,2
173,2
174,1
175,4
176,0
177,2
178,0
179,3
180,4
181,3
182,2
183,1
184,3
185,1
186,0
187,1
188,3
189,0
190,1
191,1
192,1
193,1
194,2
195,3
196,5
197,2
198,1
199,0
200,1
201,1
202,3
203,0
204,2
205,4
206,3
207,0
208,2
209,6
210,1
211,0
212,3
213,2
214,0
215,1
216,1
217,2
218,0
219,6
220,3
221,1
222,2
223,2
224,3
225,2
226,0
227,1
228,2
229,1
230,1
231,2
232,1
233,5
234,2
235,0
236,0
237,1
238,2
239,1
240,2
241,1
242,2
243,1
244,1
245,2
246,1
247,2
248,2
249,1
250,1
251,1
252,1
253,2
254,1
255,0
256,0
257,1
258,2
259,2
260,1
261,1
262,0
263,1
264,5
265,3
266,1
267,3
268,2
269,1
270,4
271,2
272,0
273,0
274,4
275,0
276,3
277,3
278,7
279,4
280,2
281,1
282,1
283,4
284,1
285,3
286,0
287,2
288,4
289,4
290,6
291,2
292,2
293,6
294,6
295,1
296,0
297,4
298,4
299,0
300,1
301,2
302,3
303,1
304,0
305,1
306,4
307,4
308,2
309,2
310,2
311,1
312,1
313,3
314,1
315,0
316,4
317,2
318,3
319,1
320,1
321,3
322,1
323,1
324,3
325,1
326,3
327,0
328,1
329,5
330,0
331,1
332,1
333,1
334,2
335,2
336,4
337,4
338,3
339,1
340,2
341,3
342,1
343,6
344,2
345,3
346,6
347,4
348,1
349,2
350,1
351,0
352,0
353,1
354,1
355,1
356,1
357,1
358,4
359,1
360,1
361,1
362,4
363,1
364,2
365,2
366,2
367,2
368,0
369,1
370,7
371,0
372,4
373,3
374,3
375,4
376,3
377,1
378,2
379,4
380,1
381,0
382,2
383,6
384,2
385,1
386,1
387,1
388,0
389,1
390,1
391,2
392,3
393,0
394,1
395,4
396,3
397,1
398,2
399,0
400,2
401,3
402,3
403,0
404,1
405,4
406,1
407,5
408,3
409,4
410,1
411,1
412,6
413,3
414,4
415,0
416,1
417,3
418,0
419,3
420,3
421,1
422,2
423,2
424,3
425,5
426,1
427,2
428,2
429,3
430,3
431,1
432,1
433,5
434,2
435,0
436,2
437,4
438,4
439,1
440,3
441,0
442,0
443,3
444,2
445,1
446,5
447,3
448,1
449,2
450,1
451,1
452,2
453,3
454,2
455,2
456,1
457,0
458,1
459,4
460,3
461,1
462,2
463,1
464,2
465,1
466,2
467,2
468,3
469,4
470,3
471,5
472,2
473,0
474,2
475,3
476,1
477,4
478,4
479,2
480,0
481,1
482,2
483,1
484,3
485,0
486,1
487,2
488,4
489,1
490,2
491,3
492,1
493,2
494,3
495,1
496,0
497,2
498,1
499,4
500,4
501,1
502,4
503,3
504,3
505,2
506,1
507,2
508,4
509,4
510,2
511,1
512,2
513,5
514,0
515,2
516,3
517,0
518,1
519,3
520,5
521,1
522,3
523,1
524,4
525,2
526,0
527,2
528,1
529,2
530,1
531,1
532,3
533,5
534,3
535,2
536,0
537,3
538,2
539,2
540,1
541,3
542,2
543,2
544,1
545,3
546,2
547,2
548,5
549,0
550,1
551,1
552,5
553,2
554,3
555,1
556,1
557,2
558,4
559,0
560,5
561,3
562,4
563,2
564,4
565,2
566,3
567,3
568,1
569,2
570,3
571,5
572,5
573,1
574,5
575,1
576,6
577,2
578,3
579,3
580,3
581,2
582,2
583,1
584,2
585,1
586,4
587,2
588,4
589,3
590,1
591,2
592,1
593,0
594,0
595,3
596,1
597,1
598,4
599,4
600,2
601,0
602,1
603,4
604,3
605,2
606,0
607,4
608,3
609,1
610,1
611,3
612,1
613,0
614,2
615,0
616,0
617,1
618,3
619,2
620,2
621,3
622,3
623,1
624,2
625,1
626,3
627,3
628,3
629,4
630,5
631,0
632,0
633,1
634,6
635,3
636,3
637,1
638,1
639,4
640,4
641,2
642,7
643,3
644,2
645,1
646,1
647,2
648,2
649,3
650,2
651,5
652,2
653,2
654,3
655,4
656,1
657,3
658,3
659,1
660,5
661,3
662,1
663,0
664,3
665,4
666,1
667,4
668,2
669,2
670,0
671,2
672,1
673,5
674,2
675,4
676,1
677,4
678,0
679,2
680,2
681,3
682,1
683,4
684,0
685,2
686,4
687,1
688,1
689,3
690,1
691,1
692,0
693,0
694,0
695,3
696,0
697,2
698,2
699,1
700,1
701,0
702,2
703,0
704,1
705,4
706,3
707,4
708,4
709,3
710,4
711,0
712,1
713,1
714,1
715,2
716,5
717,2
718,2
719,1
720,1
721,0
722,1
723,1
724,3
725,4
726,1
727,4
728,0
729,2
730,2
731,2
732,3
733,0
734,2
735,3
736,0
737,0
738,2
739,5
740,0
741,3
742,4
743,5
744,3
745,3
746,3
747,1
748,1
749,2
750,2
751,2
752,0
753,1
754,2
755,7
756,4
757,2
758,1
759,3
760,0
761,1
762,1
763,0
764,2
765,3
766,0
767,2
768,3
769,0
770,0
771,0
772,1
773,0
774,3
775,0
776,1
777,1
778,0
779,4
780,0
781,5
782,2
783,2
784,3
785,3
786,2
787,0
788,6
789,1
790,0
791,1
792,3
793,4
794,1
795,0
796,1
797,3
798,0
799,0
800,2
801,0
802,0
803,1
804,3
805,3
806,3
807,1
808,3
809,3
810,2
811,4
812,4
813,4
814,2
815,1
816,5
817,3
818,1
819,0
820,2
821,1
822,3
823,3
824,2
825,2
826,0
827,5
828,4
829,4
830,1
831,1
832,3
833,3
834,0
835,3
836,1
837,1
838,2
839,4
840,2
841,3
842,3
843,0
844,0
845,3
846,7
847,0
848,0
849,1
850,2
851,1
852,2
853,2
854,2
855,2
856,5
857,2
858,1
859,0
860,3
861,0
862,1
863,1
864,1
865,1
866,2
867,2
868,1
869,3
870,1
871,1
872,2
873,2
874,1
875,2
876,2
877,1
878,3
879,5
880,3
881,2
882,1
883,3
884,5
885,3
886,2
887,4
888,1
889,1
890,3
891,3
892,3
893,4
894,2
895,5
896,2
897,2
898,3
899,3
900,1
901,0
902,3
903,0
904,4
905,1
906,1
907,1
908,0
909,3
910,2
911,2
912,3
913,1
914,5
915,1
916,4
917,3
918,2
919,1
920,0
921,3
922,1
923,3
924,3
925,1
926,3
927,4
928,0
929,6
930,1
931,2
932,2
933,0
934,2
935,1
936,3
937,4
938,1
939,2
940,1
941,5
942,2
943,2
944,2
945,2
946,1
947,3
948,1
949,1
950,3
951,3
952,0
953,4
954,1
955,6
956,1
957,2
958,0
959,2
960,0
961,1
962,4
963,4
964,2
965,1
966,3
967,2
968,3
969,3
970,2
971,2
972,5
973,2
974,2
975,4
976,2
977,2
978,1
979,2
980,2
981,2
982,2
983,5
984,1
985,2
986,4
987,4
988,1
989,1
990,3
991,2
992,4
993,1
994,5
995,2
996,2
997,3
998,2
999,1
1000,4
1001,2
1002,1
1003,3
1004,1
1005,1
1006,0
1007,3
1008,2
1009,4
1010,5
1011,1
1012,2
1013,3
1014,3
1015,1
1016,1
1017,1
1018,2
1019,1
1020,1
1021,3
1022,1
1023,2
1024,3
1025,2
1026,0
1027,4
1028,3
1029,3
1030,2
1031,4
1032,1
1033,5
1034,4
1035,5
1036,1
1037,1
1038,0
1039,4
1040,2
1041,0
1042,6
1043,0
1044,2
1045,2
1046,1
1047,2
1048,6
1049,3
1050,0
1051,3
1052,2
1053,2
1054,3
1055,3
1056,1
1057,5
1058,4
1059,2
1060,4
1061,0
1062,2
1063,4
1064,4
1065,1
1066,2
1067,1
1068,4
1069,1
1070,1
1071,2
1072,2
1073,3
1074,0
1075,3
1076,3
1077,3
1078,1
1079,1
1080,2
1081,3
1082,2
1083,3
1084,1
1085,1
1086,0
1087,2
1088,2
1089,1
1090,1
1091,4
1092,0
1093,0
1094,1
1095,4
1096,1
1097,2
1098,0
1099,3
1100,2
1101,2
1102,4
1103,7
1104,1
1105,2
1106,4
1107,4
1108,0
1109,2
1110,2
1111,1
1112,1
1113,0
1114,3
1115,4
1116,0
1117,1
1118,3
1119,1
1120,1
1121,2
1122,1
1123,3
1124,6
1125,4
1126,4
1127,2
1128,3
1129,4
1130,2
1131,2
1132,1
1133,7
1134,2
1135,3
1136,2
1137,0
1138,2
1139,1
1140,4
1141,2
1142,0
1143,3
1144,1
1145,0
1146,1
1147,0
1148,1
1149,3
1150,3
1151,1
1152,1
1153,2
1154,0
1155,1
1156,3
1157,2
1158,6
1159,1
1160,3
1161,5
1162,3
1163,1
1164,3
1165,6
1166,1
1167,0
1168,2
1169,5
1170,6
1171,3
1172,3
1173,2
1174,0
1175,1
1176,2
1177,2
1178,4
1179,1
1180,3
1181,3
1182,8
1183,2
1184,1
1185,1
1186,3
1187,2
1188,3
1189,4
1190,2
1191,4
1192,2
1193,1
1194,3
1195,2
1196,0
1197,3
1198,1
1199,3
1200,2
1201,2
1202,3
1203,1
1204,0
1205,1
1206,2
1207,2
1208,2
1209,2
1210,2
1211,3
1212,1
1213,3
1214,1
1215,3
1216,4
1217,2
1218,0
1219,1
1220,2
1221,2
1222,1
1223,2
1224,3
1225,0
1226,4
1227,3
1228,2
1229,1
1230,1
1231,1
1232,1
1233,3
1234,3
1235,3
1236,0
1237,0
1238,0
1239,3
1240,3
1241,5
1242,1
1243,0
1244,1
1245,1
1246,2
1247,1
1248,2
1249,2
1250,2
1251,1
1252,1
1253,3
1254,1
1255,3
1256,1
1257,3
1258,2
1259,2
1260,2
1261,1
1262,5
1263,3
1264,2
1265,3
1266,2
1267,1
1268,2
1269,0
1270,1
1271,1
1272,4
1273,4
1274,1
1275,1
1276,0
1277,4
1278,2
1279,0
1280,1
1281,1
1282,3
1283,4
1284,4
1285,2
1286,3
1287,7
1288,3
1289,1
1290,1
1291,2
1292,2
1293,0
1294,2
1295,1
1296,1
1297,2
1298,4
1299,1
1300,0
1301,2
1302,2
1303,1
1304,3
1305,1
1306,0
1307,2
1308,0
1309,1
1310,2
1311,4
1312,5
1313,2
1314,3
1315,3
1316,3
1317,5
1318,1
1319,2
1320,4
1321,5
1322,4
1323,1
1324,1
1325,1
1326,3
1327,3
1328,1
1329,3
1330,0
1331,1
1332,3
1333,1
1334,5
1335,3
1336,1
1337,2
1338,1
1339,1
1340,1
1341,2
1342,2
1343,1
1344,1
1345,2
1346,0
1347,2
1348,0
1349,5
1350,1
1351,3
1352,1
1353,4
1354,1
1355,1
1356,0
1357,2
1358,0
1359,1
1360,2
1361,0
1362,0
1363,3
1364,2
1365,1
1366,4
1367,0
1368,1
1369,2
1370,4
1371,3
1372,1
1373,2
1374,1
1375,3
1376,2
1377,4
1378,5
1379,2
1380,4
1381,2
1382,4
1383,1
1384,2
1385,0
1386,3
1387,3
1388,1
1389,3
1390,2
1391,0
1392,2
1393,4
1394,2
1395,2
1396,3
1397,3
1398,6
1399,1
1400,5
1401,1
1402,2
1403,2
1404,2
1405,2
1406,3
1407,2
1408,2
1409,3
1410,1
1411,1
1412,1
1413,1
1414,3
1415,1
1416,1
1417,1
1418,2
1419,1
1420,1
1421,1
1422,2
1423,3
1424,1
1425,4
1426,4
1427,2
1428,3
1429,2
1430,3
1431,3
1432,1
1433,3
1434,5
1435,5
1436,3
1437,5
1438,0
1439,4
1440,2
1441,4
1442,4
1443,3
1444,2
1445,1
1446,2
1447,3
1448,4
1449,1
1450,2
1451,4
1452,3
1453,4
1454,3
1455,3
1456,6
1457,0
1458,4
1459,2
1460,2
1461,2
1462,1
1463,0
1464,5
1465,1
1466,0
1467,0
1468,4
1469,2
1470,0
1471,3
1472,1
1473,4
1474,4
1475,1
1476,3
1477,2
1478,4
1479,1
1480,5
1481,6
1482,3
1483,0
1484,2
1485,4
1486,0
1487,4
1488,1
1489,4
1490,3
1491,4
1492,2
1493,0
1494,4
1495,4
1496,3
1497,3
1498,4
1499,2
1500,5
1501,0
1502,2
1503,1
1504,3
1505,4
1506,3
1507,0
1508,6
1509,2
1510,1
1511,1
1512,2
1513,2
1514,1
1515,0
1516,2
1517,2
1518,3
1519,1
1520,3
1521,2
1522,2
1523,0
1524,3
1525,1
1526,5
1527,7
1528,2
1529,2
1530,3
1531,2
1532,1
1533,3
1534,1
1535,1
1536,1
1537,1
1538,1
1539,3
1540,2
1541,1
1542,2
1543,3
1544,2
1545,2
1546,2
1547,3
1548,2
1549,6
1550,0
1551,1
1552,1
1553,6
1554,1
1555,4
1556,3
1557,2
1558,2
1559,2
1560,2
1561,2
1562,2
1563,4
1564,2
1565,3
1566,3
1567,3
1568,0
1569,0
1570,1
1571,2
1572,4
1573,2
1574,0
1575,1
1576,1
1577,0
1578,0
1579,0
1580,3
1581,1
1582,2
1583,1
1584,0
1585,1
1586,3
1587,2
1588,1
1589,5
1590,0
1591,1
1592,3
1593,0
1594,2
1595,1
1596,3
1597,1
1598,2
1599,2
1600,3
1601,1
1602,2
1603,4
1604,5
1605,0
1606,2
1607,5
1608,3
1609,5
1610,2
1611,2
1612,3
1613,0
1614,1
1615,0
1616,2
1617,0
1618,2
1619,1
1620,2
1621,7
1622,2
1623,4
1624,1
1625,2
1626,1
1627,1
1628,2
1629,4
1630,3
1631,2
1632,5
1633,1
1634,0
1635,3
1636,0
1637,5
1638,2
1639,3
1640,4
1641,2
1642,2
1643,3
1644,5
1645,4
1646,3
1647,5
1648,1
1649,0
1650,3
1651,2
1652,3
1653,1
1654,2
1655,3
1656,2
1657,1
1658,3
1659,2
1660,3
1661,1
1662,2
1663,2
1664,1
1665,1
1666,1
1667,2
1668,2
1669,0
1670,0
1671,2
1672,3
1673,2
1674,2
1675,3
1676,1
1677,1
1678,2
1679,3
1680,1
1681,4
1682,1
1683,0
1684,1
1685,1
1686,3
1687,1
1688,4
1689,2
1690,0
1691,3
1692,4
1693,3
1694,1
1695,1
1696,0
1697,1
1698,3
1699,0
1700,1
1701,4
1702,1
1703,5
1704,0
1705,2
1706,2
1707,1
1708,2
1709,2
1710,1
1711,0
1712,0
1713,1
1714,3
1715,1
1716,1
1717,3
1718,2
1719,3
1720,1
1721,4
1722,1
1723,1
1724,1
1725,3
1726,0
1727,1
1728,1
1729,1
1730,2
1731,2
1732,1
1733,4
1734,3
1735,1
1736,2
1737,1
1738,6
1739,0
1740,4
1741,2
1742,4
1743,2
1744,4
1745,0
1746,1
1747,1
1748,4
1749,1
1750,0
1751,2
1752,1
1753,1
1754,2
1755,1
1756,1
1757,2
1758,2
1759,0
1760,3
1761,0
1762,1
1763,2
1764,4
1765,3
1766,4
1767,0
1768,3
1769,3
1770,2
1771,1
1772,4
1773,5
1774,1
1775,3
1776,1
1777,2
1778,1
1779,1
1780,3
1781,4
1782,3
1783,0
1784,0
1785,1
1786,2
1787,2
1788,3
1789,1
1790,0
1791,2
1792,0
1793,3
1794,4
1795,2
1796,3
1797,4
1798,1
1799,1
1800,4
1801,2
1802,2
1803,4
1804,1
1805,2
1806,2
1807,3
1808,4
1809,3
1810,5
1811,6
1812,1
1813,3
1814,2
1815,2
1816,0
1817,1
1818,2
1819,3
1820,1
1821,3
1822,2
1823,1
1824,3
1825,1
1826,6
1827,1
1828,1
1829,1
1830,1
1831,2
1832,1
1833,0
1834,2
1835,2
1836,2
1837,3
1838,4
1839,1
1840,2
1841,4
1842,4
1843,2
1844,0
1845,1
1846,4
1847,0
1848,4
1849,2
1850,2
1851,1
1852,2
1853,3
1854,0
1855,2
1856,1
1857,2
1858,4
1859,1
1860,3
1861,2
1862,4
1863,1
1864,3
1865,4
1866,5
1867,4
1868,1
1869,2
1870,2
1871,1
1872,2
1873,1
1874,3
1875,1
1876,0
1877,3
1878,1
1879,0
1880,0
1881,4
1882,4
1883,2
1884,3
1885,1
1886,1
1887,2
1888,1
1889,0
1890,0
1891,1
1892,1
1893,1
1894,5
1895,2
1896,1
1897,0
1898,0
1899,1
1900,3
1901,5
1902,2
1903,4
1904,4
1905,3
1906,2
1907,0
1908,1
1909,0
1910,3
1911,4
1912,4
1913,4
1914,2
1915,0
1916,0
1917,1
1918,3
1919,2
1920,3
1921,1
1922,1
1923,2
1924,1
1925,2
1926,1
1927,1
1928,2
1929,2
1930,3
1931,2
1932,3
1933,0
1934,2
1935,0
1936,2
1937,4
1938,0
1939,3
1940,3
1941,2
1942,0
1943,0
1944,0
1945,2
1946,2
1947,1
1948,3
1949,5
1950,3
1951,2
1952,1
1953,2
1954,1
1955,1
1956,1
1957,1
1958,1
