0,0
1,2
2,3
3,2
4,3
5,1
6,3
7,4
8,1
9,4
10,3
11,2
12,3
13,3
14,1
15,0
16,1
17,1
18,1
19,4
20,6
21,1
22,1
23,1
24,3
25,2
26,5
27,0
28,0
29,2
30,1
31,1
32,1
33,4
34,4
35,0
36,1
37,0
38,3
39,1
40,3
41,0
42,1
43,1
44,1
45,3
46,1
47,2
48,1
49,1
50,4
51,2
52,1
53,0
54,2
55,3
56,0
57,2
58,2
59,1
60,2
61,1
62,1
63,2
64,1
65,2
66,5
67,4
68,3
69,1
70,2
71,1
72,0
73,4
74,1
75,0
76,1
77,1
78,0
79,7
80,0
81,1
82,2
83,1
84,3
85,1
86,1
87,3
88,1
89,1
90,6
91,2
92,2
93,0
94,2
95,1
96,1
97,1
98,1
99,0
100,4
101,0
102,1
103,1
104,1
105,1
106,1
107,3
108,1
109,1
110,1
111,0
112,0
113,2
114,0
115,1
116,1
117,0
118,0
119,1
120,1
121,0
122,2
123,0
124,1
125,1
126,1
127,1
128,1
129,2
130,3
131,0
132,1
133,4
134,4
135,0
136,1
137,2
138,1
139,2
140,4
141,4
142,0
143,4
144,1
145,0
146,0
147,1
148,1
149,2
150,2
151,1
152,2
153,3
154,2
155,1
156,1
157,1
158,0
159,1
160,1
161,2
162,1
163,1
164,1
165,1
166,0
167,0
168,0
169,0
170,2
171,1
172,1
173,3
174,1
175,4
176,2
177,1
178,1
179,1
180,4
181,4
182,1
183,2
184,2
185,1
186,1
187,1
188,1
189,0
190,1
191,2
192,1
193,2
194,3
195,1
196,3
197,3
198,1
199,2
200,1
201,2
202,3
203,1
204,6
205,2
206,1
207,1
208,2
209,7
210,1
211,1
212,1
213,2
214,3
215,2
216,2
217,2
218,0
219,5
220,1
221,1
222,1
223,1
224,2
225,3
226,0
227,2
228,3
229,1
230,1
231,3
232,1
233,6
234,5
235,1
236,0
237,1
238,1
239,1
240,2
241,1
242,2
243,0
244,1
245,2
246,1
247,1
248,1
249,1
250,1
251,0
252,2
253,1
254,1
255,1
256,0
257,0
258,3
259,1
260,6
261,1
262,2
263,1
264,3
265,3
266,1
267,4
268,3
269,1
270,3
271,3
272,1
273,0
274,5
275,0
276,1
277,1
278,6
279,3
280,1
281,2
282,1
283,6
284,1
285,4
286,1
287,3
288,5
289,2
290,3
291,1
292,2
293,4
294,2
295,1
296,0
297,2
298,4
299,0
300,0
301,1
302,3
303,1
304,2
305,1
306,5
307,3
308,1
309,2
310,2
311,1
312,1
313,3
314,1
315,0
316,2
317,1
318,2
319,2
320,1
321,3
322,2
323,1
324,4
325,0
326,0
327,0
328,1
329,4
330,1
331,1
332,2
333,1
334,2
335,3
336,3
337,3
338,1
339,1
340,1
341,3
342,3
343,6
344,4
345,2
346,3
347,3
348,1
349,2
350,1
351,1
352,2
353,1
354,3
355,1
356,1
357,1
358,1
359,1
360,2
361,1
362,2
363,1
364,2
365,3
366,1
367,1
368,1
369,1
370,2
371,2
372,3
373,0
374,2
375,3
376,2
377,0
378,1
379,2
380,1
381,1
382,3
383,7
384,0
385,2
386,1
387,1
388,2
389,1
390,2
391,1
392,2
393,0
394,1
395,3
396,1
397,0
398,1
399,2
400,3
401,1
402,2
403,0
404,4
405,0
406,1
407,1
408,1
409,1
410,1
411,0
412,1
413,3
414,3
415,1
416,1
417,3
418,1
419,3
420,2
421,1
422,5
423,2
424,2
425,1
426,1
427,2
428,2
429,3
430,2
431,1
432,1
433,7
434,1
435,1
436,1
437,2
438,2
439,1
440,0
441,1
442,0
443,1
444,2
445,1
446,3
447,3
448,0
449,1
450,2
451,1
452,2
453,1
454,2
455,2
456,2
457,1
458,1
459,4
460,6
461,2
462,2
463,1
464,2
465,0
466,3
467,0
468,1
469,3
470,3
471,1
472,1
473,1
474,2
475,3
476,1
477,3
478,3
479,1
480,1
481,3
482,1
483,2
484,2
485,3
486,2
487,1
488,3
489,1
490,1
491,1
492,1
493,1
494,1
495,1
496,1
497,5
498,1
499,3
500,3
501,2
502,2
503,3
504,1
505,1
506,0
507,1
508,4
509,2
510,0
511,3
512,1
513,4
514,1
515,1
516,3
517,2
518,2
519,2
520,2
521,2
522,2
523,2
524,4
525,1
526,2
527,2
528,1
529,3
530,1
531,1
532,1
533,2
534,2
535,1
536,1
537,4
538,3
539,3
540,2
541,3
542,2
543,3
544,2
545,2
546,3
547,3
548,6
549,1
550,1
551,2
552,2
553,1
554,2
555,2
556,1
557,1
558,4
559,0
560,3
561,2
562,3
563,0
564,5
565,1
566,2
567,1
568,2
569,1
570,2
571,4
572,3
573,2
574,0
575,0
576,3
577,1
578,3
579,4
580,3
581,2
582,1
583,1
584,4
585,1
586,3
587,1
588,2
589,0
590,1
591,0
592,0
593,0
594,1
595,3
596,2
597,1
598,2
599,3
600,2
601,1
602,2
603,2
604,2
605,1
606,1
607,3
608,2
609,2
610,0
611,1
612,1
613,0
614,1
615,1
616,1
617,0
618,3
619,1
620,2
621,2
622,3
623,1
624,0
625,1
626,1
627,1
628,5
629,2
630,4
631,0
632,0
633,1
634,3
635,2
636,3
637,1
638,2
639,1
640,2
641,2
642,4
643,4
644,1
645,0
646,1
647,1
648,1
649,0
650,2
651,5
652,1
653,1
654,2
655,2
656,1
657,0
658,2
659,2
660,3
661,1
662,1
663,1
664,0
665,2
666,1
667,2
668,1
669,1
670,1
671,2
672,0
673,3
674,0
675,3
676,2
677,1
678,0
679,1
680,1
681,3
682,0
683,3
684,1
685,2
686,0
687,2
688,0
689,0
690,0
691,1
692,0
693,1
694,0
695,3
696,0
697,0
698,1
699,1
700,1
701,0
702,2
703,0
704,1
705,4
706,2
707,2
708,0
709,1
710,4
711,1
712,1
713,1
714,1
715,4
716,0
717,0
718,1
719,1
720,0
721,0
722,1
723,2
724,3
725,1
726,0
727,4
728,1
729,2
730,2
731,1
732,1
733,0
734,1
735,3
736,1
737,1
738,2
739,0
740,1
741,1
742,3
743,3
744,1
745,1
746,1
747,0
748,1
749,3
750,4
751,2
752,1
753,1
754,4
755,6
756,3
757,1
758,3
759,2
760,0
761,1
762,2
763,1
764,2
765,3
766,1
767,2
768,2
769,1
770,1
771,0
772,1
773,1
774,3
775,0
776,2
777,0
778,1
779,4
780,3
781,1
782,1
783,3
784,2
785,5
786,2
787,0
788,2
789,0
790,1
791,1
792,3
793,2
794,1
795,2
796,1
797,1
798,1
799,0
800,1
801,0
802,1
803,2
804,1
805,2
806,3
807,2
808,2
809,3
810,3
811,2
812,2
813,3
814,4
815,1
816,3
817,3
818,5
819,0
820,3
821,1
822,4
823,3
824,1
825,3
826,0
827,2
828,4
829,1
830,2
831,1
832,1
833,3
834,2
835,4
836,0
837,1
838,2
839,4
840,1
841,3
842,6
843,0
844,0
845,4
846,1
847,0
848,0
849,2
850,2
851,1
852,1
853,2
854,2
855,2
856,5
857,1
858,1
859,0
860,0
861,1
862,2
863,2
864,2
865,0
866,3
867,1
868,1
869,2
870,1
871,1
872,4
873,2
874,1
875,1
876,1
877,1
878,1
879,3
880,1
881,2
882,0
883,2
884,1
885,4
886,1
887,2
888,2
889,2
890,3
891,3
892,1
893,2
894,2
895,3
896,2
897,3
898,1
899,1
900,1
901,1
902,3
903,1
904,6
905,1
906,2
907,1
908,0
909,3
910,2
911,2
912,5
913,1
914,4
915,2
916,3
917,2
918,2
919,1
920,0
921,2
922,1
923,2
924,2
925,4
926,2
927,4
928,2
929,4
930,2
931,1
932,3
933,0
934,4
935,1
936,2
937,2
938,1
939,2
940,1
941,3
942,3
943,1
944,2
945,1
946,1
947,2
948,0
949,0
950,2
951,1
952,0
953,3
954,0
955,0
956,0
957,1
958,1
959,1
960,0
961,0
962,2
963,1
964,1
965,1
966,2
967,4
968,1
969,3
970,1
971,1
972,3
973,2
974,1
975,2
976,1
977,1
978,1
979,1
980,1
981,2
982,0
983,2
984,2
985,3
986,2
987,3
988,1
989,1
990,4
991,1
992,2
993,1
994,3
995,4
996,1
997,3
998,1
999,0
1000,3
1001,2
1002,2
1003,1
1004,2
1005,2
1006,0
1007,4
1008,1
1009,3
1010,2
1011,1
1012,1
1013,2
1014,2
1015,1
1016,2
1017,1
1018,1
1019,1
1020,1
1021,2
1022,2
1023,3
1024,1
1025,2
1026,1
1027,2
1028,4
1029,3
1030,1
1031,5
1032,1
1033,5
1034,2
1035,4
1036,2
1037,0
1038,2
1039,3
1040,0
1041,0
1042,2
1043,2
1044,3
1045,3
1046,4
1047,2
1048,6
1049,3
1050,0
1051,2
1052,1
1053,1
1054,0
1055,2
1056,1
1057,3
1058,1
1059,1
1060,3
1061,0
1062,1
1063,1
1064,3
1065,2
1066,1
1067,1
1068,1
1069,1
1070,1
1071,1
1072,2
1073,2
1074,0
1075,2
1076,2
1077,3
1078,1
1079,0
1080,3
1081,1
1082,4
1083,2
1084,1
1085,1
1086,0
1087,1
1088,2
1089,1
1090,1
1091,2
1092,1
1093,0
1094,1
1095,3
1096,1
1097,1
1098,0
1099,4
1100,3
1101,2
1102,3
1103,3
1104,4
1105,6
1106,3
1107,3
1108,0
1109,2
1110,1
1111,1
1112,2
1113,2
1114,3
1115,5
1116,0
1117,2
1118,3
1119,1
1120,1
1121,3
1122,3
1123,3
1124,2
1125,4
1126,4
1127,3
1128,2
1129,1
1130,0
1131,0
1132,0
1133,4
1134,0
1135,3
1136,0
1137,0
1138,1
1139,3
1140,3
1141,6
1142,1
1143,3
1144,0
1145,1
1146,0
1147,1
1148,1
1149,4
1150,3
1151,0
1152,1
1153,2
1154,0
1155,2
1156,3
1157,3
1158,3
1159,1
1160,1
1161,3
1162,4
1163,1
1164,3
1165,5
1166,1
1167,0
1168,1
1169,5
1170,4
1171,2
1172,2
1173,1
1174,1
1175,0
1176,1
1177,1
1178,3
1179,1
1180,2
1181,1
1182,3
1183,3
1184,1
1185,2
1186,2
1187,1
1188,2
1189,0
1190,2
1191,3
1192,1
1193,1
1194,3
1195,1
1196,0
1197,2
1198,2
1199,1
1200,1
1201,1
1202,1
1203,1
1204,1
1205,0
1206,0
1207,2
1208,1
1209,2
1210,1
1211,3
1212,2
1213,1
1214,1
1215,3
1216,2
1217,1
1218,0
1219,0
1220,1
1221,0
1222,1
1223,0
1224,1
1225,1
1226,1
1227,0
1228,2
1229,1
1230,1
1231,0
1232,1
1233,3
1234,2
1235,4
1236,1
1237,0
1238,0
1239,2
1240,1
1241,1
1242,1
1243,2
1244,1
1245,1
1246,1
1247,2
1248,2
1249,0
1250,1
1251,1
1252,2
1253,3
1254,0
1255,5
1256,1
1257,1
1258,1
1259,1
1260,1
1261,0
1262,4
1263,4
1264,1
1265,3
1266,2
1267,1
1268,3
1269,0
1270,2
1271,1
1272,4
1273,2
1274,3
1275,1
1276,0
1277,3
1278,4
1279,1
1280,2
1281,1
1282,1
1283,3
1284,3
1285,1
1286,2
1287,6
1288,2
1289,1
1290,2
1291,1
1292,3
1293,2
1294,2
1295,2
1296,0
1297,2
1298,2
1299,1
1300,1
1301,2
1302,2
1303,4
1304,3
1305,2
1306,0
1307,3
1308,3
1309,1
1310,3
1311,2
1312,2
1313,4
1314,5
1315,3
1316,2
1317,3
1318,2
1319,1
1320,3
1321,4
1322,3
1323,4
1324,2
1325,3
1326,1
1327,0
1328,1
1329,1
1330,1
1331,1
1332,3
1333,2
1334,3
1335,1
1336,2
1337,3
1338,1
1339,1
1340,2
1341,1
1342,2
1343,2
1344,2
1345,1
1346,0
1347,4
1348,0
1349,4
1350,2
1351,3
1352,1
1353,1
1354,1
1355,1
1356,0
1357,1
1358,1
1359,2
1360,3
1361,1
1362,1
1363,1
1364,3
1365,1
1366,3
1367,2
1368,1
1369,2
1370,3
1371,2
1372,1
1373,1
1374,1
1375,1
1376,2
1377,3
1378,3
1379,2
1380,1
1381,0
1382,5
1383,1
1384,3
1385,0
1386,3
1387,2
1388,2
1389,3
1390,1
1391,3
1392,1
1393,2
1394,1
1395,2
1396,2
1397,2
1398,5
1399,1
1400,4
1401,2
1402,1
1403,2
1404,2
1405,1
1406,2
1407,1
1408,3
1409,1
1410,1
1411,2
1412,1
1413,1
1414,3
1415,0
1416,5
1417,1
1418,1
1419,0
1420,0
1421,1
1422,2
1423,2
1424,1
1425,1
1426,1
1427,2
1428,4
1429,3
1430,3
1431,1
1432,1
1433,2
1434,5
1435,4
1436,2
1437,4
1438,2
1439,2
1440,1
1441,3
1442,3
1443,1
1444,1
1445,3
1446,2
1447,3
1448,0
1449,1
1450,2
1451,4
1452,3
1453,3
1454,4
1455,4
1456,1
1457,0
1458,2
1459,1
1460,2
1461,1
1462,1
1463,0
1464,3
1465,3
1466,1
1467,0
1468,2
1469,1
1470,0
1471,1
1472,2
1473,1
1474,2
1475,0
1476,3
1477,1
1478,2
1479,1
1480,4
1481,2
1482,1
1483,1
1484,1
1485,2
1486,2
1487,2
1488,1
1489,2
1490,1
1491,5
1492,2
1493,0
1494,3
1495,3
1496,2
1497,2
1498,3
1499,3
1500,5
1501,0
1502,2
1503,1
1504,3
1505,2
1506,4
1507,0
1508,5
1509,2
1510,1
1511,1
1512,2
1513,2
1514,1
1515,1
1516,3
1517,0
1518,3
1519,1
1520,2
1521,3
1522,2
1523,0
1524,1
1525,1
1526,4
1527,3
1528,2
1529,1
1530,2
1531,1
1532,2
1533,1
1534,1
1535,1
1536,1
1537,1
1538,1
1539,3
1540,2
1541,1
1542,3
1543,1
1544,1
1545,1
1546,1
1547,1
1548,2
1549,3
1550,1
1551,1
1552,3
1553,5
1554,2
1555,2
1556,3
1557,3
1558,2
1559,1
1560,1
1561,2
1562,1
1563,2
1564,1
1565,2
1566,1
1567,2
1568,1
1569,1
1570,1
1571,2
1572,1
1573,1
1574,2
1575,1
1576,0
1577,0
1578,0
1579,1
1580,2
1581,1
1582,2
1583,1
1584,0
1585,1
1586,2
1587,2
1588,1
1589,6
1590,1
1591,1
1592,3
1593,0
1594,3
1595,1
1596,0
1597,1
1598,2
1599,5
1600,3
1601,0
1602,1
1603,3
1604,4
1605,1
1606,1
1607,4
1608,2
1609,4
1610,2
1611,0
1612,2
1613,0
1614,1
1615,1
1616,3
1617,1
1618,3
1619,4
1620,1
1621,3
1622,0
1623,4
1624,2
1625,2
1626,2
1627,1
1628,1
1629,3
1630,0
1631,2
1632,2
1633,4
1634,1
1635,2
1636,0
1637,1
1638,0
1639,3
1640,4
1641,1
1642,0
1643,5
1644,2
1645,4
1646,1
1647,0
1648,1
1649,0
1650,3
1651,1
1652,2
1653,1
1654,2
1655,2
1656,1
1657,2
1658,2
1659,1
1660,2
1661,1
1662,1
1663,1
1664,2
1665,1
1666,2
1667,0
1668,1
1669,0
1670,0
1671,2
1672,3
1673,1
1674,2
1675,2
1676,1
1677,1
1678,2
1679,2
1680,1
1681,2
1682,0
1683,0
1684,0
1685,1
1686,3
1687,0
1688,2
1689,0
1690,0
1691,2
1692,3
1693,2
1694,2
1695,2
1696,0
1697,0
1698,1
1699,1
1700,1
1701,3
1702,1
1703,2
1704,1
1705,1
1706,2
1707,0
1708,3
1709,3
1710,2
1711,3
1712,2
1713,3
1714,2
1715,1
1716,2
1717,3
1718,3
1719,4
1720,4
1721,3
1722,2
1723,1
1724,1
1725,3
1726,0
1727,1
1728,1
1729,1
1730,4
1731,1
1732,1
1733,3
1734,1
1735,2
1736,1
1737,1
1738,1
1739,0
1740,2
1741,1
1742,2
1743,4
1744,3
1745,0
1746,1
1747,1
1748,3
1749,1
1750,1
1751,2
1752,1
1753,1
1754,2
1755,1
1756,1
1757,2
1758,2
1759,0
1760,4
1761,1
1762,1
1763,1
1764,2
1765,2
1766,3
1767,0
1768,2
1769,1
1770,3
1771,1
1772,1
1773,4
1774,1
1775,4
1776,3
1777,3
1778,0
1779,1
1780,1
1781,5
1782,1
1783,2
1784,1
1785,1
1786,2
1787,2
1788,1
1789,3
1790,0
1791,3
1792,1
1793,3
1794,2
1795,2
1796,4
1797,4
1798,1
1799,2
1800,2
1801,1
1802,4
1803,2
1804,1
1805,2
1806,2
1807,3
1808,3
1809,1
1810,3
1811,5
1812,0
1813,1
1814,2
1815,2
1816,1
1817,2
1818,4
1819,3
1820,4
1821,3
1822,2
1823,2
1824,2
1825,2
1826,3
1827,1
1828,1
1829,1
1830,2
1831,2
1832,1
1833,1
1834,2
1835,1
1836,0
1837,2
1838,2
1839,1
1840,2
1841,5
1842,2
1843,2
1844,1
1845,1
1846,1
1847,1
1848,1
1849,2
1850,1
1851,1
1852,0
1853,3
1854,1
1855,3
1856,1
1857,1
1858,2
1859,1
1860,2
1861,4
1862,5
1863,0
1864,3
1865,4
1866,3
1867,2
1868,0
1869,1
1870,3
1871,0
1872,3
1873,1
1874,3
1875,1
1876,3
1877,3
1878,0
1879,0
1880,1
1881,4
1882,2
1883,3
1884,1
1885,1
1886,1
1887,1
1888,0
1889,1
1890,0
1891,1
1892,3
1893,1
1894,3
1895,1
1896,1
1897,1
1898,0
1899,4
1900,5
1901,5
1902,1
1903,2
1904,3
1905,2
1906,3
1907,3
1908,1
1909,0
1910,1
1911,3
1912,3
1913,2
1914,0
1915,0
1916,2
1917,2
1918,2
1919,1
1920,2
1921,1
1922,2
1923,6
1924,0
1925,3
1926,1
1927,2
1928,3
1929,3
1930,1
1931,1
1932,1
1933,1
1934,0
1935,0
1936,2
1937,2
1938,0
1939,2
1940,2
1941,4
1942,0
1943,2
1944,1
1945,1
1946,3
1947,1
1948,3
1949,3
1950,3
1951,3
1952,2
1953,5
1954,2
1955,1
1956,1
1957,7
1958,2
