0,1
1,0
2,2
3,0
4,1
5,1
6,6
7,6
8,5
9,1
10,1
11,1
12,5
13,2
14,2
15,0
16,0
17,3
18,7
19,2
20,1
21,1
22,1
23,1
24,3
25,3
26,2
27,0
28,4
29,0
30,1
31,1
32,0
33,1
34,3
35,0
36,1
37,0
38,1
39,3
40,1
41,0
42,1
43,1
44,1
45,3
46,0
47,3
48,0
49,1
50,1
51,1
52,1
53,0
54,2
55,3
56,0
57,0
58,0
59,2
60,1
61,1
62,0
63,1
64,1
65,1
66,2
67,2
68,6
69,1
70,2
71,2
72,0
73,1
74,1
75,0
76,3
77,2
78,0
79,1
80,1
81,2
82,1
83,1
84,2
85,1
86,1
87,2
88,3
89,1
90,0
91,2
92,3
93,0
94,3
95,1
96,1
97,1
98,2
99,0
100,4
101,0
102,1
103,4
104,1
105,1
106,1
107,2
108,0
109,1
110,5
111,0
112,0
113,1
114,0
115,1
116,1
117,0
118,0
119,1
120,1
121,0
122,1
123,0
124,1
125,1
126,1
127,4
128,1
129,1
130,1
131,3
132,0
133,1
134,1
135,1
136,1
137,3
138,1
139,2
140,6
141,6
142,2
143,2
144,1
145,0
146,1
147,0
148,2
149,2
150,2
151,0
152,0
153,5
154,0
155,1
156,1
157,0
158,0
159,1
160,2
161,2
162,1
163,1
164,1
165,2
166,3
167,0
168,2
169,0
170,0
171,3
172,0
173,1
174,6
175,2
176,5
177,1
178,1
179,2
180,1
181,1
182,2
183,3
184,1
185,1
186,1
187,1
188,2
189,2
190,2
191,1
192,0
193,1
194,2
195,1
196,1
197,1
198,2
199,1
200,2
201,5
202,5
203,1
204,6
205,2
206,3
207,1
208,9
209,5
210,1
211,3
212,1
213,0
214,4
215,3
216,4
217,0
218,2
219,1
220,2
221,1
222,1
223,2
224,2
225,4
226,1
227,1
228,1
229,0
230,3
231,3
232,1
233,3
234,3
235,1
236,2
237,1
238,1
239,2
240,2
241,4
242,9
243,0
244,1
245,1
246,1
247,1
248,3
249,1
250,1
251,1
252,3
253,1
254,4
255,5
256,0
257,0
258,1
259,3
260,11
261,1
262,1
263,1
264,1
265,2
266,1
267,6
268,1
269,1
270,5
271,1
272,1
273,1
274,1
275,1
276,4
277,2
278,3
279,4
280,1
281,2
282,1
283,1
284,0
285,0
286,5
287,0
288,5
289,2
290,5
291,3
292,2
293,4
294,2
295,3
296,1
297,1
298,6
299,4
300,2
301,0
302,1
303,1
304,1
305,1
306,7
307,2
308,1
309,0
310,1
311,1
312,3
313,3
314,1
315,1
316,2
317,3
318,3
319,0
320,1
321,2
322,0
323,3
324,2
325,0
326,0
327,0
328,9
329,4
330,0
331,1
332,2
333,1
334,3
335,5
336,1
337,0
338,1
339,0
340,2
341,2
342,2
343,1
344,2
345,3
346,4
347,1
348,1
349,1
350,1
351,1
352,2
353,1
354,1
355,1
356,2
357,2
358,1
359,2
360,5
361,1
362,2
363,1
364,2
365,1
366,0
367,1
368,3
369,0
370,3
371,1
372,0
373,0
374,0
375,5
376,2
377,0
378,3
379,7
380,2
381,0
382,1
383,1
384,1
385,2
386,2
387,1
388,2
389,0
390,2
391,0
392,3
393,1
394,0
395,6
396,1
397,0
398,1
399,2
400,4
401,1
402,1
403,1
404,1
405,0
406,1
407,1
408,0
409,1
410,2
411,0
412,3
413,1
414,2
415,1
416,0
417,0
418,1
419,0
420,2
421,0
422,6
423,2
424,1
425,3
426,1
427,0
428,1
429,1
430,3
431,2
432,2
433,5
434,1
435,0
436,1
437,5
438,0
439,1
440,0
441,10
442,4
443,1
444,3
445,1
446,2
447,1
448,4
449,1
450,1
451,1
452,2
453,4
454,1
455,2
456,2
457,3
458,1
459,7
460,1
461,2
462,1
463,1
464,3
465,2
466,1
467,0
468,1
469,4
470,3
471,2
472,1
473,5
474,1
475,1
476,1
477,1
478,3
479,1
480,1
481,1
482,2
483,3
484,6
485,5
486,0
487,0
488,4
489,3
490,3
491,1
492,1
493,0
494,1
495,1
496,1
497,3
498,3
499,4
500,4
501,2
502,2
503,3
504,0
505,2
506,0
507,1
508,7
509,1
510,2
511,3
512,6
513,3
514,0
515,0
516,2
517,1
518,3
519,2
520,4
521,3
522,4
523,1
524,2
525,2
526,2
527,0
528,1
529,4
530,2
531,2
532,0
533,2
534,1
535,0
536,0
537,2
538,3
539,1
540,1
541,7
542,1
543,0
544,3
545,1
546,1
547,4
548,3
549,2
550,3
551,5
552,0
553,1
554,1
555,1
556,5
557,3
558,9
559,1
560,3
561,2
562,0
563,0
564,2
565,1
566,1
567,3
568,2
569,10
570,1
571,4
572,1
573,2
574,0
575,1
576,0
577,2
578,1
579,5
580,3
581,3
582,1
583,3
584,2
585,2
586,2
587,1
588,2
589,0
590,2
591,0
592,1
593,1
594,3
595,3
596,5
597,2
598,3
599,2
600,1
601,1
602,1
603,3
604,0
605,1
606,4
607,0
608,2
609,2
610,0
611,2
612,1
613,1
614,3
615,1
616,1
617,0
618,1
619,3
620,1
621,2
622,3
623,1
624,0
625,1
626,1
627,1
628,3
629,4
630,3
631,0
632,0
633,0
634,0
635,1
636,6
637,1
638,2
639,1
640,1
641,0
642,1
643,2
644,0
645,1
646,1
647,2
648,1
649,1
650,3
651,3
652,1
653,1
654,1
655,2
656,0
657,0
658,1
659,1
660,1
661,0
662,1
663,1
664,1
665,0
666,1
667,3
668,1
669,1
670,1
671,2
672,0
673,1
674,0
675,1
676,1
677,2
678,1
679,3
680,1
681,1
682,0
683,2
684,1
685,1
686,0
687,3
688,1
689,0
690,1
691,0
692,0
693,1
694,0
695,1
696,0
697,0
698,1
699,2
700,1
701,1
702,1
703,1
704,1
705,2
706,5
707,1
708,0
709,1
710,6
711,1
712,0
713,1
714,1
715,2
716,0
717,0
718,1
719,1
720,0
721,1
722,1
723,1
724,2
725,1
726,0
727,2
728,1
729,1
730,1
731,1
732,1
733,0
734,3
735,3
736,1
737,2
738,0
739,0
740,1
741,1
742,3
743,1
744,1
745,1
746,1
747,0
748,2
749,2
750,2
751,3
752,1
753,1
754,3
755,1
756,1
757,0
758,2
759,3
760,0
761,3
762,1
763,1
764,1
765,4
766,2
767,2
768,1
769,0
770,1
771,1
772,1
773,4
774,1
775,1
776,0
777,0
778,2
779,2
780,3
781,0
782,1
783,6
784,1
785,1
786,1
787,1
788,3
789,0
790,1
791,1
792,2
793,2
794,1
795,2
796,1
797,1
798,0
799,1
800,1
801,0
802,1
803,4
804,1
805,1
806,8
807,2
808,3
809,4
810,2
811,1
812,3
813,6
814,0
815,1
816,4
817,0
818,9
819,1
820,2
821,1
822,1
823,0
824,1
825,6
826,0
827,1
828,7
829,1
830,1
831,1
832,3
833,1
834,3
835,1
836,1
837,1
838,3
839,7
840,1
841,4
842,5
843,2
844,5
845,5
846,1
847,1
848,0
849,2
850,3
851,1
852,1
853,1
854,2
855,3
856,6
857,1
858,1
859,1
860,0
861,1
862,2
863,2
864,1
865,0
866,3
867,1
868,1
869,4
870,2
871,1
872,4
873,2
874,1
875,1
876,1
877,2
878,2
879,2
880,1
881,1
882,3
883,2
884,1
885,0
886,1
887,1
888,1
889,0
890,0
891,4
892,3
893,5
894,3
895,0
896,1
897,1
898,2
899,1
900,1
901,2
902,5
903,2
904,2
905,1
906,1
907,1
908,0
909,1
910,2
911,2
912,3
913,1
914,2
915,2
916,1
917,0
918,2
919,2
920,2
921,2
922,0
923,4
924,1
925,3
926,1
927,4
928,3
929,2
930,4
931,1
932,2
933,2
934,1
935,1
936,2
937,4
938,3
939,4
940,3
941,1
942,2
943,2
944,1
945,3
946,1
947,1
948,0
949,1
950,1
951,1
952,0
953,5
954,0
955,0
956,0
957,1
958,1
959,1
960,1
961,1
962,4
963,1
964,3
965,1
966,1
967,2
968,2
969,1
970,2
971,1
972,1
973,0
974,2
975,6
976,1
977,1
978,0
979,1
980,1
981,1
982,0
983,0
984,4
985,1
986,3
987,2
988,1
989,1
990,2
991,1
992,4
993,1
994,4
995,4
996,1
997,1
998,2
999,1
1000,0
1001,1
1002,8
1003,2
1004,2
1005,1
1006,1
1007,4
1008,2
1009,1
1010,1
1011,1
1012,1
1013,3
1014,2
1015,0
1016,1
1017,1
1018,1
1019,1
1020,1
1021,1
1022,1
1023,1
1024,2
1025,1
1026,0
1027,0
1028,4
1029,1
1030,1
1031,1
1032,2
1033,3
1034,1
1035,4
1036,2
1037,1
1038,8
1039,2
1040,2
1041,1
1042,0
1043,1
1044,0
1045,2
1046,1
1047,1
1048,2
1049,4
1050,2
1051,0
1052,1
1053,1
1054,0
1055,1
1056,0
1057,1
1058,3
1059,1
1060,4
1061,1
1062,0
1063,3
1064,2
1065,1
1066,0
1067,1
1068,1
1069,4
1070,2
1071,2
1072,0
1073,2
1074,1
1075,1
1076,1
1077,3
1078,2
1079,2
1080,3
1081,0
1082,5
1083,1
1084,1
1085,1
1086,2
1087,0
1088,2
1089,0
1090,1
1091,1
1092,1
1093,0
1094,1
1095,0
1096,3
1097,1
1098,2
1099,5
1100,1
1101,1
1102,2
1103,1
1104,1
1105,0
1106,2
1107,1
1108,1
1109,3
1110,2
1111,1
1112,8
1113,7
1114,3
1115,3
1116,1
1117,2
1118,1
1119,1
1120,1
1121,0
1122,3
1123,2
1124,2
1125,2
1126,3
1127,1
1128,0
1129,0
1130,0
1131,0
1132,2
1133,1
1134,0
1135,3
1136,0
1137,2
1138,2
1139,1
1140,2
1141,8
1142,1
1143,1
1144,4
1145,1
1146,1
1147,3
1148,1
1149,1
1150,1
1151,1
1152,1
1153,0
1154,2
1155,1
1156,2
1157,2
1158,2
1159,1
1160,3
1161,3
1162,7
1163,1
1164,1
1165,0
1166,1
1167,1
1168,1
1169,2
1170,0
1171,1
1172,6
1173,1
1174,1
1175,1
1176,0
1177,5
1178,3
1179,0
1180,2
1181,1
1182,1
1183,3
1184,2
1185,0
1186,2
1187,1
1188,1
1189,0
1190,4
1191,4
1192,2
1193,1
1194,3
1195,0
1196,3
1197,2
1198,2
1199,0
1200,1
1201,1
1202,3
1203,1
1204,1
1205,1
1206,0
1207,0
1208,1
1209,2
1210,1
1211,1
1212,2
1213,2
1214,1
1215,0
1216,1
1217,2
1218,0
1219,0
1220,1
1221,2
1222,1
1223,0
1224,1
1225,1
1226,1
1227,0
1228,2
1229,1
1230,4
1231,0
1232,4
1233,1
1234,2
1235,4
1236,1
1237,1
1238,2
1239,2
1240,1
1241,1
1242,2
1243,1
1244,6
1245,1
1246,1
1247,1
1248,2
1249,1
1250,0
1251,1
1252,1
1253,0
1254,0
1255,3
1256,1
1257,1
1258,1
1259,0
1260,2
1261,1
1262,6
1263,7
1264,1
1265,4
1266,4
1267,2
1268,5
1269,0
1270,1
1271,1
1272,3
1273,3
1274,0
1275,1
1276,1
1277,2
1278,6
1279,2
1280,4
1281,1
1282,1
1283,3
1284,1
1285,1
1286,0
1287,3
1288,5
1289,1
1290,2
1291,3
1292,1
1293,1
1294,1
1295,0
1296,1
1297,3
1298,2
1299,6
1300,0
1301,1
1302,2
1303,7
1304,1
1305,1
1306,1
1307,2
1308,3
1309,2
1310,1
1311,3
1312,1
1313,5
1314,3
1315,1
1316,1
1317,4
1318,2
1319,1
1320,6
1321,6
1322,3
1323,2
1324,1
1325,2
1326,1
1327,0
1328,1
1329,5
1330,2
1331,1
1332,2
1333,5
1334,2
1335,1
1336,2
1337,1
1338,1
1339,1
1340,2
1341,3
1342,3
1343,1
1344,1
1345,1
1346,2
1347,3
1348,1
1349,2
1350,1
1351,3
1352,1
1353,1
1354,1
1355,1
1356,2
1357,1
1358,0
1359,5
1360,3
1361,2
1362,0
1363,1
1364,3
1365,0
1366,4
1367,1
1368,1
1369,2
1370,2
1371,2
1372,5
1373,1
1374,1
1375,2
1376,3
1377,5
1378,1
1379,1
1380,1
1381,0
1382,3
1383,1
1384,3
1385,1
1386,2
1387,1
1388,3
1389,0
1390,1
1391,2
1392,4
1393,1
1394,1
1395,1
1396,1
1397,2
1398,3
1399,1
1400,4
1401,0
1402,1
1403,3
1404,2
1405,2
1406,2
1407,0
1408,2
1409,2
1410,3
1411,2
1412,2
1413,0
1414,3
1415,1
1416,5
1417,1
1418,3
1419,0
1420,0
1421,2
1422,1
1423,1
1424,2
1425,1
1426,1
1427,1
1428,1
1429,3
1430,1
1431,1
1432,1
1433,1
1434,1
1435,4
1436,2
1437,6
1438,1
1439,1
1440,0
1441,1
1442,1
1443,0
1444,1
1445,1
1446,1
1447,4
1448,0
1449,1
1450,2
1451,4
1452,1
1453,4
1454,1
1455,2
1456,1
1457,1
1458,1
1459,1
1460,2
1461,1
1462,1
1463,2
1464,1
1465,1
1466,0
1467,1
1468,1
1469,1
1470,2
1471,0
1472,2
1473,1
1474,3
1475,1
1476,3
1477,2
1478,1
1479,1
1480,2
1481,1
1482,1
1483,1
1484,2
1485,1
1486,2
1487,2
1488,1
1489,1
1490,4
1491,5
1492,1
1493,3
1494,0
1495,1
1496,0
1497,1
1498,5
1499,7
1500,5
1501,1
1502,1
1503,1
1504,1
1505,2
1506,1
1507,1
1508,3
1509,4
1510,1
1511,2
1512,1
1513,5
1514,1
1515,1
1516,1
1517,1
1518,3
1519,2
1520,1
1521,3
1522,2
1523,1
1524,0
1525,2
1526,6
1527,3
1528,2
1529,2
1530,1
1531,2
1532,1
1533,1
1534,1
1535,1
1536,3
1537,4
1538,1
1539,3
1540,0
1541,0
1542,1
1543,1
1544,3
1545,2
1546,2
1547,2
1548,1
1549,4
1550,1
1551,2
1552,1
1553,3
1554,3
1555,1
1556,3
1557,1
1558,1
1559,4
1560,4
1561,2
1562,1
1563,2
1564,0
1565,0
1566,2
1567,1
1568,3
1569,1
1570,2
1571,4
1572,1
1573,0
1574,1
1575,1
1576,0
1577,1
1578,1
1579,1
1580,2
1581,0
1582,0
1583,2
1584,1
1585,2
1586,1
1587,1
1588,0
1589,3
1590,1
1591,1
1592,6
1593,0
1594,2
1595,1
1596,0
1597,1
1598,1
1599,5
1600,1
1601,0
1602,1
1603,2
1604,1
1605,1
1606,2
1607,2
1608,2
1609,3
1610,0
1611,0
1612,2
1613,0
1614,2
1615,1
1616,0
1617,1
1618,0
1619,4
1620,2
1621,3
1622,0
1623,4
1624,1
1625,0
1626,3
1627,2
1628,1
1629,2
1630,0
1631,0
1632,1
1633,7
1634,0
1635,1
1636,3
1637,3
1638,0
1639,2
1640,2
1641,1
1642,0
1643,4
1644,1
1645,2
1646,2
1647,0
1648,1
1649,1
1650,1
1651,0
1652,1
1653,1
1654,1
1655,1
1656,1
1657,0
1658,1
1659,2
1660,1
1661,4
1662,1
1663,2
1664,0
1665,1
1666,1
1667,1
1668,1
1669,1
1670,0
1671,1
1672,1
1673,2
1674,1
1675,0
1676,1
1677,1
1678,1
1679,0
1680,2
1681,1
1682,0
1683,1
1684,0
1685,1
1686,4
1687,1
1688,3
1689,0
1690,1
1691,1
1692,1
1693,2
1694,3
1695,3
1696,1
1697,0
1698,1
1699,1
1700,2
1701,1
1702,1
1703,1
1704,1
1705,1
1706,2
1707,3
1708,3
1709,3
1710,2
1711,0
1712,2
1713,3
1714,2
1715,1
1716,2
1717,4
1718,3
1719,2
1720,2
1721,1
1722,2
1723,2
1724,2
1725,2
1726,1
1727,1
1728,1
1729,1
1730,1
1731,1
1732,1
1733,3
1734,3
1735,4
1736,3
1737,1
1738,2
1739,4
1740,1
1741,2
1742,1
1743,1
1744,2
1745,1
1746,1
1747,4
1748,1
1749,1
1750,2
1751,4
1752,1
1753,1
1754,1
1755,3
1756,1
1757,1
1758,0
1759,1
1760,7
1761,1
1762,1
1763,0
1764,2
1765,1
1766,1
1767,1
1768,6
1769,3
1770,2
1771,1
1772,2
1773,5
1774,1
1775,2
1776,2
1777,3
1778,0
1779,2
1780,1
1781,2
1782,1
1783,2
1784,2
1785,1
1786,2
1787,1
1788,7
1789,1
1790,1
1791,1
1792,6
1793,4
1794,1
1795,1
1796,4
1797,5
1798,1
1799,3
1800,1
1801,1
1802,7
1803,2
1804,1
1805,2
1806,1
1807,8
1808,2
1809,3
1810,1
1811,1
1812,0
1813,5
1814,1
1815,4
1816,1
1817,2
1818,1
1819,1
1820,1
1821,1
1822,4
1823,2
1824,1
1825,1
1826,2
1827,7
1828,0
1829,1
1830,1
1831,1
1832,1
1833,2
1834,1
1835,0
1836,2
1837,2
1838,2
1839,1
1840,1
1841,6
1842,1
1843,2
1844,1
1845,1
1846,5
1847,2
1848,1
1849,1
1850,2
1851,0
1852,0
1853,1
1854,1
1855,1
1856,1
1857,1
1858,0
1859,2
1860,2
1861,4
1862,3
1863,0
1864,1
1865,4
1866,1
1867,2
1868,0
1869,4
1870,1
1871,0
1872,4
1873,1
1874,1
1875,1
1876,1
1877,3
1878,1
1879,1
1880,1
1881,3
1882,1
1883,2
1884,3
1885,1
1886,1
1887,1
1888,0
1889,4
1890,1
1891,1
1892,1
1893,2
1894,1
1895,0
1896,1
1897,1
1898,1
1899,0
1900,1
1901,2
1902,1
1903,2
1904,5
1905,3
1906,1
1907,1
1908,4
1909,1
1910,2
1911,2
1912,1
1913,3
1914,6
1915,1
1916,1
1917,2
1918,3
1919,1
1920,1
1921,1
1922,1
1923,0
1924,2
1925,3
1926,5
1927,1
1928,3
1929,2
1930,1
1931,1
1932,1
1933,1
1934,0
1935,1
1936,1
1937,2
1938,2
1939,3
1940,1
1941,5
1942,2
1943,1
1944,1
1945,1
1946,0
1947,2
1948,0
1949,1
1950,1
1951,1
1952,1
1953,5
1954,2
1955,1
1956,0
1957,4
1958,1
