0,1716.0
1,372.0
2,317.0
3,143.0
4,434.0
5,211.0
6,227.0
7,571.0
8,550.0
9,523.0
10,
11,559.0
12,481.0
13,195.0
14,286.0
15,149.0
16,236.0
17,481.0
18,540.0
19,872.0
20,110.0
21,451.0
22,286.0
23,
24,603.0
25,149.0
26,570.0
27,1428.0
28,216.0
29,149.0
30,307.0
31,286.0
32,
33,599.0
34,
35,171.0
36,199.0
37,676.0
38,434.0
39,686.0
40,210.0
41,472.0
42,603.0
43,199.0
44,528.0
45,645.0
46,
47,235.0
48,12.0
49,246.0
50,
51,557.0
52,199.0
53,286.0
54,1656.0
55,199.0
56,
57,278.0
58,72.0
59,593.0
60,1716.0
61,163.0
62,
63,542.0
64,254.0
65,258.0
66,17.0
67,332.0
68,381.0
69,84.0
70,651.0
71,186.0
72,319.0
73,167.0
74,1282.0
75,
76,603.0
77,254.0
78,138.0
79,599.0
80,286.0
81,568.0
82,332.0
83,94.0
84,387.0
85,279.0
86,
87,199.0
88,599.0
89,138.0
90,
91,
92,1656.0
93,197.0
94,
95,547.0
96,578.0
97,580.0
98,199.0
99,1681.0
100,42.0
101,1282.0
102,515.0
103,211.0
104,338.0
105,152.0
106,169.0
107,539.0
108,253.0
109,179.0
110,540.0
111,575.0
112,211.0
113,180.0
114,149.0
115,
116,514.0
117,515.0
118,540.0
119,43.0
120,490.0
121,567.0
122,
123,101.0
124,1097.0
125,306.0
126,258.0
127,
128,84.0
129,246.0
130,523.0
131,565.0
132,155.0
133,550.0
134,481.0
135,338.0
136,1097.0
137,
138,712.0
139,
140,519.0
141,519.0
142,559.0
143,
144,286.0
145,973.0
146,565.0
147,309.0
148,199.0
149,539.0
150,542.0
151,12.0
152,278.0
153,1508.0
154,
155,568.0
156,370.0
157,
158,
159,633.0
160,9.0
161,61.0
162,1716.0
163,258.0
164,32.0
165,815.0
166,258.0
167,547.0
168,128.0
169,112.0
170,42.0
171,186.0
172,
173,474.0
174,2429.0
175,550.0
176,588.0
177,526.0
178,206.0
179,505.0
180,
181,474.0
182,69.0
183,505.0
184,125.0
185,502.0
186,206.0
187,211.0
188,1282.0
189,565.0
190,149.0
191,112.0
192,72.0
193,557.0
194,244.0
195,128.0
196,746.0
197,490.0
198,223.0
199,528.0
200,289.0
201,478.0
202,519.0
203,
204,569.0
205,199.0
206,467.0
207,112.0
208,540.0
209,395.0
210,528.0
211,51.0
212,346.0
213,734.0
214,603.0
215,686.0
216,
217,
218,244.0
219,210.0
220,178.0
221,317.0
222,374.0
223,258.0
224,127.0
225,2429.0
226,
227,101.0
228,434.0
229,
230,286.0
231,
232,233.0
233,
234,
235,206.0
236,559.0
237,
238,702.0
239,209.0
240,317.0
241,481.0
242,540.0
243,1428.0
244,220.0
245,529.0
246,281.0
247,481.0
248,467.0
249,160.0
250,1716.0
251,217.0
252,441.0
253,702.0
254,570.0
255,295.0
256,
257,
258,973.0
259,199.0
260,481.0
261,787.0
262,809.0
263,1282.0
264,528.0
265,138.0
266,55.0
267,332.0
268,686.0
269,528.0
270,197.0
271,789.0
272,86.0
273,258.0
274,599.0
275,217.0
276,409.0
277,540.0
278,176.0
279,633.0
280,
281,138.0
282,606.0
283,849.0
284,
285,701.0
286,481.0
287,458.0
288,559.0
289,313.0
290,559.0
291,13.0
292,319.0
293,29.0
294,559.0
295,198.0
296,211.0
297,261.0
298,467.0
299,254.0
300,
301,
302,472.0
303,206.0
304,434.0
305,1681.0
306,559.0
307,467.0
308,472.0
309,
310,611.0
311,
312,43.0
313,101.0
314,660.0
315,206.0
316,542.0
317,261.0
318,319.0
319,216.0
320,21.0
321,39.0
322,143.0
323,481.0
324,65.0
325,66.0
326,261.0
327,
328,1508.0
329,559.0
330,309.0
331,95.0
332,
333,211.0
334,199.0
335,1508.0
336,112.0
337,
338,580.0
339,309.0
340,367.0
341,528.0
342,624.0
343,210.0
344,480.0
345,872.0
346,439.0
347,528.0
348,211.0
349,858.0
350,566.0
351,472.0
352,306.0
353,206.0
354,
355,1261.0
356,34.0
357,313.0
358,559.0
359,520.0
360,211.0
361,55.0
362,197.0
363,1716.0
364,629.0
365,
366,501.0
367,
368,
369,246.0
370,
371,599.0
372,
373,155.0
374,
375,559.0
376,197.0
377,547.0
378,639.0
379,445.0
380,702.0
381,209.0
382,364.0
383,1282.0
384,332.0
385,212.0
386,75.0
387,199.0
388,1716.0
389,
390,900.0
391,253.0
392,481.0
393,201.0
394,
395,186.0
396,
397,209.0
398,334.0
399,540.0
400,102.0
401,82.0
402,286.0
403,399.0
404,
405,505.0
406,124.0
407,186.0
408,128.0
409,186.0
410,550.0
411,254.0
412,
413,499.0
414,74.0
415,95.0
416,465.0
417,
418,
419,143.0
420,223.0
421,236.0
422,1113.0
423,583.0
424,480.0
425,550.0
426,973.0
427,
428,575.0
429,364.0
430,232.0
431,199.0
432,1012.0
433,
434,422.0
435,
436,540.0
437,462.0
438,253.0
439,268.0
440,211.0
441,481.0
442,15.0
443,307.0
444,603.0
445,144.0
446,261.0
447,225.0
448,254.0
449,149.0
450,
451,81.0
452,199.0
453,520.0
454,364.0
455,127.0
456,849.0
457,569.0
458,569.0
459,227.0
460,1205.0
461,559.0
462,256.0
463,
464,434.0
465,152.0
466,
467,505.0
468,1012.0
469,580.0
470,
471,295.0
472,344.0
473,227.0
474,592.0
475,414.0
476,334.0
477,
478,186.0
479,580.0
480,1211.0
481,
482,502.0
483,568.0
484,12.0
485,338.0
486,
487,284.0
488,368.0
489,367.0
490,152.0
491,490.0
492,411.0
493,
494,
495,134.0
496,568.0
497,434.0
498,539.0
499,166.0
500,46.0
501,39.0
502,519.0
503,244.0
504,
505,
506,286.0
507,1261.0
508,1678.0
509,583.0
510,454.0
511,
512,624.0
513,332.0
514,372.0
515,
516,872.0
517,823.0
518,166.0
519,455.0
520,29.0
521,481.0
522,254.0
523,138.0
524,332.0
525,152.0
526,528.0
527,42.0
528,490.0
529,1508.0
530,
531,
532,284.0
533,439.0
534,39.0
535,
536,
537,480.0
538,149.0
539,101.0
540,319.0
541,214.0
542,973.0
543,
544,254.0
545,528.0
546,
547,29.0
548,539.0
549,206.0
550,109.0
551,
552,182.0
553,1508.0
554,702.0
555,580.0
556,295.0
557,254.0
558,481.0
559,32.0
560,
561,599.0
562,
563,199.0
564,633.0
565,356.0
566,2547.0
567,112.0
568,365.0
569,540.0
570,225.0
571,539.0
572,
573,1716.0
574,186.0
575,6.0
576,372.0
577,199.0
578,
579,1508.0
580,
581,
582,199.0
583,29.0
584,51.0
585,481.0
586,583.0
587,
588,
589,254.0
590,221.0
591,199.0
592,51.0
593,616.0
594,481.0
595,505.0
596,481.0
597,217.0
598,254.0
599,203.0
600,152.0
601,479.0
602,206.0
603,520.0
604,129.0
605,77.0
606,
607,
608,539.0
609,1716.0
610,514.0
611,467.0
612,
613,61.0
614,599.0
615,1282.0
616,241.0
617,458.0
618,191.0
619,108.0
620,155.0
621,152.0
622,408.0
623,199.0
624,188.0
625,286.0
626,197.0
627,
628,29.0
629,108.0
630,
631,1707.0
632,676.0
633,
634,253.0
635,232.0
636,254.0
637,128.0
638,542.0
639,574.0
640,
641,
642,467.0
643,
644,278.0
645,1282.0
646,254.0
647,540.0
648,32.0
649,
650,467.0
651,539.0
652,400.0
653,
654,313.0
655,286.0
656,209.0
657,199.0
658,364.0
659,152.0
660,
661,
662,163.0
663,
664,128.0
665,252.0
666,152.0
667,254.0
668,511.0
669,436.0
670,43.0
671,181.0
672,286.0
673,451.0
674,171.0
675,490.0
676,568.0
677,505.0
678,217.0
679,325.0
680,
681,47.0
682,452.0
683,259.0
684,286.0
685,211.0
686,295.0
687,439.0
688,128.0
689,
690,61.0
691,
692,519.0
693,404.0
694,718.0
695,125.0
696,702.0
697,223.0
698,809.0
699,217.0
700,492.0
701,574.0
702,686.0
703,702.0
704,187.0
705,365.0
706,211.0
707,246.0
708,593.0
709,226.0
710,519.0
711,374.0
712,
713,452.0
714,702.0
715,332.0
716,1012.0
717,379.0
718,472.0
719,809.0
720,202.0
721,225.0
722,84.0
723,528.0
724,332.0
725,199.0
726,481.0
727,43.0
728,333.0
729,526.0
730,46.0
731,505.0
732,523.0
733,538.0
734,
735,481.0
736,370.0
737,97.0
738,
739,176.0
740,136.0
741,
742,186.0
743,125.0
744,370.0
745,199.0
746,199.0
747,522.0
748,1282.0
749,
750,
751,526.0
752,
753,1282.0
754,
755,1282.0
756,210.0
757,
758,
759,47.0
760,481.0
761,1508.0
762,314.0
763,286.0
764,206.0
765,29.0
766,
767,655.0
768,651.0
769,27.0
770,389.0
771,225.0
772,
773,481.0
774,
775,399.0
776,
777,286.0
778,
779,292.0
780,319.0
781,
782,702.0
783,481.0
784,528.0
785,
786,
787,206.0
788,387.0
789,286.0
790,254.0
791,149.0
792,
793,676.0
794,702.0
795,1103.0
796,467.0
797,149.0
798,
799,199.0
800,809.0
801,718.0
802,317.0
803,338.0
804,152.0
805,279.0
806,186.0
807,149.0
808,
809,29.0
810,528.0
811,177.0
812,
813,218.0
814,501.0
815,523.0
816,467.0
817,480.0
818,481.0
819,217.0
820,55.0
821,65.0
822,208.0
823,
824,332.0
825,519.0
826,
827,176.0
828,295.0
829,176.0
830,520.0
831,
832,338.0
833,364.0
834,
835,1152.0
836,1656.0
837,334.0
838,505.0
839,481.0
840,209.0
841,1508.0
842,559.0
843,
844,559.0
845,559.0
846,199.0
847,152.0
848,
849,55.0
850,
851,1261.0
852,381.0
853,84.0
854,539.0
855,1656.0
856,29.0
857,1282.0
858,199.0
859,338.0
860,282.0
861,563.0
862,1450.0
863,603.0
864,212.0
865,166.0
866,703.0
867,295.0
868,206.0
869,481.0
870,568.0
871,481.0
872,51.0
873,332.0
874,86.0
875,334.0
876,363.0
877,258.0
878,1716.0
879,387.0
880,295.0
881,221.0
882,254.0
883,872.0
884,199.0
885,
886,12.0
887,823.0
888,
889,216.0
890,137.0
891,
892,29.0
893,29.0
894,155.0
895,
896,334.0
897,481.0
898,46.0
899,150.0
900,659.0
901,
902,481.0
903,186.0
904,
905,71.0
906,370.0
907,1282.0
908,332.0
909,514.0
910,565.0
911,
912,258.0
913,152.0
914,657.0
915,686.0
916,858.0
917,252.0
918,192.0
919,317.0
920,565.0
921,
922,143.0
923,29.0
924,209.0
925,199.0
926,444.0
927,
928,559.0
929,1150.0
930,364.0
931,
932,565.0
933,
934,472.0
935,138.0
936,787.0
937,439.0
938,481.0
939,481.0
940,43.0
941,789.0
942,319.0
943,
944,152.0
945,
946,268.0
947,186.0
948,547.0
949,112.0
950,368.0
951,186.0
952,
953,
954,321.0
955,718.0
956,199.0
957,177.0
958,106.0
959,481.0
960,138.0
961,
962,1282.0
963,254.0
964,51.0
965,481.0
966,571.0
967,292.0
968,212.0
969,364.0
970,251.0
971,155.0
972,
973,253.0
974,171.0
975,481.0
976,186.0
977,476.0
978,72.0
979,659.0
980,445.0
981,99.0
982,53.0
983,
984,633.0
985,379.0
986,286.0
987,659.0
988,2429.0
989,497.0
990,208.0
991,
992,481.0
993,199.0
994,29.0
995,559.0
996,823.0
997,528.0
998,152.0
999,
1000,128.0
1001,313.0
1002,186.0
1003,1716.0
1004,571.0
1005,
1006,528.0
1007,559.0
1008,481.0
1009,199.0
1010,152.0
1011,300.0
1012,513.0
1013,199.0
1014,152.0
1015,
1016,542.0
1017,
1018,1150.0
1019,505.0
1020,286.0
1021,455.0
1022,84.0
1023,113.0
1024,
1025,823.0
1026,233.0
1027,545.0
1028,481.0
1029,1738.0
1030,481.0
1031,84.0
1032,481.0
1033,167.0
1034,858.0
1035,1508.0
1036,32.0
1037,651.0
1038,186.0
1039,559.0
1040,
1041,137.0
1042,458.0
1043,136.0
1044,
1045,
1046,321.0
1047,232.0
1048,210.0
1049,218.0
1050,81.0
1051,
1052,199.0
1053,513.0
1054,186.0
1055,547.0
1056,246.0
1057,163.0
1058,209.0
1059,134.0
1060,439.0
1061,225.0
1062,
1063,319.0
1064,468.0
1065,86.0
1066,1229.0
1067,199.0
1068,39.0
1069,513.0
1070,
1071,55.0
1072,72.0
1073,294.0
1074,32.0
1075,376.0
1076,171.0
1077,197.0
1078,481.0
1079,254.0
1080,439.0
1081,545.0
1082,29.0
1083,1012.0
1084,63.0
1085,338.0
1086,152.0
1087,
1088,505.0
1089,
1090,
1091,87.0
1092,211.0
1093,
1094,281.0
1095,253.0
1096,29.0
1097,787.0
1098,152.0
1099,12.0
1100,101.0
1101,858.0
1102,505.0
1103,477.0
1104,
1105,
1106,513.0
1107,583.0
1108,51.0
1109,439.0
1110,
1111,505.0
1112,445.0
1113,624.0
1114,593.0
1115,
1116,258.0
1117,227.0
1118,199.0
1119,84.0
1120,2429.0
1121,141.0
1122,186.0
1123,109.0
1124,
1125,387.0
1126,
1127,180.0
1128,
1129,199.0
1130,809.0
1131,188.0
1132,540.0
1133,
1134,186.0
1135,506.0
1136,447.0
1137,137.0
1138,186.0
1139,175.0
1140,659.0
1141,481.0
1142,171.0
1143,127.0
1144,254.0
1145,1428.0
1146,434.0
1147,457.0
1148,179.0
1149,1205.0
1150,84.0
1151,51.0
1152,208.0
1153,
1154,481.0
1155,199.0
1156,135.0
1157,
1158,
1159,1716.0
1160,324.0
1161,319.0
1162,29.0
1163,13.0
1164,422.0
1165,465.0
1166,
1167,
1168,540.0
1169,481.0
1170,72.0
1171,858.0
1172,186.0
1173,578.0
1174,
1175,467.0
1176,
1177,540.0
1178,124.0
1179,372.0
1180,259.0
1181,187.0
1182,
1183,
1184,
1185,465.0
1186,179.0
1187,1656.0
1188,
1189,199.0
1190,505.0
1191,167.0
1192,672.0
1193,217.0
1194,481.0
1195,
1196,
1197,439.0
1198,199.0
1199,
1200,858.0
1201,188.0
1202,540.0
1203,
1204,2774.0
1205,258.0
1206,669.0
1207,
1208,659.0
1209,209.0
1210,451.0
1211,82.0
1212,550.0
1213,235.0
1214,422.0
1215,501.0
1216,574.0
1217,401.0
1218,809.0
1219,702.0
1220,279.0
1221,
1222,815.0
1223,259.0
1224,313.0
1225,199.0
1226,77.0
1227,540.0
1228,321.0
1229,63.0
1230,
1231,
1232,211.0
1233,374.0
1234,387.0
1235,98.0
1236,63.0
1237,
1238,559.0
1239,1656.0
1240,
1241,526.0
1242,540.0
1243,32.0
1244,624.0
1245,197.0
1246,
1247,199.0
1248,568.0
1249,2547.0
1250,465.0
1251,702.0
1252,502.0
1253,
1254,43.0
1255,
1256,
1257,1282.0
1258,
1259,
1260,42.0
1261,32.0
1262,519.0
1263,519.0
1264,659.0
1265,559.0
1266,290.0
1267,
1268,235.0
1269,
1270,179.0
1271,391.0
1272,480.0
1273,
1274,
1275,307.0
1276,411.0
1277,210.0
1278,519.0
1279,559.0
1280,478.0
1281,298.0
1282,208.0
1283,
1284,376.0
1285,651.0
1286,115.0
1287,542.0
1288,441.0
1289,171.0
1290,411.0
1291,669.0
1292,46.0
1293,702.0
1294,
1295,
1296,338.0
1297,197.0
1298,286.0
1299,
1300,210.0
1301,815.0
1302,365.0
1303,540.0
1304,180.0
1305,199.0
1306,513.0
1307,123.0
1308,849.0
1309,1716.0
1310,321.0
1311,167.0
1312,
1313,481.0
1314,480.0
1315,
1316,88.0
1317,505.0
1318,923.0
1319,
1320,214.0
1321,519.0
1322,423.0
1323,481.0
1324,246.0
1325,319.0
1326,1282.0
1327,481.0
1328,
1329,186.0
1330,569.0
1331,702.0
1332,423.0
1333,849.0
1334,184.0
1335,370.0
1336,55.0
1337,289.0
1338,81.0
1339,
1340,34.0
1341,730.0
1342,1656.0
1343,254.0
1344,319.0
1345,338.0
1346,559.0
1347,1282.0
1348,425.0
1349,1139.0
1350,232.0
1351,481.0
1352,281.0
1353,
1354,206.0
1355,
1356,
1357,512.0
1358,545.0
1359,703.0
1360,423.0
1361,251.0
1362,332.0
1363,
1364,467.0
1365,
1366,574.0
1367,47.0
1368,199.0
1369,199.0
1370,542.0
1371,84.0
1372,13.0
1373,254.0
1374,481.0
1375,540.0
1376,
1377,176.0
1378,528.0
1379,550.0
1380,1282.0
1381,
1382,295.0
1383,73.0
1384,197.0
1385,411.0
1386,559.0
1387,
1388,470.0
1389,298.0
1390,364.0
1391,84.0
1392,505.0
1393,
1394,188.0
1395,
1396,858.0
1397,
1398,286.0
1399,404.0
1400,197.0
1401,610.0
1402,46.0
1403,
1404,520.0
1405,235.0
1406,199.0
1407,42.0
1408,528.0
1409,209.0
1410,540.0
1411,470.0
1412,205.0
1413,
1414,
1415,616.0
1416,539.0
1417,286.0
1418,505.0
1419,481.0
1420,199.0
1421,75.0
1422,676.0
1423,368.0
1424,13.0
1425,254.0
1426,254.0
1427,568.0
1428,505.0
1429,1315.0
1430,550.0
1431,53.0
1432,370.0
1433,370.0
1434,1282.0
1435,
1436,135.0
1437,519.0
1438,301.0
1439,77.0
1440,465.0
1441,580.0
1442,134.0
1443,137.0
1444,787.0
1445,232.0
1446,702.0
1447,
1448,286.0
1449,221.0
1450,127.0
1451,481.0
1452,
1453,381.0
1454,374.0
1455,703.0
1456,
1457,616.0
1458,332.0
1459,199.0
1460,199.0
1461,1211.0
1462,39.0
1463,137.0
1464,
1465,583.0
1466,
1467,702.0
1468,444.0
1469,364.0
1470,81.0
1471,282.0
1472,333.0
1473,125.0
1474,
1475,208.0
1476,580.0
1477,1716.0
1478,
1479,505.0
1480,502.0
1481,659.0
1482,547.0
1483,1428.0
1484,199.0
1485,
1486,557.0
1487,
1488,
1489,313.0
1490,295.0
1491,160.0
1492,167.0
1493,258.0
1494,
1495,
1496,
1497,101.0
1498,574.0
1499,624.0
1500,481.0
1501,
1502,1097.0
1503,286.0
1504,528.0
1505,502.0
1506,528.0
1507,32.0
1508,1366.0
1509,633.0
1510,149.0
1511,522.0
1512,313.0
1513,478.0
1514,513.0
1515,199.0
1516,177.0
1517,201.0
1518,423.0
1519,258.0
1520,123.0
1521,235.0
1522,
1523,1261.0
1524,701.0
1525,
1526,1678.0
1527,505.0
1528,127.0
1529,258.0
1530,101.0
1531,
1532,101.0
1533,338.0
1534,97.0
1535,528.0
1536,540.0
1537,703.0
1538,528.0
1539,559.0
1540,237.0
1541,
1542,286.0
1543,199.0
1544,1678.0
1545,1044.0
1546,186.0
1547,149.0
1548,152.0
1549,505.0
1550,
1551,
1552,787.0
1553,
1554,452.0
1555,101.0
1556,
1557,467.0
1558,210.0
1559,29.0
1560,467.0
1561,382.0
1562,38.0
1563,
1564,501.0
1565,
1566,336.0
1567,206.0
1568,
1569,
1570,
1571,538.0
1572,199.0
1573,210.0
1574,
1575,481.0
1576,149.0
1577,147.0
1578,32.0
1579,444.0
1580,264.0
1581,372.0
1582,
1583,286.0
1584,209.0
1585,
1586,46.0
1587,317.0
1588,501.0
1589,
1590,455.0
1591,176.0
1592,1508.0
1593,332.0
1594,571.0
1595,815.0
1596,539.0
1597,75.0
1598,
1599,545.0
1600,144.0
1601,197.0
1602,42.0
1603,319.0
1604,528.0
1605,206.0
1606,199.0
1607,1315.0
1608,1399.0
1609,363.0
1610,149.0
1611,
1612,
1613,
1614,540.0
1615,
1616,246.0
1617,43.0
1618,246.0
1619,583.0
1620,147.0
1621,
1622,
1623,152.0
1624,196.0
1625,701.0
1626,
1627,
1628,39.0
1629,180.0
1630,232.0
1631,149.0
1632,545.0
1633,481.0
1634,465.0
1635,562.0
1636,395.0
1637,311.0
1638,
1639,568.0
1640,
1641,319.0
1642,639.0
1643,135.0
1644,77.0
1645,152.0
1646,467.0
1647,365.0
1648,1615.0
1649,
1650,43.0
1651,
1652,900.0
1653,379.0
1654,
1655,467.0
1656,29.0
1657,143.0
1658,101.0
1659,186.0
1660,
1661,550.0
1662,1012.0
1663,42.0
1664,
1665,12.0
1666,370.0
1667,128.0
1668,568.0
1669,138.0
1670,923.0
1671,101.0
1672,
1673,539.0
1674,
1675,253.0
1676,
1677,659.0
1678,101.0
1679,149.0
1680,505.0
1681,263.0
1682,702.0
1683,616.0
1684,
1685,15.0
1686,481.0
1687,152.0
1688,547.0
1689,1229.0
1690,63.0
1691,809.0
1692,271.0
1693,43.0
1694,481.0
1695,645.0
1696,138.0
1697,333.0
1698,
1699,225.0
1700,505.0
1701,166.0
1702,588.0
1703,57.0
1704,686.0
1705,875.0
1706,470.0
1707,1414.0
1708,
1709,
1710,
1711,94.0
1712,171.0
1713,
1714,
1715,199.0
1716,640.0
1717,257.0
1718,
1719,232.0
1720,
1721,528.0
1722,1656.0
1723,286.0
1724,206.0
1725,2429.0
1726,199.0
1727,532.0
1728,611.0
1729,
1730,599.0
1731,123.0
1732,2067.0
1733,530.0
1734,599.0
1735,2429.0
1736,199.0
1737,171.0
1738,319.0
1739,559.0
1740,
1741,651.0
1742,528.0
1743,
1744,
1745,298.0
1746,29.0
1747,582.0
1748,199.0
1749,616.0
1750,307.0
1751,199.0
1752,
1753,254.0
1754,528.0
1755,540.0
1756,81.0
1757,75.0
1758,
1759,217.0
1760,227.0
1761,
1762,550.0
1763,237.0
1764,166.0
1765,973.0
1766,292.0
1767,702.0
1768,
1769,199.0
1770,872.0
1771,523.0
1772,112.0
1773,559.0
1774,206.0
1775,559.0
1776,55.0
1777,156.0
1778,193.0
1779,529.0
1780,186.0
1781,467.0
1782,1282.0
1783,542.0
1784,540.0
1785,481.0
1786,662.0
1787,387.0
1788,624.0
1789,187.0
1790,
1791,
1792,
1793,206.0
1794,686.0
1795,391.0
1796,2429.0
1797,46.0
1798,2429.0
1799,1044.0
1800,254.0
1801,526.0
1802,519.0
1803,286.0
1804,286.0
1805,445.0
1806,528.0
1807,432.0
1808,400.0
1809,
1810,286.0
1811,372.0
1812,254.0
1813,624.0
1814,
1815,633.0
1816,522.0
1817,1716.0
1818,77.0
1819,858.0
1820,528.0
1821,175.0
1822,538.0
1823,259.0
1824,391.0
1825,760.0
1826,
1827,258.0
1828,253.0
1829,568.0
1830,147.0
1831,629.0
1832,109.0
1833,662.0
1834,568.0
1835,298.0
1836,
1837,313.0
1838,199.0
1839,539.0
1840,101.0
1841,539.0
1842,286.0
1843,
1844,
1845,1282.0
1846,467.0
1847,550.0
1848,528.0
1849,1366.0
1850,539.0
1851,236.0
1852,651.0
1853,364.0
1854,152.0
1855,155.0
1856,246.0
1857,447.0
1858,72.0
1859,
1860,258.0
1861,603.0
1862,258.0
1863,54.0
1864,528.0
1865,
1866,57.0
1867,150.0
1868,313.0
1869,
1870,550.0
1871,211.0
1872,370.0
1873,199.0
1874,540.0
1875,199.0
1876,187.0
1877,
1878,206.0
1879,702.0
1880,220.0
1881,199.0
1882,338.0
1883,195.0
1884,324.0
1885,540.0
1886,440.0
1887,592.0
1888,655.0
1889,
1890,51.0
1891,1428.0
1892,268.0
1893,206.0
1894,128.0
1895,96.0
1896,570.0
1897,512.0
1898,
1899,465.0
1900,
1901,924.0
1902,199.0
1903,568.0
1904,228.0
1905,481.0
1906,702.0
1907,190.0
1908,152.0
1909,130.0
1910,365.0
1911,1150.0
1912,363.0
1913,
1914,2429.0
1915,241.0
1916,1113.0
1917,
1918,568.0
1919,55.0
1920,186.0
1921,63.0
1922,
1923,253.0
1924,538.0
1925,
1926,481.0
1927,676.0
1928,199.0
1929,
1930,539.0
1931,304.0
1932,1282.0
1933,186.0
1934,177.0
1935,225.0
1936,113.0
1937,67.0
1938,
1939,5163.0
1940,560.0
1941,655.0
1942,241.0
1943,513.0
1944,1428.0
1945,109.0
1946,
1947,481.0
1948,253.0
1949,583.0
1950,279.0
1951,505.0
1952,86.0
1953,545.0
1954,
1955,218.0
1956,
1957,363.0
1958,
