0,23.0
1,3.0
2,13.0
3,
4,35.0
5,37.0
6,37.0
7,45.0
8,36.0
9,23.0
10,55.0
11,14.0
12,45.0
13,13.0
14,22.0
15,18.0
16,
17,45.0
18,56.0
19,8.0
20,12.0
21,41.0
22,22.0
23,19.0
24,45.0
25,18.0
26,44.0
27,11.0
28,26.0
29,
30,34.0
31,22.0
32,
33,4.0
34,19.0
35,17.0
36,19.0
37,29.0
38,35.0
39,15.0
40,14.0
41,1.0
42,45.0
43,14.0
44,9.0
45,52.0
46,
47,52.0
48,2.0
49,25.0
50,19.0
51,39.0
52,14.0
53,22.0
54,39.0
55,14.0
56,55.0
57,1.0
58,
59,50.0
60,23.0
61,10.0
62,
63,14.0
64,20.0
65,50.0
66,19.0
67,16.0
68,24.0
69,43.0
70,52.0
71,53.0
72,10.0
73,36.0
74,50.0
75,
76,32.0
77,20.0
78,20.0
79,4.0
80,22.0
81,9.0
82,16.0
83,30.0
84,17.0
85,5.0
86,6.0
87,14.0
88,60.0
89,29.0
90,
91,53.0
92,39.0
93,29.0
94,32.0
95,13.0
96,8.0
97,12.0
98,14.0
99,17.0
100,41.0
101,50.0
102,7.0
103,37.0
104,44.0
105,49.0
106,12.0
107,59.0
108,1.0
109,3.0
110,56.0
111,8.0
112,37.0
113,9.0
114,18.0
115,11.0
116,20.0
117,7.0
118,56.0
119,13.0
120,5.0
121,35.0
122,11.0
123,7.0
124,9.0
125,11.0
126,12.0
127,26.0
128,43.0
129,17.0
130,23.0
131,34.0
132,23.0
133,36.0
134,46.0
135,44.0
136,9.0
137,20.0
138,16.0
139,12.0
140,23.0
141,23.0
142,12.0
143,54.0
144,22.0
145,4.0
146,34.0
147,3.0
148,14.0
149,59.0
150,14.0
151,
152,1.0
153,33.0
154,
155,43.0
156,13.0
157,
158,3.0
159,37.0
160,6.0
161,39.0
162,23.0
163,50.0
164,8.0
165,11.0
166,12.0
167,30.0
168,16.0
169,20.0
170,
171,53.0
172,
173,7.0
174,67.0
175,36.0
176,51.0
177,39.0
178,23.0
179,47.0
180,14.0
181,7.0
182,15.0
183,47.0
184,13.0
185,45.0
186,23.0
187,37.0
188,50.0
189,34.0
190,18.0
191,24.0
192,
193,39.0
194,19.0
195,16.0
196,16.0
197,5.0
198,15.0
199,9.0
200,46.0
201,38.0
202,23.0
203,5.0
204,43.0
205,14.0
206,49.0
207,24.0
208,56.0
209,53.0
210,9.0
211,16.0
212,50.0
213,1.0
214,45.0
215,15.0
216,19.0
217,2.0
218,19.0
219,14.0
220,25.0
221,13.0
222,43.0
223,12.0
224,32.0
225,67.0
226,4.0
227,7.0
228,27.0
229,
230,22.0
231,11.0
232,10.0
233,15.0
234,15.0
235,23.0
236,12.0
237,6.0
238,7.0
239,18.0
240,13.0
241,46.0
242,56.0
243,11.0
244,52.0
245,15.0
246,12.0
247,46.0
248,49.0
249,28.0
250,23.0
251,13.0
252,50.0
253,7.0
254,39.0
255,42.0
256,
257,33.0
258,25.0
259,14.0
260,45.0
261,55.0
262,13.0
263,50.0
264,9.0
265,29.0
266,33.0
267,16.0
268,15.0
269,9.0
270,29.0
271,55.0
272,15.0
273,12.0
274,4.0
275,13.0
276,41.0
277,56.0
278,14.0
279,37.0
280,12.0
281,29.0
282,48.0
283,35.0
284,3.0
285,
286,45.0
287,
288,14.0
289,49.0
290,14.0
291,53.0
292,10.0
293,49.0
294,14.0
295,38.0
296,37.0
297,13.0
298,49.0
299,20.0
300,8.0
301,
302,17.0
303,23.0
304,35.0
305,17.0
306,14.0
307,49.0
308,30.0
309,
310,6.0
311,26.0
312,7.0
313,16.0
314,11.0
315,23.0
316,14.0
317,13.0
318,10.0
319,1.0
320,11.0
321,24.0
322,
323,45.0
324,25.0
325,23.0
326,13.0
327,42.0
328,33.0
329,12.0
330,3.0
331,54.0
332,14.0
333,37.0
334,14.0
335,33.0
336,24.0
337,
338,12.0
339,3.0
340,13.0
341,9.0
342,41.0
343,14.0
344,36.0
345,8.0
346,46.0
347,9.0
348,37.0
349,13.0
350,14.0
351,17.0
352,11.0
353,23.0
354,8.0
355,15.0
356,50.0
357,19.0
358,14.0
359,15.0
360,37.0
361,33.0
362,29.0
363,23.0
364,27.0
365,2.0
366,
367,7.0
368,14.0
369,2.0
370,19.0
371,4.0
372,
373,23.0
374,
375,14.0
376,29.0
377,13.0
378,53.0
379,35.0
380,7.0
381,1.0
382,24.0
383,50.0
384,16.0
385,9.0
386,15.0
387,14.0
388,23.0
389,
390,19.0
391,1.0
392,45.0
393,39.0
394,3.0
395,53.0
396,26.0
397,18.0
398,6.0
399,56.0
400,17.0
401,11.0
402,22.0
403,46.0
404,8.0
405,47.0
406,56.0
407,53.0
408,2.0
409,53.0
410,36.0
411,20.0
412,19.0
413,50.0
414,19.0
415,54.0
416,2.0
417,
418,15.0
419,
420,15.0
421,
422,59.0
423,46.0
424,10.0
425,36.0
426,4.0
427,
428,8.0
429,24.0
430,28.0
431,14.0
432,51.0
433,19.0
434,59.0
435,
436,14.0
437,19.0
438,1.0
439,32.0
440,37.0
441,45.0
442,6.0
443,34.0
444,32.0
445,5.0
446,13.0
447,18.0
448,20.0
449,18.0
450,24.0
451,10.0
452,14.0
453,15.0
454,24.0
455,32.0
456,35.0
457,43.0
458,43.0
459,37.0
460,15.0
461,12.0
462,15.0
463,11.0
464,27.0
465,49.0
466,2.0
467,47.0
468,51.0
469,12.0
470,5.0
471,42.0
472,45.0
473,54.0
474,56.0
475,27.0
476,6.0
477,7.0
478,53.0
479,12.0
480,13.0
481,12.0
482,53.0
483,43.0
484,27.0
485,44.0
486,
487,1.0
488,51.0
489,13.0
490,49.0
491,24.0
492,18.0
493,2.0
494,16.0
495,38.0
496,43.0
497,27.0
498,59.0
499,47.0
500,55.0
501,24.0
502,23.0
503,19.0
504,2.0
505,55.0
506,22.0
507,15.0
508,58.0
509,46.0
510,35.0
511,11.0
512,41.0
513,16.0
514,3.0
515,55.0
516,8.0
517,10.0
518,47.0
519,13.0
520,49.0
521,45.0
522,20.0
523,20.0
524,16.0
525,49.0
526,9.0
527,
528,5.0
529,33.0
530,50.0
531,5.0
532,1.0
533,46.0
534,24.0
535,
536,
537,36.0
538,18.0
539,7.0
540,10.0
541,53.0
542,4.0
543,
544,20.0
545,9.0
546,30.0
547,49.0
548,59.0
549,23.0
550,12.0
551,14.0
552,2.0
553,33.0
554,7.0
555,10.0
556,42.0
557,20.0
558,46.0
559,8.0
560,11.0
561,60.0
562,
563,14.0
564,37.0
565,18.0
566,14.0
567,24.0
568,13.0
569,56.0
570,26.0
571,59.0
572,8.0
573,23.0
574,53.0
575,36.0
576,3.0
577,14.0
578,54.0
579,33.0
580,54.0
581,48.0
582,14.0
583,49.0
584,16.0
585,45.0
586,46.0
587,8.0
588,19.0
589,20.0
590,12.0
591,14.0
592,16.0
593,11.0
594,45.0
595,47.0
596,45.0
597,13.0
598,20.0
599,53.0
600,49.0
601,11.0
602,23.0
603,15.0
604,
605,7.0
606,54.0
607,
608,59.0
609,23.0
610,20.0
611,49.0
612,26.0
613,4.0
614,60.0
615,50.0
616,25.0
617,
618,10.0
619,31.0
620,9.0
621,49.0
622,28.0
623,14.0
624,7.0
625,22.0
626,29.0
627,16.0
628,49.0
629,31.0
630,19.0
631,38.0
632,29.0
633,
634,1.0
635,12.0
636,29.0
637,16.0
638,14.0
639,45.0
640,28.0
641,3.0
642,49.0
643,22.0
644,1.0
645,50.0
646,20.0
647,56.0
648,8.0
649,33.0
650,49.0
651,59.0
652,5.0
653,5.0
654,19.0
655,22.0
656,1.0
657,14.0
658,24.0
659,49.0
660,19.0
661,2.0
662,10.0
663,26.0
664,16.0
665,
666,49.0
667,20.0
668,11.0
669,12.0
670,13.0
671,34.0
672,22.0
673,10.0
674,17.0
675,5.0
676,43.0
677,47.0
678,13.0
679,47.0
680,11.0
681,25.0
682,20.0
683,50.0
684,22.0
685,37.0
686,42.0
687,40.0
688,16.0
689,8.0
690,39.0
691,
692,23.0
693,14.0
694,2.0
695,13.0
696,7.0
697,15.0
698,13.0
699,13.0
700,15.0
701,45.0
702,15.0
703,7.0
704,11.0
705,13.0
706,37.0
707,17.0
708,14.0
709,4.0
710,23.0
711,11.0
712,2.0
713,20.0
714,15.0
715,16.0
716,51.0
717,5.0
718,30.0
719,13.0
720,11.0
721,18.0
722,43.0
723,9.0
724,16.0
725,14.0
726,45.0
727,7.0
728,24.0
729,39.0
730,22.0
731,47.0
732,51.0
733,22.0
734,33.0
735,45.0
736,13.0
737,54.0
738,
739,13.0
740,13.0
741,48.0
742,53.0
743,13.0
744,13.0
745,14.0
746,14.0
747,55.0
748,50.0
749,7.0
750,33.0
751,39.0
752,5.0
753,50.0
754,33.0
755,50.0
756,14.0
757,
758,10.0
759,25.0
760,45.0
761,33.0
762,26.0
763,22.0
764,23.0
765,49.0
766,10.0
767,28.0
768,52.0
769,
770,7.0
771,18.0
772,10.0
773,45.0
774,11.0
775,46.0
776,
777,22.0
778,50.0
779,27.0
780,10.0
781,
782,15.0
783,46.0
784,9.0
785,18.0
786,7.0
787,23.0
788,17.0
789,22.0
790,20.0
791,18.0
792,13.0
793,29.0
794,7.0
795,18.0
796,49.0
797,18.0
798,
799,14.0
800,13.0
801,2.0
802,13.0
803,44.0
804,49.0
805,5.0
806,53.0
807,18.0
808,15.0
809,49.0
810,9.0
811,14.0
812,48.0
813,59.0
814,
815,10.0
816,49.0
817,2.0
818,45.0
819,13.0
820,33.0
821,25.0
822,17.0
823,
824,16.0
825,23.0
826,
827,14.0
828,42.0
829,4.0
830,15.0
831,6.0
832,44.0
833,23.0
834,12.0
835,12.0
836,39.0
837,6.0
838,47.0
839,45.0
840,27.0
841,33.0
842,12.0
843,5.0
844,12.0
845,12.0
846,14.0
847,49.0
848,
849,33.0
850,19.0
851,15.0
852,24.0
853,43.0
854,59.0
855,39.0
856,49.0
857,50.0
858,14.0
859,44.0
860,52.0
861,46.0
862,13.0
863,45.0
864,14.0
865,47.0
866,52.0
867,42.0
868,23.0
869,46.0
870,12.0
871,45.0
872,16.0
873,16.0
874,16.0
875,6.0
876,15.0
877,12.0
878,23.0
879,17.0
880,42.0
881,12.0
882,20.0
883,8.0
884,14.0
885,
886,10.0
887,10.0
888,7.0
889,1.0
890,2.0
891,12.0
892,49.0
893,49.0
894,9.0
895,3.0
896,6.0
897,45.0
898,13.0
899,23.0
900,48.0
901,14.0
902,45.0
903,53.0
904,3.0
905,8.0
906,13.0
907,50.0
908,1.0
909,20.0
910,34.0
911,33.0
912,12.0
913,49.0
914,24.0
915,15.0
916,13.0
917,
918,61.0
919,13.0
920,34.0
921,10.0
922,
923,49.0
924,18.0
925,10.0
926,7.0
927,12.0
928,12.0
929,26.0
930,23.0
931,10.0
932,34.0
933,9.0
934,17.0
935,29.0
936,55.0
937,46.0
938,45.0
939,45.0
940,7.0
941,55.0
942,10.0
943,10.0
944,12.0
945,14.0
946,32.0
947,20.0
948,13.0
949,24.0
950,51.0
951,53.0
952,
953,48.0
954,9.0
955,2.0
956,14.0
957,14.0
958,17.0
959,45.0
960,20.0
961,8.0
962,50.0
963,20.0
964,16.0
965,45.0
966,45.0
967,27.0
968,14.0
969,24.0
970,6.0
971,9.0
972,22.0
973,1.0
974,17.0
975,45.0
976,53.0
977,46.0
978,
979,30.0
980,43.0
981,14.0
982,46.0
983,
984,37.0
985,5.0
986,22.0
987,48.0
988,67.0
989,23.0
990,17.0
991,22.0
992,46.0
993,14.0
994,49.0
995,14.0
996,10.0
997,9.0
998,49.0
999,
1000,2.0
1001,49.0
1002,53.0
1003,23.0
1004,8.0
1005,10.0
1006,9.0
1007,14.0
1008,45.0
1009,14.0
1010,49.0
1011,13.0
1012,54.0
1013,14.0
1014,49.0
1015,
1016,14.0
1017,14.0
1018,26.0
1019,47.0
1020,22.0
1021,13.0
1022,43.0
1023,14.0
1024,11.0
1025,10.0
1026,
1027,
1028,45.0
1029,19.0
1030,45.0
1031,43.0
1032,45.0
1033,36.0
1034,13.0
1035,33.0
1036,8.0
1037,52.0
1038,53.0
1039,12.0
1040,57.0
1041,22.0
1042,
1043,13.0
1044,
1045,22.0
1046,26.0
1047,45.0
1048,14.0
1049,59.0
1050,10.0
1051,
1052,14.0
1053,54.0
1054,53.0
1055,30.0
1056,2.0
1057,10.0
1058,18.0
1059,29.0
1060,40.0
1061,18.0
1062,
1063,10.0
1064,8.0
1065,16.0
1066,1.0
1067,14.0
1068,24.0
1069,54.0
1070,10.0
1071,33.0
1072,
1073,37.0
1074,8.0
1075,3.0
1076,17.0
1077,29.0
1078,45.0
1079,20.0
1080,40.0
1081,
1082,49.0
1083,51.0
1084,3.0
1085,44.0
1086,49.0
1087,
1088,47.0
1089,
1090,11.0
1091,28.0
1092,37.0
1093,
1094,12.0
1095,1.0
1096,49.0
1097,55.0
1098,49.0
1099,27.0
1100,7.0
1101,13.0
1102,47.0
1103,27.0
1104,22.0
1105,
1106,54.0
1107,46.0
1108,16.0
1109,40.0
1110,42.0
1111,47.0
1112,35.0
1113,41.0
1114,50.0
1115,15.0
1116,12.0
1117,26.0
1118,14.0
1119,43.0
1120,67.0
1121,
1122,53.0
1123,12.0
1124,14.0
1125,17.0
1126,9.0
1127,9.0
1128,
1129,14.0
1130,13.0
1131,7.0
1132,56.0
1133,7.0
1134,53.0
1135,10.0
1136,54.0
1137,22.0
1138,53.0
1139,29.0
1140,48.0
1141,45.0
1142,17.0
1143,8.0
1144,20.0
1145,11.0
1146,35.0
1147,43.0
1148,3.0
1149,15.0
1150,43.0
1151,16.0
1152,4.0
1153,2.0
1154,45.0
1155,14.0
1156,53.0
1157,7.0
1158,3.0
1159,23.0
1160,12.0
1161,10.0
1162,49.0
1163,53.0
1164,59.0
1165,2.0
1166,14.0
1167,5.0
1168,14.0
1169,45.0
1170,
1171,13.0
1172,53.0
1173,8.0
1174,55.0
1175,49.0
1176,
1177,56.0
1178,56.0
1179,3.0
1180,50.0
1181,11.0
1182,55.0
1183,5.0
1184,42.0
1185,2.0
1186,44.0
1187,39.0
1188,10.0
1189,14.0
1190,47.0
1191,36.0
1192,27.0
1193,13.0
1194,45.0
1195,2.0
1196,38.0
1197,40.0
1198,14.0
1199,
1200,13.0
1201,7.0
1202,56.0
1203,26.0
1204,35.0
1205,12.0
1206,55.0
1207,
1208,30.0
1209,18.0
1210,32.0
1211,11.0
1212,36.0
1213,52.0
1214,59.0
1215,
1216,45.0
1217,10.0
1218,13.0
1219,7.0
1220,5.0
1221,19.0
1222,11.0
1223,50.0
1224,49.0
1225,14.0
1226,7.0
1227,14.0
1228,26.0
1229,3.0
1230,14.0
1231,48.0
1232,37.0
1233,14.0
1234,17.0
1235,47.0
1236,3.0
1237,42.0
1238,12.0
1239,39.0
1240,33.0
1241,39.0
1242,56.0
1243,8.0
1244,41.0
1245,29.0
1246,32.0
1247,10.0
1248,43.0
1249,14.0
1250,2.0
1251,7.0
1252,53.0
1253,
1254,13.0
1255,19.0
1256,14.0
1257,50.0
1258,5.0
1259,
1260,8.0
1261,8.0
1262,23.0
1263,23.0
1264,48.0
1265,14.0
1266,13.0
1267,8.0
1268,52.0
1269,
1270,3.0
1271,9.0
1272,36.0
1273,12.0
1274,
1275,34.0
1276,18.0
1277,14.0
1278,23.0
1279,12.0
1280,38.0
1281,16.0
1282,17.0
1283,5.0
1284,3.0
1285,52.0
1286,
1287,14.0
1288,50.0
1289,17.0
1290,18.0
1291,55.0
1292,22.0
1293,15.0
1294,7.0
1295,
1296,44.0
1297,29.0
1298,22.0
1299,53.0
1300,
1301,11.0
1302,13.0
1303,56.0
1304,9.0
1305,14.0
1306,54.0
1307,8.0
1308,35.0
1309,23.0
1310,26.0
1311,36.0
1312,55.0
1313,45.0
1314,36.0
1315,12.0
1316,4.0
1317,47.0
1318,35.0
1319,55.0
1320,53.0
1321,23.0
1322,13.0
1323,46.0
1324,17.0
1325,10.0
1326,50.0
1327,45.0
1328,6.0
1329,53.0
1330,43.0
1331,7.0
1332,13.0
1333,35.0
1334,30.0
1335,13.0
1336,33.0
1337,46.0
1338,10.0
1339,30.0
1340,50.0
1341,48.0
1342,39.0
1343,20.0
1344,10.0
1345,44.0
1346,12.0
1347,50.0
1348,9.0
1349,36.0
1350,45.0
1351,45.0
1352,12.0
1353,4.0
1354,23.0
1355,11.0
1356,9.0
1357,40.0
1358,
1359,52.0
1360,13.0
1361,6.0
1362,1.0
1363,7.0
1364,49.0
1365,
1366,58.0
1367,25.0
1368,14.0
1369,14.0
1370,14.0
1371,43.0
1372,53.0
1373,20.0
1374,45.0
1375,56.0
1376,57.0
1377,13.0
1378,9.0
1379,36.0
1380,50.0
1381,11.0
1382,51.0
1383,33.0
1384,29.0
1385,18.0
1386,12.0
1387,13.0
1388,16.0
1389,1.0
1390,23.0
1391,43.0
1392,47.0
1393,4.0
1394,7.0
1395,21.0
1396,13.0
1397,5.0
1398,22.0
1399,7.0
1400,29.0
1401,
1402,22.0
1403,42.0
1404,15.0
1405,52.0
1406,14.0
1407,
1408,9.0
1409,18.0
1410,56.0
1411,15.0
1412,2.0
1413,
1414,5.0
1415,11.0
1416,59.0
1417,22.0
1418,47.0
1419,45.0
1420,14.0
1421,15.0
1422,30.0
1423,51.0
1424,53.0
1425,20.0
1426,20.0
1427,43.0
1428,47.0
1429,40.0
1430,36.0
1431,46.0
1432,13.0
1433,13.0
1434,50.0
1435,19.0
1436,53.0
1437,23.0
1438,52.0
1439,7.0
1440,2.0
1441,12.0
1442,29.0
1443,
1444,55.0
1445,45.0
1446,7.0
1447,55.0
1448,22.0
1449,12.0
1450,8.0
1451,45.0
1452,4.0
1453,24.0
1454,14.0
1455,52.0
1456,72.0
1457,11.0
1458,16.0
1459,14.0
1460,14.0
1461,13.0
1462,24.0
1463,22.0
1464,33.0
1465,46.0
1466,
1467,7.0
1468,7.0
1469,23.0
1470,10.0
1471,2.0
1472,24.0
1473,13.0
1474,33.0
1475,11.0
1476,12.0
1477,23.0
1478,7.0
1479,47.0
1480,53.0
1481,48.0
1482,30.0
1483,11.0
1484,10.0
1485,72.0
1486,39.0
1487,16.0
1488,22.0
1489,49.0
1490,42.0
1491,28.0
1492,36.0
1493,12.0
1494,2.0
1495,22.0
1496,
1497,7.0
1498,58.0
1499,41.0
1500,45.0
1501,7.0
1502,9.0
1503,22.0
1504,9.0
1505,53.0
1506,9.0
1507,8.0
1508,37.0
1509,37.0
1510,18.0
1511,55.0
1512,49.0
1513,38.0
1514,54.0
1515,14.0
1516,14.0
1517,39.0
1518,13.0
1519,12.0
1520,8.0
1521,52.0
1522,12.0
1523,15.0
1524,
1525,10.0
1526,58.0
1527,47.0
1528,8.0
1529,50.0
1530,7.0
1531,4.0
1532,30.0
1533,44.0
1534,3.0
1535,9.0
1536,56.0
1537,52.0
1538,9.0
1539,14.0
1540,
1541,
1542,22.0
1543,14.0
1544,58.0
1545,7.0
1546,53.0
1547,18.0
1548,49.0
1549,47.0
1550,14.0
1551,10.0
1552,55.0
1553,13.0
1554,20.0
1555,7.0
1556,55.0
1557,49.0
1558,14.0
1559,49.0
1560,49.0
1561,25.0
1562,7.0
1563,55.0
1564,
1565,2.0
1566,21.0
1567,23.0
1568,54.0
1569,9.0
1570,54.0
1571,22.0
1572,10.0
1573,
1574,6.0
1575,45.0
1576,18.0
1577,32.0
1578,8.0
1579,7.0
1580,48.0
1581,3.0
1582,2.0
1583,22.0
1584,27.0
1585,17.0
1586,22.0
1587,13.0
1588,
1589,15.0
1590,13.0
1591,4.0
1592,33.0
1593,1.0
1594,45.0
1595,11.0
1596,59.0
1597,15.0
1598,5.0
1599,15.0
1600,5.0
1601,44.0
1602,14.0
1603,10.0
1604,9.0
1605,23.0
1606,14.0
1607,40.0
1608,33.0
1609,50.0
1610,
1611,16.0
1612,5.0
1613,12.0
1614,56.0
1615,12.0
1616,2.0
1617,13.0
1618,2.0
1619,46.0
1620,15.0
1621,12.0
1622,6.0
1623,49.0
1624,5.0
1625,
1626,7.0
1627,19.0
1628,24.0
1629,9.0
1630,12.0
1631,
1632,15.0
1633,45.0
1634,2.0
1635,9.0
1636,43.0
1637,13.0
1638,53.0
1639,43.0
1640,15.0
1641,10.0
1642,53.0
1643,17.0
1644,7.0
1645,49.0
1646,49.0
1647,13.0
1648,8.0
1649,16.0
1650,7.0
1651,
1652,19.0
1653,5.0
1654,35.0
1655,49.0
1656,49.0
1657,
1658,7.0
1659,53.0
1660,26.0
1661,36.0
1662,51.0
1663,8.0
1664,
1665,2.0
1666,13.0
1667,16.0
1668,9.0
1669,20.0
1670,35.0
1671,7.0
1672,55.0
1673,38.0
1674,11.0
1675,1.0
1676,17.0
1677,48.0
1678,7.0
1679,
1680,47.0
1681,17.0
1682,7.0
1683,11.0
1684,11.0
1685,6.0
1686,45.0
1687,49.0
1688,30.0
1689,1.0
1690,3.0
1691,13.0
1692,22.0
1693,7.0
1694,45.0
1695,52.0
1696,20.0
1697,24.0
1698,13.0
1699,18.0
1700,47.0
1701,47.0
1702,51.0
1703,21.0
1704,15.0
1705,7.0
1706,15.0
1707,40.0
1708,12.0
1709,5.0
1710,12.0
1711,
1712,17.0
1713,16.0
1714,7.0
1715,19.0
1716,17.0
1717,58.0
1718,5.0
1719,45.0
1720,14.0
1721,9.0
1722,39.0
1723,22.0
1724,23.0
1725,67.0
1726,10.0
1727,40.0
1728,6.0
1729,16.0
1730,4.0
1731,8.0
1732,19.0
1733,26.0
1734,60.0
1735,67.0
1736,10.0
1737,17.0
1738,10.0
1739,12.0
1740,5.0
1741,52.0
1742,9.0
1743,5.0
1744,22.0
1745,7.0
1746,49.0
1747,25.0
1748,14.0
1749,11.0
1750,34.0
1751,10.0
1752,11.0
1753,20.0
1754,9.0
1755,56.0
1756,10.0
1757,6.0
1758,
1759,13.0
1760,37.0
1761,9.0
1762,36.0
1763,
1764,47.0
1765,25.0
1766,6.0
1767,7.0
1768,48.0
1769,10.0
1770,8.0
1771,51.0
1772,24.0
1773,14.0
1774,23.0
1775,14.0
1776,33.0
1777,44.0
1778,2.0
1779,15.0
1780,53.0
1781,49.0
1782,50.0
1783,14.0
1784,13.0
1785,45.0
1786,23.0
1787,17.0
1788,41.0
1789,11.0
1790,7.0
1791,5.0
1792,48.0
1793,48.0
1794,15.0
1795,9.0
1796,67.0
1797,55.0
1798,67.0
1799,7.0
1800,20.0
1801,39.0
1802,23.0
1803,22.0
1804,22.0
1805,35.0
1806,9.0
1807,42.0
1808,5.0
1809,26.0
1810,22.0
1811,3.0
1812,20.0
1813,41.0
1814,8.0
1815,66.0
1816,55.0
1817,23.0
1818,7.0
1819,13.0
1820,9.0
1821,29.0
1822,22.0
1823,14.0
1824,9.0
1825,10.0
1826,14.0
1827,50.0
1828,1.0
1829,43.0
1830,15.0
1831,27.0
1832,12.0
1833,23.0
1834,43.0
1835,1.0
1836,5.0
1837,49.0
1838,14.0
1839,59.0
1840,7.0
1841,59.0
1842,22.0
1843,17.0
1844,10.0
1845,50.0
1846,49.0
1847,36.0
1848,9.0
1849,37.0
1850,59.0
1851,
1852,52.0
1853,24.0
1854,49.0
1855,23.0
1856,25.0
1857,54.0
1858,
1859,35.0
1860,50.0
1861,45.0
1862,12.0
1863,9.0
1864,9.0
1865,16.0
1866,21.0
1867,23.0
1868,49.0
1869,14.0
1870,36.0
1871,37.0
1872,13.0
1873,14.0
1874,14.0
1875,19.0
1876,11.0
1877,9.0
1878,23.0
1879,7.0
1880,52.0
1881,10.0
1882,44.0
1883,13.0
1884,12.0
1885,12.0
1886,20.0
1887,56.0
1888,28.0
1889,54.0
1890,16.0
1891,11.0
1892,26.0
1893,23.0
1894,6.0
1895,
1896,44.0
1897,27.0
1898,7.0
1899,2.0
1900,4.0
1901,37.0
1902,14.0
1903,13.0
1904,36.0
1905,45.0
1906,15.0
1907,31.0
1908,49.0
1909,26.0
1910,13.0
1911,26.0
1912,15.0
1913,10.0
1914,67.0
1915,25.0
1916,59.0
1917,7.0
1918,9.0
1919,33.0
1920,20.0
1921,10.0
1922,10.0
1923,1.0
1924,22.0
1925,51.0
1926,45.0
1927,30.0
1928,10.0
1929,5.0
1930,59.0
1931,9.0
1932,50.0
1933,53.0
1934,14.0
1935,18.0
1936,14.0
1937,25.0
1938,38.0
1939,18.0
1940,35.0
1941,28.0
1942,25.0
1943,54.0
1944,11.0
1945,12.0
1946,
1947,45.0
1948,1.0
1949,46.0
1950,5.0
1951,47.0
1952,16.0
1953,15.0
1954,7.0
1955,36.0
1956,
1957,15.0
1958,5.0
