0,24.0
1,111.0
2,159.0
3,9.0
4,3.0
5,125.0
6,21.0
7,32.0
8,537.0
9,12.0
10,25.0
11,12.0
12,11.0
13,2.0
14,44.0
15,7.0
16,2.0
17,11.0
18,21.0
19,1.0
20,31.0
21,3.0
22,44.0
23,9.0
24,5.0
25,7.0
26,3.0
27,22.0
28,
29,25.0
30,2.0
31,44.0
32,3.0
33,323.0
34,9.0
35,5.0
36,
37,3.0
38,3.0
39,74.0
40,4.0
41,15.0
42,5.0
43,79.0
44,155.0
45,22.0
46,1.0
47,8.0
48,4.0
49,3.0
50,9.0
51,38.0
52,79.0
53,44.0
54,4.0
55,79.0
56,25.0
57,2.0
58,15.0
59,26.0
60,24.0
61,29.0
62,38.0
63,47.0
64,36.0
65,21.0
66,4.0
67,
68,10.0
69,86.0
70,8.0
71,32.0
72,15.0
73,31.0
74,493.0
75,
76,4.0
77,36.0
78,36.0
79,323.0
80,44.0
81,1.0
82,
83,
84,4.0
85,
86,
87,79.0
88,32.0
89,4.0
90,38.0
91,
92,4.0
93,33.0
94,
95,1.0
96,9.0
97,5.0
98,79.0
99,5.0
100,3.0
101,493.0
102,11.0
103,125.0
104,118.0
105,170.0
106,18.0
107,27.0
108,23.0
109,37.0
110,21.0
111,
112,125.0
113,
114,7.0
115,
116,2.0
117,11.0
118,21.0
119,6.0
120,3.0
121,28.0
122,
123,64.0
124,29.0
125,2.0
126,88.0
127,78.0
128,86.0
129,58.0
130,12.0
131,36.0
132,4.0
133,537.0
134,11.0
135,118.0
136,29.0
137,
138,6.0
139,
140,2.0
141,2.0
142,1.0
143,3.0
144,44.0
145,42.0
146,36.0
147,12.0
148,79.0
149,27.0
150,47.0
151,3.0
152,2.0
153,5.0
154,38.0
155,258.0
156,11.0
157,37.0
158,2.0
159,21.0
160,
161,73.0
162,24.0
163,21.0
164,56.0
165,
166,88.0
167,21.0
168,6.0
169,1.0
170,
171,32.0
172,2.0
173,4.0
174,45.0
175,537.0
176,2.0
177,10.0
178,6.0
179,19.0
180,8.0
181,4.0
182,
183,19.0
184,23.0
185,2.0
186,6.0
187,125.0
188,493.0
189,36.0
190,7.0
191,13.0
192,15.0
193,38.0
194,2.0
195,6.0
196,10.0
197,3.0
198,6.0
199,155.0
200,39.0
201,
202,2.0
203,10.0
204,19.0
205,79.0
206,90.0
207,13.0
208,21.0
209,
210,155.0
211,4.0
212,6.0
213,2.0
214,5.0
215,74.0
216,9.0
217,2.0
218,2.0
219,4.0
220,37.0
221,159.0
222,3.0
223,88.0
224,22.0
225,45.0
226,2.0
227,64.0
228,5.0
229,
230,44.0
231,1.0
232,21.0
233,
234,
235,6.0
236,1.0
237,2.0
238,43.0
239,36.0
240,159.0
241,11.0
242,21.0
243,22.0
244,66.0
245,3.0
246,2.0
247,11.0
248,90.0
249,1.0
250,24.0
251,29.0
252,10.0
253,43.0
254,4.0
255,16.0
256,
257,16.0
258,5.0
259,79.0
260,11.0
261,9.0
262,97.0
263,493.0
264,155.0
265,4.0
266,
267,
268,74.0
269,155.0
270,33.0
271,15.0
272,
273,88.0
274,323.0
275,29.0
276,13.0
277,21.0
278,3.0
279,21.0
280,5.0
281,4.0
282,14.0
283,1.0
284,21.0
285,
286,11.0
287,17.0
288,12.0
289,22.0
290,12.0
291,1.0
292,15.0
293,8.0
294,12.0
295,8.0
296,125.0
297,
298,90.0
299,36.0
300,
301,3.0
302,4.0
303,6.0
304,3.0
305,5.0
306,12.0
307,90.0
308,14.0
309,2.0
310,2.0
311,78.0
312,63.0
313,4.0
314,5.0
315,6.0
316,47.0
317,
318,15.0
319,
320,5.0
321,24.0
322,9.0
323,11.0
324,1.0
325,
326,
327,7.0
328,5.0
329,1.0
330,12.0
331,3.0
332,4.0
333,125.0
334,79.0
335,5.0
336,13.0
337,37.0
338,5.0
339,12.0
340,4.0
341,155.0
342,13.0
343,4.0
344,4.0
345,1.0
346,14.0
347,155.0
348,125.0
349,18.0
350,3.0
351,4.0
352,2.0
353,6.0
354,1.0
355,91.0
356,15.0
357,47.0
358,12.0
359,2.0
360,125.0
361,
362,33.0
363,24.0
364,9.0
365,
366,23.0
367,25.0
368,4.0
369,6.0
370,9.0
371,323.0
372,37.0
373,4.0
374,37.0
375,12.0
376,33.0
377,1.0
378,46.0
379,24.0
380,43.0
381,
382,6.0
383,493.0
384,
385,
386,
387,79.0
388,24.0
389,
390,90.0
391,23.0
392,11.0
393,2.0
394,21.0
395,32.0
396,78.0
397,36.0
398,
399,21.0
400,6.0
401,35.0
402,44.0
403,10.0
404,35.0
405,19.0
406,4.0
407,32.0
408,
409,32.0
410,537.0
411,36.0
412,9.0
413,22.0
414,2.0
415,3.0
416,13.0
417,
418,10.0
419,9.0
420,6.0
421,2.0
422,30.0
423,8.0
424,2.0
425,537.0
426,42.0
427,37.0
428,
429,6.0
430,6.0
431,79.0
432,2.0
433,9.0
434,6.0
435,37.0
436,13.0
437,
438,23.0
439,26.0
440,125.0
441,11.0
442,5.0
443,2.0
444,4.0
445,31.0
446,
447,39.0
448,36.0
449,7.0
450,1.0
451,148.0
452,79.0
453,2.0
454,6.0
455,22.0
456,1.0
457,19.0
458,19.0
459,21.0
460,2.0
461,1.0
462,8.0
463,1.0
464,5.0
465,170.0
466,
467,19.0
468,2.0
469,5.0
470,1.0
471,16.0
472,3.0
473,
474,20.0
475,8.0
476,
477,1.0
478,32.0
479,5.0
480,13.0
481,5.0
482,43.0
483,258.0
484,1.0
485,118.0
486,
487,62.0
488,9.0
489,4.0
490,170.0
491,4.0
492,22.0
493,6.0
494,1.0
495,4.0
496,258.0
497,5.0
498,27.0
499,11.0
500,2.0
501,24.0
502,2.0
503,2.0
504,3.0
505,25.0
506,44.0
507,91.0
508,
509,8.0
510,42.0
511,1.0
512,13.0
513,
514,111.0
515,25.0
516,1.0
517,12.0
518,11.0
519,
520,8.0
521,11.0
522,36.0
523,36.0
524,
525,170.0
526,155.0
527,
528,3.0
529,5.0
530,54.0
531,1.0
532,62.0
533,14.0
534,24.0
535,
536,
537,4.0
538,7.0
539,64.0
540,15.0
541,2.0
542,42.0
543,25.0
544,36.0
545,155.0
546,
547,8.0
548,27.0
549,6.0
550,8.0
551,3.0
552,3.0
553,5.0
554,43.0
555,6.0
556,16.0
557,36.0
558,11.0
559,56.0
560,1.0
561,32.0
562,7.0
563,79.0
564,21.0
565,27.0
566,2.0
567,13.0
568,3.0
569,21.0
570,2.0
571,27.0
572,
573,24.0
574,32.0
575,3.0
576,111.0
577,79.0
578,3.0
579,5.0
580,3.0
581,
582,79.0
583,8.0
584,4.0
585,11.0
586,8.0
587,
588,9.0
589,36.0
590,3.0
591,79.0
592,5.0
593,5.0
594,11.0
595,19.0
596,11.0
597,29.0
598,36.0
599,18.0
600,170.0
601,14.0
602,6.0
603,2.0
604,5.0
605,17.0
606,3.0
607,
608,27.0
609,24.0
610,2.0
611,90.0
612,78.0
613,8.0
614,32.0
615,493.0
616,23.0
617,17.0
618,4.0
619,2.0
620,
621,170.0
622,4.0
623,79.0
624,1.0
625,44.0
626,33.0
627,1.0
628,8.0
629,2.0
630,9.0
631,1.0
632,3.0
633,
634,23.0
635,3.0
636,19.0
637,6.0
638,47.0
639,30.0
640,
641,2.0
642,90.0
643,
644,2.0
645,493.0
646,36.0
647,21.0
648,56.0
649,16.0
650,90.0
651,27.0
652,2.0
653,6.0
654,47.0
655,44.0
656,
657,79.0
658,6.0
659,170.0
660,9.0
661,6.0
662,29.0
663,78.0
664,6.0
665,1.0
666,170.0
667,36.0
668,23.0
669,
670,6.0
671,11.0
672,44.0
673,2.0
674,5.0
675,3.0
676,258.0
677,19.0
678,29.0
679,15.0
680,
681,
682,
683,13.0
684,44.0
685,125.0
686,16.0
687,45.0
688,6.0
689,35.0
690,73.0
691,
692,2.0
693,5.0
694,2.0
695,23.0
696,43.0
697,6.0
698,97.0
699,29.0
700,28.0
701,30.0
702,74.0
703,43.0
704,17.0
705,3.0
706,125.0
707,58.0
708,
709,33.0
710,2.0
711,
712,
713,
714,34.0
715,
716,2.0
717,4.0
718,14.0
719,97.0
720,
721,39.0
722,86.0
723,155.0
724,
725,79.0
726,11.0
727,63.0
728,13.0
729,10.0
730,24.0
731,19.0
732,9.0
733,34.0
734,16.0
735,11.0
736,11.0
737,9.0
738,
739,1.0
740,13.0
741,
742,32.0
743,23.0
744,11.0
745,79.0
746,79.0
747,16.0
748,493.0
749,
750,16.0
751,10.0
752,10.0
753,493.0
754,16.0
755,493.0
756,4.0
757,1.0
758,10.0
759,
760,11.0
761,5.0
762,8.0
763,44.0
764,6.0
765,8.0
766,10.0
767,3.0
768,8.0
769,5.0
770,1.0
771,39.0
772,44.0
773,11.0
774,1.0
775,10.0
776,
777,44.0
778,54.0
779,32.0
780,15.0
781,1.0
782,34.0
783,11.0
784,155.0
785,
786,1.0
787,6.0
788,4.0
789,44.0
790,36.0
791,7.0
792,
793,3.0
794,43.0
795,9.0
796,90.0
797,7.0
798,
799,79.0
800,97.0
801,2.0
802,159.0
803,118.0
804,170.0
805,
806,32.0
807,7.0
808,
809,8.0
810,155.0
811,1.0
812,
813,5.0
814,23.0
815,1.0
816,90.0
817,10.0
818,11.0
819,29.0
820,
821,1.0
822,1.0
823,37.0
824,
825,2.0
826,
827,3.0
828,16.0
829,1.0
830,2.0
831,2.0
832,118.0
833,2.0
834,
835,1.0
836,4.0
837,
838,19.0
839,11.0
840,6.0
841,5.0
842,1.0
843,
844,1.0
845,1.0
846,79.0
847,170.0
848,
849,
850,9.0
851,91.0
852,10.0
853,86.0
854,27.0
855,4.0
856,8.0
857,493.0
858,79.0
859,118.0
860,5.0
861,4.0
862,9.0
863,5.0
864,
865,11.0
866,91.0
867,16.0
868,6.0
869,11.0
870,7.0
871,11.0
872,4.0
873,
874,6.0
875,
876,10.0
877,88.0
878,24.0
879,4.0
880,16.0
881,3.0
882,36.0
883,1.0
884,79.0
885,
886,6.0
887,12.0
888,1.0
889,
890,16.0
891,
892,8.0
893,8.0
894,
895,2.0
896,
897,11.0
898,9.0
899,2.0
900,32.0
901,4.0
902,11.0
903,32.0
904,2.0
905,99.0
906,11.0
907,493.0
908,9.0
909,2.0
910,36.0
911,16.0
912,88.0
913,170.0
914,2.0
915,74.0
916,18.0
917,1.0
918,
919,159.0
920,36.0
921,1.0
922,9.0
923,8.0
924,36.0
925,16.0
926,29.0
927,
928,1.0
929,303.0
930,2.0
931,44.0
932,36.0
933,
934,4.0
935,4.0
936,9.0
937,14.0
938,11.0
939,11.0
940,63.0
941,15.0
942,15.0
943,44.0
944,21.0
945,3.0
946,26.0
947,12.0
948,1.0
949,13.0
950,9.0
951,32.0
952,1.0
953,
954,26.0
955,2.0
956,79.0
957,1.0
958,
959,11.0
960,36.0
961,
962,493.0
963,36.0
964,4.0
965,11.0
966,32.0
967,32.0
968,
969,6.0
970,4.0
971,
972,
973,23.0
974,5.0
975,11.0
976,32.0
977,9.0
978,15.0
979,3.0
980,11.0
981,
982,34.0
983,37.0
984,21.0
985,4.0
986,44.0
987,32.0
988,45.0
989,2.0
990,1.0
991,
992,11.0
993,79.0
994,8.0
995,12.0
996,12.0
997,155.0
998,170.0
999,
1000,
1001,22.0
1002,32.0
1003,24.0
1004,2.0
1005,10.0
1006,155.0
1007,12.0
1008,11.0
1009,79.0
1010,170.0
1011,1.0
1012,58.0
1013,79.0
1014,170.0
1015,
1016,47.0
1017,3.0
1018,303.0
1019,19.0
1020,44.0
1021,
1022,86.0
1023,5.0
1024,
1025,12.0
1026,
1027,2.0
1028,11.0
1029,1.0
1030,11.0
1031,86.0
1032,11.0
1033,31.0
1034,18.0
1035,5.0
1036,56.0
1037,8.0
1038,32.0
1039,1.0
1040,4.0
1041,6.0
1042,17.0
1043,13.0
1044,21.0
1045,
1046,6.0
1047,
1048,4.0
1049,5.0
1050,148.0
1051,37.0
1052,79.0
1053,58.0
1054,32.0
1055,21.0
1056,6.0
1057,29.0
1058,36.0
1059,36.0
1060,45.0
1061,39.0
1062,
1063,15.0
1064,
1065,6.0
1066,7.0
1067,79.0
1068,24.0
1069,58.0
1070,15.0
1071,
1072,15.0
1073,17.0
1074,56.0
1075,
1076,5.0
1077,33.0
1078,11.0
1079,36.0
1080,45.0
1081,2.0
1082,8.0
1083,2.0
1084,
1085,118.0
1086,170.0
1087,1.0
1088,19.0
1089,
1090,
1091,1.0
1092,125.0
1093,
1094,2.0
1095,23.0
1096,8.0
1097,9.0
1098,170.0
1099,1.0
1100,64.0
1101,18.0
1102,19.0
1103,
1104,
1105,37.0
1106,58.0
1107,8.0
1108,5.0
1109,45.0
1110,7.0
1111,19.0
1112,24.0
1113,13.0
1114,26.0
1115,
1116,88.0
1117,7.0
1118,79.0
1119,86.0
1120,45.0
1121,
1122,32.0
1123,8.0
1124,3.0
1125,4.0
1126,12.0
1127,
1128,
1129,79.0
1130,97.0
1131,1.0
1132,21.0
1133,2.0
1134,32.0
1135,2.0
1136,1.0
1137,6.0
1138,32.0
1139,
1140,32.0
1141,11.0
1142,5.0
1143,3.0
1144,36.0
1145,22.0
1146,3.0
1147,11.0
1148,37.0
1149,2.0
1150,86.0
1151,5.0
1152,
1153,2.0
1154,11.0
1155,79.0
1156,50.0
1157,
1158,2.0
1159,24.0
1160,16.0
1161,15.0
1162,8.0
1163,1.0
1164,6.0
1165,13.0
1166,3.0
1167,
1168,13.0
1169,11.0
1170,15.0
1171,18.0
1172,32.0
1173,9.0
1174,25.0
1175,90.0
1176,28.0
1177,21.0
1178,4.0
1179,111.0
1180,13.0
1181,17.0
1182,25.0
1183,1.0
1184,7.0
1185,13.0
1186,9.0
1187,4.0
1188,1.0
1189,79.0
1190,19.0
1191,31.0
1192,57.0
1193,29.0
1194,11.0
1195,6.0
1196,
1197,45.0
1198,79.0
1199,37.0
1200,18.0
1201,1.0
1202,21.0
1203,78.0
1204,17.0
1205,88.0
1206,
1207,38.0
1208,3.0
1209,36.0
1210,3.0
1211,35.0
1212,537.0
1213,8.0
1214,6.0
1215,23.0
1216,30.0
1217,4.0
1218,97.0
1219,43.0
1220,
1221,9.0
1222,
1223,13.0
1224,22.0
1225,79.0
1226,17.0
1227,13.0
1228,6.0
1229,
1230,3.0
1231,
1232,125.0
1233,1.0
1234,4.0
1235,3.0
1236,
1237,7.0
1238,1.0
1239,4.0
1240,16.0
1241,10.0
1242,21.0
1243,56.0
1244,13.0
1245,33.0
1246,
1247,16.0
1248,258.0
1249,2.0
1250,13.0
1251,43.0
1252,43.0
1253,3.0
1254,6.0
1255,9.0
1256,3.0
1257,493.0
1258,5.0
1259,
1260,
1261,56.0
1262,2.0
1263,2.0
1264,32.0
1265,12.0
1266,11.0
1267,35.0
1268,8.0
1269,
1270,37.0
1271,3.0
1272,4.0
1273,
1274,3.0
1275,2.0
1276,22.0
1277,4.0
1278,2.0
1279,1.0
1280,
1281,3.0
1282,1.0
1283,1.0
1284,
1285,8.0
1286,
1287,47.0
1288,10.0
1289,5.0
1290,22.0
1291,
1292,24.0
1293,34.0
1294,1.0
1295,1.0
1296,118.0
1297,33.0
1298,44.0
1299,
1300,2.0
1301,
1302,3.0
1303,21.0
1304,
1305,79.0
1306,58.0
1307,5.0
1308,1.0
1309,24.0
1310,6.0
1311,31.0
1312,25.0
1313,11.0
1314,4.0
1315,
1316,
1317,19.0
1318,12.0
1319,25.0
1320,2.0
1321,2.0
1322,1.0
1323,11.0
1324,58.0
1325,15.0
1326,493.0
1327,11.0
1328,4.0
1329,32.0
1330,19.0
1331,43.0
1332,1.0
1333,1.0
1334,16.0
1335,11.0
1336,
1337,39.0
1338,148.0
1339,
1340,15.0
1341,41.0
1342,4.0
1343,36.0
1344,15.0
1345,118.0
1346,1.0
1347,493.0
1348,5.0
1349,16.0
1350,
1351,11.0
1352,2.0
1353,13.0
1354,6.0
1355,4.0
1356,
1357,
1358,2.0
1359,91.0
1360,1.0
1361,4.0
1362,9.0
1363,1.0
1364,90.0
1365,
1366,4.0
1367,
1368,79.0
1369,79.0
1370,47.0
1371,86.0
1372,1.0
1373,36.0
1374,11.0
1375,21.0
1376,4.0
1377,1.0
1378,155.0
1379,537.0
1380,493.0
1381,
1382,4.0
1383,
1384,33.0
1385,22.0
1386,1.0
1387,
1388,
1389,12.0
1390,2.0
1391,86.0
1392,19.0
1393,13.0
1394,1.0
1395,
1396,18.0
1397,1.0
1398,44.0
1399,
1400,33.0
1401,1.0
1402,24.0
1403,7.0
1404,2.0
1405,8.0
1406,79.0
1407,
1408,155.0
1409,36.0
1410,21.0
1411,
1412,58.0
1413,
1414,1.0
1415,5.0
1416,27.0
1417,44.0
1418,19.0
1419,11.0
1420,79.0
1421,
1422,68.0
1423,9.0
1424,1.0
1425,36.0
1426,36.0
1427,258.0
1428,19.0
1429,59.0
1430,537.0
1431,34.0
1432,11.0
1433,11.0
1434,493.0
1435,9.0
1436,50.0
1437,2.0
1438,10.0
1439,17.0
1440,13.0
1441,5.0
1442,36.0
1443,62.0
1444,9.0
1445,
1446,43.0
1447,25.0
1448,44.0
1449,3.0
1450,3.0
1451,11.0
1452,
1453,10.0
1454,1.0
1455,91.0
1456,3.0
1457,5.0
1458,
1459,79.0
1460,79.0
1461,13.0
1462,24.0
1463,6.0
1464,16.0
1465,8.0
1466,37.0
1467,43.0
1468,29.0
1469,2.0
1470,148.0
1471,5.0
1472,13.0
1473,23.0
1474,16.0
1475,2.0
1476,5.0
1477,24.0
1478,1.0
1479,19.0
1480,43.0
1481,32.0
1482,21.0
1483,22.0
1484,16.0
1485,3.0
1486,38.0
1487,
1488,
1489,22.0
1490,16.0
1491,1.0
1492,31.0
1493,88.0
1494,3.0
1495,
1496,
1497,64.0
1498,4.0
1499,13.0
1500,11.0
1501,10.0
1502,29.0
1503,44.0
1504,155.0
1505,43.0
1506,155.0
1507,56.0
1508,3.0
1509,21.0
1510,7.0
1511,16.0
1512,22.0
1513,
1514,58.0
1515,79.0
1516,1.0
1517,2.0
1518,1.0
1519,88.0
1520,5.0
1521,8.0
1522,
1523,91.0
1524,
1525,10.0
1526,
1527,19.0
1528,3.0
1529,21.0
1530,64.0
1531,13.0
1532,
1533,118.0
1534,12.0
1535,155.0
1536,21.0
1537,91.0
1538,155.0
1539,12.0
1540,7.0
1541,
1542,44.0
1543,79.0
1544,
1545,15.0
1546,32.0
1547,7.0
1548,170.0
1549,19.0
1550,8.0
1551,44.0
1552,9.0
1553,
1554,
1555,64.0
1556,25.0
1557,90.0
1558,4.0
1559,8.0
1560,90.0
1561,22.0
1562,
1563,25.0
1564,23.0
1565,2.0
1566,16.0
1567,6.0
1568,3.0
1569,12.0
1570,3.0
1571,34.0
1572,16.0
1573,2.0
1574,
1575,11.0
1576,7.0
1577,19.0
1578,56.0
1579,29.0
1580,12.0
1581,111.0
1582,6.0
1583,44.0
1584,6.0
1585,71.0
1586,24.0
1587,159.0
1588,23.0
1589,
1590,
1591,1.0
1592,5.0
1593,9.0
1594,32.0
1595,
1596,27.0
1597,
1598,16.0
1599,8.0
1600,31.0
1601,9.0
1602,1.0
1603,15.0
1604,155.0
1605,6.0
1606,79.0
1607,59.0
1608,
1609,7.0
1610,25.0
1611,11.0
1612,1.0
1613,
1614,21.0
1615,
1616,6.0
1617,6.0
1618,6.0
1619,8.0
1620,14.0
1621,
1622,3.0
1623,170.0
1624,
1625,
1626,
1627,
1628,24.0
1629,
1630,3.0
1631,25.0
1632,8.0
1633,11.0
1634,13.0
1635,18.0
1636,17.0
1637,
1638,
1639,258.0
1640,
1641,15.0
1642,46.0
1643,13.0
1644,17.0
1645,170.0
1646,90.0
1647,3.0
1648,2.0
1649,1.0
1650,63.0
1651,
1652,90.0
1653,4.0
1654,19.0
1655,90.0
1656,8.0
1657,9.0
1658,64.0
1659,32.0
1660,78.0
1661,537.0
1662,2.0
1663,
1664,
1665,4.0
1666,11.0
1667,6.0
1668,1.0
1669,36.0
1670,12.0
1671,64.0
1672,25.0
1673,2.0
1674,
1675,23.0
1676,71.0
1677,32.0
1678,64.0
1679,25.0
1680,19.0
1681,
1682,43.0
1683,5.0
1684,
1685,5.0
1686,11.0
1687,170.0
1688,21.0
1689,7.0
1690,
1691,97.0
1692,11.0
1693,63.0
1694,11.0
1695,22.0
1696,36.0
1697,13.0
1698,
1699,39.0
1700,19.0
1701,11.0
1702,2.0
1703,3.0
1704,74.0
1705,8.0
1706,
1707,12.0
1708,
1709,1.0
1710,
1711,4.0
1712,5.0
1713,1.0
1714,
1715,
1716,8.0
1717,
1718,1.0
1719,
1720,4.0
1721,155.0
1722,4.0
1723,44.0
1724,6.0
1725,45.0
1726,16.0
1727,2.0
1728,2.0
1729,1.0
1730,323.0
1731,5.0
1732,5.0
1733,1.0
1734,32.0
1735,45.0
1736,16.0
1737,5.0
1738,15.0
1739,1.0
1740,16.0
1741,8.0
1742,155.0
1743,5.0
1744,
1745,1.0
1746,8.0
1747,3.0
1748,79.0
1749,5.0
1750,2.0
1751,16.0
1752,
1753,36.0
1754,155.0
1755,21.0
1756,148.0
1757,7.0
1758,
1759,29.0
1760,21.0
1761,
1762,537.0
1763,7.0
1764,11.0
1765,5.0
1766,11.0
1767,43.0
1768,2.0
1769,16.0
1770,1.0
1771,9.0
1772,13.0
1773,12.0
1774,6.0
1775,12.0
1776,
1777,16.0
1778,1.0
1779,3.0
1780,32.0
1781,90.0
1782,493.0
1783,47.0
1784,10.0
1785,11.0
1786,3.0
1787,4.0
1788,13.0
1789,17.0
1790,10.0
1791,16.0
1792,2.0
1793,22.0
1794,74.0
1795,3.0
1796,45.0
1797,2.0
1798,45.0
1799,15.0
1800,36.0
1801,10.0
1802,2.0
1803,44.0
1804,44.0
1805,24.0
1806,155.0
1807,15.0
1808,2.0
1809,78.0
1810,44.0
1811,111.0
1812,36.0
1813,13.0
1814,
1815,3.0
1816,16.0
1817,24.0
1818,17.0
1819,18.0
1820,155.0
1821,
1822,34.0
1823,
1824,3.0
1825,3.0
1826,8.0
1827,21.0
1828,23.0
1829,258.0
1830,14.0
1831,9.0
1832,8.0
1833,3.0
1834,258.0
1835,12.0
1836,3.0
1837,22.0
1838,79.0
1839,27.0
1840,64.0
1841,27.0
1842,44.0
1843,71.0
1844,15.0
1845,493.0
1846,90.0
1847,537.0
1848,155.0
1849,3.0
1850,27.0
1851,2.0
1852,8.0
1853,6.0
1854,170.0
1855,4.0
1856,3.0
1857,1.0
1858,15.0
1859,19.0
1860,21.0
1861,5.0
1862,88.0
1863,4.0
1864,155.0
1865,1.0
1866,3.0
1867,2.0
1868,22.0
1869,3.0
1870,537.0
1871,125.0
1872,11.0
1873,79.0
1874,13.0
1875,
1876,17.0
1877,12.0
1878,6.0
1879,43.0
1880,66.0
1881,16.0
1882,118.0
1883,2.0
1884,16.0
1885,1.0
1886,4.0
1887,20.0
1888,3.0
1889,3.0
1890,5.0
1891,22.0
1892,1.0
1893,6.0
1894,
1895,
1896,3.0
1897,2.0
1898,10.0
1899,13.0
1900,
1901,3.0
1902,79.0
1903,1.0
1904,
1905,11.0
1906,34.0
1907,2.0
1908,170.0
1909,76.0
1910,3.0
1911,303.0
1912,10.0
1913,1.0
1914,45.0
1915,23.0
1916,30.0
1917,
1918,1.0
1919,
1920,12.0
1921,1.0
1922,
1923,23.0
1924,34.0
1925,9.0
1926,11.0
1927,68.0
1928,16.0
1929,
1930,27.0
1931,33.0
1932,493.0
1933,32.0
1934,1.0
1935,39.0
1936,5.0
1937,
1938,
1939,6.0
1940,58.0
1941,3.0
1942,23.0
1943,58.0
1944,22.0
1945,8.0
1946,21.0
1947,11.0
1948,23.0
1949,8.0
1950,
1951,19.0
1952,6.0
1953,8.0
1954,
1955,31.0
1956,
1957,10.0
1958,
