0,224.0
1,216.0
2,210.0
3,114.0
4,266.0
5,149.0
6,230.0
7,123.0
8,152.0
9,208.0
10,62.0
11,227.0
12,143.0
13,278.0
14,162.0
15,98.0
16,143.0
17,117.0
18,245.0
19,82.0
20,168.0
21,160.0
22,103.0
23,62.0
24,250.0
25,78.0
26,125.0
27,197.0
28,116.0
29,71.0
30,172.0
31,114.0
32,227.0
33,263.0
34,203.0
35,63.0
36,268.0
37,121.0
38,189.0
39,74.0
40,123.0
41,96.0
42,142.0
43,104.0
44,169.0
45,160.0
46,147.0
47,203.0
48,198.0
49,89.0
50,161.0
51,86.0
52,211.0
53,80.0
54,263.0
55,225.0
56,126.0
57,168.0
58,228.0
59,190.0
60,168.0
61,144.0
62,269.0
63,116.0
64,201.0
65,131.0
66,210.0
67,141.0
68,175.0
69,94.0
70,64.0
71,76.0
72,40.0
73,220.0
74,119.0
75,200.0
76,231.0
77,71.0
78,77.0
79,224.0
80,143.0
81,210.0
82,31.0
83,178.0
84,253.0
85,36.0
86,225.0
87,168.0
88,114.0
89,94.0
90,76.0
91,113.0
92,232.0
93,75.0
94,190.0
95,243.0
96,238.0
97,44.0
98,94.0
99,98.0
100,266.0
101,19.0
102,108.0
103,260.0
104,75.0
105,85.0
106,183.0
107,237.0
108,200.0
109,117.0
110,245.0
111,259.0
112,223.0
113,63.0
114,46.0
115,41.0
116,94.0
117,245.0
118,114.0
119,238.0
120,120.0
121,139.0
122,245.0
123,95.0
124,241.0
125,63.0
126,48.0
127,288.0
128,106.0
129,232.0
130,231.0
131,45.0
132,127.0
133,216.0
134,94.0
135,77.0
136,139.0
137,146.0
138,255.0
139,168.0
140,152.0
141,227.0
142,140.0
143,159.0
144,116.0
145,187.0
146,234.0
147,243.0
148,106.0
149,279.0
150,225.0
151,275.0
152,46.0
153,54.0
154,31.0
155,274.0
156,155.0
157,131.0
158,208.0
159,225.0
160,188.0
161,63.0
162,85.0
163,118.0
164,164.0
165,168.0
166,79.0
167,152.0
168,124.0
169,141.0
170,148.0
171,41.0
172,112.0
173,223.0
174,123.0
175,44.0
176,213.0
177,215.0
178,104.0
179,116.0
180,219.0
181,223.0
182,261.0
183,121.0
184,110.0
185,245.0
186,104.0
187,176.0
188,222.0
189,155.0
190,246.0
191,124.0
192,179.0
193,221.0
194,222.0
195,107.0
196,251.0
197,96.0
198,239.0
199,42.0
200,246.0
201,276.0
202,183.0
203,217.0
204,266.0
205,138.0
206,211.0
207,69.0
208,222.0
209,90.0
210,183.0
211,178.0
212,146.0
213,234.0
214,85.0
215,286.0
216,175.0
217,224.0
218,213.0
219,229.0
220,213.0
221,29.0
222,288.0
223,99.0
224,120.0
225,228.0
226,183.0
227,213.0
228,214.0
229,130.0
230,68.0
231,255.0
232,233.0
233,183.0
234,42.0
235,171.0
236,175.0
237,78.0
238,225.0
239,203.0
240,257.0
241,91.0
242,183.0
243,183.0
244,179.0
245,168.0
246,247.0
247,253.0
248,271.0
249,164.0
250,228.0
251,120.0
252,193.0
253,124.0
254,230.0
255,85.0
256,242.0
257,77.0
258,144.0
259,157.0
260,186.0
261,61.0
262,67.0
263,215.0
264,67.0
265,249.0
266,120.0
267,245.0
268,46.0
269,123.0
270,141.0
271,229.0
272,226.0
273,175.0
274,144.0
275,34.0
276,83.0
277,94.0
278,186.0
279,199.0
280,51.0
281,155.0
282,64.0
283,79.0
284,473.0
285,94.0
286,231.0
287,213.0
288,213.0
289,254.0
290,213.0
291,283.0
292,129.0
293,128.0
294,59.0
295,158.0
296,181.0
297,174.0
298,184.0
299,237.0
300,143.0
301,247.0
302,44.0
303,62.0
304,266.0
305,41.0
306,260.0
307,261.0
308,255.0
309,228.0
310,221.0
311,259.0
312,146.0
313,117.0
314,253.0
315,137.0
316,155.0
317,34.0
318,180.0
319,143.0
320,154.0
321,50.0
322,272.0
323,68.0
324,245.0
325,111.0
326,281.0
327,175.0
328,120.0
329,158.0
330,144.0
331,218.0
332,67.0
333,283.0
334,172.0
335,54.0
336,39.0
337,279.0
338,223.0
339,301.0
340,115.0
341,255.0
342,257.0
343,116.0
344,137.0
345,175.0
346,85.0
347,143.0
348,118.0
349,178.0
350,147.0
351,127.0
352,247.0
353,175.0
354,224.0
355,224.0
356,79.0
357,187.0
358,90.0
359,63.0
360,168.0
361,49.0
362,221.0
363,159.0
364,234.0
365,214.0
366,68.0
367,222.0
368,281.0
369,242.0
370,282.0
371,68.0
372,144.0
373,114.0
374,132.0
375,165.0
376,221.0
377,246.0
378,60.0
379,91.0
380,265.0
381,100.0
382,228.0
383,92.0
384,199.0
385,80.0
386,274.0
387,104.0
388,171.0
389,137.0
390,265.0
391,187.0
392,63.0
393,40.0
394,99.0
395,226.0
396,68.0
397,19.0
398,141.0
399,37.0
400,70.0
401,130.0
402,143.0
403,185.0
404,302.0
405,283.0
406,80.0
407,50.0
408,190.0
409,211.0
410,89.0
411,148.0
412,37.0
413,184.0
414,200.0
415,146.0
416,232.0
417,120.0
418,146.0
419,77.0
420,34.0
421,168.0
422,233.0
423,154.0
424,114.0
425,73.0
426,171.0
427,187.0
428,90.0
429,65.0
430,127.0
431,163.0
432,110.0
433,186.0
434,68.0
435,104.0
436,79.0
437,238.0
438,94.0
439,143.0
440,267.0
441,68.0
442,47.0
443,127.0
444,105.0
445,22.0
446,200.0
447,46.0
448,149.0
449,101.0
450,99.0
451,95.0
452,63.0
453,190.0
454,160.0
455,217.0
456,242.0
457,276.0
458,177.0
459,230.0
460,135.0
461,31.0
462,79.0
463,46.0
464,195.0
465,234.0
466,214.0
467,198.0
468,73.0
469,60.0
470,270.0
471,95.0
472,177.0
473,167.0
474,201.0
475,230.0
476,62.0
477,257.0
478,130.0
479,223.0
480,165.0
481,49.0
482,135.0
483,271.0
484,197.0
485,127.0
486,203.0
487,78.0
488,189.0
489,115.0
490,257.0
491,83.0
492,174.0
493,45.0
494,190.0
495,267.0
496,100.0
497,214.0
498,105.0
499,187.0
500,261.0
501,95.0
502,66.0
503,274.0
504,113.0
505,232.0
506,197.0
507,167.0
508,148.0
509,55.0
510,75.0
511,147.0
512,146.0
513,168.0
514,167.0
515,114.0
516,144.0
517,61.0
518,215.0
519,222.0
520,181.0
521,131.0
522,237.0
523,222.0
524,168.0
525,91.0
526,115.0
527,148.0
528,48.0
529,214.0
530,272.0
531,270.0
532,45.0
533,240.0
534,97.0
535,217.0
536,176.0
537,193.0
538,37.0
539,245.0
540,93.0
541,208.0
542,43.0
543,114.0
544,128.0
545,257.0
546,57.0
547,257.0
548,176.0
549,223.0
550,269.0
551,74.0
552,172.0
553,207.0
554,225.0
555,299.0
556,93.0
557,255.0
558,107.0
559,203.0
560,46.0
561,265.0
562,169.0
563,127.0
564,30.0
565,81.0
566,30.0
567,257.0
568,61.0
569,112.0
570,224.0
571,143.0
572,255.0
573,92.0
574,141.0
575,129.0
576,223.0
577,231.0
578,256.0
579,171.0
580,31.0
581,212.0
582,285.0
583,117.0
584,146.0
585,115.0
586,216.0
587,96.0
588,190.0
589,111.0
590,235.0
591,256.0
592,111.0
593,269.0
594,229.0
595,219.0
596,138.0
597,117.0
598,121.0
599,97.0
600,208.0
601,33.0
602,274.0
603,130.0
604,80.0
605,68.0
606,231.0
607,63.0
608,188.0
609,103.0
610,117.0
611,130.0
612,109.0
613,72.0
614,224.0
615,242.0
616,95.0
617,231.0
618,243.0
619,195.0
620,210.0
621,46.0
622,207.0
623,28.0
624,26.0
625,70.0
626,26.0
627,76.0
628,231.0
629,34.0
630,169.0
631,83.0
632,121.0
633,103.0
634,96.0
635,97.0
636,202.0
637,171.0
638,140.0
639,198.0
640,254.0
641,134.0
642,128.0
643,68.0
644,170.0
645,89.0
646,213.0
647,75.0
648,191.0
649,163.0
650,222.0
651,107.0
652,188.0
653,242.0
654,224.0
655,241.0
656,295.0
657,225.0
658,224.0
659,212.0
660,156.0
661,104.0
662,141.0
663,219.0
664,238.0
665,184.0
666,83.0
667,203.0
668,96.0
669,236.0
670,121.0
671,153.0
672,224.0
673,110.0
674,265.0
675,146.0
676,248.0
677,52.0
678,120.0
679,48.0
680,86.0
681,274.0
682,221.0
683,44.0
684,110.0
685,62.0
686,160.0
687,159.0
688,171.0
689,173.0
690,171.0
691,181.0
692,232.0
693,251.0
694,251.0
695,238.0
696,192.0
697,108.0
698,100.0
699,237.0
700,36.0
701,29.0
702,74.0
703,242.0
704,221.0
705,269.0
706,168.0
707,303.0
708,213.0
709,216.0
710,95.0
711,147.0
712,143.0
713,190.0
714,192.0
715,283.0
716,177.0
717,127.0
718,124.0
719,114.0
720,99.0
721,254.0
722,107.0
723,232.0
724,159.0
725,114.0
726,188.0
727,233.0
728,186.0
729,89.0
730,140.0
731,257.0
732,97.0
733,34.0
734,105.0
735,231.0
736,161.0
737,140.0
738,140.0
739,143.0
740,99.0
741,204.0
742,213.0
743,67.0
744,302.0
745,107.0
746,54.0
747,200.0
748,260.0
749,64.0
750,172.0
751,238.0
752,217.0
753,166.0
754,160.0
755,79.0
756,169.0
757,152.0
758,266.0
759,233.0
760,229.0
761,31.0
762,292.0
763,142.0
764,235.0
765,127.0
766,207.0
767,123.0
768,84.0
769,124.0
770,243.0
771,253.0
772,76.0
773,74.0
774,192.0
775,57.0
776,266.0
777,209.0
778,213.0
779,211.0
780,120.0
781,31.0
782,39.0
783,107.0
784,67.0
785,218.0
786,211.0
787,222.0
788,130.0
789,136.0
790,186.0
791,70.0
792,37.0
793,229.0
794,164.0
795,147.0
796,141.0
797,164.0
798,129.0
799,68.0
800,226.0
801,265.0
802,280.0
803,225.0
804,105.0
805,169.0
806,191.0
807,163.0
808,233.0
809,252.0
810,81.0
811,68.0
812,106.0
813,196.0
814,237.0
815,199.0
816,288.0
817,207.0
818,178.0
819,261.0
820,557.0
821,80.0
822,118.0
823,186.0
824,168.0
825,274.0
826,122.0
827,26.0
828,178.0
829,201.0
830,130.0
831,182.0
832,152.0
833,199.0
834,187.0
835,108.0
836,267.0
837,173.0
838,98.0
839,137.0
840,275.0
841,171.0
842,203.0
843,145.0
844,203.0
845,234.0
846,70.0
847,102.0
848,68.0
849,301.0
850,178.0
851,67.0
852,175.0
853,92.0
854,234.0
855,172.0
856,175.0
857,190.0
858,164.0
859,128.0
860,190.0
861,313.0
862,135.0
863,142.0
864,95.0
865,215.0
866,67.0
867,146.0
868,154.0
869,39.0
870,85.0
871,76.0
872,68.0
873,59.0
874,262.0
875,92.0
876,238.0
877,110.0
878,108.0
879,201.0
880,130.0
881,145.0
882,71.0
883,191.0
884,137.0
885,177.0
886,33.0
887,134.0
888,95.0
889,237.0
890,39.0
891,158.0
892,197.0
893,204.0
894,210.0
895,138.0
896,
897,109.0
898,103.0
899,130.0
900,65.0
901,105.0
902,68.0
903,185.0
904,181.0
905,93.0
906,219.0
907,96.0
908,198.0
909,274.0
910,200.0
911,85.0
912,115.0
913,288.0
914,72.0
915,46.0
916,134.0
917,168.0
918,229.0
919,119.0
920,40.0
921,80.0
922,246.0
923,137.0
924,141.0
925,258.0
926,258.0
927,165.0
928,90.0
929,259.0
930,96.0
931,93.0
932,232.0
933,153.0
934,121.0
935,157.0
936,141.0
937,23.0
938,74.0
939,147.0
940,73.0
941,110.0
942,222.0
943,274.0
944,223.0
945,104.0
946,71.0
947,179.0
948,262.0
949,173.0
950,156.0
951,85.0
952,270.0
953,143.0
954,180.0
955,41.0
956,187.0
957,147.0
958,236.0
959,210.0
960,46.0
961,189.0
962,82.0
963,89.0
964,238.0
965,236.0
966,228.0
967,207.0
968,241.0
969,228.0
970,130.0
971,72.0
972,138.0
973,120.0
974,113.0
975,57.0
976,63.0
977,194.0
978,270.0
979,26.0
980,82.0
981,264.0
982,95.0
983,211.0
984,28.0
985,98.0
986,241.0
987,224.0
988,55.0
989,67.0
990,219.0
991,208.0
992,230.0
993,188.0
994,175.0
995,90.0
996,61.0
997,67.0
998,144.0
999,74.0
1000,140.0
1001,117.0
1002,68.0
1003,271.0
1004,233.0
1005,266.0
1006,187.0
1007,90.0
1008,191.0
1009,51.0
1010,87.0
1011,172.0
1012,123.0
1013,83.0
1014,116.0
1015,101.0
1016,153.0
1017,283.0
1018,120.0
1019,283.0
1020,215.0
1021,235.0
1022,149.0
1023,118.0
1024,80.0
1025,61.0
1026,47.0
1027,49.0
1028,172.0
1029,134.0
1030,208.0
1031,194.0
1032,191.0
1033,281.0
1034,44.0
1035,180.0
1036,249.0
1037,143.0
1038,157.0
1039,225.0
1040,151.0
1041,184.0
1042,201.0
1043,99.0
1044,86.0
1045,283.0
1046,130.0
1047,200.0
1048,193.0
1049,191.0
1050,119.0
1051,93.0
1052,143.0
1053,38.0
1054,155.0
1055,48.0
1056,45.0
1057,203.0
1058,203.0
1059,136.0
1060,185.0
1061,253.0
1062,190.0
1063,220.0
1064,154.0
1065,262.0
1066,259.0
1067,143.0
1068,80.0
1069,265.0
1070,203.0
1071,131.0
1072,141.0
1073,224.0
1074,171.0
1075,187.0
1076,118.0
1077,62.0
1078,114.0
1079,149.0
1080,185.0
1081,97.0
1082,93.0
1083,64.0
1084,255.0
1085,103.0
1086,85.0
1087,219.0
1088,118.0
1089,249.0
1090,81.0
1091,71.0
1092,43.0
1093,164.0
1094,256.0
1095,238.0
1096,168.0
1097,61.0
1098,92.0
1099,261.0
1100,245.0
1101,219.0
1102,86.0
1103,190.0
1104,178.0
1105,160.0
1106,65.0
1107,89.0
1108,214.0
1109,133.0
1110,155.0
1111,133.0
1112,201.0
1113,240.0
1114,106.0
1115,232.0
1116,116.0
1117,190.0
1118,131.0
1119,61.0
1120,92.0
1121,91.0
1122,168.0
1123,281.0
1124,143.0
1125,201.0
1126,250.0
1127,238.0
1128,110.0
1129,71.0
1130,23.0
1131,89.0
1132,193.0
1133,188.0
1134,85.0
1135,85.0
1136,161.0
1137,131.0
1138,131.0
1139,98.0
1140,134.0
1141,186.0
1142,118.0
1143,107.0
1144,71.0
1145,84.0
1146,121.0
1147,56.0
1148,96.0
1149,178.0
1150,268.0
1151,203.0
1152,294.0
1153,288.0
1154,137.0
1155,25.0
1156,144.0
1157,222.0
1158,162.0
1159,197.0
1160,267.0
1161,164.0
1162,225.0
1163,39.0
1164,193.0
1165,90.0
1166,89.0
1167,61.0
1168,120.0
1169,234.0
1170,201.0
1171,139.0
1172,238.0
1173,50.0
1174,73.0
1175,108.0
1176,154.0
1177,83.0
1178,89.0
1179,121.0
1180,196.0
1181,158.0
1182,116.0
1183,73.0
1184,98.0
1185,121.0
1186,60.0
1187,259.0
1188,106.0
1189,175.0
1190,181.0
1191,92.0
1192,286.0
1193,190.0
1194,172.0
1195,295.0
1196,173.0
1197,97.0
1198,246.0
1199,198.0
1200,107.0
1201,198.0
1202,193.0
1203,268.0
1204,266.0
1205,245.0
1206,254.0
1207,
1208,26.0
1209,19.0
1210,71.0
1211,144.0
1212,266.0
1213,111.0
1214,47.0
1215,63.0
1216,130.0
1217,116.0
1218,251.0
1219,96.0
1220,164.0
1221,175.0
1222,131.0
1223,207.0
1224,179.0
1225,51.0
1226,140.0
1227,251.0
1228,130.0
1229,73.0
1230,137.0
1231,58.0
1232,260.0
1233,171.0
1234,77.0
1235,173.0
1236,140.0
1237,171.0
1238,152.0
1239,55.0
1240,138.0
1241,66.0
1242,209.0
1243,89.0
1244,146.0
1245,252.0
1246,96.0
1247,245.0
1248,64.0
1249,136.0
1250,144.0
1251,60.0
1252,119.0
1253,134.0
1254,200.0
1255,111.0
1256,62.0
1257,164.0
1258,264.0
1259,146.0
1260,224.0
1261,112.0
1262,227.0
1263,227.0
1264,179.0
1265,120.0
1266,174.0
1267,144.0
1268,267.0
1269,274.0
1270,236.0
1271,176.0
1272,145.0
1273,235.0
1274,159.0
1275,106.0
1276,192.0
1277,71.0
1278,227.0
1279,273.0
1280,120.0
1281,196.0
1282,118.0
1283,96.0
1284,118.0
1285,170.0
1286,176.0
1287,185.0
1288,137.0
1289,226.0
1290,190.0
1291,41.0
1292,232.0
1293,213.0
1294,211.0
1295,191.0
1296,254.0
1297,175.0
1298,157.0
1299,183.0
1300,189.0
1301,3.0
1302,71.0
1303,206.0
1304,86.0
1305,130.0
1306,285.0
1307,129.0
1308,167.0
1309,237.0
1310,217.0
1311,261.0
1312,159.0
1313,157.0
1314,193.0
1315,239.0
1316,139.0
1317,95.0
1318,203.0
1319,232.0
1320,120.0
1321,170.0
1322,231.0
1323,124.0
1324,220.0
1325,238.0
1326,170.0
1327,267.0
1328,26.0
1329,85.0
1330,160.0
1331,257.0
1332,127.0
1333,244.0
1334,186.0
1335,241.0
1336,301.0
1337,80.0
1338,63.0
1339,150.0
1340,155.0
1341,130.0
1342,172.0
1343,195.0
1344,181.0
1345,265.0
1346,158.0
1347,252.0
1348,114.0
1349,31.0
1350,210.0
1351,262.0
1352,256.0
1353,140.0
1354,274.0
1355,42.0
1356,290.0
1357,85.0
1358,101.0
1359,147.0
1360,230.0
1361,163.0
1362,90.0
1363,138.0
1364,49.0
1365,217.0
1366,276.0
1367,233.0
1368,99.0
1369,195.0
1370,57.0
1371,146.0
1372,231.0
1373,85.0
1374,269.0
1375,245.0
1376,137.0
1377,178.0
1378,223.0
1379,118.0
1380,141.0
1381,41.0
1382,48.0
1383,224.0
1384,270.0
1385,192.0
1386,146.0
1387,68.0
1388,265.0
1389,274.0
1390,69.0
1391,62.0
1392,533.0
1393,163.0
1394,231.0
1395,201.0
1396,89.0
1397,232.0
1398,136.0
1399,75.0
1400,235.0
1401,105.0
1402,157.0
1403,216.0
1404,174.0
1405,203.0
1406,205.0
1407,237.0
1408,170.0
1409,255.0
1410,199.0
1411,16.0
1412,201.0
1413,75.0
1414,235.0
1415,225.0
1416,105.0
1417,83.0
1418,78.0
1419,211.0
1420,196.0
1421,173.0
1422,235.0
1423,75.0
1424,84.0
1425,118.0
1426,126.0
1427,62.0
1428,68.0
1429,274.0
1430,287.0
1431,274.0
1432,146.0
1433,208.0
1434,76.0
1435,195.0
1436,144.0
1437,227.0
1438,228.0
1439,238.0
1440,155.0
1441,140.0
1442,270.0
1443,258.0
1444,95.0
1445,200.0
1446,226.0
1447,231.0
1448,238.0
1449,145.0
1450,74.0
1451,186.0
1452,39.0
1453,175.0
1454,73.0
1455,34.0
1456,111.0
1457,224.0
1458,90.0
1459,187.0
1460,28.0
1461,201.0
1462,26.0
1463,168.0
1464,257.0
1465,161.0
1466,100.0
1467,279.0
1468,118.0
1469,295.0
1470,119.0
1471,42.0
1472,115.0
1473,84.0
1474,206.0
1475,95.0
1476,274.0
1477,251.0
1478,138.0
1479,101.0
1480,225.0
1481,80.0
1482,172.0
1483,84.0
1484,161.0
1485,76.0
1486,248.0
1487,116.0
1488,119.0
1489,192.0
1490,137.0
1491,274.0
1492,271.0
1493,262.0
1494,240.0
1495,138.0
1496,199.0
1497,36.0
1498,233.0
1499,122.0
1500,89.0
1501,240.0
1502,144.0
1503,159.0
1504,224.0
1505,89.0
1506,259.0
1507,239.0
1508,130.0
1509,97.0
1510,174.0
1511,235.0
1512,152.0
1513,276.0
1514,194.0
1515,252.0
1516,248.0
1517,254.0
1518,264.0
1519,120.0
1520,261.0
1521,203.0
1522,152.0
1523,182.0
1524,37.0
1525,138.0
1526,148.0
1527,242.0
1528,127.0
1529,236.0
1530,81.0
1531,179.0
1532,223.0
1533,268.0
1534,98.0
1535,217.0
1536,160.0
1537,147.0
1538,204.0
1539,213.0
1540,31.0
1541,259.0
1542,267.0
1543,98.0
1544,148.0
1545,68.0
1546,151.0
1547,118.0
1548,132.0
1549,233.0
1550,32.0
1551,190.0
1552,141.0
1553,238.0
1554,85.0
1555,141.0
1556,216.0
1557,249.0
1558,323.0
1559,231.0
1560,201.0
1561,276.0
1562,71.0
1563,135.0
1564,75.0
1565,89.0
1566,96.0
1567,115.0
1568,161.0
1569,251.0
1570,14.0
1571,134.0
1572,73.0
1573,232.0
1574,185.0
1575,107.0
1576,226.0
1577,252.0
1578,56.0
1579,75.0
1580,80.0
1581,161.0
1582,96.0
1583,207.0
1584,35.0
1585,177.0
1586,287.0
1587,160.0
1588,80.0
1589,122.0
1590,233.0
1591,130.0
1592,230.0
1593,286.0
1594,17.0
1595,154.0
1596,101.0
1597,248.0
1598,30.0
1599,248.0
1600,264.0
1601,173.0
1602,47.0
1603,238.0
1604,259.0
1605,234.0
1606,73.0
1607,46.0
1608,92.0
1609,106.0
1610,82.0
1611,118.0
1612,238.0
1613,261.0
1614,168.0
1615,261.0
1616,222.0
1617,222.0
1618,87.0
1619,130.0
1620,157.0
1621,191.0
1622,160.0
1623,80.0
1624,122.0
1625,143.0
1626,153.0
1627,245.0
1628,49.0
1629,239.0
1630,182.0
1631,35.0
1632,229.0
1633,175.0
1634,144.0
1635,143.0
1636,229.0
1637,101.0
1638,143.0
1639,248.0
1640,244.0
1641,179.0
1642,85.0
1643,227.0
1644,140.0
1645,239.0
1646,253.0
1647,274.0
1648,67.0
1649,119.0
1650,236.0
1651,3.0
1652,61.0
1653,224.0
1654,193.0
1655,258.0
1656,224.0
1657,166.0
1658,238.0
1659,137.0
1660,147.0
1661,152.0
1662,55.0
1663,255.0
1664,92.0
1665,111.0
1666,181.0
1667,272.0
1668,112.0
1669,47.0
1670,156.0
1671,141.0
1672,114.0
1673,288.0
1674,31.0
1675,45.0
1676,42.0
1677,179.0
1678,236.0
1679,82.0
1680,118.0
1681,77.0
1682,195.0
1683,263.0
1684,172.0
1685,127.0
1686,156.0
1687,92.0
1688,171.0
1689,252.0
1690,140.0
1691,265.0
1692,119.0
1693,216.0
1694,131.0
1695,259.0
1696,57.0
1697,171.0
1698,222.0
1699,96.0
1700,181.0
1701,147.0
1702,188.0
1703,145.0
1704,74.0
1705,71.0
1706,179.0
1707,73.0
1708,218.0
1709,127.0
1710,186.0
1711,140.0
1712,113.0
1713,191.0
1714,167.0
1715,224.0
1716,185.0
1717,227.0
1718,73.0
1719,72.0
1720,276.0
1721,251.0
1722,79.0
1723,118.0
1724,226.0
1725,122.0
1726,46.0
1727,91.0
1728,76.0
1729,287.0
1730,263.0
1731,192.0
1732,252.0
1733,126.0
1734,211.0
1735,232.0
1736,191.0
1737,192.0
1738,235.0
1739,158.0
1740,107.0
1741,102.0
1742,211.0
1743,189.0
1744,130.0
1745,152.0
1746,96.0
1747,208.0
1748,156.0
1749,105.0
1750,252.0
1751,73.0
1752,214.0
1753,146.0
1754,42.0
1755,70.0
1756,231.0
1757,234.0
1758,138.0
1759,284.0
1760,129.0
1761,44.0
1762,164.0
1763,121.0
1764,34.0
1765,60.0
1766,252.0
1767,533.0
1768,164.0
1769,217.0
1770,85.0
1771,31.0
1772,143.0
1773,260.0
1774,180.0
1775,260.0
1776,102.0
1777,89.0
1778,179.0
1779,248.0
1780,245.0
1781,146.0
1782,209.0
1783,174.0
1784,233.0
1785,143.0
1786,64.0
1787,279.0
1788,42.0
1789,72.0
1790,232.0
1791,113.0
1792,191.0
1793,155.0
1794,74.0
1795,222.0
1796,240.0
1797,276.0
1798,57.0
1799,246.0
1800,210.0
1801,256.0
1802,227.0
1803,85.0
1804,226.0
1805,125.0
1806,138.0
1807,86.0
1808,20.0
1809,147.0
1810,69.0
1811,48.0
1812,256.0
1813,122.0
1814,167.0
1815,192.0
1816,120.0
1817,107.0
1818,276.0
1819,125.0
1820,274.0
1821,270.0
1822,244.0
1823,84.0
1824,289.0
1825,115.0
1826,184.0
1827,186.0
1828,215.0
1829,103.0
1830,157.0
1831,169.0
1832,146.0
1833,79.0
1834,121.0
1835,24.0
1836,131.0
1837,104.0
1838,30.0
1839,213.0
1840,30.0
1841,84.0
1842,95.0
1843,217.0
1844,65.0
1845,141.0
1846,92.0
1847,203.0
1848,197.0
1849,129.0
1850,174.0
1851,288.0
1852,85.0
1853,89.0
1854,86.0
1855,127.0
1856,74.0
1857,275.0
1858,14.0
1859,152.0
1860,34.0
1861,178.0
1862,121.0
1863,133.0
1864,140.0
1865,187.0
1866,288.0
1867,198.0
1868,63.0
1869,195.0
1870,188.0
1871,242.0
1872,246.0
1873,146.0
1874,107.0
1875,245.0
1876,123.0
1877,85.0
1878,96.0
1879,198.0
1880,181.0
1881,258.0
1882,191.0
1883,182.0
1884,92.0
1885,247.0
1886,121.0
1887,251.0
1888,73.0
1889,14.0
1890,19.0
1891,84.0
1892,252.0
1893,179.0
1894,84.0
1895,226.0
1896,70.0
1897,67.0
1898,216.0
1899,269.0
1900,37.0
1901,160.0
1902,246.0
1903,233.0
1904,129.0
1905,166.0
1906,247.0
1907,116.0
1908,249.0
1909,294.0
1910,226.0
1911,259.0
1912,258.0
1913,191.0
1914,123.0
1915,87.0
1916,216.0
1917,222.0
1918,79.0
1919,121.0
1920,250.0
1921,163.0
1922,76.0
1923,236.0
1924,180.0
1925,233.0
1926,125.0
1927,235.0
1928,179.0
1929,182.0
1930,155.0
1931,250.0
1932,134.0
1933,183.0
1934,228.0
1935,129.0
1936,121.0
1937,226.0
1938,179.0
1939,253.0
1940,191.0
1941,167.0
1942,183.0
1943,177.0
1944,26.0
1945,190.0
1946,47.0
1947,229.0
1948,238.0
1949,216.0
1950,47.0
1951,155.0
1952,55.0
1953,225.0
1954,153.0
1955,246.0
1956,62.0
1957,258.0
1958,143.0
