0,2
1,1
2,3
3,0
4,3
5,3
6,3
7,4
8,2
9,4
10,0
11,2
12,3
13,5
14,5
15,1
16,1
17,2
18,3
19,1
20,5
21,0
22,1
23,0
24,2
25,2
26,0
27,2
28,2
29,2
30,3
31,4
32,2
33,6
34,3
35,1
36,2
37,4
38,3
39,1
40,2
41,3
42,1
43,1
44,5
45,1
46,2
47,1
48,1
49,2
50,2
51,3
52,2
53,1
54,5
55,3
56,2
57,1
58,2
59,1
60,4
61,3
62,2
63,4
64,2
65,2
66,7
67,1
68,5
69,1
70,1
71,1
72,0
73,5
74,1
75,3
76,3
77,2
78,2
79,4
80,3
81,2
82,0
83,0
84,5
85,0
86,0
87,4
88,6
89,1
90,3
91,0
92,1
93,1
94,2
95,1
96,5
97,1
98,1
99,4
100,1
101,0
102,3
103,1
104,0
105,1
106,2
107,3
108,4
109,1
110,3
111,3
112,4
113,1
114,1
115,0
116,3
117,3
118,5
119,1
120,1
121,2
122,2
123,2
124,4
125,0
126,0
127,4
128,3
129,6
130,2
131,0
132,2
133,4
134,2
135,1
136,4
137,3
138,3
139,4
140,4
141,1
142,4
143,2
144,2
145,1
146,4
147,6
148,6
149,2
150,2
151,2
152,2
153,1
154,1
155,4
156,4
157,2
158,3
159,3
160,2
161,2
162,0
163,2
164,1
165,3
166,1
167,1
168,3
169,3
170,7
171,2
172,3
173,2
174,2
175,1
176,0
177,4
178,1
179,4
180,4
181,4
182,2
183,1
184,3
185,3
186,1
187,2
188,4
189,2
190,4
191,2
192,3
193,4
194,2
195,3
196,2
197,1
198,3
199,0
200,4
201,2
202,3
203,1
204,2
205,2
206,3
207,0
208,5
209,3
210,3
211,0
212,5
213,4
214,1
215,3
216,1
217,4
218,2
219,6
220,3
221,1
222,7
223,1
224,7
225,2
226,0
227,3
228,4
229,2
230,2
231,1
232,3
233,2
234,1
235,2
236,3
237,2
238,2
239,3
240,4
241,1
242,3
243,1
244,2
245,2
246,2
247,4
248,2
249,1
250,2
251,2
252,3
253,2
254,6
255,0
256,2
257,2
258,2
259,1
260,2
261,0
262,0
263,4
264,5
265,2
266,1
267,3
268,1
269,4
270,4
271,3
272,2
273,2
274,2
275,1
276,0
277,2
278,2
279,3
280,2
281,3
282,0
283,1
284,2
285,2
286,2
287,3
288,4
289,4
290,5
291,4
292,1
293,3
294,4
295,6
296,3
297,2
298,5
299,3
300,2
301,3
302,2
303,2
304,3
305,0
306,5
307,3
308,2
309,4
310,1
311,6
312,3
313,4
314,3
315,2
316,3
317,1
318,5
319,4
320,1
321,1
322,3
323,3
324,4
325,2
326,1
327,3
328,3
329,8
330,0
331,2
332,0
333,2
334,0
335,2
336,1
337,4
338,5
339,5
340,5
341,1
342,1
343,3
344,3
345,3
346,3
347,3
348,2
349,1
350,1
351,3
352,2
353,3
354,1
355,5
356,2
357,2
358,1
359,1
360,1
361,0
362,3
363,2
364,2
365,3
366,2
367,2
368,0
369,2
370,3
371,1
372,3
373,1
374,2
375,1
376,4
377,2
378,3
379,4
380,2
381,1
382,2
383,3
384,2
385,4
386,2
387,1
388,1
389,1
390,2
391,2
392,2
393,0
394,1
395,5
396,1
397,0
398,1
399,0
400,1
401,2
402,6
403,3
404,3
405,4
406,2
407,5
408,2
409,5
410,2
411,3
412,2
413,2
414,7
415,1
416,2
417,1
418,1
419,4
420,1
421,3
422,7
423,1
424,2
425,1
426,1
427,1
428,2
429,1
430,2
431,1
432,3
433,3
434,1
435,2
436,2
437,3
438,2
439,2
440,4
441,2
442,0
443,3
444,3
445,1
446,3
447,1
448,5
449,1
450,0
451,1
452,0
453,3
454,1
455,4
456,2
457,1
458,1
459,3
460,3
461,0
462,3
463,1
464,2
465,4
466,4
467,2
468,1
469,0
470,3
471,4
472,1
473,0
474,1
475,3
476,2
477,4
478,2
479,5
480,1
481,2
482,1
483,2
484,4
485,1
486,1
487,4
488,5
489,2
490,4
491,1
492,1
493,0
494,2
495,4
496,0
497,3
498,4
499,4
500,5
501,1
502,1
503,3
504,4
505,3
506,3
507,3
508,4
509,3
510,2
511,1
512,1
513,4
514,0
515,2
516,3
517,0
518,1
519,2
520,3
521,2
522,3
523,3
524,3
525,1
526,4
527,4
528,0
529,3
530,5
531,1
532,0
533,4
534,2
535,3
536,1
537,4
538,0
539,5
540,2
541,5
542,1
543,1
544,1
545,2
546,1
547,2
548,2
549,2
550,2
551,1
552,2
553,2
554,3
555,3
556,1
557,6
558,2
559,2
560,1
561,6
562,4
563,2
564,2
565,1
566,2
567,1
568,3
569,3
570,5
571,1
572,7
573,1
574,2
575,3
576,5
577,2
578,3
579,2
580,1
581,2
582,2
583,2
584,1
585,5
586,3
587,2
588,2
589,2
590,3
591,4
592,5
593,6
594,2
595,2
596,1
597,2
598,3
599,1
600,2
601,0
602,4
603,3
604,1
605,0
606,1
607,1
608,4
609,1
610,0
611,2
612,0
613,1
614,6
615,0
616,0
617,3
618,1
619,2
620,1
621,0
622,3
623,0
624,0
625,1
626,2
627,2
628,1
629,2
630,4
631,0
632,2
633,4
634,3
635,0
636,4
637,1
638,3
639,4
640,3
641,4
642,5
643,1
644,3
645,0
646,1
647,2
648,4
649,3
650,2
651,4
652,3
653,4
654,0
655,3
656,1
657,1
658,3
659,2
660,2
661,2
662,4
663,4
664,8
665,1
666,2
667,3
668,0
669,3
670,1
671,1
672,3
673,3
674,3
675,1
676,1
677,4
678,3
679,0
680,3
681,3
682,5
683,0
684,1
685,0
686,2
687,3
688,0
689,1
690,0
691,2
692,0
693,2
694,3
695,3
696,0
697,1
698,0
699,1
700,0
701,0
702,1
703,1
704,2
705,3
706,3
707,5
708,3
709,7
710,3
711,0
712,3
713,3
714,1
715,2
716,1
717,2
718,2
719,3
720,1
721,5
722,1
723,4
724,3
725,1
726,3
727,4
728,1
729,2
730,3
731,2
732,2
733,1
734,4
735,3
736,0
737,1
738,2
739,6
740,0
741,4
742,5
743,2
744,4
745,2
746,2
747,3
748,3
749,4
750,0
751,5
752,1
753,1
754,1
755,1
756,3
757,4
758,0
759,4
760,2
761,2
762,2
763,0
764,3
765,3
766,2
767,0
768,2
769,0
770,2
771,2
772,1
773,0
774,4
775,3
776,0
777,2
778,2
779,4
780,2
781,1
782,1
783,2
784,4
785,3
786,0
787,0
788,2
789,1
790,1
791,3
792,0
793,3
794,3
795,1
796,2
797,3
798,0
799,1
800,5
801,2
802,1
803,0
804,4
805,4
806,1
807,0
808,4
809,3
810,2
811,2
812,1
813,2
814,2
815,3
816,6
817,3
818,1
819,1
820,2
821,0
822,5
823,3
824,2
825,3
826,1
827,0
828,4
829,2
830,1
831,1
832,3
833,2
834,2
835,3
836,4
837,3
838,2
839,6
840,2
841,2
842,3
843,2
844,3
845,3
846,4
847,1
848,0
849,3
850,3
851,2
852,1
853,1
854,5
855,2
856,3
857,2
858,2
859,3
860,3
861,0
862,1
863,0
864,0
865,1
866,4
867,2
868,2
869,0
870,4
871,1
872,0
873,1
874,1
875,2
876,4
877,2
878,1
879,4
880,3
881,2
882,3
883,3
884,2
885,2
886,0
887,3
888,1
889,2
890,2
891,4
892,2
893,2
894,2
895,4
896,0
897,3
898,3
899,3
900,0
901,3
902,1
903,2
904,2
905,4
906,2
907,2
908,3
909,3
910,3
911,4
912,4
913,6
914,1
915,0
916,3
917,5
918,3
919,2
920,0
921,1
922,2
923,2
924,3
925,3
926,2
927,3
928,2
929,3
930,0
931,1
932,3
933,2
934,4
935,2
936,2
937,1
938,2
939,4
940,3
941,1
942,3
943,4
944,4
945,1
946,1
947,1
948,3
949,1
950,4
951,2
952,3
953,2
954,3
955,0
956,2
957,2
958,1
959,3
960,0
961,6
962,2
963,4
964,1
965,2
966,3
967,2
968,6
969,4
970,2
971,1
972,3
973,2
974,2
975,2
976,0
977,1
978,1
979,0
980,2
981,2
982,2
983,6
984,0
985,3
986,4
987,1
988,1
989,1
990,3
991,2
992,1
993,3
994,2
995,1
996,0
997,4
998,3
999,1
1000,1
1001,0
1002,1
1003,4
1004,4
1005,0
1006,3
1007,2
1008,1
1009,1
1010,1
1011,1
1012,2
1013,1
1014,0
1015,2
1016,1
1017,3
1018,2
1019,1
1020,2
1021,3
1022,3
1023,2
1024,2
1025,0
1026,0
1027,1
1028,0
1029,1
1030,4
1031,2
1032,4
1033,3
1034,1
1035,2
1036,2
1037,0
1038,1
1039,1
1040,3
1041,3
1042,3
1043,0
1044,1
1045,4
1046,1
1047,4
1048,3
1049,3
1050,1
1051,4
1052,7
1053,1
1054,1
1055,1
1056,0
1057,3
1058,4
1059,1
1060,3
1061,4
1062,3
1063,5
1064,3
1065,1
1066,2
1067,3
1068,1
1069,3
1070,2
1071,2
1072,1
1073,2
1074,1
1075,4
1076,1
1077,0
1078,4
1079,5
1080,3
1081,2
1082,3
1083,0
1084,3
1085,2
1086,3
1087,2
1088,1
1089,3
1090,1
1091,2
1092,0
1093,0
1094,2
1095,2
1096,2
1097,1
1098,2
1099,6
1100,5
1101,1
1102,3
1103,4
1104,0
1105,1
1106,2
1107,1
1108,7
1109,1
1110,2
1111,1
1112,3
1113,1
1114,2
1115,6
1116,1
1117,4
1118,7
1119,1
1120,2
1121,0
1122,3
1123,5
1124,6
1125,4
1126,5
1127,3
1128,2
1129,0
1130,0
1131,1
1132,1
1133,6
1134,1
1135,1
1136,2
1137,1
1138,2
1139,2
1140,1
1141,4
1142,1
1143,2
1144,2
1145,3
1146,1
1147,1
1148,2
1149,1
1150,3
1151,4
1152,3
1153,3
1154,3
1155,0
1156,4
1157,1
1158,2
1159,4
1160,2
1161,3
1162,2
1163,1
1164,3
1165,2
1166,0
1167,0
1168,4
1169,5
1170,1
1171,3
1172,1
1173,2
1174,1
1175,2
1176,3
1177,5
1178,1
1179,4
1180,2
1181,1
1182,1
1183,2
1184,1
1185,2
1186,2
1187,4
1188,2
1189,4
1190,5
1191,1
1192,4
1193,4
1194,0
1195,2
1196,1
1197,1
1198,4
1199,4
1200,3
1201,4
1202,2
1203,3
1204,3
1205,4
1206,0
1207,0
1208,0
1209,0
1210,2
1211,1
1212,4
1213,0
1214,1
1215,1
1216,2
1217,3
1218,3
1219,2
1220,0
1221,2
1222,2
1223,3
1224,4
1225,0
1226,1
1227,3
1228,2
1229,1
1230,4
1231,3
1232,4
1233,2
1234,2
1235,2
1236,3
1237,1
1238,4
1239,2
1240,3
1241,4
1242,5
1243,0
1244,1
1245,3
1246,3
1247,3
1248,2
1249,1
1250,1
1251,1
1252,3
1253,4
1254,4
1255,2
1256,1
1257,3
1258,2
1259,2
1260,1
1261,2
1262,3
1263,2
1264,3
1265,2
1266,3
1267,2
1268,0
1269,2
1270,4
1271,0
1272,1
1273,5
1274,1
1275,1
1276,2
1277,1
1278,1
1279,2
1280,2
1281,3
1282,1
1283,1
1284,3
1285,1
1286,2
1287,1
1288,6
1289,5
1290,1
1291,2
1292,3
1293,0
1294,0
1295,1
1296,3
1297,2
1298,3
1299,3
1300,3
1301,0
1302,2
1303,3
1304,4
1305,2
1306,2
1307,0
1308,0
1309,1
1310,3
1311,6
1312,6
1313,2
1314,3
1315,2
1316,2
1317,3
1318,2
1319,3
1320,3
1321,5
1322,4
1323,4
1324,2
1325,2
1326,3
1327,0
1328,2
1329,1
1330,0
1331,1
1332,3
1333,1
1334,4
1335,3
1336,3
1337,4
1338,2
1339,3
1340,3
1341,4
1342,2
1343,4
1344,3
1345,1
1346,7
1347,2
1348,2
1349,0
1350,3
1351,4
1352,4
1353,3
1354,4
1355,0
1356,4
1357,0
1358,1
1359,1
1360,4
1361,1
1362,1
1363,3
1364,2
1365,3
1366,4
1367,3
1368,0
1369,3
1370,0
1371,4
1372,1
1373,1
1374,2
1375,4
1376,1
1377,4
1378,5
1379,4
1380,1
1381,1
1382,0
1383,1
1384,5
1385,1
1386,3
1387,3
1388,3
1389,3
1390,2
1391,0
1392,4
1393,1
1394,1
1395,2
1396,2
1397,3
1398,3
1399,1
1400,3
1401,4
1402,3
1403,1
1404,2
1405,2
1406,2
1407,2
1408,6
1409,5
1410,2
1411,0
1412,1
1413,1
1414,3
1415,2
1416,2
1417,1
1418,4
1419,5
1420,4
1421,2
1422,1
1423,1
1424,0
1425,4
1426,2
1427,1
1428,0
1429,5
1430,4
1431,6
1432,2
1433,1
1434,2
1435,5
1436,1
1437,2
1438,0
1439,3
1440,4
1441,2
1442,3
1443,0
1444,2
1445,3
1446,3
1447,4
1448,1
1449,2
1450,2
1451,1
1452,3
1453,6
1454,2
1455,1
1456,3
1457,1
1458,2
1459,1
1460,0
1461,3
1462,0
1463,2
1464,4
1465,2
1466,4
1467,2
1468,1
1469,1
1470,3
1471,1
1472,1
1473,1
1474,3
1475,3
1476,5
1477,1
1478,4
1479,3
1480,2
1481,3
1482,1
1483,2
1484,3
1485,2
1486,1
1487,4
1488,2
1489,3
1490,3
1491,5
1492,2
1493,1
1494,6
1495,3
1496,1
1497,0
1498,6
1499,2
1500,3
1501,6
1502,2
1503,1
1504,1
1505,4
1506,2
1507,0
1508,2
1509,3
1510,1
1511,3
1512,3
1513,2
1514,3
1515,1
1516,2
1517,1
1518,5
1519,1
1520,3
1521,1
1522,3
1523,1
1524,0
1525,0
1526,3
1527,8
1528,2
1529,2
1530,1
1531,3
1532,1
1533,2
1534,3
1535,2
1536,3
1537,1
1538,2
1539,4
1540,2
1541,1
1542,0
1543,2
1544,1
1545,1
1546,1
1547,2
1548,1
1549,3
1550,0
1551,2
1552,3
1553,3
1554,1
1555,2
1556,3
1557,2
1558,2
1559,5
1560,2
1561,3
1562,2
1563,1
1564,1
1565,2
1566,3
1567,3
1568,2
1569,2
1570,0
1571,2
1572,5
1573,3
1574,2
1575,1
1576,3
1577,1
1578,2
1579,0
1580,3
1581,1
1582,1
1583,2
1584,1
1585,1
1586,7
1587,3
1588,1
1589,3
1590,2
1591,1
1592,4
1593,3
1594,0
1595,2
1596,2
1597,3
1598,2
1599,1
1600,2
1601,2
1602,3
1603,6
1604,5
1605,2
1606,3
1607,2
1608,2
1609,1
1610,2
1611,1
1612,3
1613,1
1614,5
1615,1
1616,4
1617,1
1618,3
1619,1
1620,2
1621,3
1622,2
1623,1
1624,3
1625,1
1626,2
1627,2
1628,0
1629,3
1630,2
1631,0
1632,4
1633,3
1634,1
1635,3
1636,3
1637,1
1638,1
1639,4
1640,4
1641,0
1642,3
1643,2
1644,3
1645,2
1646,3
1647,5
1648,4
1649,0
1650,1
1651,0
1652,1
1653,4
1654,1
1655,2
1656,3
1657,3
1658,4
1659,4
1660,1
1661,2
1662,2
1663,2
1664,1
1665,2
1666,3
1667,4
1668,1
1669,3
1670,4
1671,1
1672,3
1673,4
1674,1
1675,1
1676,0
1677,4
1678,4
1679,2
1680,3
1681,3
1682,1
1683,2
1684,2
1685,2
1686,1
1687,3
1688,2
1689,2
1690,1
1691,4
1692,3
1693,4
1694,2
1695,1
1696,0
1697,3
1698,5
1699,1
1700,3
1701,2
1702,2
1703,1
1704,0
1705,2
1706,1
1707,3
1708,3
1709,2
1710,2
1711,0
1712,0
1713,1
1714,5
1715,1
1716,3
1717,2
1718,2
1719,0
1720,3
1721,4
1722,0
1723,3
1724,4
1725,2
1726,2
1727,1
1728,1
1729,0
1730,1
1731,3
1732,3
1733,2
1734,4
1735,1
1736,4
1737,3
1738,6
1739,4
1740,1
1741,1
1742,5
1743,4
1744,4
1745,1
1746,3
1747,1
1748,3
1749,3
1750,5
1751,1
1752,1
1753,3
1754,0
1755,1
1756,4
1757,5
1758,5
1759,2
1760,1
1761,0
1762,2
1763,2
1764,0
1765,2
1766,2
1767,7
1768,6
1769,4
1770,0
1771,0
1772,3
1773,5
1774,2
1775,3
1776,1
1777,1
1778,1
1779,4
1780,5
1781,2
1782,3
1783,0
1784,3
1785,5
1786,4
1787,2
1788,1
1789,2
1790,2
1791,3
1792,0
1793,3
1794,1
1795,4
1796,3
1797,2
1798,1
1799,4
1800,3
1801,4
1802,1
1803,4
1804,3
1805,1
1806,1
1807,1
1808,0
1809,1
1810,3
1811,1
1812,3
1813,2
1814,3
1815,2
1816,3
1817,1
1818,1
1819,1
1820,4
1821,2
1822,1
1823,2
1824,2
1825,4
1826,2
1827,4
1828,2
1829,1
1830,1
1831,4
1832,1
1833,0
1834,4
1835,0
1836,4
1837,1
1838,1
1839,0
1840,3
1841,1
1842,4
1843,3
1844,0
1845,4
1846,2
1847,1
1848,7
1849,1
1850,3
1851,4
1852,2
1853,3
1854,1
1855,1
1856,2
1857,2
1858,0
1859,2
1860,1
1861,1
1862,4
1863,2
1864,3
1865,6
1866,2
1867,1
1868,1
1869,5
1870,1
1871,2
1872,3
1873,3
1874,5
1875,2
1876,0
1877,1
1878,4
1879,4
1880,2
1881,4
1882,5
1883,0
1884,4
1885,1
1886,2
1887,3
1888,0
1889,0
1890,0
1891,1
1892,1
1893,2
1894,3
1895,3
1896,1
1897,1
1898,2
1899,3
1900,1
1901,2
1902,4
1903,4
1904,2
1905,2
1906,5
1907,2
1908,3
1909,3
1910,1
1911,1
1912,4
1913,4
1914,3
1915,3
1916,4
1917,2
1918,1
1919,2
1920,4
1921,2
1922,1
1923,4
1924,3
1925,4
1926,2
1927,3
1928,1
1929,1
1930,1
1931,5
1932,2
1933,2
1934,2
1935,4
1936,2
1937,7
1938,2
1939,2
1940,6
1941,1
1942,7
1943,0
1944,0
1945,3
1946,3
1947,2
1948,1
1949,4
1950,0
1951,0
1952,0
1953,1
1954,3
1955,3
1956,1
1957,1
1958,4
