0,2
1,2
2,1
3,2
4,6
5,1
6,3
7,4
8,1
9,3
10,0
11,1
12,3
13,5
14,3
15,0
16,4
17,2
18,5
19,1
20,3
21,1
22,2
23,1
24,3
25,2
26,1
27,1
28,3
29,1
30,2
31,4
32,1
33,3
34,1
35,0
36,4
37,0
38,4
39,1
40,2
41,2
42,1
43,1
44,4
45,1
46,1
47,2
48,1
49,2
50,1
51,3
52,1
53,0
54,4
55,2
56,0
57,1
58,1
59,1
60,3
61,7
62,3
63,4
64,2
65,1
66,3
67,1
68,2
69,1
70,1
71,1
72,0
73,3
74,1
75,2
76,1
77,1
78,0
79,5
80,0
81,2
82,0
83,1
84,2
85,0
86,1
87,3
88,5
89,2
90,3
91,1
92,1
93,0
94,2
95,3
96,3
97,1
98,0
99,0
100,3
101,0
102,1
103,1
104,1
105,2
106,2
107,3
108,3
109,1
110,5
111,0
112,0
113,1
114,0
115,1
116,2
117,0
118,0
119,1
120,1
121,0
122,3
123,0
124,2
125,1
126,0
127,3
128,1
129,4
130,1
131,0
132,0
133,2
134,1
135,1
136,2
137,1
138,2
139,4
140,3
141,2
142,2
143,4
144,1
145,0
146,3
147,2
148,3
149,1
150,1
151,1
152,2
153,0
154,1
155,1
156,3
157,3
158,0
159,3
160,1
161,1
162,1
163,1
164,1
165,2
166,1
167,0
168,2
169,0
170,4
171,0
172,3
173,3
174,1
175,2
176,3
177,6
178,2
179,2
180,4
181,3
182,1
183,2
184,2
185,2
186,2
187,1
188,3
189,2
190,3
191,3
192,2
193,3
194,4
195,1
196,2
197,2
198,2
199,0
200,3
201,3
202,3
203,2
204,4
205,2
206,4
207,1
208,6
209,2
210,2
211,1
212,4
213,3
214,2
215,3
216,2
217,2
218,4
219,4
220,4
221,1
222,2
223,1
224,3
225,1
226,2
227,4
228,4
229,1
230,3
231,1
232,3
233,3
234,0
235,2
236,4
237,2
238,1
239,2
240,4
241,1
242,3
243,0
244,2
245,2
246,3
247,2
248,1
249,1
250,1
251,3
252,5
253,1
254,3
255,2
256,1
257,0
258,5
259,1
260,5
261,0
262,1
263,1
264,2
265,3
266,1
267,5
268,1
269,4
270,2
271,3
272,1
273,1
274,1
275,1
276,0
277,1
278,2
279,1
280,1
281,2
282,1
283,1
284,1
285,2
286,5
287,4
288,5
289,3
290,4
291,2
292,1
293,1
294,2
295,5
296,2
297,1
298,5
299,2
300,3
301,2
302,1
303,2
304,4
305,0
306,4
307,5
308,2
309,2
310,1
311,6
312,2
313,4
314,2
315,2
316,2
317,1
318,4
319,1
320,2
321,1
322,4
323,1
324,6
325,0
326,0
327,0
328,3
329,5
330,2
331,1
332,2
333,1
334,3
335,0
336,1
337,3
338,5
339,4
340,3
341,2
342,2
343,5
344,4
345,1
346,1
347,3
348,2
349,1
350,1
351,1
352,2
353,6
354,1
355,5
356,1
357,1
358,1
359,1
360,1
361,1
362,1
363,1
364,3
365,3
366,3
367,2
368,1
369,2
370,1
371,1
372,5
373,0
374,1
375,1
376,2
377,0
378,2
379,2
380,3
381,2
382,3
383,3
384,0
385,4
386,1
387,1
388,2
389,2
390,4
391,2
392,0
393,0
394,1
395,4
396,2
397,0
398,1
399,0
400,1
401,1
402,4
403,2
404,4
405,0
406,3
407,1
408,2
409,4
410,1
411,0
412,1
413,1
414,4
415,2
416,1
417,1
418,1
419,5
420,1
421,2
422,4
423,1
424,1
425,1
426,1
427,1
428,2
429,1
430,2
431,1
432,1
433,5
434,1
435,4
436,1
437,1
438,1
439,1
440,0
441,1
442,1
443,2
444,2
445,1
446,3
447,1
448,3
449,1
450,1
451,1
452,1
453,1
454,2
455,2
456,3
457,2
458,1
459,3
460,2
461,1
462,3
463,1
464,3
465,4
466,3
467,0
468,1
469,0
470,2
471,1
472,1
473,1
474,3
475,3
476,1
477,3
478,2
479,4
480,1
481,1
482,2
483,4
484,4
485,3
486,1
487,1
488,1
489,3
490,4
491,1
492,1
493,1
494,1
495,1
496,1
497,2
498,2
499,4
500,5
501,2
502,1
503,4
504,2
505,4
506,2
507,1
508,4
509,3
510,1
511,2
512,4
513,4
514,1
515,1
516,2
517,0
518,2
519,5
520,3
521,1
522,2
523,5
524,5
525,1
526,5
527,4
528,0
529,2
530,4
531,2
532,0
533,2
534,1
535,1
536,1
537,5
538,0
539,4
540,2
541,4
542,1
543,1
544,1
545,1
546,2
547,4
548,3
549,3
550,2
551,1
552,2
553,1
554,1
555,4
556,1
557,3
558,2
559,2
560,1
561,1
562,5
563,0
564,2
565,1
566,2
567,1
568,4
569,3
570,4
571,1
572,2
573,2
574,0
575,2
576,3
577,0
578,3
579,2
580,2
581,1
582,1
583,2
584,1
585,2
586,2
587,1
588,3
589,0
590,2
591,0
592,3
593,6
594,2
595,3
596,2
597,1
598,2
599,1
600,1
601,1
602,4
603,2
604,2
605,0
606,3
607,1
608,1
609,2
610,0
611,1
612,0
613,1
614,5
615,1
616,1
617,1
618,1
619,2
620,2
621,0
622,2
623,0
624,0
625,1
626,1
627,0
628,3
629,2
630,4
631,0
632,0
633,1
634,1
635,1
636,2
637,2
638,4
639,1
640,3
641,2
642,2
643,1
644,1
645,1
646,1
647,2
648,6
649,0
650,3
651,1
652,2
653,2
654,1
655,2
656,1
657,0
658,4
659,4
660,2
661,1
662,2
663,3
664,3
665,1
666,1
667,2
668,1
669,1
670,3
671,3
672,0
673,2
674,0
675,1
676,2
677,1
678,2
679,1
680,1
681,2
682,0
683,1
684,1
685,1
686,0
687,3
688,1
689,0
690,2
691,2
692,0
693,2
694,4
695,4
696,0
697,0
698,0
699,1
700,0
701,1
702,1
703,0
704,2
705,2
706,3
707,5
708,0
709,6
710,3
711,1
712,1
713,2
714,1
715,4
716,0
717,0
718,1
719,2
720,0
721,3
722,1
723,5
724,3
725,2
726,0
727,3
728,1
729,1
730,1
731,1
732,1
733,0
734,4
735,1
736,1
737,2
738,1
739,1
740,0
741,1
742,3
743,0
744,1
745,1
746,1
747,0
748,4
749,3
750,1
751,4
752,2
753,1
754,2
755,1
756,6
757,2
758,2
759,2
760,0
761,2
762,4
763,1
764,4
765,3
766,3
767,1
768,1
769,1
770,3
771,2
772,1
773,1
774,3
775,3
776,2
777,0
778,4
779,4
780,4
781,1
782,1
783,1
784,1
785,5
786,1
787,4
788,1
789,0
790,2
791,2
792,0
793,2
794,1
795,2
796,2
797,1
798,1
799,1
800,2
801,3
802,1
803,2
804,2
805,2
806,1
807,1
808,3
809,4
810,2
811,1
812,1
813,3
814,1
815,1
816,5
817,3
818,3
819,2
820,1
821,1
822,2
823,3
824,6
825,4
826,1
827,0
828,3
829,1
830,2
831,2
832,4
833,1
834,3
835,1
836,1
837,4
838,1
839,4
840,1
841,2
842,4
843,3
844,4
845,4
846,1
847,1
848,0
849,1
850,2
851,4
852,1
853,1
854,4
855,3
856,4
857,1
858,3
859,1
860,0
861,1
862,1
863,2
864,1
865,1
866,1
867,1
868,2
869,1
870,3
871,1
872,1
873,1
874,1
875,1
876,2
877,2
878,1
879,2
880,1
881,2
882,2
883,2
884,2
885,3
886,0
887,2
888,0
889,2
890,1
891,4
892,2
893,4
894,4
895,3
896,0
897,4
898,1
899,2
900,1
901,3
902,1
903,1
904,7
905,3
906,2
907,3
908,5
909,3
910,1
911,1
912,3
913,5
914,1
915,1
916,3
917,2
918,1
919,3
920,0
921,2
922,1
923,2
924,1
925,5
926,1
927,6
928,3
929,3
930,1
931,3
932,2
933,1
934,3
935,2
936,1
937,0
938,1
939,3
940,3
941,1
942,5
943,3
944,1
945,2
946,2
947,1
948,0
949,1
950,2
951,0
952,3
953,1
954,0
955,0
956,0
957,2
958,1
959,3
960,1
961,1
962,2
963,2
964,1
965,1
966,2
967,2
968,4
969,3
970,2
971,1
972,2
973,2
974,1
975,3
976,0
977,1
978,1
979,0
980,1
981,2
982,0
983,2
984,0
985,1
986,2
987,1
988,1
989,1
990,5
991,1
992,2
993,2
994,1
995,2
996,0
997,2
998,4
999,0
1000,2
1001,1
1002,1
1003,3
1004,3
1005,2
1006,3
1007,2
1008,2
1009,0
1010,1
1011,1
1012,3
1013,1
1014,2
1015,2
1016,2
1017,3
1018,1
1019,1
1020,2
1021,4
1022,4
1023,2
1024,2
1025,0
1026,1
1027,1
1028,1
1029,1
1030,1
1031,3
1032,2
1033,2
1034,1
1035,2
1036,2
1037,0
1038,2
1039,1
1040,1
1041,4
1042,3
1043,0
1044,1
1045,3
1046,1
1047,2
1048,3
1049,4
1050,4
1051,3
1052,4
1053,2
1054,0
1055,2
1056,0
1057,3
1058,2
1059,1
1060,3
1061,3
1062,2
1063,3
1064,3
1065,1
1066,2
1067,2
1068,1
1069,2
1070,2
1071,2
1072,1
1073,2
1074,1
1075,2
1076,2
1077,0
1078,5
1079,2
1080,3
1081,1
1082,4
1083,1
1084,4
1085,1
1086,2
1087,1
1088,2
1089,2
1090,1
1091,2
1092,1
1093,1
1094,2
1095,2
1096,1
1097,0
1098,1
1099,5
1100,4
1101,2
1102,3
1103,3
1104,3
1105,4
1106,4
1107,1
1108,3
1109,1
1110,2
1111,1
1112,3
1113,3
1114,2
1115,4
1116,1
1117,4
1118,3
1119,1
1120,2
1121,1
1122,4
1123,2
1124,2
1125,3
1126,3
1127,3
1128,2
1129,0
1130,0
1131,0
1132,1
1133,4
1134,0
1135,1
1136,0
1137,1
1138,1
1139,1
1140,1
1141,5
1142,3
1143,2
1144,1
1145,3
1146,1
1147,1
1148,1
1149,1
1150,1
1151,1
1152,3
1153,3
1154,1
1155,0
1156,5
1157,3
1158,1
1159,2
1160,3
1161,2
1162,2
1163,1
1164,2
1165,2
1166,0
1167,0
1168,4
1169,4
1170,1
1171,2
1172,1
1173,1
1174,2
1175,1
1176,1
1177,3
1178,0
1179,2
1180,1
1181,1
1182,3
1183,3
1184,1
1185,3
1186,1
1187,1
1188,0
1189,0
1190,5
1191,1
1192,3
1193,3
1194,1
1195,2
1196,1
1197,1
1198,3
1199,1
1200,2
1201,1
1202,2
1203,3
1204,4
1205,1
1206,0
1207,0
1208,0
1209,0
1210,1
1211,1
1212,4
1213,1
1214,0
1215,1
1216,1
1217,3
1218,0
1219,0
1220,0
1221,0
1222,1
1223,0
1224,1
1225,0
1226,1
1227,0
1228,1
1229,1
1230,6
1231,0
1232,2
1233,2
1234,1
1235,4
1236,2
1237,1
1238,3
1239,2
1240,0
1241,1
1242,4
1243,1
1244,3
1245,2
1246,2
1247,4
1248,1
1249,1
1250,1
1251,1
1252,2
1253,4
1254,0
1255,3
1256,1
1257,1
1258,1
1259,1
1260,3
1261,2
1262,2
1263,2
1264,5
1265,3
1266,3
1267,2
1268,1
1269,1
1270,3
1271,1
1272,1
1273,2
1274,1
1275,1
1276,1
1277,2
1278,2
1279,2
1280,3
1281,4
1282,1
1283,1
1284,2
1285,1
1286,3
1287,2
1288,5
1289,2
1290,1
1291,1
1292,4
1293,1
1294,1
1295,2
1296,1
1297,2
1298,1
1299,2
1300,2
1301,0
1302,2
1303,2
1304,4
1305,1
1306,2
1307,1
1308,2
1309,1
1310,3
1311,6
1312,3
1313,3
1314,7
1315,4
1316,2
1317,3
1318,1
1319,4
1320,3
1321,3
1322,3
1323,4
1324,3
1325,4
1326,4
1327,0
1328,1
1329,1
1330,1
1331,2
1332,3
1333,3
1334,2
1335,1
1336,2
1337,4
1338,1
1339,3
1340,4
1341,3
1342,3
1343,2
1344,4
1345,1
1346,5
1347,1
1348,2
1349,0
1350,1
1351,3
1352,2
1353,2
1354,3
1355,0
1356,5
1357,2
1358,1
1359,2
1360,3
1361,2
1362,1
1363,1
1364,1
1365,4
1366,3
1367,3
1368,1
1369,2
1370,0
1371,3
1372,4
1373,1
1374,2
1375,4
1376,3
1377,2
1378,3
1379,3
1380,1
1381,0
1382,0
1383,1
1384,6
1385,1
1386,2
1387,2
1388,1
1389,5
1390,2
1391,0
1392,3
1393,1
1394,2
1395,1
1396,2
1397,2
1398,3
1399,1
1400,4
1401,4
1402,3
1403,2
1404,2
1405,3
1406,4
1407,2
1408,4
1409,4
1410,2
1411,0
1412,1
1413,1
1414,4
1415,1
1416,3
1417,2
1418,1
1419,0
1420,1
1421,1
1422,4
1423,1
1424,0
1425,1
1426,2
1427,1
1428,0
1429,1
1430,4
1431,2
1432,1
1433,1
1434,2
1435,4
1436,3
1437,2
1438,1
1439,4
1440,3
1441,2
1442,2
1443,1
1444,1
1445,4
1446,4
1447,3
1448,0
1449,3
1450,1
1451,2
1452,1
1453,2
1454,3
1455,1
1456,1
1457,2
1458,2
1459,1
1460,0
1461,3
1462,0
1463,2
1464,5
1465,4
1466,3
1467,2
1468,2
1469,2
1470,2
1471,0
1472,1
1473,2
1474,3
1475,1
1476,4
1477,1
1478,3
1479,1
1480,3
1481,3
1482,1
1483,3
1484,3
1485,1
1486,1
1487,2
1488,1
1489,1
1490,2
1491,3
1492,3
1493,1
1494,3
1495,2
1496,3
1497,0
1498,4
1499,5
1500,3
1501,5
1502,2
1503,1
1504,1
1505,2
1506,2
1507,3
1508,1
1509,3
1510,1
1511,2
1512,2
1513,3
1514,2
1515,2
1516,2
1517,2
1518,4
1519,1
1520,3
1521,3
1522,4
1523,2
1524,0
1525,1
1526,4
1527,3
1528,2
1529,2
1530,2
1531,3
1532,3
1533,2
1534,1
1535,2
1536,3
1537,1
1538,1
1539,3
1540,2
1541,2
1542,2
1543,1
1544,1
1545,1
1546,1
1547,1
1548,1
1549,1
1550,0
1551,2
1552,2
1553,4
1554,1
1555,2
1556,3
1557,3
1558,5
1559,2
1560,1
1561,3
1562,2
1563,1
1564,1
1565,1
1566,3
1567,3
1568,3
1569,2
1570,0
1571,1
1572,2
1573,1
1574,3
1575,1
1576,0
1577,1
1578,1
1579,2
1580,2
1581,1
1582,2
1583,1
1584,1
1585,1
1586,3
1587,4
1588,1
1589,5
1590,1
1591,1
1592,4
1593,3
1594,1
1595,2
1596,0
1597,2
1598,2
1599,1
1600,2
1601,0
1602,2
1603,3
1604,3
1605,5
1606,1
1607,2
1608,1
1609,1
1610,1
1611,1
1612,2
1613,0
1614,1
1615,1
1616,6
1617,3
1618,4
1619,4
1620,1
1621,6
1622,0
1623,1
1624,5
1625,1
1626,3
1627,4
1628,0
1629,2
1630,0
1631,0
1632,1
1633,2
1634,1
1635,1
1636,3
1637,1
1638,0
1639,4
1640,2
1641,1
1642,0
1643,4
1644,2
1645,2
1646,3
1647,0
1648,2
1649,1
1650,1
1651,0
1652,1
1653,1
1654,1
1655,1
1656,2
1657,2
1658,4
1659,2
1660,2
1661,2
1662,1
1663,2
1664,1
1665,1
1666,2
1667,2
1668,2
1669,3
1670,0
1671,3
1672,3
1673,2
1674,1
1675,1
1676,0
1677,4
1678,4
1679,1
1680,1
1681,2
1682,0
1683,2
1684,0
1685,1
1686,2
1687,2
1688,3
1689,0
1690,1
1691,3
1692,4
1693,3
1694,2
1695,1
1696,0
1697,0
1698,3
1699,1
1700,3
1701,2
1702,1
1703,1
1704,1
1705,1
1706,2
1707,3
1708,4
1709,2
1710,3
1711,2
1712,2
1713,4
1714,5
1715,1
1716,4
1717,3
1718,3
1719,1
1720,5
1721,3
1722,1
1723,2
1724,1
1725,1
1726,1
1727,1
1728,1
1729,2
1730,2
1731,2
1732,4
1733,2
1734,5
1735,4
1736,3
1737,1
1738,3
1739,4
1740,1
1741,1
1742,3
1743,3
1744,3
1745,3
1746,2
1747,1
1748,2
1749,2
1750,3
1751,1
1752,1
1753,1
1754,0
1755,1
1756,3
1757,2
1758,2
1759,1
1760,1
1761,0
1762,2
1763,2
1764,0
1765,1
1766,2
1767,2
1768,2
1769,4
1770,1
1771,0
1772,1
1773,4
1774,2
1775,3
1776,1
1777,1
1778,0
1779,5
1780,2
1781,5
1782,1
1783,2
1784,2
1785,4
1786,4
1787,4
1788,0
1789,1
1790,3
1791,4
1792,2
1793,4
1794,1
1795,2
1796,3
1797,4
1798,2
1799,4
1800,3
1801,1
1802,2
1803,3
1804,3
1805,1
1806,1
1807,1
1808,0
1809,2
1810,2
1811,1
1812,0
1813,2
1814,2
1815,2
1816,1
1817,1
1818,2
1819,1
1820,4
1821,2
1822,1
1823,1
1824,3
1825,2
1826,2
1827,3
1828,3
1829,2
1830,2
1831,3
1832,1
1833,1
1834,5
1835,0
1836,1
1837,1
1838,1
1839,1
1840,1
1841,1
1842,1
1843,2
1844,0
1845,2
1846,1
1847,1
1848,5
1849,2
1850,2
1851,2
1852,0
1853,1
1854,1
1855,2
1856,1
1857,1
1858,0
1859,2
1860,1
1861,3
1862,3
1863,0
1864,2
1865,6
1866,1
1867,2
1868,0
1869,3
1870,1
1871,0
1872,3
1873,1
1874,3
1875,1
1876,2
1877,2
1878,1
1879,2
1880,4
1881,5
1882,4
1883,1
1884,1
1885,2
1886,2
1887,1
1888,0
1889,0
1890,0
1891,1
1892,1
1893,1
1894,2
1895,2
1896,1
1897,1
1898,3
1899,3
1900,1
1901,1
1902,3
1903,3
1904,1
1905,2
1906,3
1907,3
1908,4
1909,7
1910,2
1911,2
1912,4
1913,3
1914,2
1915,3
1916,2
1917,3
1918,1
1919,1
1920,2
1921,3
1922,2
1923,6
1924,3
1925,4
1926,1
1927,5
1928,2
1929,2
1930,1
1931,3
1932,1
1933,2
1934,0
1935,2
1936,2
1937,2
1938,1
1939,1
1940,2
1941,2
1942,6
1943,1
1944,2
1945,1
1946,1
1947,2
1948,2
1949,2
1950,0
1951,2
1952,0
1953,1
1954,3
1955,2
1956,0
1957,6
1958,2
