0,5
1,2
2,3
3,1
4,2
5,2
6,3
7,1
8,2
9,3
10,3
11,2
12,2
13,6
14,1
15,1
16,5
17,6
18,3
19,5
20,4
21,4
22,2
23,2
24,2
25,5
26,2
27,4
28,7
29,7
30,4
31,3
32,4
33,4
34,5
35,3
36,2
37,2
38,4
39,2
40,1
41,2
42,8
43,4
44,1
45,2
46,3
47,2
48,1
49,5
50,2
51,4
52,1
53,4
54,5
55,4
56,1
57,4
58,7
59,3
60,3
61,1
62,2
63,2
64,4
65,3
66,4
67,6
68,4
69,1
70,2
71,9
72,2
73,4
74,3
75,2
76,4
77,4
78,2
79,5
80,2
81,3
82,3
83,5
84,2
85,1
86,3
87,4
88,3
89,1
90,9
91,2
92,2
93,4
94,1
95,3
96,2
97,2
98,3
99,1
100,2
101,3
102,3
103,3
104,4
105,5
106,3
107,2
108,2
109,1
110,3
111,5
112,6
113,2
114,4
115,4
116,3
117,2
118,2
119,4
120,3
121,1
122,1
123,5
124,2
125,2
126,3
127,1
128,2
129,3
130,4
131,2
132,2
133,3
134,3
135,2
136,3
137,2
138,3
139,3
140,4
141,2
142,3
143,7
144,2
145,1
146,2
147,3
148,1
149,3
150,3
151,2
152,1
153,2
154,1
155,2
156,3
157,3
158,5
159,2
160,6
161,2
162,5
163,1
164,3
165,4
166,6
167,3
168,4
169,2
170,4
171,2
172,3
173,4
174,1
175,2
176,3
177,3
178,5
179,1
180,5
181,4
182,3
183,2
184,3
185,1
186,5
187,3
188,4
189,6
190,2
191,3
192,2
193,5
194,7
195,2
196,2
197,1
198,5
199,4
200,2
201,3
202,6
203,6
204,2
205,3
206,4
207,4
208,2
209,2
210,6
211,3
212,4
213,3
214,1
215,4
216,3
217,5
218,1
219,1
220,1
221,2
222,1
223,5
224,1
225,2
226,3
227,1
228,5
229,2
230,4
231,3
232,6
233,2
234,1
235,1
236,4
237,5
238,2
239,5
240,5
241,1
242,6
243,1
244,5
245,2
246,5
247,3
248,4
249,1
250,1
251,3
252,4
253,1
254,3
255,2
256,3
257,2
258,1
259,3
260,2
261,3
262,3
263,3
264,2
265,1
266,1
267,3
268,1
269,1
270,5
271,4
272,4
273,1
274,4
275,2
276,3
277,3
278,1
279,4
280,2
281,5
282,3
283,6
284,2
285,1
286,5
287,3
288,3
289,3
290,3
291,3
292,6
293,4
294,2
295,9
296,4
297,2
298,2
299,2
300,2
301,1
302,3
303,6
304,2
305,2
306,4
307,1
308,2
309,2
310,3
311,1
312,4
313,2
314,3
315,3
316,6
317,2
318,3
319,5
320,3
321,1
322,4
323,4
324,3
325,4
326,1
327,1
328,4
329,9
330,4
331,1
332,2
333,1
334,5
335,2
336,3
337,2
338,4
339,2
340,2
341,3
342,4
343,2
344,3
345,3
346,3
347,2
348,1
349,2
350,4
351,2
352,1
353,3
354,4
355,3
356,3
357,1
358,2
359,3
360,4
361,1
362,2
363,3
364,2
365,5
366,2
367,3
368,1
369,2
370,1
371,4
372,1
373,1
374,3
375,2
376,6
377,4
378,3
379,1
380,3
381,5
382,5
383,4
384,4
385,3
386,3
387,4
388,1
389,2
390,3
391,4
392,2
393,2
394,2
395,4
396,4
397,3
398,3
399,3
400,3
401,2
402,2
403,4
404,6
405,1
406,3
407,2
408,1
409,1
410,2
411,3
412,4
413,2
414,1
415,2
416,2
417,3
418,2
419,1
420,2
421,4
422,6
423,3
424,3
425,6
426,3
427,1
428,3
429,5
430,2
431,4
432,3
433,2
434,3
435,1
436,2
437,4
438,1
439,6
440,2
441,4
442,9
443,2
444,4
445,2
446,2
447,3
448,2
449,2
450,1
451,2
452,3
453,2
454,4
455,6
456,6
457,3
458,8
459,3
460,2
461,2
462,1
463,4
464,1
465,3
466,5
467,1
468,4
469,4
470,4
471,6
472,4
473,6
474,2
475,5
476,7
477,5
478,2
479,4
480,2
481,1
482,3
483,2
484,4
485,2
486,2
487,5
488,4
489,2
490,1
491,4
492,2
493,2
494,5
495,3
496,5
497,5
498,3
499,4
500,3
501,5
502,2
503,4
504,2
505,5
506,4
507,8
508,4
509,1
510,2
511,4
512,6
513,3
514,6
515,1
516,2
517,3
518,3
519,4
520,4
521,1
522,2
523,4
524,3
525,1
526,2
527,4
528,1
529,5
530,2
531,4
532,2
533,3
534,3
535,1
536,3
537,4
538,3
539,2
540,2
541,6
542,2
543,1
544,4
545,1
546,3
547,5
548,1
549,4
550,1
551,2
552,2
553,3
554,2
555,6
556,2
557,2
558,3
559,2
560,3
561,1
562,1
563,2
564,4
565,2
566,4
567,3
568,3
569,3
570,3
571,3
572,2
573,3
574,2
575,8
576,4
577,4
578,4
579,1
580,1
581,4
582,1
583,5
584,3
585,2
586,3
587,4
588,5
589,4
590,3
591,2
592,2
593,1
594,3
595,4
596,2
597,5
598,2
599,2
600,2
601,2
602,3
603,1
604,2
605,4
606,5
607,2
608,1
609,2
610,5
611,4
612,1
613,4
614,3
615,3
616,3
617,4
618,2
619,1
620,3
621,1
622,1
623,1
624,5
625,3
626,4
627,3
628,5
629,2
630,1
631,3
632,2
633,6
634,3
635,2
636,6
637,2
638,2
639,1
640,3
641,2
642,4
643,4
644,6
645,5
646,4
647,3
648,7
649,4
650,3
651,3
652,6
653,2
654,4
655,4
656,2
657,4
658,4
659,4
660,3
661,2
662,2
663,2
664,1
665,5
666,1
667,5
668,1
669,1
670,1
671,3
672,4
673,3
674,5
675,2
676,1
677,3
678,3
679,3
680,4
681,2
682,2
683,2
684,2
685,2
686,4
687,3
688,2
689,1
690,2
691,3
692,2
693,5
694,5
695,1
696,2
697,2
698,7
699,2
700,2
701,1
702,2
703,2
704,2
705,4
706,4
707,2
708,2
709,2
710,5
711,1
712,5
713,3
714,3
715,6
716,2
717,2
718,2
719,1
720,3
721,3
722,2
723,3
724,7
725,3
726,6
727,3
728,5
729,5
730,3
731,4
732,1
733,2
734,4
735,4
736,1
737,3
738,2
739,2
740,1
741,3
742,3
743,2
744,3
745,3
746,2
747,1
748,2
749,2
750,1
751,4
752,6
753,6
754,4
755,2
756,3
757,3
758,1
759,4
760,3
761,1
762,3
763,1
764,4
765,2
766,6
767,4
768,1
769,1
770,6
771,2
772,9
773,2
774,4
775,6
776,1
777,2
778,3
779,4
780,4
781,1
782,3
783,3
784,2
785,2
786,2
787,6
788,4
789,1
790,2
791,1
792,3
793,7
794,1
795,3
796,3
797,1
798,1
799,4
800,2
801,5
802,5
803,3
804,3
805,1
806,2
807,5
808,1
809,2
810,6
811,4
812,2
813,2
814,4
815,4
816,7
817,1
818,3
819,8
820,1
821,2
822,1
823,5
824,6
825,3
826,2
827,5
828,3
829,1
830,1
831,3
832,3
833,1
834,7
835,3
836,2
837,6
838,6
839,1
840,1
841,1
842,3
843,3
844,3
845,3
846,5
847,2
848,2
849,2
850,3
851,9
852,1
853,4
854,2
855,1
856,5
857,3
858,1
859,4
860,4
861,6
862,3
863,8
864,6
865,3
866,2
867,3
868,3
869,3
870,4
871,9
872,4
873,2
874,3
875,4
876,4
877,5
878,3
879,2
880,3
881,5
882,4
883,3
884,2
885,4
886,2
887,1
888,1
889,2
890,3
891,9
892,4
893,3
894,3
895,2
896,1
897,4
898,2
899,1
900,6
901,3
902,4
903,4
904,3
905,3
906,4
907,3
908,6
909,2
910,3
911,7
912,2
913,1
914,4
915,1
916,2
917,2
918,3
919,5
920,2
921,2
922,3
923,1
924,2
925,1
926,3
927,1
928,2
929,1
930,1
931,3
932,1
933,3
934,2
935,1
936,3
937,2
938,2
939,3
940,8
941,5
942,2
943,2
944,1
945,2
946,3
947,3
948,2
949,4
950,4
951,7
952,2
953,5
954,2
955,2
956,7
957,1
958,2
959,3
960,1
961,4
962,5
963,3
964,4
965,6
966,1
967,6
968,4
969,5
970,2
971,4
972,2
973,3
974,3
975,6
976,2
977,4
978,2
979,5
980,2
981,2
982,3
983,1
984,1
985,1
986,4
987,4
988,1
989,2
990,4
991,5
992,3
993,4
994,4
995,2
996,3
997,2
998,1
999,2
1000,3
1001,1
1002,4
1003,1
1004,6
1005,1
1006,3
1007,2
1008,7
1009,5
1010,1
1011,2
1012,1
1013,3
1014,1
1015,2
1016,3
1017,3
1018,1
1019,1
1020,3
1021,5
1022,1
1023,1
1024,2
1025,3
1026,9
1027,3
1028,1
1029,4
1030,2
1031,2
1032,3
1033,1
1034,3
1035,4
1036,5
1037,3
1038,3
1039,3
1040,1
1041,4
1042,6
1043,1
1044,3
1045,3
1046,4
1047,2
1048,4
1049,7
1050,3
1051,3
1052,2
1053,4
1054,7
1055,3
1056,2
1057,3
1058,5
1059,1
1060,2
1061,4
1062,1
1063,4
1064,3
1065,3
1066,1
1067,2
1068,2
1069,3
1070,3
1071,1
1072,3
1073,5
1074,3
1075,4
1076,1
1077,3
1078,2
1079,2
1080,2
1081,2
1082,3
1083,2
1084,2
1085,2
1086,2
1087,4
1088,1
1089,8
1090,2
1091,3
1092,4
1093,3
1094,4
1095,2
1096,4
1097,3
1098,4
1099,3
1100,2
1101,1
1102,3
1103,4
1104,3
1105,2
1106,2
1107,4
1108,1
1109,4
1110,3
1111,5
1112,6
1113,3
1114,2
1115,5
1116,1
1117,2
1118,3
1119,5
1120,3
1121,2
1122,3
1123,1
1124,2
1125,2
1126,2
1127,2
1128,2
1129,4
1130,2
1131,8
1132,4
1133,3
1134,2
1135,1
1136,7
1137,1
1138,1
1139,6
1140,2
1141,2
1142,1
1143,2
1144,4
1145,4
1146,1
1147,2
1148,5
1149,5
1150,2
1151,3
1152,6
1153,1
1154,1
1155,2
1156,1
1157,6
1158,1
1159,4
1160,3
1161,2
1162,4
1163,3
1164,4
1165,3
1166,8
1167,3
1168,3
1169,3
1170,4
1171,3
1172,4
1173,2
1174,4
1175,3
1176,5
1177,3
1178,5
1179,2
1180,4
1181,2
1182,4
1183,8
1184,1
1185,1
1186,2
1187,5
1188,2
1189,1
1190,3
1191,5
1192,1
1193,5
1194,1
1195,2
1196,4
1197,1
1198,4
1199,1
1200,4
1201,5
1202,4
1203,2
1204,2
1205,5
1206,1
1207,1
1208,5
1209,3
1210,7
1211,4
1212,2
1213,4
1214,9
1215,2
1216,4
1217,1
1218,8
1219,1
1220,1
1221,3
1222,1
1223,3
1224,4
1225,5
1226,2
1227,8
1228,4
1229,4
1230,1
1231,5
1232,3
1233,1
1234,1
1235,6
1236,2
1237,3
1238,4
1239,1
1240,2
1241,3
1242,3
1243,2
1244,6
1245,4
1246,2
1247,2
1248,2
1249,1
1250,4
1251,1
1252,1
1253,2
1254,1
1255,4
1256,5
1257,1
1258,2
1259,4
1260,5
1261,3
1262,2
1263,2
1264,2
1265,4
1266,2
1267,4
1268,2
1269,2
1270,2
1271,1
1272,5
1273,4
1274,4
1275,1
1276,5
1277,6
1278,2
1279,3
1280,4
1281,3
1282,1
1283,2
1284,2
1285,2
1286,3
1287,1
1288,3
1289,2
1290,5
1291,4
1292,5
1293,4
1294,2
1295,1
1296,1
1297,3
1298,3
1299,2
1300,4
1301,1
1302,6
1303,2
1304,3
1305,4
1306,1
1307,2
1308,6
1309,3
1310,3
1311,6
1312,7
1313,3
1314,4
1315,5
1316,1
1317,2
1318,5
1319,5
1320,4
1321,6
1322,5
1323,3
1324,3
1325,7
1326,2
1327,3
1328,3
1329,2
1330,6
1331,4
1332,5
1333,4
1334,3
1335,7
1336,2
1337,3
1338,3
1339,2
1340,1
1341,3
1342,1
1343,8
1344,3
1345,5
1346,9
1347,6
1348,1
1349,1
1350,1
1351,2
1352,4
1353,5
1354,3
1355,4
1356,1
1357,5
1358,4
1359,3
1360,5
1361,4
1362,2
1363,2
1364,1
1365,1
1366,3
1367,6
1368,1
1369,8
1370,1
1371,7
1372,5
1373,5
1374,1
1375,3
1376,2
1377,3
1378,4
1379,3
1380,3
1381,2
1382,3
1383,4
1384,2
1385,5
1386,4
1387,2
1388,2
1389,2
1390,4
1391,2
1392,6
1393,6
1394,1
1395,4
1396,5
1397,2
1398,3
1399,4
1400,4
1401,3
1402,3
1403,4
1404,2
1405,2
1406,2
1407,3
1408,6
1409,2
1410,4
1411,2
1412,4
1413,1
1414,4
1415,4
1416,3
1417,1
1418,5
1419,1
1420,3
1421,4
1422,1
1423,3
1424,1
1425,1
1426,4
1427,2
1428,2
1429,1
1430,3
1431,1
1432,2
1433,2
1434,9
1435,8
1436,1
1437,2
1438,2
1439,1
1440,6
1441,2
1442,2
1443,3
1444,6
1445,2
1446,4
1447,3
1448,4
1449,5
1450,2
1451,5
1452,3
1453,4
1454,8
1455,2
1456,4
1457,5
1458,3
1459,1
1460,9
1461,2
1462,4
1463,4
1464,5
1465,3
1466,3
1467,3
1468,1
1469,2
1470,3
1471,1
1472,2
1473,1
1474,1
1475,6
1476,3
1477,2
1478,2
1479,1
1480,3
1481,3
1482,6
1483,4
1484,3
1485,6
1486,3
1487,1
1488,2
1489,4
1490,1
1491,3
1492,2
1493,3
1494,3
1495,2
1496,4
1497,2
1498,4
1499,6
1500,3
1501,3
1502,4
1503,4
1504,4
1505,2
1506,1
1507,2
1508,4
1509,8
1510,2
1511,4
1512,4
1513,3
1514,2
1515,4
1516,3
1517,1
1518,4
1519,3
1520,3
1521,2
1522,3
1523,7
1524,3
1525,3
1526,4
1527,2
1528,2
1529,1
1530,6
1531,2
1532,4
1533,2
1534,1
1535,6
1536,3
1537,3
1538,2
1539,3
1540,1
1541,3
1542,3
1543,1
1544,4
1545,3
1546,3
1547,2
1548,3
1549,6
1550,2
1551,2
1552,2
1553,2
1554,3
1555,3
1556,3
1557,6
1558,3
1559,4
1560,2
1561,2
1562,6
1563,3
1564,2
1565,2
1566,1
1567,2
1568,3
1569,5
1570,1
1571,1
1572,2
1573,2
1574,4
1575,2
1576,2
1577,11
1578,2
1579,2
1580,3
1581,7
1582,1
1583,2
1584,2
1585,2
1586,5
1587,2
1588,4
1589,6
1590,6
1591,2
1592,5
1593,1
1594,5
1595,3
1596,2
1597,7
1598,4
1599,4
1600,4
1601,6
1602,1
1603,2
1604,1
1605,3
1606,3
1607,1
1608,3
1609,2
1610,2
1611,2
1612,2
1613,8
1614,3
1615,8
1616,1
1617,1
1618,3
1619,3
1620,2
1621,7
1622,4
1623,4
1624,6
1625,2
1626,3
1627,2
1628,1
1629,2
1630,2
1631,1
1632,1
1633,4
1634,4
1635,5
1636,7
1637,2
1638,4
1639,5
1640,6
1641,2
1642,2
1643,2
1644,2
1645,2
1646,4
1647,3
1648,2
1649,3
1650,1
1651,1
1652,4
1653,4
1654,1
1655,4
1656,4
1657,2
1658,2
1659,2
1660,3
1661,2
1662,2
1663,1
1664,5
1665,7
1666,4
1667,2
1668,5
1669,1
1670,3
1671,3
1672,1
1673,1
1674,4
1675,2
1676,4
1677,2
1678,2
1679,2
1680,1
1681,3
1682,3
1683,5
1684,4
1685,4
1686,3
1687,4
1688,2
1689,3
1690,2
1691,1
1692,3
1693,2
1694,4
1695,1
1696,1
1697,3
1698,4
1699,5
1700,1
1701,3
1702,6
1703,5
1704,2
1705,6
1706,5
1707,2
1708,2
1709,5
1710,3
1711,6
1712,3
1713,7
1714,6
1715,3
1716,4
1717,8
1718,8
1719,3
1720,3
1721,1
1722,2
1723,2
1724,2
1725,3
1726,1
1727,4
1728,1
1729,1
1730,4
1731,4
1732,3
1733,2
1734,3
1735,5
1736,1
1737,4
1738,4
1739,9
1740,2
1741,2
1742,7
1743,3
1744,3
1745,3
1746,2
1747,2
1748,3
1749,4
1750,2
1751,2
1752,3
1753,3
1754,4
1755,3
1756,1
1757,2
1758,3
1759,3
1760,3
1761,2
1762,2
1763,1
1764,1
1765,2
1766,4
1767,6
1768,2
1769,3
1770,1
1771,1
1772,6
1773,4
1774,1
1775,4
1776,2
1777,1
1778,5
1779,2
1780,1
1781,4
1782,2
1783,2
1784,6
1785,5
1786,2
1787,3
1788,1
1789,4
1790,5
1791,3
1792,7
1793,5
1794,2
1795,3
1796,3
1797,3
1798,3
1799,1
1800,2
1801,2
1802,2
1803,4
1804,4
1805,2
1806,3
1807,3
1808,1
1809,4
1810,2
1811,3
1812,2
1813,6
1814,6
1815,5
1816,1
1817,2
1818,2
1819,4
1820,7
1821,2
1822,2
1823,1
1824,3
1825,2
1826,9
1827,3
1828,3
1829,2
1830,2
1831,1
1832,4
1833,3
1834,1
1835,2
1836,1
1837,4
1838,2
1839,2
1840,4
1841,4
1842,1
1843,6
1844,1
1845,3
1846,3
1847,2
1848,6
1849,8
1850,2
1851,1
1852,7
1853,2
1854,3
1855,2
1856,2
1857,1
1858,4
1859,2
1860,2
1861,5
1862,1
1863,4
1864,2
1865,3
1866,1
1867,2
1868,3
1869,8
1870,6
1871,2
1872,4
1873,3
1874,1
1875,1
1876,1
1877,1
1878,4
1879,4
1880,3
1881,1
1882,1
1883,5
1884,3
1885,1
1886,2
1887,5
1888,3
1889,1
1890,2
1891,4
1892,6
1893,5
1894,1
1895,6
1896,3
1897,9
1898,4
1899,6
1900,4
1901,6
1902,2
1903,6
1904,8
1905,7
1906,3
1907,7
1908,5
1909,2
1910,3
1911,1
1912,1
1913,1
1914,1
1915,8
1916,3
1917,6
1918,3
1919,4
1920,3
1921,5
1922,2
1923,2
1924,1
1925,3
1926,4
1927,1
1928,5
1929,7
1930,4
1931,3
1932,1
1933,5
1934,1
1935,8
1936,2
1937,3
1938,2
1939,4
1940,7
1941,4
1942,3
1943,2
1944,3
1945,2
1946,9
1947,7
1948,2
1949,3
1950,3
1951,3
1952,6
1953,3
1954,3
1955,2
1956,4
1957,1
1958,6
