0,1
1,3
2,3
3,0
4,1
5,3
6,2
7,5
8,1
9,2
10,3
11,3
12,1
13,2
14,2
15,2
16,4
17,5
18,0
19,1
20,2
21,3
22,0
23,1
24,2
25,2
26,0
27,2
28,4
29,6
30,2
31,5
32,3
33,4
34,1
35,2
36,3
37,3
38,2
39,2
40,2
41,2
42,2
43,3
44,2
45,1
46,1
47,2
48,3
49,2
50,1
51,2
52,4
53,2
54,1
55,3
56,3
57,2
58,2
59,2
60,3
61,3
62,1
63,3
64,1
65,5
66,5
67,0
68,2
69,2
70,4
71,6
72,2
73,4
74,2
75,2
76,2
77,6
78,2
79,1
80,2
81,2
82,4
83,4
84,5
85,3
86,0
87,2
88,7
89,2
90,5
91,0
92,2
93,2
94,3
95,2
96,3
97,2
98,2
99,2
100,3
101,3
102,3
103,1
104,1
105,3
106,1
107,3
108,2
109,1
110,3
111,0
112,2
113,4
114,2
115,2
116,2
117,1
118,4
119,1
120,1
121,4
122,1
123,4
124,2
125,0
126,3
127,2
128,1
129,3
130,2
131,1
132,2
133,4
134,4
135,1
136,2
137,4
138,2
139,4
140,4
141,3
142,4
143,2
144,0
145,2
146,2
147,4
148,5
149,1
150,2
151,3
152,3
153,2
154,0
155,4
156,1
157,2
158,3
159,2
160,4
161,2
162,2
163,0
164,4
165,1
166,3
167,0
168,2
169,4
170,6
171,2
172,1
173,3
174,2
175,2
176,0
177,2
178,4
179,3
180,5
181,4
182,1
183,0
184,5
185,1
186,1
187,3
188,2
189,2
190,2
191,1
192,2
193,4
194,2
195,1
196,3
197,1
198,4
199,1
200,3
201,3
202,3
203,1
204,2
205,4
206,1
207,0
208,2
209,2
210,2
211,1
212,1
213,2
214,1
215,2
216,1
217,1
218,3
219,2
220,3
221,2
222,5
223,3
224,5
225,2
226,1
227,1
228,5
229,3
230,4
231,1
232,0
233,3
234,3
235,3
236,3
237,1
238,1
239,3
240,4
241,1
242,4
243,1
244,5
245,2
246,2
247,0
248,4
249,0
250,3
251,1
252,0
253,1
254,4
255,2
256,1
257,2
258,3
259,2
260,0
261,1
262,1
263,1
264,5
265,1
266,2
267,0
268,2
269,3
270,7
271,1
272,2
273,1
274,1
275,2
276,4
277,5
278,1
279,5
280,1
281,3
282,0
283,5
284,2
285,1
286,2
287,0
288,2
289,4
290,1
291,3
292,5
293,3
294,2
295,1
296,1
297,1
298,4
299,2
300,3
301,3
302,3
303,2
304,2
305,1
306,0
307,1
308,0
309,1
310,1
311,3
312,1
313,3
314,2
315,1
316,5
317,1
318,2
319,3
320,1
321,2
322,1
323,2
324,0
325,3
326,1
327,1
328,2
329,5
330,5
331,1
332,1
333,1
334,1
335,4
336,2
337,2
338,4
339,0
340,2
341,2
342,3
343,5
344,3
345,0
346,5
347,2
348,2
349,5
350,2
351,1
352,0
353,3
354,3
355,1
356,3
357,3
358,4
359,2
360,0
361,3
362,3
363,1
364,3
365,4
366,4
367,2
368,2
369,4
370,1
371,0
372,5
373,1
374,1
375,0
376,3
377,5
378,4
379,2
380,1
381,1
382,2
383,3
384,1
385,4
386,0
387,2
388,3
389,0
390,1
391,4
392,2
393,2
394,3
395,1
396,0
397,3
398,4
399,2
400,1
401,2
402,3
403,4
404,4
405,4
406,0
407,4
408,3
409,1
410,0
411,4
412,3
413,6
414,1
415,2
416,1
417,3
418,0
419,3
420,1
421,3
422,1
423,3
424,2
425,5
426,1
427,2
428,2
429,2
430,3
431,2
432,2
433,3
434,2
435,2
436,4
437,2
438,0
439,0
440,4
441,1
442,2
443,1
444,1
445,3
446,0
447,1
448,4
449,3
450,3
451,4
452,2
453,3
454,2
455,1
456,0
457,3
458,3
459,3
460,3
461,1
462,0
463,1
464,4
465,6
466,3
467,2
468,2
469,5
470,3
471,0
472,0
473,2
474,2
475,0
476,4
477,4
478,2
479,4
480,2
481,2
482,0
483,1
484,0
485,3
486,3
487,3
488,6
489,2
490,3
491,2
492,2
493,2
494,3
495,0
496,1
497,4
498,4
499,3
500,3
501,0
502,2
503,3
504,3
505,1
506,0
507,3
508,4
509,5
510,1
511,0
512,3
513,3
514,0
515,2
516,2
517,0
518,0
519,2
520,3
521,0
522,1
523,3
524,0
525,1
526,4
527,2
528,1
529,3
530,1
531,2
532,3
533,5
534,1
535,1
536,1
537,1
538,2
539,5
540,1
541,0
542,3
543,1
544,3
545,4
546,1
547,2
548,2
549,2
550,1
551,1
552,0
553,0
554,2
555,2
556,4
557,2
558,3
559,2
560,3
561,2
562,1
563,3
564,4
565,4
566,4
567,2
568,3
569,3
570,2
571,0
572,3
573,0
574,3
575,3
576,4
577,1
578,2
579,1
580,4
581,0
582,6
583,1
584,5
585,2
586,5
587,3
588,2
589,5
590,1
591,4
592,2
593,2
594,2
595,1
596,1
597,2
598,3
599,4
600,4
601,1
602,0
603,4
604,4
605,3
606,3
607,1
608,1
609,2
610,3
611,2
612,1
613,3
614,3
615,1
616,1
617,2
618,5
619,3
620,2
621,6
622,3
623,0
624,1
625,2
626,2
627,2
628,1
629,2
630,2
631,2
632,2
633,4
634,5
635,3
636,4
637,4
638,3
639,1
640,4
641,5
642,1
643,1
644,6
645,0
646,3
647,2
648,3
649,2
650,0
651,2
652,3
653,1
654,0
655,2
656,0
657,3
658,2
659,2
660,1
661,1
662,2
663,0
664,4
665,1
666,2
667,4
668,3
669,2
670,1
671,1
672,1
673,1
674,3
675,3
676,3
677,1
678,3
679,3
680,2
681,1
682,3
683,0
684,2
685,0
686,3
687,1
688,1
689,4
690,1
691,1
692,0
693,2
694,0
695,3
696,0
697,2
698,2
699,2
700,1
701,0
702,3
703,0
704,1
705,1
706,1
707,1
708,1
709,5
710,5
711,0
712,1
713,3
714,3
715,1
716,0
717,3
718,2
719,3
720,1
721,4
722,5
723,3
724,3
725,1
726,3
727,3
728,0
729,2
730,2
731,2
732,0
733,2
734,3
735,3
736,3
737,1
738,2
739,4
740,1
741,2
742,1
743,2
744,1
745,2
746,0
747,1
748,3
749,2
750,2
751,3
752,0
753,3
754,1
755,6
756,1
757,3
758,2
759,0
760,0
761,1
762,2
763,1
764,0
765,3
766,3
767,0
768,5
769,0
770,3
771,2
772,2
773,2
774,1
775,1
776,1
777,0
778,2
779,4
780,0
781,3
782,2
783,1
784,3
785,1
786,0
787,1
788,3
789,3
790,1
791,4
792,2
793,3
794,3
795,1
796,3
797,2
798,3
799,3
800,4
801,5
802,0
803,0
804,2
805,1
806,1
807,2
808,3
809,2
810,4
811,8
812,2
813,2
814,4
815,2
816,2
817,3
818,1
819,0
820,1
821,1
822,1
823,0
824,0
825,3
826,1
827,3
828,0
829,5
830,3
831,1
832,2
833,8
834,0
835,6
836,3
837,1
838,5
839,1
840,2
841,4
842,0
843,4
844,0
845,0
846,2
847,1
848,2
849,2
850,3
851,1
852,3
853,5
854,5
855,2
856,4
857,1
858,4
859,4
860,3
861,1
862,2
863,3
864,1
865,1
866,2
867,3
868,2
869,0
870,3
871,0
872,0
873,1
874,1
875,2
876,1
877,1
878,3
879,4
880,0
881,2
882,3
883,0
884,2
885,4
886,1
887,3
888,2
889,4
890,4
891,3
892,3
893,1
894,1
895,6
896,4
897,3
898,5
899,5
900,1
901,1
902,3
903,0
904,2
905,5
906,1
907,0
908,0
909,3
910,2
911,3
912,2
913,7
914,1
915,1
916,1
917,2
918,1
919,1
920,2
921,2
922,4
923,1
924,5
925,0
926,1
927,1
928,3
929,4
930,2
931,1
932,0
933,2
934,3
935,2
936,1
937,2
938,4
939,4
940,2
941,2
942,1
943,1
944,3
945,1
946,1
947,4
948,1
949,2
950,3
951,3
952,2
953,3
954,2
955,3
956,1
957,3
958,1
959,1
960,3
961,5
962,3
963,6
964,1
965,2
966,1
967,0
968,2
969,3
970,0
971,1
972,1
973,1
974,5
975,2
976,3
977,2
978,5
979,2
980,2
981,3
982,1
983,3
984,1
985,3
986,2
987,3
988,4
989,1
990,2
991,2
992,1
993,2
994,5
995,4
996,1
997,3
998,3
999,2
1000,4
1001,3
1002,1
1003,3
1004,1
1005,1
1006,1
1007,3
1008,0
1009,3
1010,0
1011,3
1012,1
1013,2
1014,1
1015,2
1016,2
1017,0
1018,0
1019,2
1020,1
1021,2
1022,1
1023,4
1024,3
1025,3
1026,1
1027,3
1028,0
1029,3
1030,1
1031,2
1032,2
1033,3
1034,1
1035,3
1036,2
1037,1
1038,0
1039,0
1040,7
1041,4
1042,1
1043,0
1044,1
1045,0
1046,1
1047,3
1048,3
1049,3
1050,4
1051,2
1052,5
1053,2
1054,1
1055,0
1056,3
1057,3
1058,2
1059,0
1060,4
1061,3
1062,5
1063,2
1064,2
1065,2
1066,2
1067,4
1068,2
1069,5
1070,2
1071,2
1072,1
1073,4
1074,2
1075,5
1076,9
1077,0
1078,2
1079,3
1080,2
1081,5
1082,3
1083,0
1084,0
1085,3
1086,5
1087,2
1088,3
1089,2
1090,0
1091,1
1092,2
1093,1
1094,0
1095,4
1096,1
1097,2
1098,3
1099,5
1100,9
1101,0
1102,3
1103,4
1104,1
1105,2
1106,1
1107,1
1108,3
1109,2
1110,3
1111,3
1112,2
1113,0
1114,2
1115,6
1116,3
1117,2
1118,5
1119,1
1120,0
1121,1
1122,2
1123,4
1124,6
1125,3
1126,3
1127,1
1128,3
1129,3
1130,3
1131,1
1132,3
1133,3
1134,1
1135,4
1136,0
1137,1
1138,2
1139,1
1140,1
1141,1
1142,0
1143,0
1144,1
1145,2
1146,4
1147,3
1148,0
1149,3
1150,3
1151,2
1152,1
1153,3
1154,3
1155,3
1156,3
1157,6
1158,6
1159,1
1160,3
1161,3
1162,5
1163,1
1164,3
1165,4
1166,2
1167,1
1168,3
1169,0
1170,1
1171,3
1172,4
1173,3
1174,1
1175,1
1176,2
1177,5
1178,3
1179,1
1180,1
1181,2
1182,1
1183,2
1184,3
1185,0
1186,4
1187,0
1188,3
1189,1
1190,2
1191,6
1192,3
1193,4
1194,0
1195,2
1196,3
1197,0
1198,0
1199,4
1200,1
1201,3
1202,8
1203,7
1204,0
1205,3
1206,1
1207,2
1208,2
1209,0
1210,2
1211,1
1212,2
1213,1
1214,2
1215,4
1216,3
1217,1
1218,2
1219,5
1220,1
1221,0
1222,3
1223,6
1224,3
1225,1
1226,3
1227,3
1228,2
1229,2
1230,5
1231,4
1232,0
1233,5
1234,3
1235,1
1236,1
1237,3
1238,4
1239,3
1240,5
1241,2
1242,4
1243,1
1244,4
1245,4
1246,4
1247,3
1248,1
1249,1
1250,2
1251,0
1252,1
1253,4
1254,2
1255,3
1256,2
1257,2
1258,2
1259,3
1260,3
1261,4
1262,4
1263,3
1264,3
1265,2
1266,3
1267,1
1268,0
1269,1
1270,1
1271,2
1272,0
1273,5
1274,2
1275,2
1276,1
1277,3
1278,3
1279,1
1280,2
1281,0
1282,3
1283,1
1284,3
1285,4
1286,1
1287,2
1288,0
1289,4
1290,1
1291,1
1292,2
1293,1
1294,0
1295,3
1296,3
1297,3
1298,3
1299,4
1300,2
1301,3
1302,3
1303,0
1304,2
1305,4
1306,0
1307,2
1308,0
1309,1
1310,2
1311,4
1312,2
1313,1
1314,4
1315,3
1316,4
1317,6
1318,3
1319,6
1320,3
1321,2
1322,5
1323,2
1324,3
1325,3
1326,2
1327,1
1328,1
1329,1
1330,3
1331,2
1332,2
1333,2
1334,3
1335,0
1336,1
1337,5
1338,6
1339,0
1340,2
1341,2
1342,1
1343,2
1344,0
1345,3
1346,6
1347,9
1348,1
1349,1
1350,0
1351,3
1352,1
1353,1
1354,2
1355,1
1356,4
1357,0
1358,1
1359,0
1360,1
1361,2
1362,0
1363,6
1364,1
1365,2
1366,3
1367,0
1368,1
1369,1
1370,4
1371,0
1372,3
1373,2
1374,1
1375,0
1376,2
1377,1
1378,3
1379,4
1380,3
1381,2
1382,4
1383,1
1384,2
1385,1
1386,0
1387,0
1388,1
1389,2
1390,1
1391,3
1392,2
1393,4
1394,2
1395,1
1396,1
1397,3
1398,2
1399,3
1400,3
1401,4
1402,3
1403,0
1404,3
1405,1
1406,3
1407,4
1408,5
1409,5
1410,1
1411,1
1412,3
1413,2
1414,4
1415,1
1416,1
1417,2
1418,2
1419,2
1420,4
1421,1
1422,0
1423,2
1424,3
1425,6
1426,1
1427,1
1428,4
1429,3
1430,6
1431,1
1432,1
1433,5
1434,1
1435,3
1436,4
1437,2
1438,2
1439,3
1440,3
1441,0
1442,1
1443,1
1444,4
1445,4
1446,5
1447,0
1448,1
1449,3
1450,5
1451,3
1452,1
1453,3
1454,0
1455,2
1456,1
1457,2
1458,2
1459,1
1460,4
1461,0
1462,3
1463,0
1464,3
1465,2
1466,4
1467,3
1468,1
1469,1
1470,3
1471,5
1472,2
1473,2
1474,2
1475,2
1476,3
1477,3
1478,4
1479,1
1480,5
1481,1
1482,0
1483,0
1484,3
1485,3
1486,2
1487,3
1488,1
1489,3
1490,2
1491,5
1492,1
1493,2
1494,4
1495,1
1496,1
1497,1
1498,1
1499,0
1500,3
1501,3
1502,4
1503,1
1504,2
1505,4
1506,5
1507,0
1508,4
1509,1
1510,1
1511,3
1512,2
1513,2
1514,4
1515,2
1516,2
1517,3
1518,2
1519,1
1520,1
1521,3
1522,2
1523,3
1524,5
1525,0
1526,4
1527,5
1528,4
1529,3
1530,3
1531,3
1532,2
1533,2
1534,0
1535,1
1536,2
1537,1
1538,3
1539,2
1540,2
1541,1
1542,3
1543,5
1544,1
1545,2
1546,0
1547,3
1548,5
1549,3
1550,0
1551,1
1552,3
1553,3
1554,7
1555,5
1556,5
1557,0
1558,1
1559,0
1560,2
1561,1
1562,4
1563,4
1564,2
1565,0
1566,2
1567,2
1568,1
1569,1
1570,3
1571,5
1572,2
1573,2
1574,3
1575,1
1576,1
1577,1
1578,2
1579,4
1580,4
1581,1
1582,5
1583,4
1584,2
1585,4
1586,5
1587,2
1588,1
1589,3
1590,3
1591,2
1592,3
1593,1
1594,2
1595,2
1596,4
1597,2
1598,4
1599,1
1600,1
1601,1
1602,3
1603,3
1604,4
1605,1
1606,6
1607,3
1608,3
1609,1
1610,1
1611,2
1612,4
1613,0
1614,2
1615,0
1616,2
1617,3
1618,2
1619,4
1620,0
1621,4
1622,1
1623,3
1624,3
1625,4
1626,3
1627,2
1628,0
1629,2
1630,3
1631,4
1632,2
1633,3
1634,2
1635,3
1636,4
1637,6
1638,5
1639,1
1640,0
1641,1
1642,1
1643,3
1644,2
1645,2
1646,3
1647,2
1648,1
1649,0
1650,1
1651,2
1652,4
1653,1
1654,1
1655,3
1656,3
1657,0
1658,7
1659,1
1660,3
1661,3
1662,4
1663,4
1664,1
1665,1
1666,2
1667,1
1668,1
1669,3
1670,4
1671,1
1672,2
1673,1
1674,2
1675,1
1676,0
1677,4
1678,4
1679,2
1680,4
1681,3
1682,3
1683,1
1684,4
1685,2
1686,2
1687,5
1688,6
1689,3
1690,0
1691,2
1692,3
1693,5
1694,2
1695,1
1696,0
1697,1
1698,3
1699,1
1700,1
1701,1
1702,0
1703,2
1704,6
1705,0
1706,2
1707,2
1708,0
1709,2
1710,4
1711,0
1712,1
1713,1
1714,4
1715,4
1716,3
1717,2
1718,3
1719,0
1720,0
1721,3
1722,1
1723,2
1724,1
1725,4
1726,1
1727,2
1728,1
1729,0
1730,0
1731,1
1732,1
1733,4
1734,3
1735,0
1736,3
1737,2
1738,1
1739,1
1740,5
1741,1
1742,2
1743,2
1744,1
1745,1
1746,3
1747,0
1748,3
1749,3
1750,1
1751,2
1752,3
1753,1
1754,3
1755,2
1756,2
1757,4
1758,3
1759,4
1760,3
1761,2
1762,4
1763,3
1764,1
1765,1
1766,3
1767,7
1768,6
1769,3
1770,1
1771,3
1772,5
1773,4
1774,5
1775,0
1776,1
1777,3
1778,3
1779,4
1780,7
1781,0
1782,4
1783,0
1784,1
1785,2
1786,2
1787,0
1788,2
1789,1
1790,3
1791,2
1792,0
1793,4
1794,3
1795,2
1796,1
1797,2
1798,2
1799,4
1800,4
1801,4
1802,2
1803,1
1804,2
1805,2
1806,2
1807,1
1808,0
1809,2
1810,4
1811,4
1812,3
1813,0
1814,1
1815,2
1816,2
1817,4
1818,0
1819,4
1820,0
1821,2
1822,3
1823,4
1824,1
1825,1
1826,4
1827,2
1828,2
1829,3
1830,0
1831,4
1832,1
1833,2
1834,0
1835,1
1836,3
1837,3
1838,4
1839,0
1840,5
1841,5
1842,0
1843,1
1844,1
1845,2
1846,2
1847,4
1848,1
1849,2
1850,2
1851,1
1852,1
1853,5
1854,2
1855,2
1856,3
1857,2
1858,0
1859,3
1860,4
1861,1
1862,3
1863,1
1864,4
1865,1
1866,2
1867,2
1868,1
1869,2
1870,1
1871,1
1872,1
1873,3
1874,4
1875,3
1876,0
1877,2
1878,3
1879,2
1880,5
1881,2
1882,4
1883,0
1884,6
1885,0
1886,4
1887,3
1888,2
1889,3
1890,6
1891,1
1892,2
1893,1
1894,2
1895,2
1896,1
1897,0
1898,0
1899,1
1900,3
1901,4
1902,2
1903,3
1904,3
1905,3
1906,2
1907,0
1908,1
1909,2
1910,0
1911,1
1912,2
1913,3
1914,5
1915,3
1916,0
1917,1
1918,4
1919,2
1920,3
1921,3
1922,2
1923,2
1924,4
1925,1
1926,6
1927,3
1928,0
1929,2
1930,1
1931,3
1932,2
1933,0
1934,0
1935,6
1936,2
1937,4
1938,3
1939,2
1940,1
1941,1
1942,1
1943,0
1944,2
1945,2
1946,4
1947,1
1948,0
1949,2
1950,1
1951,3
1952,4
1953,3
1954,3
1955,1
1956,3
1957,2
1958,1
