0,1
1,1
2,3
3,1
4,1
5,4
6,2
7,1
8,0
9,1
10,2
11,2
12,1
13,3
14,5
15,2
16,1
17,1
18,1
19,3
20,3
21,2
22,1
23,1
24,0
25,4
26,3
27,2
28,0
29,1
30,1
31,4
32,2
33,0
34,1
35,2
36,2
37,0
38,1
39,2
40,1
41,4
42,4
43,1
44,3
45,0
46,2
47,1
48,5
49,0
50,3
51,1
52,2
53,3
54,0
55,3
56,2
57,0
58,1
59,1
60,3
61,1
62,1
63,5
64,1
65,1
66,6
67,0
68,3
69,0
70,1
71,2
72,5
73,2
74,2
75,1
76,2
77,5
78,0
79,1
80,3
81,3
82,3
83,1
84,1
85,1
86,1
87,0
88,3
89,2
90,0
91,0
92,0
93,1
94,0
95,0
96,1
97,1
98,1
99,3
100,3
101,0
102,2
103,2
104,1
105,1
106,0
107,1
108,1
109,2
110,3
111,1
112,0
113,0
114,1
115,1
116,1
117,2
118,0
119,1
120,0
121,2
122,1
123,2
124,2
125,1
126,1
127,1
128,2
129,1
130,2
131,2
132,1
133,1
134,0
135,0
136,2
137,0
138,2
139,4
140,3
141,3
142,1
143,5
144,0
145,1
146,0
147,1
148,1
149,1
150,0
151,1
152,1
153,2
154,2
155,1
156,1
157,2
158,1
159,1
160,1
161,1
162,1
163,0
164,1
165,0
166,3
167,1
168,1
169,1
170,2
171,1
172,0
173,5
174,1
175,1
176,0
177,1
178,5
179,1
180,1
181,5
182,1
183,0
184,0
185,2
186,2
187,1
188,2
189,2
190,2
191,2
192,3
193,1
194,3
195,0
196,2
197,1
198,1
199,3
200,4
201,3
202,3
203,2
204,2
205,1
206,1
207,0
208,1
209,2
210,2
211,3
212,2
213,1
214,2
215,2
216,5
217,0
218,4
219,5
220,3
221,1
222,2
223,1
224,1
225,1
226,2
227,0
228,2
229,1
230,4
231,2
232,1
233,1
234,1
235,3
236,3
237,2
238,1
239,0
240,2
241,2
242,3
243,0
244,1
245,2
246,5
247,0
248,2
249,1
250,2
251,1
252,0
253,1
254,2
255,1
256,0
257,4
258,1
259,4
260,1
261,1
262,1
263,1
264,2
265,2
266,1
267,2
268,1
269,3
270,3
271,1
272,2
273,1
274,1
275,3
276,4
277,5
278,1
279,2
280,1
281,4
282,2
283,3
284,1
285,2
286,2
287,2
288,3
289,4
290,2
291,2
292,0
293,1
294,3
295,2
296,1
297,1
298,0
299,3
300,5
301,1
302,1
303,1
304,0
305,1
306,0
307,1
308,0
309,4
310,1
311,1
312,1
313,1
314,1
315,1
316,2
317,4
318,1
319,4
320,0
321,1
322,2
323,1
324,2
325,1
326,0
327,1
328,3
329,6
330,0
331,0
332,2
333,1
334,0
335,4
336,0
337,2
338,1
339,0
340,2
341,2
342,3
343,1
344,2
345,0
346,0
347,3
348,3
349,3
350,2
351,1
352,1
353,3
354,3
355,1
356,1
357,1
358,5
359,1
360,2
361,1
362,4
363,0
364,4
365,2
366,2
367,1
368,1
369,2
370,1
371,0
372,3
373,0
374,2
375,0
376,3
377,0
378,1
379,1
380,1
381,1
382,0
383,0
384,3
385,1
386,0
387,0
388,1
389,1
390,1
391,2
392,1
393,2
394,3
395,1
396,0
397,0
398,2
399,1
400,1
401,1
402,2
403,2
404,1
405,2
406,0
407,2
408,0
409,0
410,0
411,3
412,2
413,1
414,1
415,4
416,0
417,1
418,3
419,2
420,2
421,1
422,1
423,1
424,1
425,3
426,1
427,1
428,2
429,2
430,4
431,0
432,2
433,5
434,2
435,1
436,1
437,1
438,0
439,0
440,2
441,1
442,5
443,5
444,2
445,0
446,0
447,1
448,3
449,1
450,4
451,0
452,5
453,1
454,1
455,1
456,0
457,3
458,0
459,1
460,2
461,4
462,0
463,1
464,4
465,3
466,2
467,4
468,1
469,1
470,2
471,1
472,2
473,3
474,1
475,0
476,3
477,2
478,1
479,3
480,1
481,1
482,2
483,3
484,0
485,1
486,1
487,2
488,1
489,1
490,4
491,1
492,3
493,3
494,1
495,0
496,5
497,2
498,0
499,3
500,3
501,0
502,1
503,3
504,0
505,6
506,1
507,0
508,2
509,3
510,1
511,2
512,0
513,1
514,3
515,2
516,3
517,1
518,1
519,3
520,1
521,1
522,1
523,3
524,2
525,0
526,2
527,1
528,0
529,2
530,1
531,4
532,0
533,0
534,0
535,1
536,3
537,5
538,2
539,4
540,2
541,0
542,1
543,3
544,0
545,3
546,1
547,2
548,1
549,5
550,0
551,5
552,2
553,0
554,1
555,2
556,3
557,2
558,4
559,1
560,2
561,4
562,1
563,2
564,2
565,1
566,4
567,3
568,2
569,1
570,2
571,0
572,3
573,1
574,0
575,4
576,5
577,1
578,2
579,3
580,1
581,1
582,1
583,2
584,4
585,1
586,2
587,1
588,1
589,1
590,1
591,5
592,1
593,0
594,2
595,1
596,5
597,2
598,3
599,3
600,4
601,0
602,2
603,2
604,2
605,0
606,2
607,0
608,0
609,0
610,3
611,1
612,1
613,1
614,3
615,1
616,1
617,4
618,2
619,2
620,2
621,0
622,2
623,0
624,3
625,2
626,2
627,1
628,1
629,0
630,5
631,0
632,1
633,0
634,3
635,0
636,1
637,1
638,0
639,1
640,1
641,2
642,1
643,2
644,2
645,1
646,2
647,2
648,4
649,4
650,0
651,4
652,1
653,1
654,0
655,0
656,1
657,1
658,1
659,1
660,1
661,1
662,2
663,0
664,1
665,4
666,2
667,1
668,4
669,1
670,1
671,1
672,0
673,1
674,1
675,1
676,2
677,1
678,1
679,0
680,2
681,1
682,2
683,0
684,1
685,1
686,2
687,0
688,3
689,2
690,1
691,1
692,3
693,3
694,1
695,1
696,3
697,2
698,0
699,2
700,0
701,1
702,0
703,2
704,1
705,1
706,0
707,0
708,4
709,0
710,2
711,4
712,1
713,0
714,1
715,1
716,0
717,1
718,2
719,1
720,1
721,1
722,1
723,3
724,2
725,0
726,2
727,2
728,1
729,5
730,2
731,3
732,1
733,1
734,1
735,5
736,1
737,2
738,1
739,2
740,0
741,0
742,1
743,2
744,0
745,1
746,1
747,1
748,2
749,1
750,1
751,1
752,2
753,3
754,3
755,1
756,1
757,1
758,1
759,0
760,2
761,1
762,1
763,1
764,2
765,1
766,1
767,1
768,2
769,4
770,3
771,1
772,0
773,1
774,1
775,3
776,1
777,0
778,3
779,4
780,0
781,2
782,3
783,5
784,3
785,1
786,1
787,1
788,3
789,2
790,3
791,3
792,3
793,1
794,2
795,4
796,2
797,0
798,3
799,1
800,0
801,3
802,1
803,2
804,3
805,2
806,0
807,0
808,0
809,3
810,2
811,1
812,2
813,1
814,0
815,1
816,0
817,1
818,5
819,1
820,1
821,3
822,2
823,0
824,0
825,3
826,0
827,1
828,1
829,0
830,3
831,2
832,2
833,0
834,3
835,2
836,2
837,1
838,0
839,1
840,1
841,3
842,1
843,1
844,1
845,1
846,1
847,1
848,2
849,0
850,4
851,1
852,2
853,2
854,2
855,0
856,2
857,2
858,2
859,3
860,0
861,1
862,3
863,3
864,3
865,2
866,4
867,0
868,0
869,1
870,3
871,0
872,1
873,2
874,5
875,0
876,0
877,2
878,2
879,4
880,1
881,3
882,1
883,0
884,2
885,4
886,0
887,3
888,1
889,5
890,1
891,3
892,2
893,0
894,1
895,3
896,1
897,2
898,3
899,4
900,2
901,4
902,1
903,2
904,3
905,4
906,4
907,0
908,0
909,2
910,3
911,0
912,5
913,1
914,1
915,1
916,0
917,3
918,0
919,1
920,2
921,2
922,2
923,1
924,3
925,1
926,1
927,1
928,3
929,1
930,2
931,4
932,0
933,0
934,2
935,2
936,2
937,1
938,1
939,1
940,2
941,0
942,5
943,1
944,2
945,1
946,1
947,0
948,0
949,3
950,4
951,2
952,3
953,4
954,2
955,2
956,0
957,1
958,2
959,1
960,2
961,2
962,0
963,1
964,3
965,3
966,1
967,1
968,1
969,2
970,0
971,1
972,3
973,0
974,4
975,0
976,0
977,0
978,3
979,2
980,1
981,1
982,1
983,0
984,0
985,3
986,2
987,1
988,2
989,1
990,0
991,2
992,4
993,2
994,1
995,3
996,3
997,2
998,1
999,2
1000,2
1001,1
1002,1
1003,0
1004,1
1005,1
1006,1
1007,5
1008,1
1009,1
1010,0
1011,3
1012,0
1013,2
1014,2
1015,1
1016,2
1017,0
1018,0
1019,0
1020,1
1021,1
1022,1
1023,5
1024,1
1025,1
1026,5
1027,1
1028,1
1029,0
1030,1
1031,2
1032,0
1033,0
1034,1
1035,1
1036,1
1037,3
1038,3
1039,0
1040,1
1041,1
1042,0
1043,1
1044,0
1045,0
1046,1
1047,0
1048,2
1049,3
1050,0
1051,1
1052,3
1053,1
1054,1
1055,1
1056,4
1057,1
1058,1
1059,0
1060,1
1061,1
1062,0
1063,1
1064,2
1065,1
1066,3
1067,5
1068,0
1069,2
1070,1
1071,1
1072,0
1073,0
1074,0
1075,1
1076,1
1077,1
1078,2
1079,0
1080,2
1081,1
1082,3
1083,2
1084,1
1085,3
1086,1
1087,3
1088,2
1089,1
1090,0
1091,2
1092,0
1093,1
1094,1
1095,1
1096,0
1097,3
1098,1
1099,5
1100,3
1101,2
1102,4
1103,4
1104,5
1105,4
1106,1
1107,1
1108,1
1109,1
1110,1
1111,3
1112,1
1113,1
1114,4
1115,1
1116,1
1117,3
1118,1
1119,1
1120,1
1121,0
1122,3
1123,1
1124,3
1125,1
1126,4
1127,0
1128,1
1129,5
1130,2
1131,1
1132,3
1133,2
1134,0
1135,6
1136,1
1137,2
1138,1
1139,5
1140,1
1141,1
1142,1
1143,2
1144,1
1145,1
1146,2
1147,2
1148,0
1149,2
1150,4
1151,1
1152,1
1153,1
1154,2
1155,0
1156,1
1157,2
1158,3
1159,1
1160,1
1161,1
1162,3
1163,1
1164,2
1165,1
1166,0
1167,1
1168,0
1169,1
1170,0
1171,1
1172,4
1173,3
1174,2
1175,1
1176,1
1177,3
1178,0
1179,1
1180,1
1181,3
1182,1
1183,2
1184,1
1185,0
1186,1
1187,1
1188,4
1189,1
1190,0
1191,3
1192,1
1193,4
1194,1
1195,2
1196,5
1197,1
1198,1
1199,2
1200,2
1201,0
1202,0
1203,1
1204,0
1205,1
1206,0
1207,1
1208,2
1209,1
1210,2
1211,1
1212,0
1213,4
1214,1
1215,1
1216,1
1217,1
1218,2
1219,2
1220,2
1221,1
1222,2
1223,0
1224,4
1225,2
1226,0
1227,1
1228,2
1229,1
1230,4
1231,3
1232,0
1233,3
1234,4
1235,1
1236,1
1237,4
1238,3
1239,0
1240,5
1241,3
1242,2
1243,1
1244,2
1245,1
1246,1
1247,4
1248,2
1249,1
1250,0
1251,0
1252,0
1253,5
1254,1
1255,1
1256,1
1257,1
1258,0
1259,1
1260,1
1261,3
1262,4
1263,3
1264,1
1265,3
1266,3
1267,0
1268,3
1269,1
1270,2
1271,1
1272,0
1273,3
1274,2
1275,1
1276,0
1277,5
1278,3
1279,4
1280,3
1281,1
1282,4
1283,1
1284,2
1285,3
1286,1
1287,3
1288,0
1289,0
1290,0
1291,3
1292,1
1293,1
1294,1
1295,4
1296,1
1297,1
1298,0
1299,2
1300,0
1301,0
1302,2
1303,2
1304,0
1305,4
1306,0
1307,1
1308,1
1309,1
1310,1
1311,4
1312,2
1313,1
1314,5
1315,2
1316,1
1317,2
1318,3
1319,1
1320,1
1321,3
1322,2
1323,0
1324,2
1325,3
1326,1
1327,1
1328,4
1329,3
1330,1
1331,0
1332,0
1333,4
1334,1
1335,0
1336,0
1337,2
1338,1
1339,0
1340,0
1341,1
1342,1
1343,5
1344,0
1345,1
1346,6
1347,10
1348,2
1349,1
1350,2
1351,1
1352,1
1353,2
1354,5
1355,6
1356,2
1357,1
1358,0
1359,1
1360,1
1361,1
1362,0
1363,3
1364,1
1365,1
1366,2
1367,1
1368,1
1369,2
1370,2
1371,0
1372,5
1373,2
1374,1
1375,1
1376,1
1377,1
1378,0
1379,1
1380,2
1381,1
1382,1
1383,1
1384,4
1385,2
1386,0
1387,0
1388,1
1389,2
1390,1
1391,3
1392,1
1393,0
1394,0
1395,0
1396,1
1397,1
1398,1
1399,2
1400,2
1401,0
1402,3
1403,0
1404,2
1405,3
1406,2
1407,1
1408,1
1409,3
1410,2
1411,2
1412,2
1413,2
1414,2
1415,1
1416,3
1417,1
1418,1
1419,4
1420,3
1421,4
1422,0
1423,1
1424,2
1425,1
1426,2
1427,4
1428,1
1429,1
1430,1
1431,1
1432,1
1433,2
1434,1
1435,2
1436,0
1437,1
1438,1
1439,1
1440,2
1441,0
1442,4
1443,0
1444,4
1445,2
1446,0
1447,0
1448,1
1449,2
1450,1
1451,2
1452,1
1453,1
1454,3
1455,1
1456,1
1457,1
1458,1
1459,2
1460,4
1461,0
1462,0
1463,1
1464,2
1465,1
1466,5
1467,2
1468,3
1469,1
1470,1
1471,3
1472,2
1473,3
1474,5
1475,1
1476,2
1477,3
1478,1
1479,1
1480,2
1481,3
1482,0
1483,1
1484,1
1485,1
1486,3
1487,3
1488,1
1489,1
1490,2
1491,2
1492,1
1493,0
1494,2
1495,3
1496,1
1497,1
1498,1
1499,0
1500,3
1501,3
1502,1
1503,2
1504,0
1505,3
1506,0
1507,1
1508,2
1509,1
1510,1
1511,2
1512,3
1513,2
1514,0
1515,1
1516,1
1517,3
1518,2
1519,1
1520,0
1521,3
1522,2
1523,2
1524,3
1525,1
1526,2
1527,1
1528,1
1529,0
1530,1
1531,6
1532,2
1533,1
1534,0
1535,0
1536,2
1537,2
1538,1
1539,0
1540,1
1541,3
1542,1
1543,1
1544,2
1545,2
1546,0
1547,4
1548,1
1549,1
1550,2
1551,1
1552,1
1553,3
1554,0
1555,0
1556,2
1557,1
1558,5
1559,0
1560,2
1561,3
1562,1
1563,2
1564,1
1565,0
1566,0
1567,5
1568,2
1569,1
1570,2
1571,1
1572,2
1573,0
1574,3
1575,1
1576,1
1577,1
1578,1
1579,1
1580,3
1581,2
1582,0
1583,2
1584,4
1585,2
1586,1
1587,2
1588,3
1589,1
1590,1
1591,2
1592,4
1593,1
1594,1
1595,2
1596,1
1597,1
1598,2
1599,3
1600,1
1601,1
1602,2
1603,1
1604,1
1605,2
1606,4
1607,1
1608,4
1609,1
1610,2
1611,1
1612,3
1613,1
1614,2
1615,1
1616,0
1617,1
1618,0
1619,3
1620,1
1621,1
1622,2
1623,1
1624,1
1625,2
1626,2
1627,1
1628,0
1629,0
1630,3
1631,2
1632,5
1633,4
1634,0
1635,0
1636,2
1637,2
1638,3
1639,3
1640,1
1641,1
1642,1
1643,1
1644,2
1645,0
1646,2
1647,2
1648,2
1649,1
1650,1
1651,0
1652,2
1653,1
1654,1
1655,3
1656,1
1657,1
1658,0
1659,1
1660,1
1661,3
1662,0
1663,1
1664,3
1665,1
1666,2
1667,1
1668,0
1669,0
1670,0
1671,2
1672,2
1673,2
1674,1
1675,1
1676,0
1677,1
1678,0
1679,2
1680,2
1681,1
1682,4
1683,0
1684,1
1685,1
1686,2
1687,1
1688,0
1689,1
1690,0
1691,3
1692,1
1693,2
1694,5
1695,1
1696,0
1697,0
1698,2
1699,1
1700,1
1701,2
1702,0
1703,1
1704,1
1705,0
1706,1
1707,4
1708,1
1709,3
1710,1
1711,1
1712,2
1713,3
1714,2
1715,1
1716,0
1717,3
1718,1
1719,1
1720,0
1721,1
1722,0
1723,1
1724,3
1725,3
1726,1
1727,1
1728,0
1729,1
1730,0
1731,1
1732,1
1733,4
1734,1
1735,1
1736,1
1737,1
1738,1
1739,2
1740,2
1741,0
1742,4
1743,2
1744,3
1745,3
1746,1
1747,0
1748,2
1749,0
1750,2
1751,4
1752,1
1753,1
1754,3
1755,1
1756,1
1757,1
1758,1
1759,2
1760,2
1761,2
1762,4
1763,4
1764,1
1765,1
1766,0
1767,1
1768,4
1769,4
1770,3
1771,3
1772,4
1773,3
1774,0
1775,1
1776,1
1777,1
1778,2
1779,4
1780,2
1781,0
1782,0
1783,1
1784,2
1785,2
1786,1
1787,1
1788,0
1789,3
1790,6
1791,5
1792,1
1793,4
1794,1
1795,1
1796,3
1797,3
1798,2
1799,4
1800,1
1801,2
1802,3
1803,1
1804,4
1805,3
1806,2
1807,3
1808,0
1809,1
1810,4
1811,1
1812,0
1813,0
1814,3
1815,1
1816,3
1817,0
1818,1
1819,2
1820,1
1821,0
1822,4
1823,1
1824,1
1825,1
1826,2
1827,1
1828,1
1829,0
1830,1
1831,4
1832,1
1833,1
1834,0
1835,1
1836,0
1837,5
1838,1
1839,4
1840,3
1841,0
1842,0
1843,2
1844,0
1845,2
1846,2
1847,2
1848,0
1849,1
1850,3
1851,0
1852,0
1853,3
1854,0
1855,1
1856,0
1857,2
1858,0
1859,2
1860,2
1861,5
1862,2
1863,1
1864,2
1865,1
1866,0
1867,0
1868,1
1869,1
1870,1
1871,1
1872,2
1873,2
1874,2
1875,7
1876,1
1877,2
1878,2
1879,1
1880,3
1881,4
1882,5
1883,1
1884,3
1885,1
1886,1
1887,0
1888,1
1889,2
1890,1
1891,1
1892,3
1893,1
1894,0
1895,3
1896,0
1897,1
1898,0
1899,1
1900,2
1901,5
1902,1
1903,1
1904,3
1905,1
1906,1
1907,3
1908,1
1909,1
1910,1
1911,0
1912,2
1913,0
1914,1
1915,3
1916,1
1917,3
1918,4
1919,1
1920,1
1921,1
1922,0
1923,1
1924,2
1925,3
1926,1
1927,1
1928,2
1929,3
1930,1
1931,2
1932,2
1933,0
1934,1
1935,1
1936,1
1937,3
1938,3
1939,2
1940,1
1941,0
1942,0
1943,0
1944,2
1945,1
1946,1
1947,2
1948,0
1949,1
1950,2
1951,2
1952,1
1953,3
1954,2
1955,1
1956,1
1957,1
1958,1
