0,3
1,1
2,3
3,1
4,1
5,4
6,2
7,1
8,4
9,1
10,2
11,1
12,2
13,2
14,3
15,0
16,1
17,1
18,8
19,4
20,2
21,1
22,2
23,5
24,1
25,9
26,4
27,0
28,0
29,1
30,1
31,6
32,3
33,0
34,1
35,0
36,2
37,1
38,1
39,3
40,1
41,1
42,1
43,1
44,1
45,4
46,3
47,1
48,2
49,0
50,3
51,1
52,1
53,0
54,0
55,5
56,0
57,1
58,1
59,2
60,5
61,1
62,1
63,2
64,1
65,1
66,4
67,1
68,7
69,0
70,2
71,2
72,0
73,2
74,2
75,1
76,3
77,1
78,0
79,1
80,0
81,3
82,3
83,1
84,3
85,1
86,1
87,0
88,6
89,3
90,0
91,0
92,0
93,0
94,0
95,0
96,1
97,2
98,0
99,0
100,2
101,1
102,1
103,4
104,1
105,1
106,1
107,1
108,1
109,1
110,7
111,0
112,1
113,0
114,0
115,1
116,2
117,0
118,1
119,1
120,0
121,0
122,1
123,0
124,2
125,1
126,2
127,3
128,3
129,1
130,1
131,1
132,0
133,1
134,0
135,0
136,2
137,0
138,1
139,2
140,6
141,2
142,1
143,6
144,1
145,0
146,0
147,1
148,2
149,2
150,0
151,1
152,1
153,5
154,1
155,1
156,1
157,1
158,0
159,1
160,1
161,1
162,1
163,1
164,1
165,0
166,6
167,0
168,2
169,0
170,2
171,3
172,0
173,5
174,1
175,1
176,4
177,4
178,6
179,1
180,1
181,8
182,1
183,2
184,0
185,1
186,6
187,1
188,2
189,1
190,2
191,2
192,2
193,2
194,2
195,2
196,2
197,2
198,1
199,5
200,5
201,3
202,11
203,1
204,7
205,4
206,5
207,0
208,1
209,1
210,1
211,4
212,2
213,3
214,3
215,5
216,3
217,0
218,3
219,1
220,3
221,1
222,1
223,1
224,1
225,1
226,1
227,3
228,5
229,1
230,6
231,1
232,1
233,1
234,8
235,4
236,3
237,1
238,1
239,1
240,3
241,2
242,10
243,0
244,1
245,1
246,5
247,0
248,3
249,1
250,2
251,1
252,5
253,1
254,2
255,1
256,0
257,0
258,3
259,4
260,6
261,1
262,1
263,1
264,3
265,4
266,3
267,8
268,1
269,3
270,3
271,3
272,1
273,1
274,1
275,1
276,2
277,2
278,2
279,3
280,4
281,4
282,3
283,4
284,1
285,6
286,3
287,4
288,5
289,5
290,2
291,4
292,0
293,1
294,5
295,3
296,1
297,1
298,0
299,4
300,4
301,2
302,3
303,1
304,0
305,1
306,7
307,3
308,0
309,1
310,6
311,1
312,6
313,1
314,1
315,3
316,2
317,5
318,3
319,2
320,4
321,1
322,3
323,2
324,7
325,0
326,0
327,1
328,11
329,5
330,0
331,1
332,2
333,1
334,1
335,4
336,0
337,1
338,6
339,0
340,1
341,2
342,2
343,1
344,2
345,1
346,0
347,6
348,3
349,6
350,1
351,1
352,1
353,7
354,3
355,1
356,3
357,1
358,3
359,1
360,2
361,1
362,2
363,0
364,7
365,4
366,2
367,1
368,1
369,1
370,2
371,1
372,2
373,0
374,1
375,4
376,5
377,0
378,1
379,2
380,1
381,8
382,0
383,0
384,1
385,1
386,1
387,0
388,1
389,2
390,5
391,2
392,2
393,3
394,1
395,4
396,1
397,1
398,1
399,1
400,1
401,1
402,1
403,4
404,1
405,0
406,1
407,1
408,0
409,1
410,1
411,0
412,1
413,1
414,4
415,2
416,0
417,1
418,2
419,1
420,1
421,0
422,4
423,1
424,1
425,1
426,2
427,1
428,1
429,2
430,2
431,1
432,2
433,12
434,4
435,1
436,2
437,4
438,4
439,1
440,0
441,4
442,1
443,2
444,1
445,0
446,1
447,1
448,3
449,2
450,1
451,0
452,1
453,1
454,1
455,1
456,1
457,4
458,0
459,7
460,3
461,5
462,0
463,1
464,3
465,1
466,4
467,0
468,1
469,2
470,1
471,2
472,1
473,6
474,1
475,1
476,3
477,3
478,1
479,4
480,1
481,3
482,1
483,3
484,5
485,3
486,1
487,1
488,5
489,1
490,5
491,1
492,1
493,3
494,1
495,1
496,1
497,5
498,0
499,4
500,1
501,0
502,2
503,2
504,0
505,7
506,0
507,0
508,2
509,1
510,1
511,1
512,0
513,3
514,6
515,0
516,5
517,3
518,1
519,6
520,2
521,3
522,1
523,6
524,2
525,1
526,1
527,1
528,1
529,4
530,3
531,2
532,0
533,0
534,1
535,2
536,1
537,6
538,1
539,5
540,1
541,5
542,1
543,1
544,1
545,1
546,2
547,3
548,1
549,6
550,0
551,4
552,1
553,1
554,1
555,1
556,3
557,4
558,5
559,1
560,1
561,1
562,2
563,0
564,2
565,1
566,6
567,3
568,3
569,3
570,1
571,1
572,1
573,2
574,0
575,3
576,6
577,2
578,5
579,7
580,2
581,3
582,3
583,3
584,3
585,1
586,2
587,1
588,1
589,1
590,2
591,0
592,1
593,0
594,2
595,1
596,6
597,1
598,3
599,6
600,4
601,0
602,3
603,2
604,2
605,1
606,2
607,0
608,0
609,0
610,0
611,4
612,1
613,1
614,6
615,1
616,2
617,2
618,2
619,1
620,1
621,0
622,2
623,1
624,0
625,2
626,0
627,1
628,2
629,1
630,3
631,0
632,0
633,0
634,2
635,0
636,1
637,1
638,0
639,1
640,1
641,1
642,1
643,4
644,1
645,1
646,1
647,2
648,4
649,1
650,0
651,5
652,1
653,2
654,0
655,1
656,2
657,0
658,1
659,1
660,1
661,1
662,1
663,1
664,1
665,3
666,1
667,1
668,3
669,2
670,1
671,1
672,1
673,1
674,0
675,1
676,1
677,1
678,1
679,0
680,1
681,1
682,1
683,0
684,1
685,2
686,2
687,0
688,2
689,0
690,1
691,2
692,0
693,3
694,3
695,1
696,0
697,1
698,0
699,1
700,0
701,1
702,0
703,0
704,1
705,1
706,1
707,1
708,0
709,0
710,2
711,1
712,1
713,0
714,1
715,3
716,0
717,0
718,1
719,1
720,0
721,3
722,1
723,3
724,5
725,0
726,0
727,1
728,3
729,4
730,1
731,2
732,2
733,0
734,2
735,3
736,1
737,1
738,1
739,1
740,0
741,0
742,1
743,4
744,0
745,1
746,2
747,0
748,5
749,1
750,1
751,2
752,2
753,3
754,1
755,2
756,1
757,1
758,3
759,1
760,0
761,2
762,3
763,1
764,6
765,1
766,1
767,1
768,2
769,6
770,3
771,3
772,0
773,3
774,1
775,2
776,1
777,0
778,2
779,4
780,6
781,1
782,2
783,5
784,4
785,5
786,5
787,1
788,3
789,0
790,3
791,1
792,4
793,1
794,2
795,5
796,2
797,0
798,2
799,3
800,0
801,3
802,1
803,3
804,3
805,1
806,0
807,1
808,0
809,5
810,2
811,1
812,3
813,6
814,0
815,1
816,1
817,1
818,9
819,1
820,1
821,1
822,2
823,4
824,3
825,6
826,0
827,1
828,3
829,0
830,3
831,4
832,2
833,0
834,7
835,2
836,0
837,2
838,0
839,2
840,1
841,3
842,5
843,2
844,5
845,5
846,1
847,1
848,1
849,0
850,3
851,1
852,1
853,5
854,3
855,0
856,3
857,1
858,2
859,1
860,0
861,2
862,3
863,2
864,2
865,0
866,1
867,0
868,1
869,2
870,2
871,1
872,3
873,3
874,1
875,0
876,0
877,1
878,5
879,5
880,1
881,2
882,1
883,0
884,1
885,5
886,1
887,3
888,1
889,4
890,1
891,2
892,3
893,0
894,3
895,3
896,2
897,3
898,5
899,1
900,1
901,5
902,2
903,1
904,4
905,1
906,2
907,4
908,0
909,1
910,2
911,1
912,1
913,1
914,1
915,1
916,0
917,2
918,1
919,2
920,1
921,1
922,2
923,1
924,2
925,4
926,5
927,8
928,3
929,1
930,3
931,1
932,2
933,1
934,2
935,3
936,2
937,2
938,2
939,1
940,4
941,0
942,5
943,4
944,1
945,1
946,1
947,0
948,1
949,2
950,3
951,0
952,2
953,5
954,0
955,0
956,0
957,2
958,1
959,1
960,1
961,3
962,0
963,1
964,2
965,1
966,1
967,2
968,1
969,4
970,1
971,1
972,1
973,0
974,3
975,1
976,0
977,1
978,1
979,2
980,1
981,1
982,0
983,0
984,0
985,2
986,3
987,1
988,2
989,1
990,0
991,1
992,4
993,2
994,1
995,4
996,2
997,1
998,1
999,0
1000,2
1001,3
1002,4
1003,0
1004,4
1005,1
1006,3
1007,6
1008,2
1009,1
1010,2
1011,1
1012,0
1013,3
1014,3
1015,2
1016,2
1017,0
1018,1
1019,0
1020,3
1021,1
1022,1
1023,7
1024,1
1025,2
1026,1
1027,1
1028,1
1029,0
1030,4
1031,1
1032,0
1033,1
1034,1
1035,4
1036,1
1037,0
1038,3
1039,4
1040,1
1041,1
1042,0
1043,1
1044,0
1045,0
1046,1
1047,1
1048,1
1049,2
1050,0
1051,2
1052,3
1053,1
1054,0
1055,1
1056,2
1057,1
1058,3
1059,0
1060,1
1061,4
1062,0
1063,3
1064,3
1065,1
1066,3
1067,2
1068,0
1069,1
1070,1
1071,5
1072,0
1073,2
1074,0
1075,2
1076,1
1077,1
1078,2
1079,0
1080,4
1081,1
1082,3
1083,2
1084,1
1085,2
1086,1
1087,3
1088,1
1089,2
1090,1
1091,2
1092,0
1093,2
1094,1
1095,1
1096,0
1097,1
1098,1
1099,5
1100,3
1101,1
1102,5
1103,3
1104,9
1105,1
1106,1
1107,1
1108,1
1109,2
1110,2
1111,2
1112,1
1113,7
1114,3
1115,7
1116,1
1117,2
1118,1
1119,1
1120,3
1121,0
1122,3
1123,1
1124,2
1125,4
1126,3
1127,2
1128,1
1129,2
1130,0
1131,0
1132,0
1133,1
1134,0
1135,3
1136,1
1137,1
1138,2
1139,1
1140,1
1141,2
1142,2
1143,1
1144,1
1145,1
1146,1
1147,1
1148,1
1149,5
1150,2
1151,3
1152,1
1153,1
1154,2
1155,0
1156,1
1157,2
1158,1
1159,1
1160,2
1161,3
1162,3
1163,1
1164,1
1165,2
1166,0
1167,1
1168,0
1169,1
1170,5
1171,2
1172,4
1173,1
1174,1
1175,1
1176,1
1177,2
1178,0
1179,1
1180,1
1181,1
1182,1
1183,1
1184,5
1185,1
1186,1
1187,1
1188,2
1189,0
1190,0
1191,1
1192,1
1193,1
1194,1
1195,3
1196,4
1197,2
1198,0
1199,1
1200,1
1201,0
1202,0
1203,1
1204,0
1205,1
1206,1
1207,1
1208,1
1209,4
1210,2
1211,2
1212,0
1213,1
1214,1
1215,1
1216,4
1217,1
1218,0
1219,0
1220,3
1221,1
1222,2
1223,0
1224,4
1225,1
1226,0
1227,0
1228,3
1229,3
1230,7
1231,0
1232,1
1233,3
1234,3
1235,2
1236,1
1237,1
1238,3
1239,0
1240,1
1241,2
1242,1
1243,1
1244,2
1245,1
1246,1
1247,6
1248,2
1249,1
1250,1
1251,0
1252,0
1253,5
1254,0
1255,1
1256,1
1257,1
1258,0
1259,1
1260,2
1261,2
1262,5
1263,2
1264,1
1265,3
1266,6
1267,0
1268,1
1269,1
1270,3
1271,3
1272,5
1273,3
1274,3
1275,2
1276,0
1277,5
1278,3
1279,5
1280,3
1281,5
1282,1
1283,1
1284,2
1285,2
1286,1
1287,2
1288,5
1289,0
1290,0
1291,3
1292,8
1293,1
1294,5
1295,5
1296,1
1297,1
1298,0
1299,3
1300,0
1301,0
1302,4
1303,7
1304,0
1305,5
1306,0
1307,1
1308,3
1309,1
1310,7
1311,3
1312,5
1313,2
1314,7
1315,1
1316,2
1317,1
1318,3
1319,7
1320,1
1321,2
1322,2
1323,0
1324,1
1325,2
1326,1
1327,0
1328,4
1329,5
1330,1
1331,0
1332,0
1333,4
1334,1
1335,1
1336,0
1337,1
1338,1
1339,1
1340,2
1341,2
1342,1
1343,5
1344,1
1345,1
1346,9
1347,2
1348,2
1349,2
1350,1
1351,1
1352,1
1353,1
1354,2
1355,2
1356,2
1357,2
1358,0
1359,2
1360,2
1361,1
1362,0
1363,1
1364,2
1365,1
1366,7
1367,1
1368,1
1369,3
1370,1
1371,3
1372,3
1373,1
1374,2
1375,1
1376,1
1377,2
1378,0
1379,1
1380,1
1381,0
1382,1
1383,1
1384,5
1385,1
1386,6
1387,0
1388,3
1389,1
1390,2
1391,4
1392,1
1393,0
1394,0
1395,0
1396,2
1397,1
1398,3
1399,2
1400,2
1401,0
1402,1
1403,1
1404,2
1405,1
1406,2
1407,1
1408,1
1409,4
1410,3
1411,2
1412,2
1413,2
1414,2
1415,1
1416,1
1417,1
1418,2
1419,0
1420,2
1421,2
1422,0
1423,1
1424,1
1425,1
1426,1
1427,3
1428,1
1429,1
1430,1
1431,1
1432,1
1433,2
1434,1
1435,4
1436,0
1437,3
1438,1
1439,2
1440,1
1441,0
1442,1
1443,0
1444,1
1445,2
1446,0
1447,0
1448,0
1449,2
1450,1
1451,3
1452,1
1453,1
1454,2
1455,1
1456,0
1457,2
1458,1
1459,3
1460,4
1461,1
1462,0
1463,6
1464,4
1465,1
1466,6
1467,3
1468,1
1469,1
1470,1
1471,1
1472,1
1473,2
1474,2
1475,3
1476,1
1477,1
1478,1
1479,1
1480,4
1481,4
1482,3
1483,3
1484,1
1485,1
1486,3
1487,5
1488,2
1489,3
1490,1
1491,2
1492,3
1493,0
1494,2
1495,1
1496,2
1497,1
1498,2
1499,0
1500,2
1501,1
1502,1
1503,1
1504,0
1505,5
1506,0
1507,1
1508,4
1509,2
1510,3
1511,3
1512,4
1513,3
1514,0
1515,1
1516,1
1517,3
1518,4
1519,2
1520,0
1521,2
1522,3
1523,1
1524,3
1525,1
1526,2
1527,1
1528,1
1529,0
1530,1
1531,3
1532,2
1533,2
1534,1
1535,0
1536,2
1537,1
1538,1
1539,0
1540,1
1541,1
1542,2
1543,1
1544,1
1545,3
1546,0
1547,2
1548,1
1549,1
1550,2
1551,2
1552,1
1553,2
1554,0
1555,0
1556,2
1557,3
1558,1
1559,1
1560,1
1561,3
1562,1
1563,2
1564,1
1565,1
1566,0
1567,2
1568,3
1569,1
1570,1
1571,0
1572,3
1573,1
1574,3
1575,2
1576,0
1577,1
1578,1
1579,1
1580,3
1581,1
1582,0
1583,4
1584,2
1585,2
1586,1
1587,1
1588,1
1589,2
1590,1
1591,5
1592,2
1593,2
1594,1
1595,2
1596,0
1597,2
1598,2
1599,1
1600,1
1601,0
1602,2
1603,2
1604,1
1605,2
1606,2
1607,1
1608,4
1609,3
1610,1
1611,0
1612,2
1613,0
1614,1
1615,3
1616,0
1617,1
1618,0
1619,6
1620,3
1621,1
1622,0
1623,1
1624,1
1625,2
1626,2
1627,1
1628,1
1629,0
1630,0
1631,1
1632,1
1633,4
1634,0
1635,0
1636,1
1637,2
1638,0
1639,1
1640,4
1641,3
1642,0
1643,2
1644,1
1645,1
1646,3
1647,1
1648,4
1649,1
1650,1
1651,0
1652,2
1653,1
1654,1
1655,2
1656,1
1657,2
1658,0
1659,1
1660,1
1661,4
1662,0
1663,1
1664,2
1665,1
1666,2
1667,2
1668,0
1669,0
1670,1
1671,2
1672,2
1673,2
1674,2
1675,1
1676,1
1677,1
1678,0
1679,1
1680,1
1681,1
1682,1
1683,0
1684,0
1685,1
1686,3
1687,1
1688,0
1689,0
1690,0
1691,3
1692,1
1693,1
1694,3
1695,1
1696,0
1697,1
1698,1
1699,1
1700,1
1701,2
1702,0
1703,1
1704,1
1705,2
1706,1
1707,6
1708,6
1709,3
1710,1
1711,2
1712,3
1713,2
1714,2
1715,1
1716,0
1717,2
1718,2
1719,4
1720,1
1721,1
1722,0
1723,4
1724,1
1725,5
1726,1
1727,1
1728,1
1729,2
1730,0
1731,1
1732,1
1733,2
1734,1
1735,8
1736,1
1737,1
1738,6
1739,4
1740,2
1741,0
1742,1
1743,2
1744,2
1745,4
1746,1
1747,0
1748,3
1749,0
1750,2
1751,4
1752,1
1753,3
1754,5
1755,1
1756,2
1757,3
1758,1
1759,2
1760,2
1761,2
1762,4
1763,3
1764,1
1765,1
1766,0
1767,1
1768,6
1769,3
1770,4
1771,1
1772,1
1773,3
1774,0
1775,4
1776,1
1777,1
1778,1
1779,3
1780,1
1781,7
1782,0
1783,1
1784,2
1785,2
1786,3
1787,1
1788,0
1789,1
1790,7
1791,3
1792,2
1793,7
1794,2
1795,1
1796,1
1797,5
1798,1
1799,5
1800,1
1801,2
1802,2
1803,1
1804,4
1805,2
1806,4
1807,1
1808,0
1809,2
1810,3
1811,1
1812,0
1813,1
1814,2
1815,1
1816,3
1817,0
1818,1
1819,1
1820,4
1821,0
1822,8
1823,2
1824,1
1825,4
1826,1
1827,2
1828,2
1829,0
1830,2
1831,3
1832,2
1833,1
1834,2
1835,1
1836,0
1837,2
1838,1
1839,2
1840,2
1841,0
1842,1
1843,1
1844,0
1845,2
1846,2
1847,2
1848,0
1849,1
1850,2
1851,0
1852,0
1853,1
1854,0
1855,1
1856,0
1857,6
1858,0
1859,1
1860,1
1861,1
1862,2
1863,0
1864,1
1865,6
1866,0
1867,0
1868,0
1869,3
1870,1
1871,0
1872,1
1873,3
1874,2
1875,1
1876,1
1877,3
1878,1
1879,1
1880,3
1881,8
1882,4
1883,5
1884,3
1885,1
1886,1
1887,0
1888,0
1889,2
1890,1
1891,1
1892,6
1893,1
1894,1
1895,2
1896,0
1897,1
1898,0
1899,2
1900,2
1901,4
1902,1
1903,2
1904,2
1905,6
1906,2
1907,2
1908,1
1909,1
1910,3
1911,0
1912,3
1913,0
1914,1
1915,1
1916,1
1917,3
1918,4
1919,1
1920,1
1921,1
1922,0
1923,1
1924,2
1925,1
1926,2
1927,2
1928,3
1929,2
1930,1
1931,3
1932,1
1933,0
1934,0
1935,3
1936,2
1937,1
1938,1
1939,1
1940,3
1941,0
1942,0
1943,1
1944,2
1945,1
1946,2
1947,1
1948,1
1949,1
1950,3
1951,2
1952,1
1953,2
1954,2
1955,1
1956,1
1957,4
1958,1
