0,44.0
1,51.0
2,34.0
3,69.0
4,31.0
5,56.0
6,57.0
7,59.0
8,72.0
9,48.0
10,39.0
11,48.0
12,44.0
13,26.0
14,82.0
15,82.0
16,34.0
17,31.0
18,38.0
19,47.0
20,49.0
21,37.0
22,44.0
23,44.0
24,33.0
25,31.0
26,47.0
27,39.0
28,
29,50.0
30,45.0
31,48.0
32,23.0
33,73.0
34,44.0
35,44.0
36,32.0
37,40.0
38,53.0
39,43.0
40,51.0
41,36.0
42,35.0
43,53.0
44,43.0
45,72.0
46,26.0
47,36.0
48,3.0
49,49.0
50,56.0
51,
52,30.0
53,40.0
54,84.0
55,26.0
56,64.0
57,54.0
58,43.0
59,
60,38.0
61,43.0
62,37.0
63,34.0
64,37.0
65,37.0
66,26.0
67,
68,82.0
69,
70,26.0
71,115.0
72,25.0
73,42.0
74,39.0
75,49.0
76,32.0
77,53.0
78,42.0
79,31.0
80,50.0
81,28.0
82,38.0
83,36.0
84,53.0
85,51.0
86,42.0
87,36.0
88,115.0
89,33.0
90,53.0
91,
92,57.0
93,72.0
94,10.0
95,53.0
96,39.0
97,64.0
98,32.0
99,32.0
100,37.0
101,32.0
102,22.0
103,31.0
104,48.0
105,
106,41.0
107,16.0
108,55.0
109,37.0
110,38.0
111,31.0
112,34.0
113,65.0
114,32.0
115,36.0
116,51.0
117,34.0
118,16.0
119,
120,69.0
121,49.0
122,53.0
123,42.0
124,33.0
125,50.0
126,19.0
127,31.0
128,44.0
129,53.0
130,48.0
131,4.0
132,42.0
133,34.0
134,58.0
135,33.0
136,53.0
137,
138,37.0
139,46.0
140,37.0
141,37.0
142,
143,38.0
144,37.0
145,53.0
146,26.0
147,45.0
148,12.0
149,30.0
150,53.0
151,16.0
152,41.0
153,37.0
154,39.0
155,50.0
156,45.0
157,73.0
158,35.0
159,
160,
161,12.0
162,92.0
163,128.0
164,
165,84.0
166,115.0
167,59.0
168,33.0
169,72.0
170,21.0
171,50.0
172,51.0
173,38.0
174,51.0
175,36.0
176,37.0
177,39.0
178,38.0
179,33.0
180,
181,38.0
182,44.0
183,32.0
184,89.0
185,37.0
186,38.0
187,26.0
188,69.0
189,26.0
190,31.0
191,34.0
192,33.0
193,37.0
194,37.0
195,42.0
196,65.0
197,12.0
198,41.0
199,25.0
200,65.0
201,37.0
202,38.0
203,41.0
204,35.0
205,50.0
206,62.0
207,50.0
208,33.0
209,53.0
210,42.0
211,70.0
212,48.0
213,37.0
214,41.0
215,35.0
216,82.0
217,35.0
218,50.0
219,34.0
220,37.0
221,3.0
222,49.0
223,31.0
224,65.0
225,51.0
226,71.0
227,16.0
228,37.0
229,41.0
230,25.0
231,30.0
232,72.0
233,31.0
234,31.0
235,37.0
236,51.0
237,71.0
238,
239,35.0
240,41.0
241,33.0
242,38.0
243,36.0
244,37.0
245,31.0
246,38.0
247,47.0
248,33.0
249,82.0
250,37.0
251,39.0
252,29.0
253,65.0
254,57.0
255,67.0
256,
257,37.0
258,41.0
259,26.0
260,26.0
261,37.0
262,40.0
263,65.0
264,35.0
265,37.0
266,33.0
267,38.0
268,41.0
269,43.0
270,33.0
271,27.0
272,34.0
273,59.0
274,12.0
275,33.0
276,32.0
277,81.0
278,
279,44.0
280,26.0
281,33.0
282,35.0
283,35.0
284,50.0
285,24.0
286,37.0
287,37.0
288,51.0
289,34.0
290,37.0
291,34.0
292,41.0
293,67.0
294,37.0
295,37.0
296,51.0
297,32.0
298,31.0
299,3.0
300,56.0
301,38.0
302,37.0
303,31.0
304,
305,
306,37.0
307,26.0
308,28.0
309,47.0
310,46.0
311,31.0
312,37.0
313,41.0
314,3.0
315,37.0
316,43.0
317,14.0
318,37.0
319,25.0
320,23.0
321,49.0
322,35.0
323,38.0
324,38.0
325,39.0
326,45.0
327,82.0
328,53.0
329,47.0
330,26.0
331,31.0
332,50.0
333,28.0
334,44.0
335,37.0
336,33.0
337,72.0
338,46.0
339,35.0
340,30.0
341,30.0
342,32.0
343,59.0
344,21.0
345,44.0
346,18.0
347,38.0
348,40.0
349,38.0
350,46.0
351,147.0
352,45.0
353,38.0
354,47.0
355,32.0
356,33.0
357,48.0
358,38.0
359,41.0
360,57.0
361,41.0
362,37.0
363,65.0
364,97.0
365,37.0
366,31.0
367,37.0
368,32.0
369,21.0
370,45.0
371,36.0
372,31.0
373,43.0
374,106.0
375,37.0
376,38.0
377,53.0
378,36.0
379,35.0
380,25.0
381,31.0
382,16.0
383,57.0
384,33.0
385,67.0
386,39.0
387,53.0
388,45.0
389,48.0
390,46.0
391,37.0
392,81.0
393,26.0
394,39.0
395,44.0
396,44.0
397,35.0
398,39.0
399,34.0
400,46.0
401,40.0
402,25.0
403,26.0
404,18.0
405,4.0
406,60.0
407,25.0
408,96.0
409,35.0
410,35.0
411,69.0
412,37.0
413,37.0
414,46.0
415,21.0
416,55.0
417,41.0
418,54.0
419,37.0
420,39.0
421,96.0
422,90.0
423,40.0
424,26.0
425,44.0
426,42.0
427,
428,38.0
429,240.0
430,47.0
431,47.0
432,37.0
433,82.0
434,35.0
435,45.0
436,31.0
437,42.0
438,24.0
439,33.0
440,39.0
441,26.0
442,34.0
443,81.0
444,4.0
445,
446,81.0
447,44.0
448,69.0
449,28.0
450,39.0
451,
452,46.0
453,37.0
454,37.0
455,50.0
456,
457,37.0
458,50.0
459,34.0
460,49.0
461,14.0
462,31.0
463,114.0
464,37.0
465,45.0
466,37.0
467,97.0
468,50.0
469,65.0
470,46.0
471,44.0
472,61.0
473,52.0
474,33.0
475,
476,38.0
477,41.0
478,51.0
479,25.0
480,31.0
481,48.0
482,18.0
483,38.0
484,29.0
485,53.0
486,27.0
487,71.0
488,72.0
489,39.0
490,31.0
491,49.0
492,
493,43.0
494,41.0
495,33.0
496,46.0
497,37.0
498,
499,47.0
500,47.0
501,43.0
502,33.0
503,37.0
504,48.0
505,31.0
506,48.0
507,48.0
508,21.0
509,72.0
510,45.0
511,30.0
512,9.0
513,56.0
514,70.0
515,44.0
516,47.0
517,38.0
518,32.0
519,92.0
520,71.0
521,82.0
522,67.0
523,92.0
524,127.0
525,25.0
526,104.0
527,50.0
528,41.0
529,37.0
530,48.0
531,32.0
532,33.0
533,18.0
534,45.0
535,48.0
536,55.0
537,83.0
538,71.0
539,42.0
540,42.0
541,37.0
542,
543,38.0
544,36.0
545,65.0
546,
547,41.0
548,25.0
549,38.0
550,10.0
551,82.0
552,68.0
553,32.0
554,
555,32.0
556,73.0
557,34.0
558,14.0
559,32.0
560,104.0
561,47.0
562,69.0
563,16.0
564,42.0
565,45.0
566,42.0
567,57.0
568,35.0
569,45.0
570,44.0
571,72.0
572,33.0
573,44.0
574,16.0
575,34.0
576,38.0
577,26.0
578,38.0
579,38.0
580,34.0
581,20.0
582,36.0
583,69.0
584,153.0
585,32.0
586,42.0
587,59.0
588,34.0
589,36.0
590,67.0
591,81.0
592,25.0
593,57.0
594,49.0
595,
596,82.0
597,76.0
598,48.0
599,92.0
600,43.0
601,38.0
602,34.0
603,44.0
604,42.0
605,67.0
606,42.0
607,37.0
608,51.0
609,35.0
610,44.0
611,34.0
612,50.0
613,53.0
614,92.0
615,37.0
616,59.0
617,17.0
618,73.0
619,37.0
620,34.0
621,7.0
622,34.0
623,42.0
624,38.0
625,240.0
626,37.0
627,32.0
628,39.0
629,83.0
630,82.0
631,61.0
632,72.0
633,16.0
634,70.0
635,55.0
636,42.0
637,57.0
638,
639,30.0
640,53.0
641,40.0
642,29.0
643,106.0
644,110.0
645,59.0
646,25.0
647,
648,46.0
649,37.0
650,34.0
651,14.0
652,31.0
653,42.0
654,40.0
655,46.0
656,27.0
657,39.0
658,43.0
659,31.0
660,
661,42.0
662,38.0
663,101.0
664,45.0
665,14.0
666,31.0
667,34.0
668,37.0
669,25.0
670,50.0
671,56.0
672,45.0
673,32.0
674,33.0
675,49.0
676,36.0
677,
678,45.0
679,53.0
680,56.0
681,54.0
682,69.0
683,65.0
684,39.0
685,44.0
686,37.0
687,43.0
688,41.0
689,33.0
690,22.0
691,81.0
692,38.0
693,35.0
694,37.0
695,42.0
696,65.0
697,34.0
698,46.0
699,22.0
700,45.0
701,38.0
702,68.0
703,37.0
704,69.0
705,104.0
706,54.0
707,128.0
708,14.0
709,
710,42.0
711,37.0
712,104.0
713,56.0
714,36.0
715,127.0
716,35.0
717,21.0
718,37.0
719,127.0
720,37.0
721,53.0
722,30.0
723,46.0
724,38.0
725,40.0
726,22.0
727,15.0
728,34.0
729,53.0
730,15.0
731,50.0
732,51.0
733,43.0
734,37.0
735,82.0
736,12.0
737,34.0
738,33.0
739,50.0
740,27.0
741,35.0
742,33.0
743,34.0
744,56.0
745,39.0
746,51.0
747,38.0
748,47.0
749,32.0
750,38.0
751,44.0
752,41.0
753,29.0
754,73.0
755,62.0
756,70.0
757,49.0
758,34.0
759,35.0
760,49.0
761,47.0
762,15.0
763,36.0
764,38.0
765,25.0
766,38.0
767,3.0
768,32.0
769,14.0
770,29.0
771,53.0
772,57.0
773,71.0
774,
775,17.0
776,34.0
777,
778,37.0
779,63.0
780,37.0
781,31.0
782,32.0
783,49.0
784,53.0
785,81.0
786,
787,60.0
788,34.0
789,48.0
790,21.0
791,33.0
792,75.0
793,43.0
794,
795,75.0
796,30.0
797,
798,29.0
799,26.0
800,31.0
801,35.0
802,87.0
803,240.0
804,55.0
805,34.0
806,41.0
807,31.0
808,42.0
809,47.0
810,41.0
811,41.0
812,32.0
813,56.0
814,31.0
815,34.0
816,61.0
817,55.0
818,82.0
819,32.0
820,31.0
821,37.0
822,
823,23.0
824,32.0
825,37.0
826,27.0
827,44.0
828,26.0
829,53.0
830,25.0
831,38.0
832,34.0
833,31.0
834,70.0
835,21.0
836,39.0
837,42.0
838,31.0
839,26.0
840,83.0
841,32.0
842,37.0
843,72.0
844,37.0
845,37.0
846,12.0
847,31.0
848,73.0
849,42.0
850,25.0
851,33.0
852,25.0
853,115.0
854,109.0
855,57.0
856,85.0
857,
858,73.0
859,48.0
860,46.0
861,59.0
862,155.0
863,29.0
864,35.0
865,4.0
866,45.0
867,65.0
868,27.0
869,38.0
870,147.0
871,15.0
872,26.0
873,38.0
874,34.0
875,
876,39.0
877,48.0
878,48.0
879,34.0
880,81.0
881,32.0
882,69.0
883,47.0
884,38.0
885,39.0
886,59.0
887,60.0
888,71.0
889,81.0
890,
891,37.0
892,26.0
893,53.0
894,30.0
895,56.0
896,44.0
897,31.0
898,38.0
899,38.0
900,38.0
901,49.0
902,26.0
903,4.0
904,48.0
905,32.0
906,33.0
907,35.0
908,44.0
909,72.0
910,42.0
911,15.0
912,34.0
913,
914,59.0
915,70.0
916,68.0
917,32.0
918,33.0
919,53.0
920,72.0
921,33.0
922,34.0
923,44.0
924,69.0
925,32.0
926,37.0
927,56.0
928,51.0
929,36.0
930,31.0
931,32.0
932,118.0
933,61.0
934,50.0
935,33.0
936,4.0
937,31.0
938,71.0
939,25.0
940,61.0
941,40.0
942,51.0
943,38.0
944,39.0
945,55.0
946,15.0
947,53.0
948,
949,57.0
950,48.0
951,48.0
952,44.0
953,48.0
954,46.0
955,50.0
956,
957,37.0
958,26.0
959,22.0
960,27.0
961,48.0
962,
963,42.0
964,38.0
965,38.0
966,16.0
967,53.0
968,25.0
969,240.0
970,24.0
971,24.0
972,44.0
973,33.0
974,70.0
975,15.0
976,16.0
977,41.0
978,33.0
979,90.0
980,69.0
981,48.0
982,
983,12.0
984,40.0
985,41.0
986,37.0
987,30.0
988,42.0
989,54.0
990,5.0
991,49.0
992,14.0
993,85.0
994,71.0
995,48.0
996,60.0
997,41.0
998,41.0
999,40.0
1000,50.0
1001,34.0
1002,26.0
1003,
1004,67.0
1005,87.0
1006,81.0
1007,38.0
1008,81.0
1009,50.0
1010,37.0
1011,65.0
1012,128.0
1013,32.0
1014,50.0
1015,39.0
1016,42.0
1017,39.0
1018,32.0
1019,
1020,50.0
1021,49.0
1022,48.0
1023,31.0
1024,37.0
1025,38.0
1026,34.0
1027,30.0
1028,25.0
1029,
1030,
1031,37.0
1032,35.0
1033,27.0
1034,45.0
1035,127.0
1036,42.0
1037,44.0
1038,35.0
1039,37.0
1040,42.0
1041,60.0
1042,28.0
1043,37.0
1044,9.0
1045,
1046,22.0
1047,63.0
1048,42.0
1049,63.0
1050,
1051,33.0
1052,49.0
1053,56.0
1054,12.0
1055,53.0
1056,39.0
1057,38.0
1058,50.0
1059,43.0
1060,47.0
1061,34.0
1062,49.0
1063,48.0
1064,38.0
1065,67.0
1066,25.0
1067,72.0
1068,40.0
1069,37.0
1070,59.0
1071,46.0
1072,34.0
1073,43.0
1074,56.0
1075,26.0
1076,41.0
1077,35.0
1078,48.0
1079,16.0
1080,44.0
1081,50.0
1082,34.0
1083,50.0
1084,3.0
1085,38.0
1086,36.0
1087,33.0
1088,41.0
1089,39.0
1090,37.0
1091,26.0
1092,35.0
1093,
1094,35.0
1095,48.0
1096,53.0
1097,36.0
1098,62.0
1099,61.0
1100,41.0
1101,4.0
1102,31.0
1103,48.0
1104,82.0
1105,34.0
1106,31.0
1107,34.0
1108,46.0
1109,50.0
1110,31.0
1111,97.0
1112,41.0
1113,31.0
1114,69.0
1115,31.0
1116,51.0
1117,51.0
1118,39.0
1119,62.0
1120,44.0
1121,81.0
1122,32.0
1123,67.0
1124,95.0
1125,53.0
1126,41.0
1127,31.0
1128,36.0
1129,26.0
1130,85.0
1131,
1132,27.0
1133,15.0
1134,40.0
1135,26.0
1136,44.0
1137,53.0
1138,82.0
1139,17.0
1140,48.0
1141,35.0
1142,25.0
1143,30.0
1144,25.0
1145,15.0
1146,110.0
1147,44.0
1148,47.0
1149,53.0
1150,43.0
1151,24.0
1152,32.0
1153,43.0
1154,50.0
1155,26.0
1156,36.0
1157,42.0
1158,56.0
1159,32.0
1160,64.0
1161,48.0
1162,72.0
1163,50.0
1164,42.0
1165,37.0
1166,33.0
1167,50.0
1168,46.0
1169,49.0
1170,23.0
1171,36.0
1172,12.0
1173,37.0
1174,69.0
1175,26.0
1176,51.0
1177,39.0
1178,26.0
1179,21.0
1180,41.0
1181,38.0
1182,7.0
1183,46.0
1184,45.0
1185,42.0
1186,42.0
1187,49.0
1188,97.0
1189,32.0
1190,5.0
1191,33.0
1192,33.0
1193,32.0
1194,38.0
1195,31.0
1196,83.0
1197,51.0
1198,83.0
1199,44.0
1200,106.0
1201,
1202,41.0
1203,
1204,33.0
1205,41.0
1206,40.0
1207,53.0
1208,90.0
1209,46.0
1210,44.0
1211,25.0
1212,33.0
1213,48.0
1214,65.0
1215,36.0
1216,34.0
1217,25.0
1218,41.0
1219,46.0
1220,8.0
1221,82.0
1222,41.0
1223,16.0
1224,34.0
1225,40.0
1226,9.0
1227,26.0
1228,34.0
1229,51.0
1230,12.0
1231,56.0
1232,33.0
1233,32.0
1234,34.0
1235,42.0
1236,54.0
1237,34.0
1238,51.0
1239,57.0
1240,95.0
1241,56.0
1242,50.0
1243,64.0
1244,73.0
1245,37.0
1246,65.0
1247,75.0
1248,46.0
1249,35.0
1250,128.0
1251,65.0
1252,35.0
1253,83.0
1254,44.0
1255,25.0
1256,30.0
1257,27.0
1258,9.0
1259,32.0
1260,31.0
1261,32.0
1262,37.0
1263,37.0
1264,16.0
1265,33.0
1266,51.0
1267,76.0
1268,37.0
1269,85.0
1270,37.0
1271,37.0
1272,29.0
1273,32.0
1274,31.0
1275,36.0
1276,4.0
1277,44.0
1278,33.0
1279,56.0
1280,33.0
1281,34.0
1282,69.0
1283,54.0
1284,48.0
1285,32.0
1286,65.0
1287,43.0
1288,29.0
1289,31.0
1290,39.0
1291,95.0
1292,31.0
1293,15.0
1294,34.0
1295,65.0
1296,49.0
1297,45.0
1298,65.0
1299,73.0
1300,
1301,35.0
1302,37.0
1303,38.0
1304,45.0
1305,34.0
1306,
1307,32.0
1308,114.0
1309,36.0
1310,34.0
1311,42.0
1312,38.0
1313,42.0
1314,61.0
1315,33.0
1316,45.0
1317,41.0
1318,45.0
1319,31.0
1320,45.0
1321,111.0
1322,
1323,
1324,37.0
1325,111.0
1326,118.0
1327,50.0
1328,28.0
1329,56.0
1330,34.0
1331,33.0
1332,41.0
1333,32.0
1334,45.0
1335,43.0
1336,42.0
1337,37.0
1338,37.0
1339,35.0
1340,27.0
1341,42.0
1342,54.0
1343,56.0
1344,39.0
1345,44.0
1346,47.0
1347,45.0
1348,46.0
1349,35.0
1350,4.0
1351,31.0
1352,35.0
1353,39.0
1354,
1355,104.0
1356,47.0
1357,11.0
1358,122.0
1359,48.0
1360,48.0
1361,56.0
1362,98.0
1363,56.0
1364,32.0
1365,51.0
1366,37.0
1367,38.0
1368,
1369,26.0
1370,30.0
1371,118.0
1372,72.0
1373,25.0
1374,31.0
1375,35.0
1376,25.0
1377,42.0
1378,53.0
1379,35.0
1380,48.0
1381,39.0
1382,41.0
1383,67.0
1384,56.0
1385,81.0
1386,37.0
1387,
1388,28.0
1389,44.0
1390,4.0
1391,60.0
1392,31.0
1393,34.0
1394,
1395,42.0
1396,44.0
1397,45.0
1398,44.0
1399,53.0
1400,42.0
1401,
1402,35.0
1403,35.0
1404,71.0
1405,63.0
1406,25.0
1407,50.0
1408,48.0
1409,69.0
1410,38.0
1411,34.0
1412,
1413,34.0
1414,42.0
1415,31.0
1416,32.0
1417,21.0
1418,38.0
1419,56.0
1420,33.0
1421,25.0
1422,31.0
1423,
1424,25.0
1425,42.0
1426,50.0
1427,35.0
1428,
1429,36.0
1430,69.0
1431,50.0
1432,43.0
1433,49.0
1434,104.0
1435,50.0
1436,102.0
1437,48.0
1438,28.0
1439,42.0
1440,43.0
1441,65.0
1442,47.0
1443,28.0
1444,36.0
1445,49.0
1446,55.0
1447,32.0
1448,35.0
1449,31.0
1450,25.0
1451,50.0
1452,37.0
1453,11.0
1454,111.0
1455,30.0
1456,51.0
1457,31.0
1458,65.0
1459,56.0
1460,44.0
1461,37.0
1462,40.0
1463,46.0
1464,41.0
1465,36.0
1466,70.0
1467,51.0
1468,38.0
1469,27.0
1470,67.0
1471,72.0
1472,69.0
1473,57.0
1474,72.0
1475,32.0
1476,37.0
1477,25.0
1478,115.0
1479,
1480,45.0
1481,57.0
1482,
1483,95.0
1484,36.0
1485,69.0
1486,
1487,51.0
1488,77.0
1489,34.0
1490,50.0
1491,37.0
1492,28.0
1493,10.0
1494,50.0
1495,44.0
1496,33.0
1497,45.0
1498,44.0
1499,54.0
1500,35.0
1501,67.0
1502,38.0
1503,53.0
1504,49.0
1505,25.0
1506,9.0
1507,35.0
1508,34.0
1509,44.0
1510,
1511,35.0
1512,44.0
1513,44.0
1514,65.0
1515,37.0
1516,31.0
1517,48.0
1518,37.0
1519,3.0
1520,39.0
1521,63.0
1522,26.0
1523,51.0
1524,44.0
1525,50.0
1526,21.0
1527,
1528,25.0
1529,
1530,45.0
1531,73.0
1532,30.0
1533,44.0
1534,37.0
1535,39.0
1536,44.0
1537,32.0
1538,
1539,81.0
1540,25.0
1541,37.0
1542,50.0
1543,37.0
1544,21.0
1545,35.0
1546,41.0
1547,69.0
1548,43.0
1549,
1550,33.0
1551,
1552,42.0
1553,33.0
1554,41.0
1555,93.0
1556,42.0
1557,69.0
1558,34.0
1559,44.0
1560,53.0
1561,32.0
1562,32.0
1563,42.0
1564,36.0
1565,39.0
1566,96.0
1567,82.0
1568,35.0
1569,95.0
1570,25.0
1571,96.0
1572,35.0
1573,47.0
1574,29.0
1575,49.0
1576,59.0
1577,54.0
1578,22.0
1579,44.0
1580,50.0
1581,35.0
1582,31.0
1583,50.0
1584,43.0
1585,51.0
1586,34.0
1587,72.0
1588,38.0
1589,26.0
1590,50.0
1591,240.0
1592,47.0
1593,24.0
1594,47.0
1595,56.0
1596,41.0
1597,64.0
1598,42.0
1599,34.0
1600,16.0
1601,104.0
1602,36.0
1603,44.0
1604,36.0
1605,47.0
1606,41.0
1607,37.0
1608,28.0
1609,25.0
1610,44.0
1611,32.0
1612,33.0
1613,39.0
1614,47.0
1615,34.0
1616,26.0
1617,21.0
1618,26.0
1619,30.0
1620,26.0
1621,54.0
1622,38.0
1623,39.0
1624,73.0
1625,55.0
1626,42.0
1627,37.0
1628,23.0
1629,51.0
1630,115.0
1631,44.0
1632,34.0
1633,12.0
1634,122.0
1635,
1636,48.0
1637,33.0
1638,33.0
1639,37.0
1640,42.0
1641,42.0
1642,54.0
1643,25.0
1644,37.0
1645,83.0
1646,34.0
1647,33.0
1648,34.0
1649,41.0
1650,48.0
1651,28.0
1652,44.0
1653,
1654,63.0
1655,37.0
1656,65.0
1657,51.0
1658,
1659,147.0
1660,3.0
1661,31.0
1662,9.0
1663,43.0
1664,38.0
1665,44.0
1666,33.0
1667,73.0
1668,51.0
1669,9.0
1670,12.0
1671,20.0
1672,75.0
1673,33.0
1674,3.0
1675,45.0
1676,35.0
1677,41.0
1678,
1679,44.0
1680,
1681,40.0
1682,69.0
1683,84.0
1684,48.0
1685,65.0
1686,109.0
1687,62.0
1688,9.0
1689,47.0
1690,41.0
1691,37.0
1692,67.0
1693,12.0
1694,82.0
1695,
1696,43.0
1697,34.0
1698,44.0
1699,37.0
1700,34.0
1701,53.0
1702,41.0
1703,30.0
1704,67.0
1705,48.0
1706,16.0
1707,107.0
1708,56.0
1709,33.0
1710,45.0
1711,33.0
1712,44.0
1713,20.0
1714,42.0
1715,46.0
1716,51.0
1717,26.0
1718,85.0
1719,26.0
1720,31.0
1721,43.0
1722,56.0
1723,31.0
1724,33.0
1725,35.0
1726,28.0
1727,34.0
1728,31.0
1729,104.0
1730,33.0
1731,32.0
1732,23.0
1733,36.0
1734,32.0
1735,31.0
1736,16.0
1737,32.0
1738,37.0
1739,37.0
1740,42.0
1741,87.0
1742,45.0
1743,44.0
1744,48.0
1745,38.0
1746,30.0
1747,76.0
1748,109.0
1749,26.0
1750,34.0
1751,107.0
1752,30.0
1753,34.0
1754,25.0
1755,65.0
1756,31.0
1757,44.0
1758,34.0
1759,37.0
1760,57.0
1761,80.0
1762,36.0
1763,36.0
1764,40.0
1765,
1766,9.0
1767,41.0
1768,40.0
1769,36.0
1770,47.0
1771,45.0
1772,114.0
1773,51.0
1774,
1775,37.0
1776,31.0
1777,41.0
1778,16.0
1779,36.0
1780,34.0
1781,35.0
1782,49.0
1783,50.0
1784,21.0
1785,35.0
1786,37.0
1787,33.0
1788,
1789,37.0
1790,31.0
1791,37.0
1792,81.0
1793,33.0
1794,43.0
1795,32.0
1796,67.0
1797,45.0
1798,39.0
1799,29.0
1800,42.0
1801,50.0
1802,37.0
1803,
1804,12.0
1805,19.0
1806,35.0
1807,34.0
1808,31.0
1809,26.0
1810,68.0
1811,38.0
1812,14.0
1813,35.0
1814,50.0
1815,
1816,115.0
1817,35.0
1818,36.0
1819,37.0
1820,81.0
1821,40.0
1822,31.0
1823,44.0
1824,36.0
1825,44.0
1826,44.0
1827,31.0
1828,41.0
1829,35.0
1830,26.0
1831,64.0
1832,32.0
1833,32.0
1834,43.0
1835,48.0
1836,41.0
1837,82.0
1838,34.0
1839,14.0
1840,70.0
1841,
1842,33.0
1843,41.0
1844,30.0
1845,44.0
1846,34.0
1847,42.0
1848,
1849,32.0
1850,51.0
1851,76.0
1852,40.0
1853,
1854,31.0
1855,40.0
1856,48.0
1857,47.0
1858,41.0
1859,24.0
1860,57.0
1861,82.0
1862,30.0
1863,30.0
1864,45.0
1865,56.0
1866,49.0
1867,48.0
1868,4.0
1869,44.0
1870,63.0
1871,64.0
1872,4.0
1873,109.0
1874,53.0
1875,41.0
1876,51.0
1877,41.0
1878,42.0
1879,21.0
1880,51.0
1881,107.0
1882,36.0
1883,34.0
1884,33.0
1885,
1886,44.0
1887,38.0
1888,22.0
1889,25.0
1890,45.0
1891,30.0
1892,37.0
1893,33.0
1894,128.0
1895,26.0
1896,38.0
1897,33.0
1898,
1899,69.0
1900,72.0
1901,70.0
1902,41.0
1903,47.0
1904,36.0
1905,26.0
1906,30.0
1907,26.0
1908,72.0
1909,36.0
1910,49.0
1911,63.0
1912,35.0
1913,41.0
1914,59.0
1915,37.0
1916,40.0
1917,23.0
1918,35.0
1919,49.0
1920,73.0
1921,73.0
1922,53.0
1923,
1924,4.0
1925,34.0
1926,39.0
1927,43.0
1928,35.0
1929,37.0
1930,39.0
1931,31.0
1932,55.0
1933,73.0
1934,31.0
1935,34.0
1936,37.0
1937,33.0
1938,49.0
1939,104.0
1940,81.0
1941,
1942,68.0
1943,64.0
1944,32.0
1945,41.0
1946,56.0
1947,106.0
1948,101.0
1949,136.0
1950,26.0
1951,37.0
1952,53.0
1953,34.0
1954,25.0
1955,50.0
1956,37.0
1957,32.0
1958,22.0
