0,4.0
1,32.0
2,1.0
3,4.0
4,
5,32.0
6,9.0
7,29.0
8,19.0
9,258.0
10,4.0
11,33.0
12,1.0
13,1.0
14,11.0
15,11.0
16,5.0
17,1.0
18,21.0
19,6.0
20,1.0
21,11.0
22,4.0
23,4.0
24,56.0
25,19.0
26,6.0
27,5.0
28,
29,3.0
30,
31,10.0
32,
33,2.0
34,4.0
35,
36,2.0
37,1.0
38,8.0
39,2.0
40,
41,
42,
43,16.0
44,
45,19.0
46,8.0
47,159.0
48,4.0
49,23.0
50,32.0
51,43.0
52,
53,
54,46.0
55,8.0
56,43.0
57,8.0
58,31.0
59,43.0
60,21.0
61,3.0
62,5.0
63,21.0
64,4.0
65,17.0
66,8.0
67,
68,11.0
69,
70,
71,2.0
72,79.0
73,155.0
74,7.0
75,8.0
76,8.0
77,16.0
78,155.0
79,
80,36.0
81,9.0
82,21.0
83,4.0
84,16.0
85,
86,64.0
87,2.0
88,
89,21.0
90,12.0
91,
92,2.0
93,44.0
94,1.0
95,38.0
96,1.0
97,43.0
98,5.0
99,7.0
100,2.0
101,13.0
102,19.0
103,537.0
104,3.0
105,148.0
106,14.0
107,
108,12.0
109,1.0
110,21.0
111,8.0
112,2.0
113,9.0
114,7.0
115,2.0
116,32.0
117,31.0
118,
119,
120,3.0
121,8.0
122,16.0
123,64.0
124,17.0
125,9.0
126,7.0
127,8.0
128,1.0
129,57.0
130,258.0
131,
132,97.0
133,3.0
134,4.0
135,2.0
136,12.0
137,
138,8.0
139,
140,5.0
141,15.0
142,43.0
143,21.0
144,4.0
145,1.0
146,
147,
148,16.0
149,
150,
151,10.0
152,20.0
153,5.0
154,7.0
155,3.0
156,
157,14.0
158,6.0
159,1.0
160,4.0
161,1.0
162,16.0
163,4.0
164,43.0
165,46.0
166,
167,29.0
168,
169,44.0
170,
171,36.0
172,15.0
173,21.0
174,
175,6.0
176,5.0
177,8.0
178,21.0
179,3.0
180,
181,21.0
182,125.0
183,
184,
185,
186,21.0
187,58.0
188,118.0
189,2.0
190,
191,4.0
192,17.0
193,10.0
194,2.0
195,155.0
196,2.0
197,16.0
198,16.0
199,3.0
200,6.0
201,15.0
202,21.0
203,1.0
204,3.0
205,36.0
206,28.0
207,
208,56.0
209,57.0
210,64.0
211,3.0
212,258.0
213,15.0
214,10.0
215,3.0
216,11.0
217,
218,1.0
219,21.0
220,50.0
221,3.0
222,8.0
223,8.0
224,3.0
225,
226,2.0
227,
228,5.0
229,11.0
230,79.0
231,
232,44.0
233,46.0
234,13.0
235,5.0
236,
237,13.0
238,43.0
239,17.0
240,10.0
241,12.0
242,21.0
243,2.0
244,10.0
245,1.0
246,21.0
247,
248,186.0
249,11.0
250,5.0
251,2.0
252,1.0
253,13.0
254,9.0
255,14.0
256,
257,13.0
258,20.0
259,8.0
260,8.0
261,50.0
262,
263,13.0
264,4.0
265,15.0
266,
267,21.0
268,29.0
269,
270,
271,5.0
272,21.0
273,29.0
274,1.0
275,3.0
276,
277,2.0
278,43.0
279,25.0
280,8.0
281,21.0
282,7.0
283,88.0
284,2.0
285,170.0
286,
287,15.0
288,
289,90.0
290,15.0
291,1.0
292,9.0
293,14.0
294,
295,15.0
296,5.0
297,5.0
298,7.0
299,4.0
300,32.0
301,2.0
302,4.0
303,
304,11.0
305,43.0
306,5.0
307,8.0
308,
309,6.0
310,9.0
311,8.0
312,5.0
313,12.0
314,1.0
315,5.0
316,16.0
317,44.0
318,15.0
319,79.0
320,7.0
321,8.0
322,4.0
323,2.0
324,21.0
325,1.0
326,3.0
327,11.0
328,2.0
329,2.0
330,9.0
331,19.0
332,36.0
333,
334,1.0
335,1.0
336,3.0
337,44.0
338,9.0
339,
340,
341,
342,7.0
343,29.0
344,
345,1.0
346,3.0
347,21.0
348,
349,6.0
350,1.0
351,3.0
352,3.0
353,21.0
354,11.0
355,6.0
356,17.0
357,3.0
358,21.0
359,41.0
360,9.0
361,41.0
362,21.0
363,
364,40.0
365,5.0
366,1.0
367,1.0
368,7.0
369,
370,1.0
371,2.0
372,1.0
373,1.0
374,
375,5.0
376,21.0
377,38.0
378,2.0
379,
380,
381,19.0
382,2.0
383,2.0
384,3.0
385,14.0
386,4.0
387,12.0
388,8.0
389,3.0
390,9.0
391,2.0
392,2.0
393,8.0
394,8.0
395,1.0
396,1.0
397,3.0
398,7.0
399,90.0
400,24.0
401,7.0
402,79.0
403,8.0
404,
405,9.0
406,8.0
407,79.0
408,111.0
409,17.0
410,
411,2.0
412,13.0
413,17.0
414,
415,
416,
417,41.0
418,
419,76.0
420,7.0
421,111.0
422,47.0
423,
424,
425,14.0
426,
427,148.0
428,3.0
429,2.0
430,6.0
431,2.0
432,5.0
433,11.0
434,9.0
435,1.0
436,8.0
437,
438,170.0
439,56.0
440,7.0
441,8.0
442,21.0
443,
444,
445,
446,6.0
447,25.0
448,2.0
449,
450,7.0
451,
452,5.0
453,
454,4.0
455,34.0
456,
457,50.0
458,58.0
459,21.0
460,8.0
461,44.0
462,
463,24.0
464,21.0
465,12.0
466,5.0
467,40.0
468,34.0
469,9.0
470,
471,4.0
472,1.0
473,
474,17.0
475,
476,15.0
477,10.0
478,5.0
479,3.0
480,19.0
481,258.0
482,13.0
483,21.0
484,1.0
485,6.0
486,25.0
487,13.0
488,44.0
489,7.0
490,15.0
491,28.0
492,11.0
493,16.0
494,11.0
495,56.0
496,5.0
497,5.0
498,9.0
499,6.0
500,2.0
501,
502,3.0
503,2.0
504,
505,13.0
506,12.0
507,
508,
509,12.0
510,3.0
511,
512,37.0
513,58.0
514,3.0
515,25.0
516,6.0
517,4.0
518,5.0
519,16.0
520,2.0
521,11.0
522,14.0
523,16.0
524,3.0
525,2.0
526,493.0
527,2.0
528,16.0
529,5.0
530,3.0
531,
532,21.0
533,3.0
534,3.0
535,
536,12.0
537,
538,13.0
539,
540,155.0
541,5.0
542,44.0
543,15.0
544,2.0
545,
546,43.0
547,10.0
548,
549,21.0
550,1.0
551,11.0
552,10.0
553,24.0
554,43.0
555,2.0
556,2.0
557,1.0
558,44.0
559,45.0
560,493.0
561,6.0
562,10.0
563,
564,155.0
565,8.0
566,
567,8.0
568,
569,8.0
570,125.0
571,2.0
572,7.0
573,4.0
574,1.0
575,90.0
576,21.0
577,8.0
578,21.0
579,21.0
580,5.0
581,1.0
582,2.0
583,118.0
584,5.0
585,5.0
586,155.0
587,29.0
588,5.0
589,2.0
590,58.0
591,2.0
592,3.0
593,28.0
594,2.0
595,1.0
596,11.0
597,3.0
598,10.0
599,16.0
600,
601,1.0
602,195.0
603,1.0
604,155.0
605,58.0
606,155.0
607,1.0
608,
609,
610,4.0
611,90.0
612,36.0
613,1.0
614,16.0
615,91.0
616,29.0
617,
618,14.0
619,74.0
620,7.0
621,1.0
622,12.0
623,155.0
624,15.0
625,2.0
626,21.0
627,5.0
628,1.0
629,6.0
630,11.0
631,2.0
632,44.0
633,1.0
634,5.0
635,
636,97.0
637,4.0
638,
639,
640,16.0
641,10.0
642,3.0
643,
644,
645,12.0
646,3.0
647,
648,
649,13.0
650,
651,44.0
652,537.0
653,97.0
654,1.0
655,
656,22.0
657,8.0
658,4.0
659,8.0
660,
661,64.0
662,19.0
663,2.0
664,
665,44.0
666,7.0
667,5.0
668,13.0
669,79.0
670,9.0
671,
672,12.0
673,45.0
674,
675,8.0
676,159.0
677,43.0
678,8.0
679,12.0
680,32.0
681,91.0
682,4.0
683,2.0
684,1.0
685,4.0
686,
687,
688,22.0
689,1.0
690,60.0
691,2.0
692,21.0
693,
694,2.0
695,48.0
696,
697,4.0
698,1.0
699,19.0
700,9.0
701,6.0
702,1.0
703,
704,118.0
705,493.0
706,8.0
707,4.0
708,44.0
709,9.0
710,64.0
711,7.0
712,5.0
713,1.0
714,3.0
715,3.0
716,
717,33.0
718,2.0
719,9.0
720,11.0
721,16.0
722,
723,
724,21.0
725,1.0
726,14.0
727,78.0
728,2.0
729,16.0
730,78.0
731,26.0
732,90.0
733,31.0
734,
735,11.0
736,1.0
737,40.0
738,56.0
739,36.0
740,62.0
741,17.0
742,56.0
743,31.0
744,1.0
745,8.0
746,73.0
747,21.0
748,11.0
749,6.0
750,2.0
751,4.0
752,1.0
753,5.0
754,2.0
755,
756,2.0
757,8.0
758,195.0
759,4.0
760,2.0
761,21.0
762,78.0
763,159.0
764,21.0
765,79.0
766,86.0
767,13.0
768,7.0
769,44.0
770,5.0
771,16.0
772,2.0
773,2.0
774,43.0
775,9.0
776,195.0
777,
778,15.0
779,9.0
780,5.0
781,10.0
782,8.0
783,27.0
784,32.0
785,3.0
786,
787,6.0
788,90.0
789,10.0
790,3.0
791,3.0
792,2.0
793,3.0
794,11.0
795,3.0
796,
797,
798,5.0
799,8.0
800,7.0
801,
802,6.0
803,2.0
804,12.0
805,31.0
806,1.0
807,1.0
808,
809,6.0
810,1.0
811,18.0
812,8.0
813,58.0
814,7.0
815,11.0
816,2.0
817,63.0
818,11.0
819,2.0
820,14.0
821,15.0
822,11.0
823,7.0
824,24.0
825,5.0
826,62.0
827,4.0
828,8.0
829,38.0
830,5.0
831,
832,12.0
833,7.0
834,3.0
835,
836,7.0
837,97.0
838,7.0
839,8.0
840,1.0
841,
842,15.0
843,44.0
844,15.0
845,15.0
846,16.0
847,14.0
848,3.0
849,
850,79.0
851,186.0
852,79.0
853,2.0
854,1.0
855,2.0
856,
857,
858,14.0
859,10.0
860,
861,29.0
862,10.0
863,5.0
864,
865,
866,16.0
867,
868,22.0
869,7.0
870,3.0
871,
872,8.0
873,21.0
874,21.0
875,9.0
876,
877,258.0
878,258.0
879,90.0
880,2.0
881,8.0
882,118.0
883,
884,19.0
885,
886,
887,15.0
888,2.0
889,2.0
890,43.0
891,15.0
892,8.0
893,12.0
894,
895,6.0
896,125.0
897,9.0
898,6.0
899,12.0
900,86.0
901,27.0
902,8.0
903,
904,10.0
905,
906,21.0
907,15.0
908,8.0
909,44.0
910,7.0
911,
912,21.0
913,
914,29.0
915,2.0
916,4.0
917,8.0
918,56.0
919,6.0
920,44.0
921,
922,7.0
923,1.0
924,2.0
925,
926,5.0
927,58.0
928,
929,6.0
930,19.0
931,
932,17.0
933,2.0
934,36.0
935,21.0
936,
937,46.0
938,2.0
939,79.0
940,1.0
941,2.0
942,1.0
943,6.0
944,7.0
945,63.0
946,78.0
947,38.0
948,1.0
949,8.0
950,10.0
951,10.0
952,3.0
953,10.0
954,1.0
955,36.0
956,9.0
957,8.0
958,8.0
959,60.0
960,25.0
961,10.0
962,
963,97.0
964,15.0
965,21.0
966,6.0
967,6.0
968,5.0
969,2.0
970,10.0
971,10.0
972,5.0
973,2.0
974,
975,
976,1.0
977,14.0
978,3.0
979,5.0
980,4.0
981,3.0
982,4.0
983,7.0
984,1.0
985,11.0
986,
987,
988,155.0
989,35.0
990,1.0
991,8.0
992,44.0
993,2.0
994,2.0
995,258.0
996,15.0
997,1.0
998,20.0
999,9.0
1000,9.0
1001,90.0
1002,8.0
1003,
1004,32.0
1005,6.0
1006,3.0
1007,21.0
1008,3.0
1009,36.0
1010,8.0
1011,
1012,
1013,8.0
1014,9.0
1015,1.0
1016,155.0
1017,
1018,36.0
1019,9.0
1020,36.0
1021,8.0
1022,3.0
1023,19.0
1024,
1025,4.0
1026,21.0
1027,2.0
1028,79.0
1029,3.0
1030,
1031,2.0
1032,
1033,22.0
1034,
1035,3.0
1036,97.0
1037,5.0
1038,
1039,5.0
1040,97.0
1041,6.0
1042,
1043,4.0
1044,37.0
1045,2.0
1046,60.0
1047,11.0
1048,155.0
1049,16.0
1050,9.0
1051,17.0
1052,2.0
1053,
1054,16.0
1055,
1056,
1057,1.0
1058,36.0
1059,
1060,76.0
1061,90.0
1062,1.0
1063,258.0
1064,2.0
1065,58.0
1066,3.0
1067,44.0
1068,1.0
1069,8.0
1070,29.0
1071,
1072,2.0
1073,16.0
1074,1.0
1075,2.0
1076,18.0
1077,6.0
1078,258.0
1079,1.0
1080,29.0
1081,
1082,1.0
1083,7.0
1084,
1085,6.0
1086,18.0
1087,
1088,
1089,8.0
1090,3.0
1091,2.0
1092,
1093,43.0
1094,6.0
1095,4.0
1096,38.0
1097,
1098,
1099,1.0
1100,
1101,
1102,15.0
1103,10.0
1104,11.0
1105,40.0
1106,
1107,3.0
1108,11.0
1109,15.0
1110,8.0
1111,9.0
1112,41.0
1113,13.0
1114,10.0
1115,13.0
1116,
1117,
1118,1.0
1119,
1120,4.0
1121,
1122,
1123,58.0
1124,9.0
1125,16.0
1126,
1127,537.0
1128,
1129,8.0
1130,
1131,43.0
1132,3.0
1133,78.0
1134,1.0
1135,8.0
1136,4.0
1137,57.0
1138,11.0
1139,9.0
1140,1.0
1141,6.0
1142,79.0
1143,2.0
1144,79.0
1145,78.0
1146,
1147,2.0
1148,2.0
1149,16.0
1150,
1151,170.0
1152,5.0
1153,4.0
1154,36.0
1155,
1156,
1157,155.0
1158,6.0
1159,1.0
1160,43.0
1161,258.0
1162,44.0
1163,36.0
1164,155.0
1165,9.0
1166,21.0
1167,36.0
1168,1.0
1169,3.0
1170,7.0
1171,18.0
1172,16.0
1173,4.0
1174,118.0
1175,8.0
1176,32.0
1177,
1178,9.0
1179,33.0
1180,8.0
1181,15.0
1182,3.0
1183,
1184,1.0
1185,155.0
1186,48.0
1187,3.0
1188,40.0
1189,5.0
1190,1.0
1191,3.0
1192,56.0
1193,
1194,2.0
1195,19.0
1196,
1197,90.0
1198,11.0
1199,125.0
1200,
1201,
1202,17.0
1203,
1204,21.0
1205,20.0
1206,1.0
1207,57.0
1208,5.0
1209,
1210,47.0
1211,3.0
1212,21.0
1213,10.0
1214,3.0
1215,
1216,90.0
1217,79.0
1218,16.0
1219,1.0
1220,19.0
1221,11.0
1222,16.0
1223,
1224,90.0
1225,10.0
1226,37.0
1227,18.0
1228,90.0
1229,90.0
1230,16.0
1231,6.0
1232,56.0
1233,
1234,90.0
1235,97.0
1236,35.0
1237,1.0
1238,
1239,2.0
1240,9.0
1241,32.0
1242,36.0
1243,43.0
1244,
1245,8.0
1246,3.0
1247,3.0
1248,
1249,15.0
1250,4.0
1251,2.0
1252,31.0
1253,
1254,4.0
1255,79.0
1256,
1257,22.0
1258,37.0
1259,7.0
1260,9.0
1261,
1262,21.0
1263,15.0
1264,6.0
1265,
1266,
1267,2.0
1268,21.0
1269,7.0
1270,21.0
1271,
1272,1.0
1273,
1274,19.0
1275,3.0
1276,
1277,3.0
1278,5.0
1279,5.0
1280,5.0
1281,2.0
1282,10.0
1283,91.0
1284,10.0
1285,7.0
1286,13.0
1287,
1288,1.0
1289,7.0
1290,31.0
1291,9.0
1292,13.0
1293,78.0
1294,2.0
1295,6.0
1296,8.0
1297,8.0
1298,
1299,
1300,11.0
1301,3.0
1302,2.0
1303,21.0
1304,2.0
1305,90.0
1306,2.0
1307,5.0
1308,24.0
1309,
1310,90.0
1311,
1312,21.0
1313,1.0
1314,1.0
1315,186.0
1316,1.0
1317,
1318,12.0
1319,13.0
1320,8.0
1321,3.0
1322,
1323,
1324,23.0
1325,3.0
1326,17.0
1327,36.0
1328,6.0
1329,32.0
1330,1.0
1331,21.0
1332,17.0
1333,
1334,3.0
1335,31.0
1336,
1337,2.0
1338,17.0
1339,15.0
1340,22.0
1341,97.0
1342,91.0
1343,32.0
1344,2.0
1345,4.0
1346,2.0
1347,16.0
1348,
1349,28.0
1350,
1351,
1352,6.0
1353,7.0
1354,
1355,493.0
1356,21.0
1357,9.0
1358,
1359,
1360,3.0
1361,27.0
1362,1.0
1363,6.0
1364,2.0
1365,
1366,5.0
1367,6.0
1368,44.0
1369,8.0
1370,
1371,17.0
1372,44.0
1373,79.0
1374,9.0
1375,6.0
1376,79.0
1377,1.0
1378,
1379,4.0
1380,
1381,2.0
1382,36.0
1383,32.0
1384,5.0
1385,6.0
1386,5.0
1387,2.0
1388,
1389,47.0
1390,
1391,15.0
1392,
1393,
1394,
1395,1.0
1396,8.0
1397,8.0
1398,4.0
1399,6.0
1400,64.0
1401,9.0
1402,
1403,
1404,2.0
1405,
1406,79.0
1407,2.0
1408,
1409,2.0
1410,21.0
1411,31.0
1412,1.0
1413,31.0
1414,64.0
1415,14.0
1416,8.0
1417,21.0
1418,15.0
1419,32.0
1420,17.0
1421,5.0
1422,
1423,148.0
1424,79.0
1425,97.0
1426,36.0
1427,6.0
1428,44.0
1429,
1430,10.0
1431,9.0
1432,1.0
1433,8.0
1434,493.0
1435,36.0
1436,8.0
1437,3.0
1438,29.0
1439,48.0
1440,16.0
1441,2.0
1442,6.0
1443,3.0
1444,
1445,2.0
1446,7.0
1447,1.0
1448,6.0
1449,19.0
1450,79.0
1451,36.0
1452,50.0
1453,9.0
1454,3.0
1455,
1456,73.0
1457,9.0
1458,3.0
1459,32.0
1460,3.0
1461,8.0
1462,1.0
1463,
1464,10.0
1465,159.0
1466,5.0
1467,3.0
1468,15.0
1469,22.0
1470,58.0
1471,44.0
1472,4.0
1473,8.0
1474,44.0
1475,5.0
1476,8.0
1477,
1478,2.0
1479,1.0
1480,5.0
1481,8.0
1482,148.0
1483,10.0
1484,159.0
1485,118.0
1486,9.0
1487,
1488,2.0
1489,90.0
1490,36.0
1491,15.0
1492,
1493,1.0
1494,
1495,5.0
1496,56.0
1497,8.0
1498,1.0
1499,2.0
1500,
1501,32.0
1502,1.0
1503,57.0
1504,25.0
1505,3.0
1506,37.0
1507,31.0
1508,90.0
1509,13.0
1510,43.0
1511,
1512,3.0
1513,25.0
1514,9.0
1515,8.0
1516,
1517,10.0
1518,21.0
1519,
1520,
1521,
1522,5.0
1523,25.0
1524,3.0
1525,34.0
1526,
1527,1.0
1528,79.0
1529,
1530,8.0
1531,14.0
1532,1.0
1533,125.0
1534,8.0
1535,62.0
1536,1.0
1537,2.0
1538,11.0
1539,
1540,79.0
1541,21.0
1542,36.0
1543,17.0
1544,
1545,9.0
1546,7.0
1547,10.0
1548,3.0
1549,43.0
1550,21.0
1551,44.0
1552,97.0
1553,5.0
1554,5.0
1555,2.0
1556,155.0
1557,4.0
1558,21.0
1559,1.0
1560,32.0
1561,
1562,6.0
1563,155.0
1564,
1565,
1566,111.0
1567,11.0
1568,
1569,9.0
1570,
1571,111.0
1572,6.0
1573,2.0
1574,5.0
1575,3.0
1576,29.0
1577,
1578,60.0
1579,1.0
1580,
1581,7.0
1582,7.0
1583,36.0
1584,
1585,90.0
1586,11.0
1587,44.0
1588,15.0
1589,7.0
1590,3.0
1591,2.0
1592,21.0
1593,170.0
1594,20.0
1595,32.0
1596,41.0
1597,43.0
1598,155.0
1599,1.0
1600,6.0
1601,493.0
1602,68.0
1603,3.0
1604,6.0
1605,21.0
1606,
1607,50.0
1608,6.0
1609,79.0
1610,47.0
1611,7.0
1612,5.0
1613,
1614,21.0
1615,90.0
1616,6.0
1617,33.0
1618,6.0
1619,
1620,8.0
1621,7.0
1622,21.0
1623,1.0
1624,
1625,2.0
1626,155.0
1627,10.0
1628,31.0
1629,2.0
1630,
1631,47.0
1632,21.0
1633,16.0
1634,
1635,4.0
1636,10.0
1637,25.0
1638,3.0
1639,21.0
1640,
1641,
1642,
1643,1.0
1644,76.0
1645,6.0
1646,90.0
1647,3.0
1648,31.0
1649,29.0
1650,10.0
1651,25.0
1652,29.0
1653,148.0
1654,
1655,97.0
1656,13.0
1657,90.0
1658,9.0
1659,3.0
1660,3.0
1661,537.0
1662,37.0
1663,4.0
1664,15.0
1665,125.0
1666,17.0
1667,14.0
1668,
1669,37.0
1670,7.0
1671,20.0
1672,6.0
1673,17.0
1674,
1675,8.0
1676,
1677,41.0
1678,
1679,47.0
1680,11.0
1681,31.0
1682,10.0
1683,46.0
1684,1.0
1685,3.0
1686,1.0
1687,
1688,37.0
1689,76.0
1690,21.0
1691,97.0
1692,58.0
1693,16.0
1694,11.0
1695,1.0
1696,
1697,4.0
1698,125.0
1699,
1700,2.0
1701,12.0
1702,
1703,
1704,14.0
1705,5.0
1706,3.0
1707,1.0
1708,58.0
1709,5.0
1710,3.0
1711,186.0
1712,
1713,20.0
1714,155.0
1715,24.0
1716,
1717,1.0
1718,
1719,8.0
1720,19.0
1721,37.0
1722,1.0
1723,
1724,3.0
1725,88.0
1726,
1727,11.0
1728,537.0
1729,493.0
1730,21.0
1731,5.0
1732,37.0
1733,16.0
1734,6.0
1735,13.0
1736,3.0
1737,5.0
1738,5.0
1739,15.0
1740,155.0
1741,
1742,16.0
1743,47.0
1744,10.0
1745,21.0
1746,5.0
1747,2.0
1748,1.0
1749,9.0
1750,31.0
1751,1.0
1752,
1753,
1754,3.0
1755,2.0
1756,46.0
1757,3.0
1758,5.0
1759,2.0
1760,9.0
1761,
1762,16.0
1763,16.0
1764,4.0
1765,4.0
1766,37.0
1767,18.0
1768,
1769,16.0
1770,6.0
1771,12.0
1772,24.0
1773,
1774,9.0
1775,15.0
1776,14.0
1777,41.0
1778,3.0
1779,16.0
1780,90.0
1781,15.0
1782,25.0
1783,34.0
1784,
1785,7.0
1786,
1787,56.0
1788,
1789,21.0
1790,13.0
1791,15.0
1792,3.0
1793,21.0
1794,16.0
1795,
1796,32.0
1797,16.0
1798,8.0
1799,12.0
1800,97.0
1801,36.0
1802,15.0
1803,
1804,16.0
1805,7.0
1806,4.0
1807,1.0
1808,
1809,
1810,7.0
1811,1.0
1812,1.0
1813,15.0
1814,1.0
1815,43.0
1816,
1817,
1818,
1819,
1820,3.0
1821,
1822,15.0
1823,3.0
1824,159.0
1825,25.0
1826,5.0
1827,8.0
1828,41.0
1829,
1830,8.0
1831,5.0
1832,5.0
1833,6.0
1834,31.0
1835,258.0
1836,9.0
1837,11.0
1838,11.0
1839,44.0
1840,5.0
1841,9.0
1842,56.0
1843,1.0
1844,9.0
1845,1.0
1846,4.0
1847,155.0
1848,
1849,6.0
1850,
1851,2.0
1852,1.0
1853,9.0
1854,7.0
1855,7.0
1856,
1857,11.0
1858,
1859,170.0
1860,9.0
1861,11.0
1862,
1863,
1864,5.0
1865,58.0
1866,25.0
1867,
1868,
1869,1.0
1870,11.0
1871,43.0
1872,
1873,1.0
1874,57.0
1875,2.0
1876,
1877,10.0
1878,155.0
1879,21.0
1880,
1881,1.0
1882,16.0
1883,90.0
1884,186.0
1885,5.0
1886,3.0
1887,1.0
1888,60.0
1889,
1890,16.0
1891,
1892,97.0
1893,186.0
1894,4.0
1895,1.0
1896,1.0
1897,186.0
1898,
1899,4.0
1900,17.0
1901,5.0
1902,16.0
1903,2.0
1904,16.0
1905,8.0
1906,
1907,1.0
1908,44.0
1909,2.0
1910,3.0
1911,2.0
1912,7.0
1913,
1914,29.0
1915,4.0
1916,31.0
1917,6.0
1918,
1919,8.0
1920,
1921,
1922,12.0
1923,1.0
1924,9.0
1925,1.0
1926,1.0
1927,16.0
1928,7.0
1929,15.0
1930,
1931,1.0
1932,2.0
1933,10.0
1934,
1935,90.0
1936,
1937,3.0
1938,
1939,493.0
1940,3.0
1941,5.0
1942,4.0
1943,5.0
1944,2.0
1945,41.0
1946,27.0
1947,
1948,2.0
1949,4.0
1950,8.0
1951,2.0
1952,12.0
1953,1.0
1954,
1955,36.0
1956,
1957,
1958,60.0
