0,286
1,17116
2,13508
3,1118
4,1394
5,16052
6,2887
7,6899
8,244
9,4777
10,7869
11,2306
12,34173
13,
14,13246
15,6190
16,2480
17,1211
18,405
19,2753
20,2756
21,96
22,13246
23,6587
24,716
25,212
26,893
27,2961
28,148
29,2695
30,22537
31,33517
32,6587
33,3007
34,249
35,21934
36,2035
37,1243
38,1394
39,1533
40,4215
41,1106
42,716
43,4321
44,8250
45,37206
46,57
47,779
48,15661
49,2469
50,1211
51,6646
52,14750
53,1198
54,33
55,263
56,37220
57,244
58,78
59,2961
60,7869
61,18974
62,1628
63,6529
64,98
65,7
66,716
67,237
68,6587
69,1101
70,604
71,8336
72,2579
73,344
74,2982
75,4526
76,2955
77,34173
78,22570
79,3007
80,460
81,1445
82,7869
83,21934
84,23228
85,825
86,6529
87,26
88,39411
89,11
90,5592
91,13078
92,33
93,2635
94,7247
95,666
96,1075
97,1403
98,6587
99,401
100,12940
101,96
102,5126
103,16668
104,220
105,24325
106,2127
107,2287
108,12943
109,2579
110,405
111,26793
112,3100
113,
114,1026
115,3299
116,14043
117,5126
118,5382
119,247
120,17424
121,57618
122,3299
123,3227
124,848
125,1105
126,16419
127,11382
128,520
129,1238
130,4777
131,1133
132,3981
133,2651
134,2885
135,4579
136,16
137,1
138,
139,4196
140,1723
141,1723
142,4196
143,7869
144,33517
145,57618
146,929
147,972
148,17116
149,412
150,2602
151,161
152,244
153,1979
154,4130
155,11942
156,13246
157,8587
158,13246
159,1306
160,4
161,1363
162,6267
163,24325
164,5
165,7859
166,318
167,392
168,6899
169,5515
170,651
171,3183
172,682
173,5923
174,803
175,
176,7869
177,14750
178,7869
179,21934
180,841
181,5923
182,32
183,142
184,3814
185,21934
186,7869
187,3100
188,2826
189,1133
190,5395
191,1005
192,78
193,6646
194,636
195,1
196,610
197,1071
198,4652
199,1754
200,142
201,4557
202,7869
203,3856
204,764
205,14750
206,532
207,204
208,5382
209,1302
210,9932
211,17424
212,1448
213,12595
214,716
215,636
216,13387
217,995
218,2256
219,4215
220,359
221,1035
222,1634
223,399
224,1252
225,10787
226,268
227,4408
228,144927
229,6899
230,13246
231,4196
232,2
233,9230
234,9230
235,7869
236,4196
237,1683
238,6337
239,3183
240,13508
241,2885
242,16052
243,314
244,314
245,22570
246,7869
247,138
248,3814
249,7869
250,385
251,1979
252,679
253,14545
254,470
255,13246
256,4526
257,17424
258,1496
259,14750
260,34173
261,5956
262,13016
263,567
264,1754
265,11
266,
267,7869
268,1533
269,8250
270,6267
271,770
272,298
273,2859
274,14043
275,1979
276,11942
277,20991
278,837
279,4196
280,1854
281,11
282,27
283,4721
284,13016
285,99
286,34173
287,66
288,2819
289,3814
290,2306
291,88
292,87
293,3230
294,2819
295,1143
296,5572
297,83
298,1363
299,1442
300,6453
301,6587
302,1068
303,9230
304,1394
305,401
306,2306
307,3053
308,159
309,101
310,24325
311,11382
312,4196
313,3007
314,2813
315,37206
316,3
317,83
318,3
319,807
320,164
321,143
322,1118
323,1442
324,7869
325,175
326,83
327,3232
328,2074
329,12595
330,972
331,3580
332,13016
333,33517
334,13246
335,1979
336,1005
337,14999
338,1403
339,972
340,793
341,4196
342,2370
343,4215
344,7472
345,481
346,1290
347,4774
348,33517
349,5572
350,14043
351,609
352,1105
353,7869
354,5429
355,3289
356,447
357,1141
358,2819
359,343
360,100
361,
362,6267
363,3310
364,5395
365,16668
366,21934
367,688
368,13016
369,1476
370,249
371,1751
372,1873
373,3981
374,249
375,2306
376,7869
377,666
378,168
379,356
380,1979
381,111
382,18774
383,2982
384,7869
385,1079
386,224
387,13246
388,7869
389,1150
390,125
391,12943
392,1476
393,16746
394,6220
395,8336
396,6587
397,8862
398,2252
399,16052
400,992
401,762
402,
403,1518
404,5572
405,142
406,3310
407,3183
408,8333
409,8336
410,5553
411,470
412,1211
413,102
414,3289
415,3580
416,1379
417,19043
418,2451
419,1118
420,4652
421,2480
422,74
423,23409
424,36
425,2256
426,532
427,14750
428,26793
429,18774
430,233
431,211
432,1427
433,1211
434,14043
435,959
436,12940
437,34173
438,180
439,745
440,16668
441,6394
442,3811
443,22537
444,2955
445,2978
446,83
447,138
448,57618
449,1394
450,1425
451,4179
452,263
453,343
454,18774
455,1252
456,788
457,2401
458,764
459,2887
460,21440
461,12595
462,10104
463,24
464,144927
465,144927
466,16668
467,49
468,1427
469,1403
470,12595
471,13246
472,3460
473,22570
474,1033
475,12465
476,2252
477,2207
478,1260
479,1403
480,2605
481,1854
482,5626
483,12943
484,118
485,756
486,1723
487,21934
488,2091
489,793
490,7693
491,20991
492,2231
493,1380
494,1683
495,17424
496,1773
497,144927
498,2290
499,3814
500,241
501,143
502,7869
503,636
504,2345
505,365
506,6394
507,3289
508,1582
509,4062
510,3066
511,4196
512,7481
513,237
514,3443
515,37220
516,2753
517,335
518,3814
519,3443
520,604
521,211
522,161
523,416
524,237
525,7693
526,6337
527,651
528,17424
529,1979
530,16106
531,12595
532,21934
533,1290
534,340
535,14750
536,6899
537,7472
538,212
539,4408
540,3
541,376
542,57618
543,1115
544,161
545,1554
546,311
547,696
548,1482
549,7869
550,1620
551,17116
552,2307
553,2074
554,53
555,1251
556,298
557,34173
558,
559,22537
560,4196
561,39411
562,113
563,766
564,4196
565,4313
566,985
567,4953
568,39411
569,405
570,417
571,1169
572,975
573,286
574,8336
575,1169
576,1163
577,6587
578,7869
579,4196
580,3075
581,144
582,210
583,1713
584,17424
585,63
586,4062
587,975
588,1211
589,773
590,4743
591,17116
592,121
593,305
594,34173
595,862
596,34173
597,5659
598,98
599,7859
600,4008
601,144927
602,57
603,343
604,345
605,3811
606,1404
607,4
608,1169
609,286
610,2434
611,365
612,6585
613,4620
614,20991
615,2100
616,5269
617,343
618,797
619,1308
620,623
621,31
622,576
623,14750
624,9230
625,6394
626,6267
627,1683
628,14750
629,1308
630,249
631,11382
632,1243
633,24325
634,2105
635,22570
636,19043
637,6899
638,2602
639,1601
640,3024
641,13246
642,1363
643,6587
644,244
645,26151
646,161
647,20991
648,5567
649,39
650,770
651,1169
652,1238
653,2990
654,26793
655,2271
656,111
657,263
658,1103
659,31
660,1211
661,1380
662,8862
663,297
664,6899
665,23228
666,4008
667,3232
668,8336
669,849
670,247
671,4196
672,6394
673,19
674,14545
675,1071
676,144927
677,142
678,1979
679,1979
680,3299
681,2579
682,2579
683,22537
684,1680
685,14750
686,13246
687,1318
688,6899
689,5572
690,1265
691,1150
692,7869
693,312
694,142
695,3814
696,14545
697,4652
698,4672
699,33517
700,12499
701,4008
702,1533
703,1979
704,508
705,39411
706,100
707,1238
708,10787
709,292
710,1723
711,13246
712,1386
713,2579
714,2847
715,7869
716,1427
717,1172
718,159
719,13016
720,142
721,23228
722,1101
723,8250
724,7869
725,5515
726,1597
727,877
728,23
729,34173
730,1628
731,21537
732,5382
733,1628
734,6587
735,34173
736,13246
737,181
738,512
739,386
740,1597
741,34173
742,8336
743,449
744,236
745,263
746,5515
747,15335
748,9069
749,37220
750,34173
751,1344
752,3856
753,57618
754,34173
755,2982
756,173
757,1628
758,52685
759,2579
760,34173
761,2074
762,695
763,1198
764,57
765,604
766,52685
767,4239
768,604
769,13078
770,9069
771,23228
772,443
773,34173
774,24
775,1518
776,1201
777,931
778,16106
779,1461
780,5382
781,37206
782,2847
783,
784,137
785,4375
786,251
787,37206
788,23228
789,3230
790,3377
791,1394
792,626
793,6710
794,53
795,7085
796,365
797,4179
798,4
799,17116
800,662
801,142
802,13387
803,10230
804,1387
805,825
806,8336
807,1026
808,1816
809,1940
810,1754
811,19043
812,144
813,2631
814,128
815,162
816,532
817,3923
818,2443
819,1979
820,101
821,7869
822,2849
823,449
824,237
825,7869
826,15335
827,837
828,13246
829,3373
830,343
831,1683
832,2907
833,7933
834,4196
835,16052
836,33
837,2252
838,41
839,2443
840,23409
841,4196
842,12595
843,5477
844,4196
845,12595
846,5515
847,19043
848,15335
849,101
850,1211
851,1413
852,6587
853,1101
854,1482
855,33
856,3230
857,57618
858,4321
859,210
860,837
861,2956
862,9069
863,716
864,1198
865,3814
866,1971
867,1243
868,9230
869,
870,2290
871,338
872,17424
873,7869
874,4859
875,2252
876,1493
877,318
878,3310
879,23228
880,13246
881,4743
882,470
883,481
884,17116
885,6529
886,778
887,335
888,251
889,807
890,351
891,2133
892,13246
893,604
894,623
895,15
896,2252
897,2951
898,545
899,318
900,60
901,13016
902,2443
903,8336
904,15
905,5065
906,5175
907,1680
908,980
909,2434
910,38528
911,2065
912,73
913,4008
914,1482
915,1533
916,5572
917,23228
918,5515
919,13387
920,1133
921,4740
922,1118
923,1422
924,3183
925,4874
926,4871
927,8049
928,4196
929,12352
930,7933
931,2540
932,38528
933,16668
934,609
935,11
936,1959
937,1290
938,34173
939,34173
940,4196
941,770
942,7869
943,2540
944,37220
945,6759
946,10104
947,931
948,666
949,4953
950,2091
951,8336
952,38
953,34173
954,4196
955,696
956,5515
957,19043
958,773
959,2951
960,2938
961,6453
962,1723
963,299
964,17424
965,3183
966,3923
967,1461
968,1198
969,18774
970,4239
971,623
972,6587
973,180
974,21934
975,211
976,2436
977,1238
978,8862
979,2372
980,947
981,807
982,11665
983,249
984,5515
985,6
986,2271
987,731
988,5923
989,90
990,2849
991,6587
992,
993,26
994,13246
995,2306
996,335
997,137
998,2345
999,3322
1000,8333
1001,3814
1002,1368
1003,488
1004,307
1005,52685
1006,23479
1007,2306
1008,1597
1009,17116
1010,7693
1011,34173
1012,
1013,6587
1014,1387
1015,6190
1016,732
1017,34173
1018,12352
1019,49
1020,13246
1021,3443
1022,12940
1023,6337
1024,6587
1025,335
1026,545
1027,75
1028,1476
1029,74
1030,34173
1031,1912
1032,1211
1033,425
1034,5572
1035,376
1036,5
1037,604
1038,1368
1039,12595
1040,8333
1041,10292
1042,182
1043,1597
1044,1671
1045,6587
1046,23228
1047,2127
1048,173
1049,2631
1050,2239
1051,449
1052,17116
1053,
1054,13246
1055,392
1056,1476
1057,4265
1058,389
1059,233
1060,1318
1061,23228
1062,4
1063,3
1064,191
1065,4859
1066,7509
1067,17116
1068,143
1069,8042
1070,5659
1071,101
1072,8862
1073,12943
1074,10104
1075,5429
1076,7693
1077,7869
1078,1442
1079,57618
1080,1318
1081,75
1082,1940
1083,1427
1084,205
1085,47
1086,2004
1087,7869
1088,3981
1089,4526
1090,3299
1091,2118
1092,403
1093,15335
1094,7869
1095,2105
1096,1713
1097,5956
1098,144927
1099,118
1100,4408
1101,4540
1102,3856
1103,1041
1104,6587
1105,14999
1106,7869
1107,4062
1108,121
1109,1318
1110,7712
1111,73
1112,356
1113,2370
1114,517
1115,9230
1116,36
1117,61
1118,17424
1119,1101
1120,5923
1121,9
1122,3183
1123,212
1124,34173
1125,23228
1126,2266
1127,
1128,4
1129,17424
1130,4672
1131,9230
1132,39
1133,24325
1134,8336
1135,1448
1136,1428
1137,10292
1138,13246
1139,458
1140,731
1141,34173
1142,21934
1143,6114
1144,470
1145,2961
1146,1394
1147,8587
1148,8333
1149,21440
1150,1101
1151,121
1152,6587
1153,995
1154,2151
1155,17116
1156,464
1157,600
1158,15
1159,488
1160,23228
1161,87
1162,329
1163,154
1164,14043
1165,26793
1166,3227
1167,5477
1168,98
1169,211
1170,78
1171,4540
1172,13246
1173,1075
1174,17424
1175,10230
1176,219
1177,16052
1178,3310
1179,3214
1180,22537
1181,3100
1182,15335
1183,12595
1184,7712
1185,2701
1186,1279
1187,33
1188,4740
1189,17424
1190,21934
1191,425
1192,8972
1193,33517
1194,1476
1195,1380
1196,1698
1197,1318
1198,26
1199,249
1200,4540
1201,9230
1202,5382
1203,2919
1204,994
1205,16052
1206,1324
1207,5592
1208,2372
1209,8862
1210,322
1211,762
1212,1494
1213,779
1214,171
1215,343
1216,1601
1217,1773
1218,3977
1219,14545
1220,825
1221,6587
1222,7859
1223,5438
1224,3814
1225,5515
1226,146
1227,12940
1228,23228
1229,205
1230,17116
1231,34173
1232,100
1233,649
1234,23228
1235,95
1236,205
1237,3232
1238,4196
1239,33
1240,6587
1241,34173
1242,2635
1243,7159
1244,7481
1245,1958
1246,7247
1247,3856
1248,22969
1249,985
1250,6646
1251,1979
1252,
1253,3322
1254,247
1255,219
1256,3227
1257,1680
1258,579
1259,497
1260,510
1261,7869
1262,1723
1263,1723
1264,60
1265,2306
1266,2
1267,5572
1268,779
1269,4526
1270,8336
1271,917
1272,7472
1273,4196
1274,3322
1275,22537
1276,24
1277,173
1278,1723
1279,4196
1280,4557
1281,352
1282,2849
1283,12595
1284,5429
1285,604
1286,4179
1287,6529
1288,679
1289,21934
1290,2231
1291,1324
1292,327
1293,790
1294,251
1295,244
1296,4579
1297,6267
1298,
1299,13078
1300,2136
1301,7859
1302,39411
1303,16052
1304,
1305,4321
1306,735
1307,709
1308,4721
1309,2757
1310,23228
1311,344
1312,7869
1313,1476
1314,7472
1315,944
1316,21934
1317,862
1318,1524
1319,365
1320,376
1321,1723
1322,3295
1323,2885
1324,6646
1325,5382
1326,1680
1327,1476
1328,6002
1329,8336
1330,2401
1331,6337
1332,3295
1333,4721
1334,523
1335,13246
1336,101
1337,10883
1338,39410
1339,327
1340,7693
1341,6096
1342,33
1343,3377
1344,7869
1345,421
1346,4196
1347,23409
1348,9230
1349,575
1350,2127
1351,17424
1352,7869
1353,21
1354,57
1355,5572
1356,16668
1357,4940
1358,75
1359,14043
1360,3295
1361,4239
1362,980
1363,251
1364,13016
1365,4
1366,260
1367,2579
1368,26
1369,221
1370,6529
1371,12940
1372,6
1373,17424
1374,129
1375,405
1376,2955
1377,386
1378,1754
1379,
1380,1979
1381,6587
1382,990
1383,1386
1384,6267
1385,24
1386,12595
1387,5923
1388,7933
1389,2852
1390,7933
1391,12940
1392,142
1393,37
1394,9230
1395,1345
1396,4540
1397,12595
1398,
1399,1600
1400,7869
1401,541
1402,16052
1403,467
1404,343
1405,779
1406,11665
1407,651
1408,4196
1409,3183
1410,2635
1411,1683
1412,275
1413,17
1414,12595
1415,305
1416,1169
1417,13246
1418,177
1419,670
1420,13016
1421,224
1422,83
1423,1243
1424,6
1425,299
1426,299
1427,3038
1428,1387
1429,22537
1430,
1431,11665
1432,13246
1433,13246
1434,2982
1435,1211
1436,464
1437,1723
1438,3367
1439,146
1440,6646
1441,1403
1442,233
1443,269
1444,2224
1445,2127
1446,2272
1447,9932
1448,1940
1449,4743
1450,144
1451,1476
1452,2542
1453,6587
1454,649
1455,1971
1456,50
1457,305
1458,237
1459,17116
1460,14750
1461,2605
1462,143
1463,10292
1464,6587
1465,4062
1466,959
1467,14545
1468,4871
1469,7933
1470,2239
1471,7
1472,23
1473,449
1474,39
1475,983
1476,1403
1477,488
1478,251
1479,517
1480,
1481,731
1482,392
1483,2961
1484,3053
1485,1041
1486,6646
1487,91
1488,6587
1489,3814
1490,13246
1491,376
1492,344
1493,318
1494,1031
1495,6587
1496,877
1497,18774
1498,260
1499,2370
1500,1476
1501,165
1502,848
1503,2955
1504,39410
1505,
1506,137
1507,3443
1508,23228
1509,5515
1510,4179
1511,142
1512,3814
1513,4557
1514,211
1515,432
1516,19043
1517,16746
1518,3295
1519,9705
1520,1979
1521,779
1522,2133
1523,3996
1524,99
1525,52685
1526,1582
1527,3981
1528,144
1529,24325
1530,8
1531,37
1532,15335
1533,220
1534,1713
1535,4196
1536,16052
1537,14043
1538,1554
1539,2306
1540,3227
1541,7933
1542,
1543,263
1544,1582
1545,12494
1546,3227
1547,4179
1548,1289
1549,3981
1550,4740
1551,443
1552,1422
1553,398
1554,2579
1555,7295
1556,37220
1557,3053
1558,4215
1559,13246
1560,15335
1561,412
1562,2635
1563,37220
1564,12373
1565,995
1566,10787
1567,2692
1568,1404
1569,2266
1570,1404
1571,893
1572,1983
1573,34173
1574,6529
1575,338
1576,1394
1577,309
1578,3814
1579,2181
1580,12465
1581,8250
1582,1380
1583,33517
1584,16052
1585,1152
1586,1628
1587,13508
1588,128
1589,9230
1590,3443
1591,3373
1592,123
1593,980
1594,3923
1595,7859
1596,1482
1597,224
1598,183
1599,2847
1600,209
1601,3214
1602,6646
1603,12595
1604,1754
1605,766
1606,432
1607,2456
1608,677
1609,1949
1610,2695
1611,2961
1612,12595
1613,944
1614,16052
1615,944
1616,1476
1617,247
1618,1476
1619,4062
1620,176
1621,8049
1622,1361
1623,667
1624,330
1625,99
1626,37220
1627,23409
1628,143
1629,
1630,22570
1631,2106
1632,2847
1633,34173
1634,6646
1635,488
1636,13246
1637,1259
1638,13078
1639,6899
1640,1816
1641,12595
1642,168
1643,11013
1644,146
1645,667
1646,2919
1647,39411
1648,744
1649,808
1650,3
1651,1366
1652,125
1653,6
1654,497
1655,13016
1656,5044
1657,1118
1658,4408
1659,13246
1660,4428
1661,244
1662,1427
1663,510
1664,497
1665,15661
1666,236
1667,1
1668,1445
1669,2938
1670,1524
1671,7295
1672,37220
1673,1344
1674,3299
1675,180
1676,5382
1677,60
1678,18774
1679,2695
1680,142
1681,5654
1682,12499
1683,305
1684,1695
1685,86
1686,1476
1687,144927
1688,392
1689,7509
1690,205
1691,3977
1692,653
1693,877
1694,1442
1695,12352
1696,219
1697,23
1698,365
1699,91
1700,20991
1701,4540
1702,7869
1703,2004
1704,1533
1705,12465
1706,1683
1707,2202
1708,8049
1709,12595
1710,4196
1711,146
1712,21934
1713,808
1714,600
1715,2035
1716,6876
1717,57618
1718,12595
1719,2127
1720,13016
1721,3102
1722,33
1723,13246
1724,9230
1725,10787
1726,33517
1727,414
1728,2484
1729,1683
1730,3007
1731,709
1732,357
1733,4740
1734,20991
1735,10870
1736,125
1737,21934
1738,464
1739,4196
1740,183
1741,2271
1742,137
1743,579
1744,6587
1745,329
1746,5044
1747,3531
1748,13016
1749,305
1750,3322
1751,3053
1752,3299
1753,3183
1754,1754
1755,20991
1756,16052
1757,411
1758,6529
1759,1979
1760,2887
1761,38528
1762,2055
1763,2371
1764,4540
1765,1496
1766,339
1767,6582
1768,2415
1769,
1770,2753
1771,5382
1772,4953
1773,2819
1774,9230
1775,2306
1776,101
1777,726
1778,2955
1779,6337
1780,5567
1781,13016
1782,1979
1783,2602
1784,877
1785,1442
1786,1303
1787,23228
1788,7481
1789,508
1790,165
1791,1366
1792,2415
1793,19043
1794,1533
1795,4740
1796,327
1797,241
1798,33517
1799,7712
1800,773
1801,14750
1802,1723
1803,
1804,13246
1805,356
1806,137
1807,10787
1808,1238
1809,2919
1810,
1811,112
1812,470
1813,2370
1814,252
1815,3972
1816,142
1817,286
1818,10
1819,4540
1820,3102
1821,458
1822,893
1823,2169
1824,362
1825,39410
1826,841
1827,851
1828,12943
1829,3038
1830,176
1831,5395
1832,7467
1833,1303
1834,22969
1835,2852
1836,14043
1837,3814
1838,263
1839,2290
1840,4408
1841,1482
1842,3230
1843,5382
1844,679
1845,1680
1846,1938
1847,2651
1848,8250
1849,23228
1850,456
1851,2480
1852,2061
1853,1103
1854,7693
1855,3981
1856,2469
1857,1428
1858,78
1859,497
1860,10560
1861,716
1862,73
1863,937
1864,137
1865,808
1866,2004
1867,318
1868,16746
1869,17116
1870,816
1871,33517
1872,236
1873,11665
1874,98
1875,2035
1876,
1877,2266
1878,37206
1879,14545
1880,314
1881,4874
1882,2648
1883,
1884,23228
1885,18974
1886,1022
1887,1033
1888,23228
1889,1404
1890,121
1891,2961
1892,2312
1893,7869
1894,1291
1895,42
1896,893
1897,3938
1898,165
1899,26793
1900,2542
1901,609
1902,11665
1903,1572
1904,4740
1905,1442
1906,790
1907,23228
1908,24325
1909,223
1910,39411
1911,6646
1912,1493
1913,4740
1914,803
1915,2174
1916,1620
1917,600
1918,819
1919,
1920,931
1921,21
1922,3133
1923,180
1924,1628
1925,739
1926,6394
1927,83
1928,4874
1929,16668
1930,2290
1931,3358
1932,567
1933,1832
1934,19043
1935,23228
1936,6337
1937,362
1938,1698
1939,1069
1940,810
1941,1382
1942,2174
1943,8042
1944,2961
1945,7467
1946,1671
1947,1273
1948,2105
1949,4062
1950,825
1951,21934
1952,4859
1953,2847
1954,37220
1955,431
1956,2231
1957,1493
1958,16668
