0,254699
1,28385884
2,16900883
3,834207
4,1961501
5,18555109
6,1548122
7,6086887
8,294530
9,10526650
10,9730494
11,681622
12,23996936
13,
14,7734960
15,9671441
16,2296750
17,993128
18,101174
19,2265525
20,1769666
21,105724
22,7734960
23,6528225
24,398276
25,166296
26,526145
27,3009814
28,85033
29,2474109
30,327059582
31,103687075
32,6528225
33,1961403
34,216567
35,58924275
36,2535888
37,577824
38,1961501
39,676712
40,4766645
41,1361036
42,398276
43,1688846
44,10598679
45,96339072
46,70810
47,365901
48,56061335
49,3809615
50,993128
51,35169223
52,17807397
53,876750
54,9125
55,84643
56,96340863
57,111356
58,59370
59,3009814
60,9730494
61,31003998
62,1439563
63,8438670
64,94335
65,14188
66,398276
67,81013
68,6528225
69,790337
70,654542
71,6230693
72,1583121
73,160316
74,1711339
75,4115309
76,2657942
77,23996936
78,34042379
79,1961403
80,169193
81,940986
82,9730494
83,58924275
84,51233351
85,567700
86,8438670
87,36744
88,137351463
89,12487
90,3522129
91,7297552
92,9125
93,1287878
94,10910681
95,203483
96,1131711
97,414109
98,6528225
99,154281
100,49911474
101,165433
102,3708406
103,13574505
104,106188
105,132030717
106,1572014
107,2690530
108,17638006
109,1583121
110,101174
111,93821039
112,2010658
113,9608
114,396427
115,1287047
116,21422277
117,3708406
118,3127895
119,468028
120,33668915
121,177466560
122,1287047
123,2309219
124,261310
125,455716
126,30033991
127,8531715
128,385861
129,1130675
130,10526650
131,1966363
132,3191237
133,1542551
134,2604594
135,13232892
136,23817
137,3010
138,2886
139,2727638
140,1185650
141,1185650
142,2727638
143,9730494
144,103687075
145,177466560
146,285815
147,148835
148,28385884
149,638728
150,1159817
151,202604
152,111356
153,3260621
154,10459572
155,22004229
156,7734960
157,9741944
158,7734960
159,613083
160,15577
161,1294491
162,2479627
163,132030717
164,12304
165,8136063
166,209440
167,293129
168,6086887
169,3932137
170,285374
171,2708617
172,221074
173,5860478
174,469092
175,1411
176,9730494
177,17807397
178,9730494
179,58924275
180,856475
181,5860478
182,21734
183,252105
184,2877915
185,58924275
186,9730494
187,2010658
188,2471059
189,1966363
190,5900505
191,538233
192,59370
193,35169223
194,482546
195,16284
196,879934
197,296892
198,11170565
199,1392697
200,115789
201,2018906
202,9730494
203,5128314
204,219971
205,17807397
206,378399
207,41617
208,3127895
209,315131
210,8198852
211,33668915
212,833448
213,10187176
214,398276
215,482546
216,19334377
217,535930
218,1735027
219,4766645
220,150403
221,288643
222,1326405
223,212495
224,892069
225,7610742
226,79815
227,3015055
228,532064951
229,6086887
230,7734960
231,2727638
232,2881
233,4619961
234,4619961
235,9730494
236,2727638
237,1142122
238,4451047
239,2708617
240,16900883
241,2604594
242,18555109
243,359766
244,359766
245,34042379
246,9730494
247,151920
248,2877915
249,9730494
250,113946
251,3260621
252,226065
253,35121095
254,310207
255,7734960
256,4115309
257,33668915
258,2440118
259,17807397
260,23996936
261,4639419
262,19824361
263,395972
264,1392697
265,12487
266,1333
267,9730494
268,676712
269,10598679
270,2479627
271,211995
272,157039
273,1482632
274,21422277
275,3260621
276,22004229
277,25344802
278,819301
279,2727638
280,2303728
281,12487
282,23836
283,3132142
284,19824361
285,72012
286,23996936
287,20850
288,2453651
289,2877915
290,681622
291,68053
292,33658
293,1997833
294,2453651
295,690335
296,3009148
297,38812
298,1294491
299,579432
300,4853159
301,6528225
302,635951
303,4619961
304,1961501
305,154281
306,681622
307,2737945
308,181905
309,39803
310,132030717
311,8531715
312,2727638
313,1961403
314,1125685
315,96339072
316,2852
317,38812
318,17585
319,406937
320,93159
321,74013
322,834207
323,579432
324,9730494
325,192292
326,38812
327,1997882
328,603207
329,10187176
330,148835
331,2853160
332,19824361
333,103687075
334,7734960
335,3260621
336,538233
337,47024504
338,414109
339,148835
340,201320
341,2727638
342,1553768
343,4766645
344,4785543
345,205582
346,599463
347,3580709
348,103687075
349,3009148
350,21422277
351,160687
352,455716
353,9730494
354,6656488
355,2450411
356,210060
357,718964
358,2453651
359,117377
360,134418
361,1333
362,2479627
363,2240752
364,5900505
365,13574505
366,58924275
367,337446
368,19824361
369,713396
370,216567
371,945881
372,1823812
373,3191237
374,216567
375,681622
376,9730494
377,203483
378,1036740
379,191509
380,3260621
381,46008
382,72598923
383,1711339
384,9730494
385,437432
386,49179
387,7734960
388,9730494
389,670766
390,82116
391,17638006
392,713396
393,143281597
394,12188102
395,6230693
396,6528225
397,6821013
398,948821
399,18555109
400,356851
401,914841
402,4227
403,837302
404,3009148
405,252105
406,2240752
407,2708617
408,3529266
409,6230693
410,7735813
411,369833
412,993128
413,67644
414,2450411
415,2853160
416,996639
417,54997184
418,2212399
419,834207
420,11170565
421,2296750
422,56697
423,66165427
424,6570
425,2441723
426,378399
427,17807397
428,93821039
429,72598923
430,80315
431,184081
432,493876
433,993128
434,21422277
435,4099510
436,49911474
437,23996936
438,97278
439,429733
440,13574505
441,2990115
442,3711546
443,327059582
444,2657942
445,2165475
446,38812
447,121864
448,177466560
449,1961501
450,3439623
451,4205549
452,84643
453,117377
454,72598923
455,892069
456,509327
457,1214692
458,219971
459,1548122
460,69807918
461,10187176
462,7078968
463,3754
464,532064951
465,532064951
466,13574505
467,23907
468,493876
469,414109
470,10187176
471,7734960
472,1502514
473,34042379
474,912212
475,17203974
476,948821
477,1335081
478,550903
479,414109
480,1868920
481,2303728
482,8164779
483,17638006
484,65977
485,420483
486,1185650
487,58924275
488,499660
489,201320
490,14303318
491,25344802
492,3423459
493,331837
494,521061
495,33668915
496,1596472
497,532064951
498,1597606
499,2877915
500,199263
501,74013
502,9730494
503,482546
504,2385859
505,257757
506,2990115
507,2450411
508,728671
509,2726936
510,1153973
511,2727638
512,10629188
513,81013
514,4355470
515,96340863
516,2265525
517,169047
518,2877915
519,4355470
520,169752
521,184081
522,395856
523,124320
524,81013
525,14303318
526,4451047
527,285374
528,33668915
529,3260621
530,17570793
531,10187176
532,58924275
533,599463
534,159803
535,17807397
536,6086887
537,4785543
538,166296
539,3015055
540,17585
541,129047
542,177466560
543,4404360
544,395856
545,1053628
546,42282
547,950973
548,990604
549,9730494
550,3357110
551,28385884
552,1060191
553,603207
554,31842
555,632089
556,157039
557,23996936
558,4070
559,327059582
560,2727638
561,137351463
562,159315
563,2042428
564,2727638
565,5509089
566,376555
567,3055550
568,137351463
569,101174
570,127597
571,875062
572,326286
573,254699
574,6230693
575,875062
576,1678180
577,6528225
578,9730494
579,2727638
580,1988092
581,142272
582,212273
583,2062585
584,33668915
585,61564
586,2726936
587,326286
588,993128
589,514937
590,5230507
591,28385884
592,133374
593,128694
594,23996936
595,658116
596,23996936
597,4003718
598,94335
599,8136063
600,4209686
601,532064951
602,9346
603,117377
604,204482
605,3711546
606,443095
607,15577
608,875062
609,254699
610,909257
611,81818
612,22265171
613,345661
614,25344802
615,3332222
616,34942061
617,204518
618,408703
619,1052147
620,123153
621,6342
622,326221
623,17807397
624,4619961
625,2990115
626,2479627
627,521061
628,17807397
629,1052147
630,216567
631,8531715
632,577824
633,132030717
634,879965
635,34042379
636,54997184
637,6086887
638,1159817
639,2116156
640,1205322
641,7734960
642,1294491
643,6528225
644,111356
645,53547851
646,395856
647,25344802
648,10539635
649,21534
650,342351
651,875062
652,1132221
653,1329755
654,93821039
655,1242065
656,46008
657,84643
658,597905
659,6342
660,993128
661,331837
662,6821013
663,214740
664,6086887
665,51233351
666,4209686
667,1997882
668,6230693
669,1235544
670,468028
671,2727638
672,2990115
673,66314
674,35121095
675,296892
676,532064951
677,252105
678,3260621
679,3260621
680,1287047
681,1583121
682,1583121
683,327059582
684,594852
685,17807397
686,7734960
687,1594937
688,6086887
689,3009148
690,4088060
691,670766
692,9730494
693,108706
694,28720
695,2877915
696,35121095
697,11170565
698,3787635
699,103687075
700,34317525
701,4209686
702,676712
703,3260621
704,348760
705,137351463
706,134418
707,1130675
708,7610742
709,153691
710,1185650
711,7734960
712,930202
713,1583121
714,1845400
715,9730494
716,493876
717,318356
718,181905
719,19824361
720,73230
721,51233351
722,790337
723,10598679
724,9730494
725,3932137
726,782089
727,720917
728,15637
729,23996936
730,1439563
731,63592770
732,3127895
733,1439563
734,6528225
735,23996936
736,7734960
737,74648
738,166510
739,204600
740,782089
741,23996936
742,6230693
743,361388
744,196947
745,84643
746,3932137
747,58247291
748,5226334
749,96340863
750,23996936
751,1427221
752,5128314
753,177466560
754,23996936
755,1711339
756,143730
757,1439563
758,145114464
759,1583121
760,23996936
761,603207
762,532309
763,876750
764,9346
765,169752
766,145114464
767,1929422
768,654542
769,7297552
770,5226334
771,51233351
772,286420
773,23996936
774,3754
775,837302
776,987323
777,445752
778,17570793
779,412485
780,3127895
781,96339072
782,1845400
783,4070
784,196973
785,215000
786,173963
787,96339072
788,51233351
789,1997833
790,1980863
791,1961501
792,446327
793,5744117
794,31842
795,5817414
796,81818
797,4205549
798,4333
799,28385884
800,322253
801,28720
802,19334377
803,9268487
804,2114178
805,567700
806,6230693
807,396427
808,1219774
809,1231117
810,1392697
811,54997184
812,142272
813,2519061
814,129238
815,80752
816,378399
817,2746286
818,1003770
819,3260621
820,228536
821,9730494
822,3580699
823,603101
824,81013
825,9730494
826,58247291
827,819301
828,7734960
829,2496076
830,117377
831,1142122
832,737687
833,9435795
834,2727638
835,18555109
836,9125
837,948821
838,24258
839,1003770
840,66165427
841,2727638
842,10187176
843,10922439
844,2727638
845,10187176
846,3932137
847,54997184
848,58247291
849,228536
850,993128
851,1076433
852,6528225
853,790337
854,990604
855,9125
856,1997833
857,177466560
858,1688846
859,101411
860,383197
861,5705696
862,5226334
863,398276
864,876750
865,2877915
866,765664
867,577824
868,4619961
869,4070
870,1597606
871,237489
872,33668915
873,9730494
874,3448426
875,948821
876,863530
877,209440
878,2240752
879,51233351
880,7734960
881,5230507
882,369833
883,205582
884,28385884
885,8438670
886,1080160
887,169047
888,173963
889,406937
890,237723
891,1205653
892,7734960
893,169752
894,123153
895,14183
896,948821
897,1634767
898,440173
899,264209
900,23907
901,19824361
902,1003770
903,6230693
904,14183
905,9172795
906,2103943
907,1995497
908,862415
909,909257
910,13624857
911,1659205
912,131561
913,4209686
914,718672
915,676712
916,3009148
917,51233351
918,3932137
919,19334377
920,1966363
921,6009901
922,834207
923,1524483
924,2708617
925,7723897
926,11249696
927,3303322
928,2727638
929,42910278
930,9435795
931,1892055
932,13624857
933,13574505
934,160687
935,12487
936,1892566
937,599463
938,23996936
939,23996936
940,2727638
941,211995
942,9730494
943,1892055
944,96340863
945,6429137
946,7078968
947,853238
948,203483
949,3055550
950,499660
951,6230693
952,15458
953,23996936
954,2727638
955,950973
956,3932137
957,54997184
958,514937
959,1634767
960,5958254
961,4853159
962,1185650
963,319939
964,33668915
965,2708617
966,2746286
967,412485
968,876750
969,72598923
970,1929422
971,123153
972,6528225
973,97278
974,58924275
975,184081
976,819132
977,1130675
978,6821013
979,837087
980,63180
981,324777
982,18096298
983,216567
984,3932137
985,2928
986,1242065
987,190688
988,5860478
989,108308
990,3580699
991,6528225
992,4070
993,36744
994,7734960
995,681622
996,169047
997,196973
998,2385859
999,1599106
1000,3529266
1001,2877915
1002,672192
1003,169447
1004,552734
1005,145114464
1006,27414136
1007,681622
1008,782089
1009,28385884
1010,14303318
1011,23996936
1012,14789
1013,6528225
1014,2114178
1015,9671441
1016,198800
1017,23996936
1018,42910278
1019,23907
1020,7734960
1021,4355470
1022,49911474
1023,4451047
1024,6528225
1025,169047
1026,785068
1027,61124
1028,713396
1029,135086
1030,23996936
1031,1397946
1032,993128
1033,345623
1034,3009148
1035,129047
1036,12304
1037,654542
1038,672192
1039,10187176
1040,3529266
1041,16898156
1042,163159
1043,782089
1044,948351
1045,6528225
1046,51233351
1047,1572014
1048,143730
1049,2519061
1050,2754398
1051,603101
1052,28385884
1053,14789
1054,7734960
1055,293129
1056,713396
1057,6278901
1058,272988
1059,80315
1060,1594937
1061,51233351
1062,4333
1063,17585
1064,88663
1065,3448426
1066,2254145
1067,28385884
1068,74013
1069,72631213
1070,4003718
1071,228536
1072,6821013
1073,17638006
1074,7078968
1075,6656488
1076,14303318
1077,9730494
1078,579432
1079,177466560
1080,1594937
1081,61124
1082,1231117
1083,493876
1084,157801
1085,59096
1086,2727900
1087,9730494
1088,3191237
1089,4115309
1090,1287047
1091,565112
1092,90928
1093,58247291
1094,9730494
1095,879965
1096,2062585
1097,4639419
1098,532064951
1099,65977
1100,3015055
1101,2899020
1102,5128314
1103,454791
1104,6528225
1105,47024504
1106,9730494
1107,2726936
1108,133374
1109,1594937
1110,8593016
1111,73904
1112,191509
1113,1553768
1114,363508
1115,4619961
1116,6983
1117,24608
1118,33668915
1119,790337
1120,5860478
1121,16723
1122,2708617
1123,219858
1124,23996936
1125,51233351
1126,983348
1127,9608
1128,15577
1129,33668915
1130,3787635
1131,4619961
1132,64986
1133,132030717
1134,6230693
1135,833448
1136,1800490
1137,16898156
1138,7734960
1139,61074
1140,190688
1141,23996936
1142,58924275
1143,2810327
1144,369833
1145,3009814
1146,1961501
1147,9741944
1148,3529266
1149,69807918
1150,790337
1151,133374
1152,6528225
1153,535930
1154,193890
1155,28385884
1156,208934
1157,214815
1158,14183
1159,169447
1160,51233351
1161,33658
1162,342451
1163,166391
1164,21422277
1165,93821039
1166,1798869
1167,10922439
1168,101775
1169,184081
1170,59370
1171,2899020
1172,7734960
1173,1131711
1174,33668915
1175,9268487
1176,289592
1177,18555109
1178,2240752
1179,4786778
1180,327059582
1181,2010658
1182,58247291
1183,10187176
1184,8593016
1185,1490987
1186,1331074
1187,9125
1188,6009901
1189,33668915
1190,58924275
1191,345623
1192,8815803
1193,103687075
1194,713396
1195,331837
1196,863026
1197,1594937
1198,36744
1199,216567
1200,2899020
1201,4619961
1202,3127895
1203,2114867
1204,421529
1205,18555109
1206,661809
1207,3522129
1208,837087
1209,6821013
1210,121389
1211,914841
1212,1408440
1213,365901
1214,93536
1215,204518
1216,2116156
1217,1062213
1218,3320936
1219,35121095
1220,567700
1221,6528225
1222,8136063
1223,5414588
1224,2877915
1225,3932137
1226,185919
1227,49911474
1228,51233351
1229,157801
1230,28385884
1231,23996936
1232,134418
1233,188471
1234,51233351
1235,166659
1236,157801
1237,1997882
1238,2727638
1239,9125
1240,6528225
1241,23996936
1242,1287878
1243,30750093
1244,10629188
1245,1557783
1246,10910681
1247,5128314
1248,40427370
1249,376555
1250,35169223
1251,3260621
1252,
1253,1599106
1254,468028
1255,76665
1256,1798869
1257,1995497
1258,178211
1259,264309
1260,148529
1261,9730494
1262,1185650
1263,1185650
1264,23907
1265,681622
1266,5498
1267,3009148
1268,365901
1269,4115309
1270,6230693
1271,893026
1272,4785543
1273,2727638
1274,1599106
1275,327059582
1276,20277
1277,143730
1278,1185650
1279,2727638
1280,2018906
1281,143418
1282,3580699
1283,10187176
1284,6656488
1285,654542
1286,4205549
1287,8438670
1288,226065
1289,58924275
1290,3423459
1291,661809
1292,306761
1293,457942
1294,173963
1295,58083
1296,13232892
1297,2479627
1298,4227
1299,7297552
1300,594684
1301,8136063
1302,137351463
1303,18555109
1304,9608
1305,1688846
1306,529934
1307,363537
1308,3132142
1309,1328650
1310,51233351
1311,160316
1312,9730494
1313,713396
1314,4785543
1315,668826
1316,58924275
1317,658116
1318,724983
1319,257757
1320,129047
1321,1185650
1322,861691
1323,2604594
1324,35169223
1325,3127895
1326,1995497
1327,713396
1328,5511364
1329,6230693
1330,1214692
1331,4451047
1332,861691
1333,3132142
1334,429759
1335,7734960
1336,228536
1337,21649648
1338,137351056
1339,306761
1340,14303318
1341,15972172
1342,9125
1343,1980863
1344,9730494
1345,223651
1346,2727638
1347,66165427
1348,4619961
1349,386599
1350,1572014
1351,33668915
1352,9730494
1353,62832
1354,9346
1355,3009148
1356,13574505
1357,7711881
1358,61124
1359,21422277
1360,861691
1361,1929422
1362,862415
1363,173963
1364,19824361
1365,4333
1366,114409
1367,1583121
1368,36744
1369,245733
1370,8438670
1371,49911474
1372,4265
1373,33668915
1374,94613
1375,101174
1376,2657942
1377,204600
1378,1392697
1379,1411
1380,3260621
1381,6528225
1382,385220
1383,703268
1384,2479627
1385,20277
1386,10187176
1387,5860478
1388,9435795
1389,2008361
1390,9435795
1391,49911474
1392,252105
1393,18073
1394,4619961
1395,985894
1396,2899020
1397,10187176
1398,4227
1399,806385
1400,9730494
1401,401645
1402,18555109
1403,437763
1404,117377
1405,365901
1406,18096298
1407,285374
1408,2727638
1409,2708617
1410,1287878
1411,521061
1412,349593
1413,11545
1414,10187176
1415,128694
1416,875062
1417,7734960
1418,106331
1419,43263
1420,19824361
1421,49179
1422,1789444
1423,577824
1424,4265
1425,319939
1426,319939
1427,6304159
1428,2114178
1429,327059582
1430,1411
1431,18096298
1432,7734960
1433,7734960
1434,1711339
1435,993128
1436,208934
1437,1185650
1438,1472931
1439,185919
1440,35169223
1441,414109
1442,80315
1443,112789
1444,640179
1445,1572014
1446,1351471
1447,8198852
1448,904446
1449,5230507
1450,142272
1451,713396
1452,1883991
1453,6528225
1454,188471
1455,765664
1456,46253
1457,128694
1458,81013
1459,28385884
1460,17807397
1461,1868920
1462,74013
1463,16898156
1464,6528225
1465,2726936
1466,4099510
1467,35121095
1468,11249696
1469,9435795
1470,2754398
1471,28730
1472,15637
1473,361388
1474,21534
1475,1097820
1476,414109
1477,169447
1478,173963
1479,363508
1480,
1481,190688
1482,293129
1483,3009814
1484,2737945
1485,454791
1486,35169223
1487,109174
1488,6528225
1489,2877915
1490,7734960
1491,129047
1492,160316
1493,209440
1494,459404
1495,6528225
1496,720917
1497,72598923
1498,114409
1499,1553768
1500,713396
1501,47896
1502,261310
1503,2657942
1504,137351056
1505,
1506,196973
1507,4355470
1508,51233351
1509,3932137
1510,4205549
1511,252105
1512,2877915
1513,2018906
1514,146713
1515,434643
1516,54997184
1517,143281597
1518,861691
1519,28801096
1520,3260621
1521,365901
1522,1205653
1523,2613061
1524,72012
1525,145114464
1526,728671
1527,3191237
1528,142272
1529,132030717
1530,7371
1531,18073
1532,58247291
1533,106188
1534,2062585
1535,2727638
1536,18555109
1537,21422277
1538,1053628
1539,681622
1540,1798869
1541,9435795
1542,4227
1543,84643
1544,728671
1545,12732078
1546,1798869
1547,4205549
1548,707816
1549,3191237
1550,6009901
1551,286420
1552,1524483
1553,305585
1554,1583121
1555,15419638
1556,96340863
1557,2737945
1558,4766645
1559,7734960
1560,58247291
1561,308095
1562,1287878
1563,96340863
1564,8351520
1565,535930
1566,7610742
1567,1884382
1568,443095
1569,983348
1570,443095
1571,526145
1572,1195256
1573,23996936
1574,8438670
1575,237489
1576,1961501
1577,638968
1578,2877915
1579,960355
1580,17203974
1581,10598679
1582,331837
1583,103687075
1584,18555109
1585,653998
1586,1439563
1587,16900883
1588,129238
1589,4619961
1590,4355470
1591,2496076
1592,78423
1593,862415
1594,2746286
1595,8136063
1596,990604
1597,49179
1598,133101
1599,1845400
1600,54467
1601,4786778
1602,35169223
1603,10187176
1604,1392697
1605,134472
1606,434643
1607,639184
1608,685816
1609,2520110
1610,2474109
1611,3009814
1612,10187176
1613,668826
1614,18555109
1615,668826
1616,713396
1617,468028
1618,713396
1619,2726936
1620,254042
1621,3303322
1622,481175
1623,960571
1624,131689
1625,72012
1626,96340863
1627,66165427
1628,74013
1629,9608
1630,34042379
1631,1866681
1632,1845400
1633,23996936
1634,35169223
1635,169447
1636,7734960
1637,1295480
1638,7297552
1639,6086887
1640,1219774
1641,10187176
1642,1036740
1643,38376294
1644,185919
1645,960571
1646,2114867
1647,137351463
1648,225199
1649,270247
1650,6786
1651,546615
1652,82116
1653,2928
1654,883504
1655,19824361
1656,4024985
1657,834207
1658,3015055
1659,7734960
1660,5833634
1661,294530
1662,493876
1663,148529
1664,264309
1665,56061335
1666,196947
1667,16284
1668,940986
1669,5958254
1670,724983
1671,15419638
1672,96340863
1673,1427221
1674,1287047
1675,97278
1676,3127895
1677,23907
1678,72598923
1679,2474109
1680,252105
1681,3717867
1682,34317525
1683,128694
1684,659417
1685,168516
1686,713396
1687,532064951
1688,293129
1689,2254145
1690,157801
1691,3320936
1692,539240
1693,720917
1694,579432
1695,42910278
1696,163541
1697,15637
1698,177843
1699,53751
1700,25344802
1701,5611141
1702,9730494
1703,2727900
1704,676712
1705,17203974
1706,521061
1707,1412577
1708,3303322
1709,10187176
1710,2727638
1711,105803
1712,58924275
1713,270247
1714,214815
1715,2535888
1716,4137683
1717,177466560
1718,10187176
1719,1572014
1720,19824361
1721,1966155
1722,9125
1723,7734960
1724,4619961
1725,7610742
1726,103687075
1727,251559
1728,2671859
1729,521061
1730,1961403
1731,363537
1732,15038
1733,6009901
1734,25344802
1735,22357255
1736,330742
1737,58924275
1738,284672
1739,2727638
1740,133101
1741,1242065
1742,196973
1743,178211
1744,6528225
1745,108789
1746,4024985
1747,1351478
1748,19824361
1749,128694
1750,1599106
1751,2737945
1752,1287047
1753,2708617
1754,1392697
1755,25344802
1756,18555109
1757,371175
1758,8438670
1759,3260621
1760,1548122
1761,13624857
1762,3048641
1763,1627512
1764,5611141
1765,2440118
1766,385290
1767,6390103
1768,2137720
1769,1367
1770,2265525
1771,3127895
1772,3055550
1773,2453651
1774,4619961
1775,681622
1776,228536
1777,428822
1778,2657942
1779,4451047
1780,10539635
1781,19824361
1782,3260621
1783,1159817
1784,720917
1785,579432
1786,728144
1787,51233351
1788,10629188
1789,348760
1790,47896
1791,546615
1792,2137720
1793,54997184
1794,676712
1795,6009901
1796,306761
1797,199263
1798,103687075
1799,8593016
1800,514937
1801,17807397
1802,1185650
1803,4227
1804,7734960
1805,191509
1806,196973
1807,7610742
1808,1132221
1809,2114867
1810,9483
1811,123436
1812,369833
1813,1553768
1814,167851
1815,1440447
1816,252105
1817,254699
1818,21114
1819,2899020
1820,1966155
1821,61074
1822,526145
1823,1540409
1824,762684
1825,137351056
1826,856475
1827,276112
1828,17638006
1829,6304159
1830,254042
1831,5900505
1832,8089106
1833,728144
1834,40427370
1835,2008361
1836,21422277
1837,2877915
1838,84643
1839,1597606
1840,3015055
1841,990604
1842,1997833
1843,3127895
1844,93735
1845,1995497
1846,814574
1847,1542551
1848,10598679
1849,51233351
1850,99138
1851,2296750
1852,1587094
1853,597905
1854,14303318
1855,3191237
1856,3809615
1857,1800490
1858,59370
1859,883504
1860,31402902
1861,398276
1862,131561
1863,593902
1864,196973
1865,270247
1866,2727900
1867,264209
1868,143281597
1869,28385884
1870,2226671
1871,103687075
1872,196947
1873,18096298
1874,101775
1875,2535888
1876,
1877,983348
1878,96339072
1879,35121095
1880,359766
1881,7723897
1882,2165767
1883,
1884,51233351
1885,31003998
1886,733367
1887,912212
1888,51233351
1889,443095
1890,133374
1891,3009814
1892,4493280
1893,9730494
1894,927388
1895,42454
1896,526145
1897,2964919
1898,47896
1899,93821039
1900,1883991
1901,165472
1902,18096298
1903,2689979
1904,6009901
1905,579432
1906,457942
1907,51233351
1908,132030717
1909,169925
1910,137351463
1911,35169223
1912,863530
1913,6009901
1914,469092
1915,183691
1916,484059
1917,214815
1918,471568
1919,1333
1920,853238
1921,10232
1922,1659374
1923,97278
1924,1439563
1925,457774
1926,2990115
1927,1789444
1928,7723897
1929,13574505
1930,1597606
1931,1471524
1932,395972
1933,1966010
1934,54997184
1935,51233351
1936,4451047
1937,189453
1938,863026
1939,501289
1940,151933
1941,290108
1942,183691
1943,72631213
1944,3009814
1945,8089106
1946,948351
1947,834250
1948,879965
1949,2726936
1950,567700
1951,58924275
1952,3448426
1953,1845400
1954,96340863
1955,161215
1956,3423459
1957,863530
1958,13574505
