0,0
1,1
2,3
3,0
4,1
5,0
6,3
7,1
8,0
9,1
10,3
11,1
12,4
13,2
14,0
15,1
16,3
17,0
18,2
19,2
20,2
21,1
22,2
23,1
24,1
25,3
26,1
27,1
28,1
29,3
30,0
31,3
32,4
33,3
34,4
35,2
36,2
37,2
38,0
39,2
40,3
41,0
42,0
43,4
44,2
45,0
46,2
47,1
48,3
49,3
50,2
51,1
52,3
53,1
54,3
55,2
56,3
57,1
58,2
59,2
60,1
61,2
62,1
63,5
64,4
65,2
66,2
67,4
68,2
69,2
70,3
71,1
72,2
73,2
74,0
75,2
76,4
77,1
78,5
79,1
80,3
81,1
82,3
83,3
84,4
85,0
86,0
87,3
88,3
89,2
90,7
91,0
92,2
93,1
94,3
95,1
96,2
97,1
98,5
99,2
100,0
101,1
102,1
103,0
104,0
105,2
106,1
107,2
108,1
109,3
110,3
111,3
112,3
113,5
114,2
115,2
116,1
117,1
118,2
119,1
120,1
121,2
122,2
123,3
124,2
125,3
126,1
127,1
128,1
129,0
130,2
131,0
132,2
133,5
134,2
135,0
136,3
137,2
138,1
139,0
140,2
141,1
142,0
143,0
144,4
145,2
146,3
147,2
148,3
149,2
150,1
151,2
152,1
153,1
154,2
155,0
156,2
157,1
158,1
159,3
160,2
161,6
162,0
163,1
164,3
165,3
166,2
167,4
168,2
169,5
170,1
171,4
172,3
173,0
174,3
175,1
176,0
177,1
178,2
179,2
180,0
181,1
182,2
183,1
184,2
185,1
186,1
187,2
188,0
189,1
190,2
191,1
192,2
193,1
194,2
195,1
196,3
197,2
198,2
199,1
200,0
201,0
202,2
203,0
204,1
205,3
206,3
207,0
208,3
209,2
210,1
211,1
212,2
213,3
214,0
215,1
216,0
217,2
218,0
219,7
220,3
221,3
222,4
223,4
224,1
225,2
226,1
227,2
228,2
229,1
230,0
231,5
232,3
233,2
234,0
235,2
236,1
237,1
238,2
239,3
240,2
241,1
242,1
243,1
244,1
245,1
246,2
247,2
248,1
249,0
250,2
251,3
252,3
253,0
254,3
255,0
256,1
257,1
258,1
259,2
260,0
261,2
262,0
263,1
264,4
265,1
266,1
267,2
268,2
269,2
270,1
271,1
272,1
273,1
274,1
275,1
276,0
277,3
278,1
279,2
280,2
281,2
282,1
283,2
284,0
285,2
286,3
287,2
288,4
289,3
290,2
291,4
292,1
293,3
294,3
295,2
296,2
297,3
298,4
299,0
300,3
301,3
302,5
303,4
304,0
305,3
306,2
307,2
308,3
309,3
310,3
311,3
312,1
313,1
314,1
315,3
316,2
317,2
318,3
319,0
320,0
321,1
322,2
323,1
324,4
325,2
326,3
327,1
328,4
329,1
330,1
331,1
332,2
333,2
334,2
335,3
336,4
337,2
338,2
339,1
340,4
341,2
342,1
343,6
344,1
345,1
346,1
347,3
348,1
349,4
350,1
351,0
352,1
353,1
354,1
355,2
356,2
357,3
358,1
359,3
360,0
361,1
362,2
363,2
364,1
365,1
366,1
367,1
368,2
369,2
370,7
371,1
372,2
373,2
374,5
375,3
376,0
377,1
378,2
379,4
380,1
381,1
382,2
383,0
384,2
385,6
386,0
387,1
388,0
389,0
390,0
391,2
392,2
393,1
394,2
395,3
396,1
397,4
398,3
399,0
400,1
401,1
402,1
403,3
404,2
405,4
406,1
407,4
408,4
409,3
410,1
411,4
412,4
413,3
414,4
415,0
416,2
417,1
418,0
419,5
420,4
421,1
422,1
423,1
424,1
425,1
426,2
427,1
428,2
429,3
430,1
431,1
432,2
433,2
434,2
435,1
436,3
437,3
438,1
439,1
440,4
441,2
442,1
443,0
444,5
445,1
446,3
447,0
448,1
449,2
450,1
451,2
452,1
453,3
454,2
455,1
456,1
457,3
458,1
459,4
460,2
461,0
462,4
463,1
464,2
465,2
466,0
467,1
468,1
469,2
470,3
471,2
472,1
473,0
474,1
475,1
476,1
477,4
478,1
479,3
480,0
481,1
482,1
483,1
484,2
485,0
486,2
487,2
488,5
489,2
490,2
491,2
492,2
493,1
494,1
495,2
496,1
497,5
498,1
499,4
500,3
501,0
502,2
503,3
504,3
505,1
506,0
507,3
508,3
509,3
510,3
511,2
512,2
513,6
514,0
515,2
516,3
517,0
518,1
519,1
520,2
521,1
522,2
523,3
524,3
525,3
526,0
527,1
528,1
529,2
530,2
531,1
532,1
533,0
534,3
535,1
536,0
537,0
538,1
539,5
540,1
541,3
542,2
543,3
544,2
545,2
546,1
547,1
548,4
549,1
550,3
551,2
552,3
553,3
554,4
555,2
556,2
557,1
558,1
559,1
560,1
561,4
562,4
563,3
564,2
565,2
566,6
567,2
568,0
569,4
570,6
571,2
572,3
573,0
574,4
575,3
576,5
577,3
578,3
579,3
580,2
581,4
582,1
583,2
584,3
585,2
586,2
587,1
588,1
589,2
590,6
591,1
592,2
593,4
594,1
595,3
596,1
597,0
598,7
599,3
600,1
601,0
602,4
603,6
604,3
605,1
606,1
607,2
608,2
609,1
610,0
611,2
612,2
613,1
614,3
615,1
616,2
617,2
618,1
619,2
620,2
621,1
622,4
623,2
624,3
625,1
626,1
627,1
628,2
629,2
630,4
631,0
632,0
633,4
634,1
635,4
636,2
637,4
638,2
639,3
640,5
641,1
642,2
643,1
644,1
645,2
646,1
647,1
648,0
649,2
650,1
651,4
652,1
653,1
654,1
655,2
656,0
657,1
658,4
659,0
660,2
661,2
662,2
663,1
664,4
665,1
666,2
667,5
668,3
669,1
670,1
671,1
672,3
673,2
674,2
675,3
676,1
677,2
678,3
679,1
680,2
681,3
682,1
683,2
684,2
685,3
686,3
687,0
688,1
689,3
690,2
691,1
692,1
693,0
694,0
695,1
696,0
697,4
698,0
699,2
700,3
701,1
702,3
703,0
704,1
705,3
706,2
707,2
708,4
709,3
710,3
711,0
712,0
713,1
714,2
715,2
716,1
717,1
718,5
719,1
720,2
721,2
722,1
723,1
724,3
725,2
726,0
727,4
728,0
729,1
730,4
731,2
732,2
733,4
734,2
735,4
736,0
737,4
738,4
739,5
740,0
741,2
742,1
743,2
744,2
745,1
746,2
747,1
748,1
749,4
750,0
751,2
752,0
753,1
754,1
755,0
756,6
757,3
758,2
759,4
760,2
761,2
762,0
763,0
764,2
765,3
766,0
767,2
768,3
769,2
770,0
771,1
772,1
773,3
774,4
775,2
776,0
777,3
778,2
779,4
780,0
781,3
782,3
783,0
784,3
785,4
786,1
787,2
788,4
789,1
790,1
791,3
792,3
793,4
794,3
795,0
796,2
797,4
798,0
799,1
800,3
801,1
802,2
803,1
804,0
805,0
806,4
807,2
808,3
809,3
810,2
811,3
812,4
813,3
814,2
815,1
816,4
817,1
818,2
819,0
820,1
821,1
822,7
823,1
824,2
825,2
826,1
827,2
828,4
829,1
830,1
831,3
832,3
833,0
834,0
835,0
836,1
837,2
838,0
839,6
840,0
841,3
842,0
843,3
844,1
845,0
846,9
847,1
848,2
849,1
850,1
851,3
852,0
853,2
854,3
855,3
856,2
857,3
858,2
859,2
860,0
861,0
862,1
863,1
864,1
865,1
866,2
867,4
868,4
869,0
870,2
871,6
872,1
873,1
874,1
875,3
876,2
877,1
878,2
879,2
880,1
881,4
882,4
883,0
884,1
885,1
886,1
887,3
888,2
889,0
890,2
891,2
892,4
893,4
894,2
895,3
896,1
897,1
898,2
899,2
900,1
901,1
902,3
903,0
904,1
905,3
906,0
907,3
908,1
909,1
910,2
911,3
912,2
913,1
914,3
915,1
916,1
917,2
918,2
919,2
920,0
921,2
922,2
923,2
924,3
925,0
926,3
927,3
928,0
929,3
930,0
931,1
932,5
933,3
934,3
935,3
936,3
937,1
938,2
939,2
940,1
941,5
942,0
943,3
944,2
945,1
946,1
947,3
948,2
949,2
950,4
951,2
952,1
953,2
954,2
955,1
956,1
957,3
958,0
959,2
960,1
961,1
962,4
963,3
964,2
965,2
966,1
967,2
968,2
969,3
970,1
971,2
972,2
973,1
974,2
975,5
976,4
977,0
978,1
979,2
980,1
981,4
982,2
983,5
984,1
985,2
986,1
987,2
988,1
989,3
990,7
991,1
992,3
993,1
994,4
995,1
996,1
997,3
998,3
999,2
1000,5
1001,1
1002,1
1003,1
1004,0
1005,1
1006,0
1007,1
1008,0
1009,0
1010,6
1011,3
1012,2
1013,6
1014,0
1015,1
1016,1
1017,0
1018,2
1019,1
1020,1
1021,1
1022,1
1023,0
1024,1
1025,3
1026,1
1027,0
1028,0
1029,2
1030,5
1031,2
1032,0
1033,2
1034,1
1035,5
1036,4
1037,1
1038,0
1039,1
1040,1
1041,1
1042,4
1043,0
1044,1
1045,0
1046,0
1047,2
1048,4
1049,2
1050,1
1051,1
1052,6
1053,2
1054,1
1055,5
1056,1
1057,1
1058,5
1059,3
1060,0
1061,2
1062,1
1063,4
1064,1
1065,1
1066,1
1067,3
1068,2
1069,2
1070,0
1071,4
1072,2
1073,1
1074,3
1075,2
1076,1
1077,0
1078,1
1079,2
1080,1
1081,1
1082,4
1083,0
1084,1
1085,0
1086,1
1087,0
1088,0
1089,2
1090,4
1091,3
1092,2
1093,2
1094,1
1095,1
1096,1
1097,4
1098,1
1099,4
1100,5
1101,4
1102,7
1103,2
1104,0
1105,0
1106,0
1107,3
1108,2
1109,0
1110,1
1111,2
1112,1
1113,1
1114,4
1115,2
1116,2
1117,1
1118,3
1119,1
1120,1
1121,2
1122,1
1123,3
1124,4
1125,3
1126,4
1127,3
1128,1
1129,0
1130,0
1131,4
1132,2
1133,5
1134,1
1135,2
1136,1
1137,1
1138,1
1139,1
1140,2
1141,2
1142,0
1143,0
1144,2
1145,0
1146,3
1147,1
1148,1
1149,1
1150,2
1151,1
1152,1
1153,2
1154,2
1155,1
1156,3
1157,3
1158,4
1159,1
1160,2
1161,4
1162,0
1163,2
1164,1
1165,4
1166,2
1167,1
1168,2
1169,5
1170,4
1171,1
1172,1
1173,1
1174,1
1175,3
1176,1
1177,2
1178,1
1179,1
1180,2
1181,2
1182,2
1183,2
1184,2
1185,1
1186,2
1187,2
1188,2
1189,1
1190,2
1191,2
1192,2
1193,3
1194,0
1195,1
1196,0
1197,0
1198,0
1199,3
1200,3
1201,4
1202,2
1203,1
1204,1
1205,0
1206,2
1207,2
1208,2
1209,1
1210,3
1211,1
1212,3
1213,1
1214,1
1215,1
1216,4
1217,1
1218,1
1219,0
1220,0
1221,2
1222,2
1223,5
1224,2
1225,0
1226,3
1227,5
1228,3
1229,2
1230,3
1231,2
1232,1
1233,3
1234,2
1235,6
1236,1
1237,1
1238,0
1239,4
1240,1
1241,5
1242,2
1243,2
1244,2
1245,0
1246,4
1247,3
1248,6
1249,5
1250,1
1251,2
1252,0
1253,5
1254,2
1255,3
1256,3
1257,3
1258,2
1259,3
1260,0
1261,4
1262,5
1263,2
1264,1
1265,1
1266,2
1267,4
1268,0
1269,1
1270,3
1271,0
1272,1
1273,0
1274,3
1275,0
1276,1
1277,3
1278,1
1279,0
1280,0
1281,0
1282,5
1283,4
1284,3
1285,3
1286,1
1287,4
1288,4
1289,1
1290,3
1291,4
1292,2
1293,1
1294,1
1295,1
1296,1
1297,2
1298,2
1299,1
1300,1
1301,2
1302,3
1303,3
1304,3
1305,2
1306,1
1307,2
1308,0
1309,3
1310,1
1311,0
1312,3
1313,1
1314,1
1315,1
1316,1
1317,4
1318,0
1319,0
1320,5
1321,3
1322,4
1323,1
1324,1
1325,1
1326,7
1327,0
1328,0
1329,1
1330,2
1331,1
1332,3
1333,2
1334,4
1335,2
1336,1
1337,2
1338,1
1339,1
1340,4
1341,6
1342,2
1343,3
1344,3
1345,1
1346,0
1347,1
1348,1
1349,2
1350,0
1351,3
1352,4
1353,0
1354,3
1355,1
1356,2
1357,0
1358,0
1359,1
1360,2
1361,0
1362,1
1363,2
1364,2
1365,3
1366,2
1367,1
1368,2
1369,1
1370,4
1371,1
1372,1
1373,2
1374,1
1375,5
1376,1
1377,3
1378,5
1379,2
1380,2
1381,1
1382,2
1383,2
1384,1
1385,3
1386,1
1387,2
1388,0
1389,0
1390,0
1391,0
1392,3
1393,1
1394,3
1395,1
1396,8
1397,3
1398,4
1399,2
1400,1
1401,2
1402,0
1403,1
1404,2
1405,2
1406,1
1407,1
1408,1
1409,5
1410,3
1411,1
1412,1
1413,1
1414,3
1415,5
1416,2
1417,0
1418,2
1419,1
1420,0
1421,0
1422,2
1423,2
1424,1
1425,4
1426,2
1427,0
1428,1
1429,2
1430,3
1431,3
1432,1
1433,2
1434,0
1435,2
1436,1
1437,3
1438,1
1439,2
1440,1
1441,1
1442,3
1443,1
1444,3
1445,3
1446,3
1447,6
1448,6
1449,3
1450,3
1451,2
1452,0
1453,2
1454,3
1455,2
1456,3
1457,3
1458,3
1459,1
1460,1
1461,1
1462,2
1463,0
1464,5
1465,2
1466,0
1467,0
1468,1
1469,0
1470,1
1471,2
1472,1
1473,0
1474,3
1475,2
1476,1
1477,4
1478,3
1479,3
1480,3
1481,3
1482,2
1483,0
1484,2
1485,3
1486,0
1487,3
1488,0
1489,3
1490,1
1491,3
1492,0
1493,4
1494,6
1495,1
1496,5
1497,3
1498,1
1499,3
1500,3
1501,2
1502,1
1503,2
1504,2
1505,1
1506,3
1507,3
1508,3
1509,1
1510,2
1511,1
1512,2
1513,2
1514,2
1515,1
1516,2
1517,1
1518,3
1519,1
1520,5
1521,3
1522,1
1523,0
1524,1
1525,1
1526,3
1527,2
1528,3
1529,3
1530,2
1531,2
1532,2
1533,1
1534,2
1535,1
1536,0
1537,1
1538,4
1539,2
1540,1
1541,1
1542,0
1543,3
1544,1
1545,1
1546,4
1547,3
1548,3
1549,2
1550,2
1551,1
1552,1
1553,1
1554,0
1555,1
1556,4
1557,0
1558,2
1559,2
1560,3
1561,1
1562,1
1563,5
1564,1
1565,3
1566,1
1567,1
1568,1
1569,0
1570,0
1571,1
1572,4
1573,1
1574,0
1575,2
1576,3
1577,1
1578,3
1579,0
1580,2
1581,0
1582,1
1583,2
1584,2
1585,1
1586,4
1587,4
1588,1
1589,2
1590,2
1591,3
1592,3
1593,0
1594,1
1595,2
1596,4
1597,1
1598,0
1599,1
1600,2
1601,1
1602,3
1603,3
1604,5
1605,2
1606,3
1607,3
1608,0
1609,1
1610,2
1611,1
1612,3
1613,0
1614,0
1615,0
1616,5
1617,0
1618,5
1619,1
1620,1
1621,3
1622,1
1623,4
1624,2
1625,2
1626,2
1627,2
1628,2
1629,3
1630,4
1631,4
1632,4
1633,5
1634,0
1635,1
1636,0
1637,3
1638,2
1639,4
1640,5
1641,3
1642,0
1643,0
1644,3
1645,4
1646,0
1647,4
1648,5
1649,0
1650,2
1651,1
1652,0
1653,1
1654,2
1655,1
1656,2
1657,3
1658,4
1659,2
1660,2
1661,1
1662,1
1663,0
1664,2
1665,2
1666,2
1667,0
1668,0
1669,1
1670,1
1671,0
1672,3
1673,2
1674,2
1675,1
1676,2
1677,1
1678,1
1679,2
1680,1
1681,4
1682,2
1683,3
1684,4
1685,7
1686,1
1687,1
1688,4
1689,2
1690,0
1691,2
1692,6
1693,2
1694,1
1695,1
1696,2
1697,1
1698,3
1699,0
1700,3
1701,2
1702,1
1703,0
1704,0
1705,1
1706,0
1707,2
1708,3
1709,2
1710,0
1711,0
1712,0
1713,0
1714,3
1715,2
1716,0
1717,1
1718,2
1719,3
1720,2
1721,4
1722,2
1723,0
1724,1
1725,1
1726,0
1727,3
1728,1
1729,0
1730,2
1731,4
1732,2
1733,3
1734,3
1735,0
1736,2
1737,1
1738,9
1739,1
1740,0
1741,1
1742,3
1743,1
1744,1
1745,2
1746,1
1747,4
1748,0
1749,4
1750,3
1751,2
1752,2
1753,2
1754,3
1755,3
1756,2
1757,2
1758,2
1759,0
1760,2
1761,1
1762,2
1763,2
1764,6
1765,1
1766,1
1767,0
1768,3
1769,4
1770,0
1771,1
1772,2
1773,2
1774,5
1775,0
1776,2
1777,1
1778,1
1779,1
1780,2
1781,1
1782,3
1783,0
1784,2
1785,1
1786,5
1787,1
1788,2
1789,1
1790,3
1791,0
1792,1
1793,2
1794,3
1795,3
1796,2
1797,2
1798,1
1799,2
1800,1
1801,2
1802,0
1803,2
1804,0
1805,3
1806,1
1807,1
1808,2
1809,2
1810,3
1811,4
1812,2
1813,3
1814,2
1815,2
1816,0
1817,1
1818,0
1819,4
1820,0
1821,4
1822,1
1823,2
1824,2
1825,2
1826,1
1827,0
1828,2
1829,0
1830,2
1831,1
1832,1
1833,2
1834,5
1835,0
1836,4
1837,2
1838,2
1839,1
1840,3
1841,5
1842,5
1843,2
1844,0
1845,5
1846,2
1847,4
1848,2
1849,1
1850,0
1851,1
1852,1
1853,1
1854,0
1855,0
1856,4
1857,1
1858,3
1859,1
1860,2
1861,1
1862,2
1863,2
1864,5
1865,2
1866,1
1867,1
1868,1
1869,3
1870,1
1871,1
1872,2
1873,1
1874,2
1875,2
1876,0
1877,2
1878,3
1879,1
1880,1
1881,3
1882,3
1883,2
1884,2
1885,2
1886,2
1887,2
1888,0
1889,1
1890,1
1891,2
1892,3
1893,1
1894,5
1895,1
1896,1
1897,0
1898,4
1899,2
1900,0
1901,0
1902,1
1903,3
1904,4
1905,1
1906,3
1907,0
1908,1
1909,1
1910,4
1911,1
1912,2
1913,4
1914,4
1915,3
1916,5
1917,1
1918,5
1919,2
1920,4
1921,0
1922,2
1923,2
1924,4
1925,4
1926,3
1927,1
1928,2
1929,2
1930,3
1931,2
1932,2
1933,0
1934,1
1935,3
1936,1
1937,2
1938,0
1939,3
1940,3
1941,2
1942,2
1943,0
1944,0
1945,4
1946,1
1947,2
1948,1
1949,2
1950,0
1951,2
1952,2
1953,2
1954,4
1955,1
1956,2
1957,1
1958,2
