0,1
1,2
2,2
3,2
4,2
5,1
6,2
7,1
8,1
9,3
10,2
11,1
12,5
13,3
14,0
15,0
16,1
17,0
18,4
19,3
20,3
21,1
22,1
23,1
24,1
25,2
26,4
27,0
28,1
29,1
30,0
31,3
32,1
33,2
34,4
35,0
36,2
37,0
38,2
39,1
40,3
41,0
42,0
43,2
44,2
45,1
46,2
47,1
48,1
49,3
50,2
51,1
52,2
53,0
54,2
55,2
56,0
57,1
58,1
59,2
60,2
61,2
62,1
63,3
64,2
65,2
66,3
67,4
68,1
69,1
70,2
71,1
72,0
73,1
74,0
75,1
76,1
77,1
78,0
79,2
80,0
81,1
82,2
83,3
84,3
85,0
86,0
87,3
88,2
89,2
90,6
91,3
92,3
93,0
94,2
95,1
96,2
97,2
98,0
99,0
100,2
101,0
102,1
103,2
104,1
105,1
106,1
107,2
108,1
109,1
110,3
111,0
112,0
113,3
114,0
115,2
116,1
117,0
118,0
119,1
120,1
121,0
122,2
123,0
124,1
125,3
126,1
127,2
128,1
129,0
130,3
131,0
132,0
133,1
134,1
135,0
136,1
137,2
138,0
139,0
140,2
141,2
142,0
143,3
144,1
145,0
146,2
147,1
148,1
149,1
150,1
151,1
152,1
153,5
154,3
155,0
156,2
157,1
158,0
159,1
160,1
161,4
162,1
163,1
164,1
165,3
166,2
167,0
168,1
169,0
170,1
171,1
172,1
173,0
174,1
175,2
176,2
177,1
178,2
179,1
180,0
181,1
182,1
183,2
184,3
185,1
186,2
187,1
188,0
189,1
190,2
191,1
192,1
193,1
194,4
195,1
196,2
197,1
198,2
199,3
200,2
201,1
202,3
203,2
204,5
205,2
206,1
207,2
208,3
209,5
210,2
211,1
212,1
213,1
214,1
215,2
216,1
217,2
218,1
219,5
220,2
221,3
222,4
223,3
224,1
225,2
226,2
227,3
228,4
229,1
230,0
231,2
232,2
233,4
234,4
235,2
236,0
237,2
238,2
239,3
240,2
241,1
242,2
243,0
244,1
245,2
246,2
247,1
248,1
249,1
250,1
251,4
252,3
253,0
254,3
255,3
256,1
257,0
258,1
259,1
260,2
261,2
262,3
263,1
264,2
265,2
266,1
267,5
268,2
269,2
270,1
271,2
272,1
273,1
274,1
275,1
276,0
277,1
278,1
279,2
280,1
281,2
282,2
283,1
284,0
285,1
286,4
287,3
288,3
289,2
290,2
291,3
292,1
293,2
294,1
295,2
296,1
297,2
298,2
299,0
300,2
301,1
302,2
303,2
304,1
305,1
306,3
307,1
308,3
309,2
310,2
311,3
312,1
313,1
314,1
315,3
316,3
317,3
318,2
319,1
320,0
321,1
322,1
323,1
324,4
325,0
326,0
327,0
328,5
329,2
330,1
331,1
332,5
333,1
334,1
335,4
336,2
337,2
338,2
339,1
340,4
341,1
342,3
343,7
344,1
345,1
346,1
347,1
348,1
349,3
350,1
351,1
352,2
353,1
354,1
355,2
356,2
357,2
358,1
359,1
360,1
361,1
362,1
363,1
364,1
365,1
366,1
367,1
368,3
369,2
370,3
371,2
372,2
373,0
374,3
375,2
376,0
377,0
378,2
379,5
380,1
381,0
382,3
383,0
384,0
385,3
386,0
387,1
388,2
389,1
390,1
391,1
392,1
393,1
394,1
395,3
396,2
397,0
398,1
399,0
400,2
401,1
402,1
403,4
404,4
405,0
406,1
407,1
408,2
409,1
410,1
411,0
412,1
413,3
414,2
415,1
416,2
417,2
418,1
419,4
420,2
421,1
422,1
423,2
424,0
425,0
426,2
427,1
428,1
429,3
430,1
431,1
432,1
433,3
434,2
435,3
436,1
437,3
438,1
439,1
440,0
441,4
442,1
443,0
444,4
445,1
446,2
447,0
448,1
449,2
450,3
451,2
452,1
453,1
454,2
455,1
456,1
457,2
458,1
459,2
460,4
461,2
462,4
463,2
464,2
465,1
466,1
467,0
468,1
469,2
470,3
471,1
472,2
473,1
474,1
475,1
476,1
477,4
478,2
479,2
480,1
481,1
482,1
483,1
484,2
485,2
486,1
487,1
488,2
489,5
490,1
491,1
492,1
493,1
494,1
495,1
496,1
497,4
498,1
499,4
500,2
501,1
502,2
503,4
504,1
505,1
506,0
507,2
508,3
509,2
510,1
511,2
512,2
513,5
514,1
515,1
516,2
517,2
518,2
519,1
520,2
521,2
522,1
523,2
524,4
525,4
526,2
527,1
528,1
529,4
530,4
531,1
532,1
533,1
534,1
535,1
536,1
537,1
538,3
539,5
540,2
541,3
542,2
543,3
544,1
545,2
546,1
547,2
548,8
549,2
550,2
551,2
552,2
553,1
554,1
555,3
556,2
557,1
558,3
559,1
560,2
561,4
562,3
563,0
564,4
565,1
566,6
567,2
568,1
569,4
570,5
571,2
572,2
573,2
574,0
575,2
576,3
577,0
578,2
579,4
580,3
581,2
582,1
583,1
584,3
585,2
586,2
587,1
588,1
589,0
590,6
591,0
592,1
593,3
594,2
595,2
596,2
597,0
598,1
599,3
600,1
601,1
602,4
603,2
604,3
605,1
606,1
607,1
608,2
609,2
610,0
611,1
612,2
613,1
614,1
615,1
616,2
617,0
618,1
619,1
620,2
621,1
622,4
623,1
624,0
625,2
626,0
627,1
628,3
629,2
630,4
631,0
632,0
633,1
634,1
635,2
636,2
637,2
638,3
639,1
640,2
641,1
642,1
643,2
644,1
645,1
646,1
647,1
648,0
649,1
650,2
651,3
652,1
653,1
654,3
655,2
656,0
657,0
658,1
659,1
660,2
661,1
662,1
663,1
664,2
665,1
666,1
667,3
668,1
669,1
670,1
671,1
672,0
673,2
674,0
675,3
676,3
677,1
678,2
679,2
680,1
681,2
682,0
683,2
684,2
685,2
686,0
687,0
688,1
689,0
690,2
691,1
692,0
693,1
694,1
695,2
696,0
697,0
698,0
699,1
700,2
701,1
702,2
703,0
704,1
705,4
706,2
707,1
708,0
709,1
710,2
711,1
712,0
713,1
714,3
715,4
716,0
717,0
718,2
719,2
720,0
721,1
722,1
723,2
724,3
725,1
726,0
727,3
728,1
729,3
730,2
731,1
732,1
733,0
734,2
735,3
736,1
737,2
738,2
739,1
740,1
741,0
742,1
743,2
744,1
745,1
746,1
747,0
748,1
749,4
750,1
751,3
752,2
753,1
754,1
755,0
756,3
757,1
758,3
759,3
760,1
761,2
762,0
763,1
764,3
765,3
766,1
767,2
768,2
769,4
770,1
771,1
772,1
773,2
774,4
775,3
776,2
777,0
778,4
779,4
780,1
781,0
782,2
783,3
784,4
785,6
786,2
787,5
788,2
789,0
790,2
791,3
792,2
793,2
794,2
795,1
796,1
797,1
798,1
799,2
800,3
801,1
802,1
803,2
804,1
805,0
806,4
807,2
808,2
809,3
810,2
811,1
812,2
813,3
814,2
815,1
816,4
817,3
818,4
819,1
820,1
821,1
822,3
823,1
824,1
825,3
826,1
827,1
828,5
829,1
830,2
831,3
832,2
833,0
834,0
835,0
836,0
837,1
838,0
839,4
840,0
841,3
842,1
843,1
844,1
845,1
846,1
847,2
848,1
849,1
850,1
851,4
852,0
853,1
854,3
855,3
856,2
857,1
858,3
859,1
860,0
861,0
862,1
863,1
864,2
865,0
866,2
867,2
868,2
869,2
870,1
871,3
872,3
873,2
874,2
875,1
876,1
877,1
878,1
879,2
880,1
881,3
882,2
883,1
884,1
885,1
886,1
887,2
888,2
889,1
890,2
891,2
892,1
893,5
894,2
895,3
896,1
897,3
898,2
899,2
900,1
901,2
902,2
903,1
904,4
905,1
906,1
907,2
908,2
909,1
910,5
911,2
912,2
913,1
914,2
915,2
916,1
917,1
918,2
919,3
920,1
921,2
922,1
923,2
924,2
925,3
926,2
927,7
928,1
929,3
930,0
931,1
932,6
933,3
934,4
935,2
936,2
937,1
938,2
939,1
940,1
941,3
942,2
943,1
944,2
945,1
946,1
947,4
948,0
949,1
950,2
951,0
952,1
953,1
954,0
955,0
956,0
957,2
958,1
959,1
960,1
961,2
962,2
963,1
964,1
965,1
966,1
967,3
968,1
969,3
970,1
971,1
972,1
973,1
974,1
975,2
976,1
977,0
978,1
979,1
980,1
981,3
982,0
983,2
984,1
985,2
986,2
987,1
988,1
989,1
990,4
991,1
992,3
993,1
994,3
995,3
996,1
997,4
998,2
999,0
1000,3
1001,2
1002,2
1003,2
1004,2
1005,2
1006,1
1007,3
1008,0
1009,2
1010,6
1011,1
1012,1
1013,1
1014,1
1015,1
1016,3
1017,1
1018,1
1019,1
1020,2
1021,1
1022,1
1023,2
1024,0
1025,2
1026,2
1027,0
1028,1
1029,1
1030,2
1031,2
1032,0
1033,4
1034,1
1035,4
1036,1
1037,0
1038,2
1039,1
1040,1
1041,2
1042,1
1043,2
1044,1
1045,1
1046,3
1047,3
1048,4
1049,3
1050,1
1051,2
1052,4
1053,1
1054,0
1055,1
1056,1
1057,4
1058,1
1059,1
1060,0
1061,1
1062,1
1063,3
1064,1
1065,1
1066,2
1067,3
1068,2
1069,1
1070,1
1071,3
1072,3
1073,1
1074,1
1075,1
1076,2
1077,0
1078,1
1079,2
1080,1
1081,0
1082,4
1083,1
1084,2
1085,0
1086,1
1087,1
1088,1
1089,3
1090,2
1091,2
1092,1
1093,2
1094,1
1095,1
1096,1
1097,3
1098,1
1099,3
1100,5
1101,2
1102,4
1103,1
1104,2
1105,2
1106,2
1107,3
1108,1
1109,0
1110,1
1111,1
1112,3
1113,3
1114,1
1115,4
1116,1
1117,3
1118,1
1119,1
1120,1
1121,2
1122,4
1123,4
1124,1
1125,3
1126,3
1127,3
1128,2
1129,0
1130,0
1131,0
1132,0
1133,3
1134,0
1135,2
1136,0
1137,2
1138,1
1139,3
1140,2
1141,1
1142,1
1143,1
1144,1
1145,1
1146,2
1147,1
1148,1
1149,3
1150,2
1151,1
1152,1
1153,3
1154,2
1155,1
1156,3
1157,4
1158,2
1159,1
1160,1
1161,1
1162,2
1163,1
1164,2
1165,2
1166,1
1167,1
1168,1
1169,5
1170,4
1171,1
1172,2
1173,0
1174,2
1175,1
1176,1
1177,1
1178,0
1179,1
1180,2
1181,1
1182,2
1183,3
1184,1
1185,2
1186,2
1187,1
1188,2
1189,0
1190,1
1191,2
1192,1
1193,1
1194,1
1195,1
1196,0
1197,1
1198,1
1199,1
1200,1
1201,2
1202,1
1203,1
1204,1
1205,0
1206,0
1207,1
1208,1
1209,3
1210,2
1211,1
1212,2
1213,1
1214,1
1215,1
1216,3
1217,1
1218,0
1219,0
1220,0
1221,0
1222,2
1223,0
1224,1
1225,1
1226,3
1227,0
1228,3
1229,2
1230,5
1231,0
1232,1
1233,3
1234,2
1235,5
1236,1
1237,1
1238,0
1239,2
1240,0
1241,2
1242,1
1243,2
1244,2
1245,0
1246,2
1247,3
1248,3
1249,1
1250,1
1251,2
1252,0
1253,4
1254,0
1255,5
1256,2
1257,1
1258,1
1259,1
1260,0
1261,2
1262,2
1263,2
1264,1
1265,2
1266,4
1267,3
1268,1
1269,1
1270,2
1271,1
1272,1
1273,0
1274,3
1275,0
1276,1
1277,3
1278,2
1279,1
1280,1
1281,1
1282,1
1283,3
1284,3
1285,1
1286,1
1287,5
1288,3
1289,1
1290,1
1291,2
1292,1
1293,3
1294,2
1295,2
1296,0
1297,1
1298,2
1299,2
1300,1
1301,4
1302,1
1303,2
1304,3
1305,2
1306,2
1307,3
1308,3
1309,2
1310,3
1311,0
1312,2
1313,1
1314,1
1315,1
1316,1
1317,2
1318,2
1319,1
1320,4
1321,2
1322,3
1323,1
1324,1
1325,3
1326,2
1327,0
1328,0
1329,1
1330,1
1331,1
1332,3
1333,2
1334,4
1335,1
1336,1
1337,2
1338,1
1339,1
1340,2
1341,3
1342,2
1343,4
1344,2
1345,1
1346,0
1347,1
1348,2
1349,1
1350,1
1351,3
1352,1
1353,0
1354,3
1355,1
1356,3
1357,3
1358,0
1359,3
1360,3
1361,1
1362,2
1363,1
1364,2
1365,3
1366,1
1367,1
1368,1
1369,1
1370,3
1371,2
1372,1
1373,1
1374,1
1375,2
1376,2
1377,3
1378,3
1379,3
1380,1
1381,0
1382,2
1383,1
1384,1
1385,1
1386,1
1387,2
1388,0
1389,0
1390,0
1391,2
1392,1
1393,1
1394,1
1395,1
1396,3
1397,2
1398,3
1399,3
1400,1
1401,3
1402,0
1403,1
1404,2
1405,3
1406,2
1407,1
1408,3
1409,3
1410,2
1411,1
1412,2
1413,1
1414,3
1415,2
1416,3
1417,0
1418,1
1419,0
1420,0
1421,0
1422,2
1423,2
1424,1
1425,2
1426,2
1427,0
1428,1
1429,1
1430,3
1431,2
1432,1
1433,2
1434,0
1435,2
1436,2
1437,2
1438,3
1439,3
1440,1
1441,2
1442,2
1443,1
1444,1
1445,2
1446,1
1447,3
1448,0
1449,4
1450,3
1451,3
1452,0
1453,1
1454,4
1455,2
1456,0
1457,1
1458,2
1459,1
1460,3
1461,1
1462,2
1463,1
1464,3
1465,3
1466,3
1467,1
1468,1
1469,0
1470,1
1471,1
1472,2
1473,0
1474,2
1475,2
1476,2
1477,2
1478,2
1479,1
1480,1
1481,2
1482,1
1483,1
1484,1
1485,2
1486,1
1487,4
1488,2
1489,2
1490,3
1491,3
1492,0
1493,2
1494,3
1495,1
1496,5
1497,1
1498,1
1499,4
1500,2
1501,2
1502,1
1503,1
1504,2
1505,0
1506,4
1507,3
1508,1
1509,2
1510,1
1511,1
1512,2
1513,3
1514,1
1515,1
1516,1
1517,1
1518,3
1519,1
1520,2
1521,3
1522,2
1523,1
1524,1
1525,1
1526,3
1527,1
1528,4
1529,1
1530,1
1531,2
1532,3
1533,1
1534,1
1535,2
1536,0
1537,1
1538,1
1539,2
1540,1
1541,2
1542,1
1543,1
1544,1
1545,1
1546,2
1547,1
1548,1
1549,1
1550,1
1551,1
1552,1
1553,1
1554,1
1555,1
1556,5
1557,1
1558,2
1559,2
1560,1
1561,1
1562,1
1563,3
1564,1
1565,1
1566,1
1567,1
1568,1
1569,1
1570,0
1571,1
1572,4
1573,1
1574,0
1575,3
1576,0
1577,1
1578,1
1579,1
1580,2
1581,1
1582,1
1583,2
1584,2
1585,1
1586,3
1587,4
1588,1
1589,4
1590,1
1591,2
1592,3
1593,1
1594,1
1595,2
1596,0
1597,1
1598,0
1599,1
1600,3
1601,0
1602,1
1603,2
1604,2
1605,4
1606,2
1607,4
1608,0
1609,1
1610,1
1611,1
1612,2
1613,0
1614,0
1615,1
1616,2
1617,2
1618,3
1619,1
1620,0
1621,4
1622,0
1623,3
1624,1
1625,1
1626,4
1627,2
1628,2
1629,4
1630,0
1631,2
1632,2
1633,4
1634,1
1635,1
1636,1
1637,3
1638,0
1639,4
1640,2
1641,1
1642,0
1643,3
1644,4
1645,3
1646,0
1647,0
1648,3
1649,0
1650,2
1651,1
1652,0
1653,1
1654,2
1655,1
1656,2
1657,1
1658,3
1659,1
1660,2
1661,1
1662,1
1663,0
1664,2
1665,2
1666,1
1667,1
1668,1
1669,1
1670,0
1671,1
1672,3
1673,1
1674,2
1675,1
1676,3
1677,1
1678,1
1679,1
1680,1
1681,2
1682,1
1683,3
1684,0
1685,1
1686,1
1687,1
1688,3
1689,0
1690,0
1691,2
1692,3
1693,1
1694,1
1695,2
1696,1
1697,0
1698,1
1699,0
1700,1
1701,2
1702,1
1703,0
1704,1
1705,1
1706,1
1707,4
1708,4
1709,3
1710,0
1711,3
1712,2
1713,1
1714,3
1715,2
1716,2
1717,3
1718,3
1719,3
1720,5
1721,4
1722,3
1723,0
1724,1
1725,2
1726,1
1727,1
1728,1
1729,1
1730,1
1731,1
1732,2
1733,2
1734,1
1735,2
1736,1
1737,1
1738,3
1739,1
1740,0
1741,1
1742,1
1743,1
1744,2
1745,4
1746,1
1747,3
1748,0
1749,3
1750,2
1751,2
1752,2
1753,3
1754,1
1755,1
1756,4
1757,3
1758,1
1759,1
1760,2
1761,2
1762,1
1763,1
1764,4
1765,0
1766,0
1767,0
1768,3
1769,3
1770,2
1771,1
1772,2
1773,2
1774,3
1775,2
1776,1
1777,3
1778,0
1779,1
1780,1
1781,3
1782,2
1783,1
1784,2
1785,1
1786,6
1787,2
1788,2
1789,2
1790,2
1791,0
1792,2
1793,3
1794,2
1795,2
1796,3
1797,3
1798,1
1799,3
1800,2
1801,1
1802,2
1803,2
1804,0
1805,2
1806,1
1807,1
1808,2
1809,1
1810,3
1811,3
1812,1
1813,2
1814,2
1815,2
1816,1
1817,2
1818,2
1819,3
1820,4
1821,3
1822,1
1823,2
1824,2
1825,2
1826,1
1827,0
1828,1
1829,0
1830,2
1831,1
1832,1
1833,3
1834,5
1835,0
1836,1
1837,2
1838,1
1839,1
1840,2
1841,6
1842,1
1843,6
1844,1
1845,2
1846,2
1847,1
1848,2
1849,1
1850,0
1851,1
1852,0
1853,1
1854,1
1855,1
1856,1
1857,1
1858,3
1859,1
1860,2
1861,1
1862,2
1863,0
1864,4
1865,1
1866,0
1867,2
1868,0
1869,3
1870,1
1871,0
1872,1
1873,2
1874,1
1875,1
1876,3
1877,4
1878,2
1879,0
1880,1
1881,3
1882,2
1883,4
1884,1
1885,3
1886,2
1887,2
1888,0
1889,1
1890,1
1891,1
1892,3
1893,1
1894,4
1895,1
1896,3
1897,1
1898,2
1899,2
1900,0
1901,0
1902,1
1903,1
1904,2
1905,1
1906,4
1907,1
1908,1
1909,3
1910,1
1911,2
1912,1
1913,3
1914,3
1915,2
1916,1
1917,2
1918,5
1919,1
1920,3
1921,0
1922,1
1923,1
1924,3
1925,4
1926,3
1927,2
1928,3
1929,3
1930,1
1931,3
1932,1
1933,0
1934,0
1935,1
1936,1
1937,0
1938,0
1939,2
1940,2
1941,2
1942,3
1943,2
1944,1
1945,1
1946,1
1947,1
1948,1
1949,2
1950,0
1951,2
1952,1
1953,1
1954,4
1955,1
1956,1
1957,4
1958,1
