0,0
1,2
2,4
3,1
4,0
5,1
6,1
7,0
8,0
9,0
10,2
11,2
12,3
13,0
14,1
15,3
16,4
17,0
18,2
19,2
20,1
21,0
22,1
23,1
24,0
25,2
26,3
27,1
28,1
29,1
30,0
31,2
32,2
33,1
34,1
35,1
36,1
37,1
38,0
39,1
40,1
41,0
42,0
43,2
44,3
45,0
46,0
47,1
48,2
49,1
50,1
51,0
52,4
53,1
54,1
55,1
56,2
57,0
58,0
59,2
60,3
61,1
62,0
63,1
64,1
65,4
66,1
67,3
68,2
69,0
70,0
71,1
72,1
73,0
74,0
75,1
76,5
77,1
78,2
79,1
80,1
81,0
82,5
83,1
84,1
85,0
86,0
87,0
88,2
89,0
90,1
91,0
92,1
93,1
94,1
95,0
96,0
97,1
98,2
99,3
100,3
101,1
102,3
103,1
104,1
105,1
106,3
107,4
108,3
109,2
110,2
111,1
112,0
113,1
114,1
115,1
116,1
117,3
118,3
119,2
120,2
121,1
122,1
123,2
124,2
125,1
126,0
127,2
128,1
129,0
130,0
131,0
132,3
133,1
134,1
135,0
136,3
137,1
138,0
139,0
140,1
141,1
142,0
143,3
144,2
145,2
146,3
147,1
148,2
149,1
150,1
151,0
152,0
153,1
154,1
155,0
156,1
157,1
158,2
159,1
160,0
161,2
162,1
163,1
164,0
165,0
166,1
167,2
168,0
169,2
170,1
171,3
172,1
173,1
174,2
175,1
176,3
177,3
178,2
179,1
180,0
181,1
182,1
183,0
184,1
185,1
186,2
187,0
188,1
189,0
190,2
191,0
192,0
193,0
194,2
195,1
196,1
197,2
198,1
199,1
200,0
201,3
202,3
203,4
204,1
205,4
206,0
207,1
208,3
209,1
210,4
211,2
212,4
213,2
214,0
215,2
216,1
217,1
218,2
219,1
220,4
221,1
222,1
223,2
224,1
225,5
226,0
227,1
228,2
229,0
230,1
231,2
232,0
233,6
234,6
235,2
236,0
237,4
238,1
239,3
240,4
241,1
242,1
243,2
244,1
245,1
246,2
247,2
248,1
249,4
250,2
251,2
252,3
253,0
254,2
255,5
256,1
257,2
258,0
259,4
260,3
261,3
262,0
263,1
264,1
265,0
266,0
267,5
268,1
269,3
270,1
271,1
272,1
273,1
274,1
275,2
276,0
277,1
278,1
279,2
280,0
281,0
282,2
283,5
284,0
285,0
286,1
287,0
288,3
289,1
290,2
291,0
292,1
293,0
294,3
295,1
296,1
297,3
298,2
299,0
300,1
301,2
302,2
303,1
304,0
305,3
306,2
307,1
308,2
309,0
310,1
311,2
312,1
313,1
314,5
315,2
316,2
317,3
318,2
319,0
320,0
321,1
322,1
323,1
324,3
325,0
326,3
327,0
328,3
329,1
330,1
331,1
332,1
333,2
334,5
335,1
336,0
337,1
338,1
339,1
340,4
341,2
342,1
343,1
344,1
345,1
346,1
347,2
348,2
349,1
350,1
351,1
352,1
353,2
354,1
355,1
356,0
357,1
358,3
359,3
360,1
361,0
362,1
363,1
364,1
365,1
366,1
367,1
368,1
369,2
370,1
371,7
372,1
373,3
374,2
375,2
376,2
377,0
378,1
379,1
380,2
381,0
382,1
383,0
384,5
385,0
386,1
387,5
388,3
389,2
390,0
391,3
392,3
393,1
394,2
395,4
396,1
397,0
398,1
399,1
400,0
401,1
402,0
403,5
404,1
405,0
406,1
407,3
408,1
409,1
410,1
411,0
412,1
413,0
414,2
415,1
416,0
417,2
418,1
419,1
420,1
421,4
422,1
423,1
424,0
425,0
426,0
427,2
428,1
429,1
430,0
431,3
432,0
433,1
434,2
435,2
436,1
437,1
438,1
439,1
440,1
441,2
442,3
443,0
444,5
445,0
446,3
447,0
448,1
449,0
450,0
451,1
452,1
453,3
454,1
455,1
456,3
457,2
458,1
459,1
460,2
461,1
462,1
463,0
464,2
465,1
466,1
467,1
468,0
469,1
470,3
471,5
472,3
473,1
474,1
475,1
476,1
477,0
478,2
479,1
480,1
481,0
482,1
483,1
484,5
485,1
486,1
487,1
488,5
489,4
490,2
491,1
492,1
493,1
494,1
495,1
496,1
497,2
498,1
499,1
500,5
501,1
502,3
503,2
504,4
505,0
506,1
507,1
508,1
509,1
510,1
511,2
512,3
513,3
514,1
515,2
516,2
517,1
518,1
519,1
520,2
521,3
522,1
523,1
524,3
525,2
526,1
527,1
528,2
529,1
530,4
531,3
532,1
533,1
534,1
535,5
536,0
537,1
538,2
539,1
540,2
541,3
542,2
543,0
544,1
545,4
546,1
547,1
548,2
549,2
550,0
551,1
552,1
553,4
554,1
555,4
556,5
557,1
558,1
559,2
560,2
561,2
562,1
563,3
564,2
565,1
566,3
567,1
568,1
569,2
570,1
571,1
572,1
573,0
574,1
575,1
576,1
577,2
578,3
579,3
580,1
581,1
582,1
583,1
584,2
585,0
586,1
587,1
588,1
589,1
590,2
591,1
592,0
593,1
594,1
595,1
596,3
597,0
598,1
599,0
600,1
601,5
602,2
603,3
604,1
605,1
606,1
607,0
608,1
609,0
610,1
611,2
612,1
613,4
614,1
615,1
616,1
617,0
618,2
619,1
620,1
621,1
622,2
623,2
624,1
625,1
626,1
627,1
628,3
629,1
630,1
631,2
632,1
633,1
634,1
635,4
636,1
637,0
638,1
639,1
640,5
641,2
642,2
643,1
644,0
645,0
646,1
647,1
648,0
649,1
650,2
651,1
652,1
653,0
654,0
655,3
656,0
657,1
658,1
659,1
660,1
661,1
662,0
663,0
664,0
665,1
666,1
667,0
668,2
669,1
670,2
671,1
672,1
673,0
674,1
675,2
676,1
677,0
678,2
679,2
680,1
681,1
682,1
683,1
684,1
685,1
686,5
687,0
688,0
689,1
690,1
691,2
692,3
693,0
694,4
695,1
696,0
697,1
698,0
699,1
700,1
701,3
702,1
703,2
704,1
705,1
706,1
707,0
708,3
709,1
710,1
711,5
712,0
713,1
714,6
715,5
716,0
717,3
718,2
719,0
720,0
721,2
722,0
723,3
724,5
725,2
726,0
727,1
728,2
729,2
730,0
731,2
732,2
733,0
734,1
735,4
736,1
737,4
738,2
739,3
740,1
741,1
742,1
743,0
744,0
745,1
746,2
747,2
748,1
749,2
750,1
751,1
752,4
753,2
754,1
755,0
756,3
757,0
758,2
759,1
760,1
761,4
762,0
763,1
764,2
765,2
766,2
767,1
768,0
769,4
770,1
771,2
772,0
773,1
774,0
775,5
776,1
777,3
778,4
779,0
780,1
781,0
782,6
783,1
784,0
785,1
786,1
787,2
788,1
789,1
790,3
791,0
792,1
793,5
794,1
795,1
796,2
797,1
798,2
799,2
800,3
801,4
802,1
803,1
804,0
805,0
806,4
807,1
808,3
809,3
810,1
811,0
812,1
813,3
814,0
815,0
816,0
817,0
818,3
819,2
820,0
821,3
822,1
823,0
824,3
825,3
826,1
827,1
828,5
829,1
830,3
831,4
832,2
833,0
834,0
835,0
836,1
837,1
838,0
839,3
840,0
841,3
842,2
843,0
844,0
845,2
846,2
847,1
848,1
849,0
850,1
851,4
852,2
853,0
854,2
855,1
856,0
857,2
858,2
859,1
860,2
861,0
862,1
863,0
864,1
865,1
866,2
867,1
868,1
869,1
870,1
871,2
872,2
873,5
874,2
875,1
876,4
877,1
878,1
879,1
880,5
881,2
882,0
883,1
884,2
885,1
886,0
887,1
888,1
889,0
890,1
891,4
892,2
893,2
894,1
895,0
896,1
897,3
898,1
899,3
900,0
901,1
902,3
903,1
904,0
905,4
906,2
907,0
908,0
909,1
910,1
911,0
912,1
913,1
914,2
915,1
916,1
917,1
918,2
919,1
920,0
921,5
922,1
923,1
924,3
925,2
926,1
927,1
928,0
929,1
930,0
931,2
932,1
933,1
934,1
935,0
936,2
937,1
938,1
939,3
940,1
941,1
942,2
943,2
944,2
945,2
946,0
947,1
948,0
949,1
950,5
951,1
952,0
953,1
954,1
955,1
956,1
957,0
958,1
959,3
960,1
961,1
962,1
963,0
964,2
965,2
966,1
967,0
968,1
969,1
970,1
971,1
972,1
973,1
974,1
975,3
976,2
977,0
978,0
979,1
980,0
981,1
982,1
983,2
984,1
985,2
986,3
987,1
988,4
989,2
990,1
991,1
992,1
993,0
994,2
995,2
996,1
997,0
998,3
999,1
1000,1
1001,1
1002,4
1003,1
1004,0
1005,2
1006,1
1007,2
1008,0
1009,1
1010,2
1011,5
1012,2
1013,2
1014,0
1015,2
1016,2
1017,2
1018,1
1019,1
1020,1
1021,1
1022,1
1023,1
1024,0
1025,1
1026,1
1027,0
1028,3
1029,2
1030,3
1031,6
1032,0
1033,1
1034,1
1035,3
1036,0
1037,0
1038,4
1039,2
1040,1
1041,1
1042,0
1043,1
1044,1
1045,1
1046,2
1047,1
1048,3
1049,3
1050,1
1051,0
1052,1
1053,2
1054,3
1055,2
1056,2
1057,0
1058,0
1059,0
1060,0
1061,2
1062,2
1063,2
1064,1
1065,2
1066,0
1067,1
1068,1
1069,2
1070,1
1071,0
1072,0
1073,1
1074,2
1075,1
1076,5
1077,2
1078,1
1079,1
1080,0
1081,0
1082,3
1083,0
1084,0
1085,0
1086,1
1087,2
1088,1
1089,1
1090,1
1091,1
1092,2
1093,1
1094,2
1095,1
1096,1
1097,3
1098,1
1099,5
1100,1
1101,1
1102,10
1103,2
1104,1
1105,1
1106,1
1107,1
1108,0
1109,0
1110,2
1111,0
1112,1
1113,1
1114,2
1115,6
1116,1
1117,3
1118,1
1119,0
1120,4
1121,0
1122,3
1123,0
1124,2
1125,1
1126,2
1127,1
1128,0
1129,1
1130,0
1131,1
1132,0
1133,1
1134,1
1135,3
1136,1
1137,1
1138,3
1139,4
1140,1
1141,3
1142,1
1143,1
1144,0
1145,1
1146,0
1147,1
1148,1
1149,2
1150,0
1151,0
1152,2
1153,1
1154,1
1155,1
1156,1
1157,1
1158,0
1159,1
1160,1
1161,1
1162,0
1163,1
1164,2
1165,0
1166,2
1167,0
1168,1
1169,3
1170,0
1171,1
1172,3
1173,0
1174,2
1175,1
1176,3
1177,1
1178,1
1179,2
1180,1
1181,0
1182,2
1183,3
1184,2
1185,2
1186,0
1187,1
1188,5
1189,1
1190,1
1191,1
1192,2
1193,1
1194,3
1195,1
1196,0
1197,0
1198,0
1199,2
1200,1
1201,1
1202,3
1203,0
1204,0
1205,0
1206,5
1207,1
1208,1
1209,0
1210,2
1211,1
1212,1
1213,1
1214,2
1215,0
1216,1
1217,1
1218,1
1219,0
1220,0
1221,1
1222,0
1223,1
1224,1
1225,1
1226,1
1227,1
1228,2
1229,0
1230,1
1231,1
1232,1
1233,2
1234,1
1235,5
1236,0
1237,0
1238,0
1239,1
1240,1
1241,2
1242,1
1243,3
1244,3
1245,1
1246,1
1247,3
1248,1
1249,3
1250,0
1251,2
1252,0
1253,3
1254,2
1255,2
1256,2
1257,0
1258,1
1259,4
1260,0
1261,5
1262,1
1263,1
1264,0
1265,2
1266,0
1267,1
1268,1
1269,1
1270,2
1271,4
1272,1
1273,0
1274,3
1275,0
1276,0
1277,3
1278,1
1279,0
1280,3
1281,1
1282,1
1283,3
1284,1
1285,0
1286,1
1287,1
1288,3
1289,1
1290,1
1291,5
1292,1
1293,1
1294,1
1295,2
1296,0
1297,1
1298,0
1299,0
1300,1
1301,0
1302,1
1303,1
1304,1
1305,2
1306,1
1307,2
1308,3
1309,1
1310,2
1311,0
1312,2
1313,3
1314,1
1315,1
1316,1
1317,1
1318,1
1319,0
1320,3
1321,1
1322,3
1323,1
1324,0
1325,1
1326,0
1327,3
1328,0
1329,1
1330,2
1331,1
1332,3
1333,3
1334,1
1335,1
1336,0
1337,1
1338,1
1339,1
1340,2
1341,2
1342,1
1343,3
1344,2
1345,1
1346,0
1347,2
1348,2
1349,0
1350,1
1351,3
1352,2
1353,0
1354,2
1355,1
1356,1
1357,1
1358,0
1359,1
1360,3
1361,1
1362,0
1363,1
1364,1
1365,2
1366,3
1367,1
1368,0
1369,3
1370,1
1371,1
1372,1
1373,1
1374,0
1375,2
1376,3
1377,3
1378,1
1379,1
1380,2
1381,0
1382,2
1383,1
1384,1
1385,0
1386,2
1387,2
1388,0
1389,0
1390,0
1391,1
1392,0
1393,0
1394,1
1395,1
1396,1
1397,3
1398,0
1399,2
1400,2
1401,2
1402,0
1403,1
1404,3
1405,1
1406,1
1407,1
1408,2
1409,3
1410,1
1411,2
1412,0
1413,1
1414,3
1415,1
1416,1
1417,1
1418,0
1419,1
1420,0
1421,1
1422,1
1423,3
1424,1
1425,0
1426,0
1427,0
1428,0
1429,2
1430,1
1431,1
1432,1
1433,1
1434,0
1435,1
1436,1
1437,1
1438,2
1439,1
1440,0
1441,1
1442,0
1443,1
1444,2
1445,1
1446,2
1447,2
1448,2
1449,2
1450,1
1451,3
1452,0
1453,2
1454,2
1455,2
1456,3
1457,1
1458,3
1459,1
1460,4
1461,1
1462,1
1463,1
1464,6
1465,1
1466,2
1467,0
1468,1
1469,0
1470,1
1471,3
1472,2
1473,0
1474,1
1475,1
1476,1
1477,1
1478,1
1479,2
1480,0
1481,1
1482,2
1483,1
1484,2
1485,3
1486,0
1487,2
1488,1
1489,1
1490,5
1491,3
1492,0
1493,1
1494,0
1495,1
1496,5
1497,2
1498,3
1499,1
1500,3
1501,0
1502,2
1503,3
1504,1
1505,0
1506,0
1507,1
1508,4
1509,1
1510,1
1511,0
1512,1
1513,3
1514,3
1515,1
1516,0
1517,1
1518,3
1519,1
1520,3
1521,1
1522,4
1523,0
1524,0
1525,2
1526,1
1527,1
1528,1
1529,1
1530,4
1531,0
1532,1
1533,1
1534,3
1535,2
1536,1
1537,1
1538,4
1539,2
1540,2
1541,3
1542,0
1543,1
1544,1
1545,2
1546,1
1547,1
1548,3
1549,1
1550,1
1551,0
1552,0
1553,1
1554,1
1555,4
1556,2
1557,1
1558,1
1559,6
1560,1
1561,0
1562,1
1563,2
1564,1
1565,1
1566,1
1567,1
1568,1
1569,2
1570,1
1571,3
1572,2
1573,1
1574,0
1575,2
1576,0
1577,0
1578,1
1579,1
1580,2
1581,1
1582,1
1583,2
1584,1
1585,1
1586,0
1587,4
1588,0
1589,6
1590,1
1591,1
1592,2
1593,0
1594,1
1595,0
1596,2
1597,1
1598,1
1599,2
1600,2
1601,1
1602,0
1603,5
1604,1
1605,4
1606,1
1607,1
1608,0
1609,1
1610,1
1611,4
1612,3
1613,1
1614,1
1615,1
1616,2
1617,2
1618,2
1619,1
1620,0
1621,1
1622,2
1623,0
1624,1
1625,0
1626,2
1627,2
1628,1
1629,1
1630,4
1631,3
1632,2
1633,3
1634,0
1635,1
1636,5
1637,2
1638,0
1639,0
1640,3
1641,5
1642,1
1643,7
1644,1
1645,0
1646,0
1647,1
1648,4
1649,1
1650,1
1651,1
1652,0
1653,2
1654,1
1655,1
1656,1
1657,1
1658,1
1659,3
1660,1
1661,0
1662,0
1663,0
1664,4
1665,2
1666,0
1667,1
1668,0
1669,1
1670,1
1671,4
1672,2
1673,1
1674,1
1675,1
1676,5
1677,0
1678,2
1679,1
1680,0
1681,3
1682,1
1683,1
1684,2
1685,0
1686,3
1687,1
1688,2
1689,0
1690,0
1691,1
1692,1
1693,1
1694,1
1695,2
1696,2
1697,2
1698,2
1699,0
1700,1
1701,1
1702,3
1703,0
1704,1
1705,1
1706,2
1707,4
1708,1
1709,3
1710,0
1711,3
1712,1
1713,1
1714,1
1715,1
1716,4
1717,1
1718,3
1719,1
1720,1
1721,3
1722,1
1723,1
1724,1
1725,5
1726,1
1727,1
1728,1
1729,1
1730,1
1731,2
1732,0
1733,3
1734,1
1735,1
1736,2
1737,1
1738,3
1739,0
1740,1
1741,5
1742,0
1743,1
1744,1
1745,1
1746,1
1747,0
1748,0
1749,1
1750,1
1751,2
1752,1
1753,3
1754,1
1755,1
1756,1
1757,2
1758,1
1759,2
1760,1
1761,1
1762,1
1763,1
1764,1
1765,0
1766,0
1767,0
1768,2
1769,3
1770,2
1771,2
1772,1
1773,3
1774,1
1775,2
1776,0
1777,1
1778,3
1779,1
1780,1
1781,1
1782,2
1783,1
1784,1
1785,1
1786,1
1787,1
1788,3
1789,1
1790,0
1791,0
1792,2
1793,2
1794,1
1795,3
1796,1
1797,5
1798,1
1799,4
1800,1
1801,3
1802,1
1803,0
1804,1
1805,1
1806,0
1807,2
1808,1
1809,0
1810,0
1811,0
1812,0
1813,1
1814,1
1815,4
1816,0
1817,0
1818,0
1819,1
1820,3
1821,4
1822,3
1823,1
1824,2
1825,1
1826,0
1827,0
1828,3
1829,0
1830,0
1831,1
1832,1
1833,1
1834,1
1835,0
1836,2
1837,1
1838,1
1839,1
1840,1
1841,2
1842,1
1843,5
1844,3
1845,0
1846,2
1847,1
1848,3
1849,4
1850,0
1851,4
1852,1
1853,1
1854,2
1855,3
1856,1
1857,1
1858,0
1859,1
1860,0
1861,0
1862,1
1863,3
1864,0
1865,1
1866,0
1867,3
1868,1
1869,1
1870,1
1871,2
1872,0
1873,1
1874,1
1875,1
1876,0
1877,2
1878,2
1879,0
1880,1
1881,2
1882,2
1883,0
1884,1
1885,2
1886,3
1887,1
1888,1
1889,1
1890,0
1891,1
1892,1
1893,2
1894,1
1895,1
1896,3
1897,1
1898,0
1899,0
1900,0
1901,0
1902,1
1903,1
1904,3
1905,1
1906,1
1907,3
1908,1
1909,2
1910,1
1911,0
1912,4
1913,5
1914,2
1915,3
1916,1
1917,1
1918,0
1919,0
1920,1
1921,0
1922,2
1923,1
1924,0
1925,3
1926,2
1927,1
1928,2
1929,2
1930,1
1931,2
1932,1
1933,0
1934,0
1935,2
1936,1
1937,0
1938,0
1939,4
1940,5
1941,3
1942,3
1943,2
1944,1
1945,1
1946,1
1947,1
1948,1
1949,1
1950,0
1951,1
1952,2
1953,2
1954,2
1955,2
1956,1
1957,4
1958,2
