0,31
1,35
2,45
3,28
4,28
5,32
6,44
7,56
8,33
9,38
10,28
11,14
12,31
13,
14,40
15,30
16,18
17,4
18,20
19,13
20,16
21,27
22,40
23,39
24,18
25,23
26,42
27,9
28,14
29,15
30,22
31,50
32,39
33,14
34,12
35,23
36,23
37,33
38,28
39,18
40,43
41,28
42,18
43,14
44,41
45,44
46,9
47,36
48,24
49,17
50,4
51,32
52,48
53,20
54,19
55,21
56,44
57,53
58,32
59,9
60,28
61,
62,
63,44
64,
65,46
66,18
67,22
68,39
69,14
70,53
71,31
72,29
73,23
74,16
75,28
76,32
77,31
78,29
79,14
80,30
81,35
82,28
83,23
84,47
85,30
86,44
87,35
88,39
89,30
90,23
91,12
92,19
93,18
94,31
95,34
96,4
97,17
98,39
99,14
100,24
101,36
102,24
103,18
104,37
105,52
106,14
107,16
108,38
109,29
110,20
111,25
112,40
113,3
114,13
115,26
116,52
117,24
118,17
119,16
120,49
121,26
122,26
123,34
124,19
125,
126,46
127,31
128,11
129,34
130,38
131,54
132,30
133,26
134,6
135,8
136,42
137,39
138,19
139,11
140,52
141,52
142,11
143,28
144,50
145,26
146,19
147,15
148,35
149,28
150,
151,22
152,53
153,30
154,32
155,17
156,40
157,45
158,40
159,24
160,47
161,29
162,12
163,52
164,
165,49
166,22
167,18
168,56
169,36
170,9
171,39
172,26
173,28
174,17
175,28
176,28
177,48
178,28
179,23
180,39
181,28
182,20
183,29
184,14
185,23
186,28
187,40
188,32
189,54
190,26
191,21
192,32
193,32
194,22
195,26
196,43
197,13
198,25
199,5
200,
201,15
202,28
203,30
204,23
205,48
206,18
207,50
208,17
209,40
210,23
211,49
212,24
213,41
214,18
215,22
216,28
217,15
218,35
219,43
220,27
221,20
222,10
223,
224,22
225,26
226,39
227,49
228,20
229,56
230,40
231,11
232,16
233,34
234,34
235,28
236,11
237,20
238,43
239,39
240,45
241,6
242,32
243,19
244,19
245,29
246,28
247,12
248,14
249,28
250,33
251,30
252,17
253,36
254,11
255,40
256,28
257,49
258,30
259,48
260,31
261,36
262,25
263,7
264,5
265,30
266,34
267,28
268,18
269,41
270,12
271,
272,15
273,4
274,52
275,30
276,17
277,51
278,17
279,11
280,39
281,30
282,33
283,
284,25
285,
286,31
287,23
288,29
289,14
290,14
291,9
292,43
293,37
294,29
295,50
296,31
297,13
298,29
299,32
300,13
301,39
302,7
303,34
304,28
305,14
306,14
307,22
308,9
309,20
310,52
311,31
312,11
313,14
314,26
315,44
316,24
317,13
318,33
319,9
320,17
321,19
322,28
323,32
324,28
325,34
326,13
327,37
328,35
329,41
330,15
331,24
332,25
333,50
334,40
335,30
336,21
337,55
338,17
339,15
340,14
341,11
342,42
343,43
344,19
345,19
346,24
347,31
348,50
349,31
350,52
351,12
352,
353,28
354,31
355,33
356,20
357,7
358,29
359,19
360,13
361,34
362,12
363,28
364,26
365,18
366,23
367,43
368,25
369,14
370,12
371,41
372,56
373,30
374,12
375,14
376,28
377,34
378,9
379,18
380,30
381,18
382,25
383,16
384,28
385,29
386,23
387,40
388,28
389,29
390,
391,38
392,14
393,32
394,20
395,31
396,39
397,33
398,20
399,32
400,34
401,25
402,28
403,15
404,31
405,29
406,28
407,39
408,40
409,31
410,20
411,31
412,4
413,36
414,33
415,24
416,33
417,53
418,34
419,28
420,25
421,18
422,44
423,47
424,35
425,7
426,18
427,48
428,25
429,25
430,12
431,27
432,47
433,4
434,52
435,
436,24
437,31
438,18
439,20
440,18
441,27
442,31
443,22
444,32
445,17
446,13
447,4
448,26
449,28
450,45
451,32
452,21
453,19
454,25
455,22
456,8
457,19
458,23
459,44
460,43
461,41
462,
463,23
464,20
465,20
466,18
467,14
468,47
469,17
470,41
471,40
472,32
473,29
474,6
475,51
476,20
477,41
478,40
479,17
480,30
481,39
482,19
483,38
484,15
485,26
486,52
487,23
488,33
489,14
490,17
491,51
492,30
493,13
494,23
495,49
496,22
497,20
498,22
499,14
500,33
501,19
502,28
503,22
504,6
505,30
506,27
507,33
508,17
509,46
510,35
511,11
512,29
513,22
514,12
515,44
516,13
517,38
518,14
519,12
520,8
521,27
522,43
523,43
524,22
525,17
526,43
527,9
528,49
529,30
530,34
531,41
532,23
533,24
534,
535,48
536,56
537,19
538,23
539,49
540,33
541,23
542,26
543,26
544,43
545,40
546,14
547,20
548,24
549,28
550,15
551,35
552,
553,35
554,46
555,11
556,15
557,31
558,11
559,22
560,11
561,39
562,53
563,39
564,11
565,31
566,25
567,54
568,39
569,20
570,22
571,33
572,12
573,31
574,31
575,33
576,48
577,39
578,28
579,11
580,13
581,43
582,43
583,45
584,49
585,14
586,46
587,12
588,4
589,39
590,25
591,35
592,75
593,31
594,31
595,13
596,31
597,52
598,
599,49
600,19
601,20
602,27
603,19
604,16
605,31
606,17
607,47
608,33
609,31
610,34
611,4
612,10
613,39
614,51
615,35
616,31
617,6
618,43
619,
620,15
621,28
622,26
623,48
624,34
625,27
626,12
627,23
628,48
629,
630,12
631,31
632,33
633,52
634,24
635,29
636,53
637,56
638,
639,20
640,30
641,40
642,29
643,39
644,53
645,43
646,43
647,51
648,32
649,26
650,13
651,33
652,26
653,35
654,25
655,38
656,18
657,21
658,2
659,28
660,4
661,13
662,33
663,
664,56
665,47
666,19
667,37
668,31
669,39
670,16
671,11
672,27
673,29
674,36
675,13
676,20
677,29
678,30
679,30
680,26
681,29
682,29
683,22
684,20
685,48
686,40
687,
688,56
689,31
690,
691,29
692,28
693,11
694,28
695,14
696,36
697,25
698,19
699,50
700,33
701,19
702,18
703,30
704,38
705,39
706,13
707,34
708,26
709,14
710,52
711,40
712,3
713,29
714,23
715,28
716,47
717,41
718,9
719,25
720,38
721,47
722,14
723,41
724,28
725,36
726,41
727,8
728,11
729,31
730,
731,39
732,17
733,
734,39
735,31
736,40
737,19
738,19
739,18
740,41
741,31
742,31
743,31
744,21
745,21
746,36
747,18
748,46
749,44
750,31
751,17
752,30
753,26
754,31
755,16
756,11
757,
758,41
759,29
760,31
761,35
762,
763,20
764,27
765,8
766,41
767,33
768,53
769,12
770,46
771,47
772,
773,31
774,23
775,15
776,39
777,6
778,34
779,35
780,17
781,44
782,23
783,11
784,29
785,54
786,10
787,44
788,47
789,37
790,28
791,28
792,36
793,12
794,46
795,26
796,4
797,32
798,17
799,35
800,36
801,28
802,28
803,31
804,61
805,30
806,31
807,13
808,32
809,36
810,5
811,53
812,43
813,35
814,25
815,29
816,18
817,22
818,40
819,30
820,23
821,28
822,24
823,10
824,22
825,28
826,18
827,17
828,40
829,29
830,19
831,20
832,30
833,24
834,11
835,32
836,19
837,20
838,48
839,40
840,47
841,11
842,41
843,22
844,11
845,41
846,36
847,53
848,18
849,23
850,4
851,20
852,39
853,14
854,24
855,19
856,37
857,26
858,14
859,39
860,31
861,50
862,46
863,18
864,20
865,14
866,
867,33
868,34
869,11
870,22
871,34
872,49
873,28
874,24
875,20
876,23
877,22
878,28
879,47
880,40
881,25
882,31
883,19
884,35
885,44
886,9
887,38
888,10
889,9
890,36
891,22
892,40
893,8
894,15
895,12
896,20
897,34
898,27
899,16
900,17
901,25
902,40
903,31
904,12
905,38
906,24
907,36
908,55
909,34
910,28
911,29
912,28
913,19
914,24
915,18
916,31
917,47
918,36
919,28
920,54
921,12
922,28
923,4
924,39
925,28
926,24
927,34
928,11
929,
930,24
931,24
932,28
933,18
934,12
935,30
936,38
937,24
938,31
939,31
940,11
941,
942,28
943,24
944,44
945,30
946,
947,12
948,34
949,54
950,33
951,31
952,25
953,31
954,11
955,20
956,36
957,53
958,39
959,34
960,26
961,13
962,52
963,38
964,49
965,39
966,22
967,35
968,20
969,25
970,33
971,15
972,39
973,18
974,23
975,27
976,37
977,34
978,33
979,36
980,20
981,29
982,42
983,12
984,36
985,40
986,38
987,19
988,28
989,28
990,24
991,39
992,11
993,35
994,40
995,14
996,38
997,29
998,6
999,33
1000,40
1001,14
1002,36
1003,12
1004,
1005,41
1006,
1007,14
1008,41
1009,35
1010,17
1011,31
1012,21
1013,39
1014,61
1015,30
1016,21
1017,31
1018,
1019,14
1020,40
1021,12
1022,24
1023,43
1024,39
1025,38
1026,
1027,29
1028,14
1029,
1030,31
1031,16
1032,4
1033,17
1034,31
1035,23
1036,
1037,53
1038,36
1039,41
1040,40
1041,45
1042,30
1043,41
1044,52
1045,39
1046,47
1047,14
1048,11
1049,35
1050,37
1051,10
1052,35
1053,21
1054,40
1055,18
1056,14
1057,28
1058,42
1059,12
1060,
1061,47
1062,17
1063,33
1064,44
1065,24
1066,35
1067,35
1068,19
1069,36
1070,52
1071,23
1072,33
1073,38
1074,
1075,31
1076,17
1077,28
1078,32
1079,26
1080,
1081,29
1082,36
1083,47
1084,22
1085,40
1086,32
1087,28
1088,30
1089,28
1090,26
1091,17
1092,26
1093,18
1094,28
1095,24
1096,45
1097,36
1098,20
1099,15
1100,49
1101,23
1102,30
1103,38
1104,39
1105,55
1106,28
1107,46
1108,75
1109,
1110,12
1111,27
1112,18
1113,42
1114,26
1115,34
1116,36
1117,23
1118,49
1119,14
1120,28
1121,43
1122,39
1123,
1124,31
1125,47
1126,17
1127,3
1128,47
1129,49
1130,19
1131,34
1132,50
1133,52
1134,31
1135,24
1136,28
1137,45
1138,40
1139,12
1140,19
1141,31
1142,23
1143,33
1144,31
1145,9
1146,28
1147,45
1148,40
1149,43
1150,14
1151,75
1152,39
1153,15
1154,65
1155,35
1156,7
1157,14
1158,12
1159,12
1160,47
1161,43
1162,14
1163,40
1164,52
1165,25
1166,46
1167,22
1168,29
1169,27
1170,32
1171,23
1172,40
1173,4
1174,49
1175,31
1176,9
1177,32
1178,28
1179,31
1180,22
1181,40
1182,18
1183,41
1184,12
1185,48
1186,17
1187,19
1188,12
1189,49
1190,23
1191,17
1192,
1193,50
1194,14
1195,13
1196,17
1197,
1198,35
1199,12
1200,23
1201,34
1202,17
1203,53
1204,35
1205,32
1206,31
1207,23
1208,36
1209,33
1210,
1211,25
1212,24
1213,36
1214,32
1215,6
1216,20
1217,15
1218,26
1219,36
1220,30
1221,39
1222,49
1223,
1224,14
1225,36
1226,
1227,24
1228,47
1229,22
1230,35
1231,31
1232,13
1233,15
1234,47
1235,21
1236,22
1237,37
1238,11
1239,19
1240,39
1241,31
1242,18
1243,24
1244,29
1245,22
1246,31
1247,30
1248,34
1249,25
1250,32
1251,30
1252,
1253,33
1254,16
1255,48
1256,46
1257,36
1258,10
1259,17
1260,
1261,28
1262,52
1263,52
1264,17
1265,14
1266,37
1267,31
1268,36
1269,28
1270,31
1271,39
1272,19
1273,11
1274,33
1275,22
1276,17
1277,11
1278,52
1279,11
1280,15
1281,31
1282,24
1283,41
1284,31
1285,53
1286,32
1287,44
1288,17
1289,23
1290,30
1291,31
1292,15
1293,9
1294,10
1295,21
1296,8
1297,12
1298,28
1299,12
1300,7
1301,49
1302,39
1303,32
1304,3
1305,14
1306,22
1307,4
1308,
1309,15
1310,47
1311,23
1312,28
1313,14
1314,19
1315,56
1316,23
1317,13
1318,34
1319,30
1320,23
1321,52
1322,21
1323,6
1324,32
1325,17
1326,36
1327,14
1328,46
1329,31
1330,19
1331,43
1332,21
1333,
1334,3
1335,40
1336,23
1337,46
1338,39
1339,15
1340,17
1341,9
1342,19
1343,28
1344,28
1345,24
1346,11
1347,47
1348,34
1349,13
1350,14
1351,49
1352,28
1353,19
1354,27
1355,31
1356,18
1357,30
1358,29
1359,52
1360,21
1361,33
1362,55
1363,10
1364,25
1365,17
1366,28
1367,29
1368,35
1369,30
1370,44
1371,24
1372,26
1373,49
1374,26
1375,20
1376,32
1377,18
1378,5
1379,28
1380,30
1381,39
1382,
1383,46
1384,12
1385,17
1386,41
1387,28
1388,24
1389,18
1390,24
1391,24
1392,29
1393,40
1394,34
1395,29
1396,23
1397,41
1398,28
1399,36
1400,28
1401,19
1402,32
1403,19
1404,19
1405,36
1406,42
1407,9
1408,11
1409,39
1410,18
1411,23
1412,57
1413,30
1414,41
1415,31
1416,33
1417,40
1418,42
1419,46
1420,25
1421,23
1422,4
1423,33
1424,26
1425,38
1426,38
1427,51
1428,61
1429,22
1430,28
1431,42
1432,40
1433,40
1434,16
1435,4
1436,7
1437,52
1438,
1439,
1440,32
1441,17
1442,12
1443,
1444,40
1445,14
1446,34
1447,23
1448,5
1449,25
1450,43
1451,14
1452,19
1453,39
1454,15
1455,
1456,11
1457,31
1458,22
1459,35
1460,48
1461,30
1462,19
1463,45
1464,39
1465,46
1466,
1467,36
1468,24
1469,24
1470,37
1471,23
1472,11
1473,31
1474,26
1475,33
1476,17
1477,12
1478,10
1479,26
1480,
1481,19
1482,18
1483,9
1484,22
1485,38
1486,32
1487,35
1488,39
1489,14
1490,40
1491,23
1492,23
1493,22
1494,17
1495,39
1496,8
1497,25
1498,28
1499,42
1500,14
1501,19
1502,19
1503,32
1504,39
1505,
1506,29
1507,12
1508,47
1509,36
1510,32
1511,29
1512,14
1513,15
1514,28
1515,5
1516,53
1517,32
1518,21
1519,18
1520,30
1521,36
1522,22
1523,59
1524,
1525,41
1526,17
1527,30
1528,43
1529,52
1530,24
1531,40
1532,18
1533,37
1534,45
1535,11
1536,32
1537,52
1538,40
1539,14
1540,46
1541,24
1542,28
1543,21
1544,17
1545,24
1546,46
1547,32
1548,21
1549,30
1550,12
1551,
1552,4
1553,18
1554,29
1555,35
1556,44
1557,22
1558,43
1559,40
1560,18
1561,18
1562,18
1563,44
1564,20
1565,15
1566,26
1567,29
1568,17
1569,17
1570,17
1571,42
1572,27
1573,31
1574,44
1575,34
1576,28
1577,
1578,14
1579,30
1580,51
1581,41
1582,13
1583,50
1584,32
1585,25
1586,
1587,45
1588,25
1589,34
1590,12
1591,29
1592,42
1593,55
1594,22
1595,49
1596,24
1597,23
1598,2
1599,23
1600,29
1601,31
1602,32
1603,41
1604,5
1605,19
1606,5
1607,
1608,27
1609,10
1610,15
1611,9
1612,41
1613,56
1614,32
1615,56
1616,14
1617,16
1618,14
1619,46
1620,22
1621,34
1622,32
1623,40
1624,13
1625,
1626,44
1627,47
1628,19
1629,3
1630,29
1631,19
1632,23
1633,31
1634,32
1635,12
1636,40
1637,32
1638,12
1639,56
1640,32
1641,41
1642,9
1643,36
1644,
1645,40
1646,53
1647,39
1648,10
1649,9
1650,
1651,27
1652,
1653,40
1654,12
1655,25
1656,42
1657,28
1658,49
1659,40
1660,
1661,33
1662,47
1663,
1664,17
1665,24
1666,21
1667,26
1668,35
1669,26
1670,34
1671,35
1672,44
1673,17
1674,26
1675,18
1676,17
1677,17
1678,25
1679,15
1680,29
1681,9
1682,33
1683,31
1684,40
1685,41
1686,14
1687,20
1688,18
1689,35
1690,22
1691,26
1692,9
1693,8
1694,32
1695,
1696,8
1697,11
1698,12
1699,49
1700,51
1701,30
1702,28
1703,32
1704,18
1705,51
1706,23
1707,28
1708,34
1709,41
1710,11
1711,25
1712,23
1713,9
1714,14
1715,23
1716,9
1717,26
1718,41
1719,14
1720,25
1721,42
1722,19
1723,40
1724,34
1725,26
1726,50
1727,46
1728,18
1729,23
1730,14
1731,4
1732,29
1733,12
1734,51
1735,22
1736,31
1737,23
1738,25
1739,11
1740,2
1741,38
1742,29
1743,10
1744,39
1745,29
1746,42
1747,25
1748,25
1749,31
1750,33
1751,22
1752,26
1753,39
1754,5
1755,51
1756,32
1757,34
1758,44
1759,30
1760,44
1761,28
1762,25
1763,29
1764,30
1765,30
1766,25
1767,52
1768,25
1769,17
1770,13
1771,17
1772,54
1773,29
1774,34
1775,14
1776,23
1777,37
1778,32
1779,43
1780,32
1781,25
1782,30
1783,
1784,8
1785,32
1786,18
1787,47
1788,29
1789,38
1790,19
1791,27
1792,25
1793,53
1794,18
1795,12
1796,15
1797,33
1798,50
1799,12
1800,39
1801,48
1802,52
1803,28
1804,40
1805,18
1806,29
1807,26
1808,26
1809,53
1810,
1811,16
1812,31
1813,42
1814,4
1815,9
1816,29
1817,31
1818,38
1819,23
1820,42
1821,12
1822,42
1823,33
1824,16
1825,39
1826,39
1827,21
1828,38
1829,51
1830,22
1831,26
1832,34
1833,18
1834,34
1835,18
1836,52
1837,14
1838,21
1839,22
1840,49
1841,24
1842,37
1843,17
1844,10
1845,36
1846,31
1847,26
1848,41
1849,47
1850,
1851,18
1852,30
1853,2
1854,17
1855,30
1856,17
1857,28
1858,32
1859,12
1860,27
1861,18
1862,28
1863,46
1864,29
1865,9
1866,32
1867,16
1868,32
1869,35
1870,6
1871,50
1872,21
1873,42
1874,29
1875,23
1876,
1877,17
1878,44
1879,36
1880,19
1881,28
1882,13
1883,
1884,47
1885,
1886,17
1887,6
1888,47
1889,17
1890,75
1891,9
1892,34
1893,28
1894,30
1895,22
1896,42
1897,28
1898,19
1899,25
1900,19
1901,16
1902,42
1903,37
1904,12
1905,32
1906,9
1907,47
1908,52
1909,26
1910,39
1911,32
1912,23
1913,12
1914,17
1915,43
1916,26
1917,14
1918,15
1919,34
1920,12
1921,
1922,30
1923,18
1924,
1925,30
1926,27
1927,4
1928,28
1929,18
1930,22
1931,
1932,7
1933,53
1934,53
1935,47
1936,43
1937,18
1938,17
1939,
1940,12
1941,21
1942,43
1943,36
1944,9
1945,34
1946,52
1947,25
1948,24
1949,46
1950,30
1951,23
1952,24
1953,23
1954,44
1955,30
1956,30
1957,23
1958,18
