0,41.0
1,50.0
2,34.0
3,36.0
4,33.0
5,33.0
6,41.0
7,9.0
8,38.0
9,39.0
10,38.0
11,51.0
12,25.0
13,
14,82.0
15,97.0
16,37.0
17,44.0
18,27.0
19,41.0
20,41.0
21,50.0
22,82.0
23,26.0
24,31.0
25,42.0
26,34.0
27,69.0
28,39.0
29,66.0
30,31.0
31,44.0
32,26.0
33,53.0
34,30.0
35,
36,37.0
37,39.0
38,33.0
39,36.0
40,63.0
41,37.0
42,31.0
43,41.0
44,92.0
45,42.0
46,48.0
47,34.0
48,51.0
49,37.0
50,44.0
51,84.0
52,56.0
53,44.0
54,62.0
55,31.0
56,42.0
57,
58,122.0
59,69.0
60,38.0
61,37.0
62,
63,59.0
64,40.0
65,36.0
66,31.0
67,46.0
68,26.0
69,57.0
70,
71,12.0
72,69.0
73,88.0
74,48.0
75,65.0
76,95.0
77,25.0
78,114.0
79,53.0
80,66.0
81,32.0
82,38.0
83,
84,34.0
85,81.0
86,59.0
87,42.0
88,48.0
89,35.0
90,26.0
91,49.0
92,62.0
93,39.0
94,56.0
95,56.0
96,83.0
97,41.0
98,26.0
99,40.0
100,37.0
101,48.0
102,57.0
103,44.0
104,
105,42.0
106,55.0
107,46.0
108,50.0
109,69.0
110,27.0
111,96.0
112,28.0
113,36.0
114,27.0
115,69.0
116,15.0
117,57.0
118,33.0
119,46.0
120,72.0
121,69.0
122,69.0
123,37.0
124,26.0
125,45.0
126,50.0
127,53.0
128,37.0
129,23.0
130,39.0
131,47.0
132,38.0
133,60.0
134,16.0
135,41.0
136,115.0
137,59.0
138,53.0
139,37.0
140,45.0
141,45.0
142,37.0
143,38.0
144,44.0
145,69.0
146,36.0
147,31.0
148,50.0
149,51.0
150,25.0
151,58.0
152,
153,39.0
154,48.0
155,43.0
156,82.0
157,55.0
158,82.0
159,89.0
160,18.0
161,49.0
162,48.0
163,42.0
164,
165,53.0
166,65.0
167,45.0
168,9.0
169,48.0
170,36.0
171,48.0
172,168.0
173,35.0
174,20.0
175,45.0
176,38.0
177,56.0
178,38.0
179,
180,44.0
181,35.0
182,83.0
183,34.0
184,53.0
185,
186,38.0
187,28.0
188,18.0
189,47.0
190,71.0
191,75.0
192,122.0
193,84.0
194,35.0
195,41.0
196,3.0
197,106.0
198,66.0
199,46.0
200,35.0
201,111.0
202,38.0
203,45.0
204,37.0
205,56.0
206,47.0
207,46.0
208,33.0
209,38.0
210,47.0
211,72.0
212,47.0
213,37.0
214,31.0
215,35.0
216,51.0
217,66.0
218,55.0
219,63.0
220,50.0
221,43.0
222,45.0
223,50.0
224,37.0
225,34.0
226,56.0
227,34.0
228,104.0
229,9.0
230,82.0
231,37.0
232,17.0
233,31.0
234,31.0
235,38.0
236,37.0
237,65.0
238,32.0
239,48.0
240,34.0
241,16.0
242,33.0
243,34.0
244,34.0
245,114.0
246,38.0
247,65.0
248,53.0
249,38.0
250,30.0
251,39.0
252,50.0
253,27.0
254,37.0
255,82.0
256,65.0
257,72.0
258,54.0
259,56.0
260,25.0
261,60.0
262,67.0
263,33.0
264,46.0
265,35.0
266,43.0
267,38.0
268,36.0
269,92.0
270,48.0
271,50.0
272,34.0
273,84.0
274,15.0
275,39.0
276,43.0
277,42.0
278,147.0
279,37.0
280,31.0
281,35.0
282,29.0
283,70.0
284,67.0
285,
286,25.0
287,81.0
288,38.0
289,53.0
290,51.0
291,107.0
292,32.0
293,36.0
294,38.0
295,48.0
296,31.0
297,50.0
298,49.0
299,32.0
300,67.0
301,26.0
302,37.0
303,31.0
304,33.0
305,40.0
306,51.0
307,35.0
308,47.0
309,25.0
310,42.0
311,53.0
312,37.0
313,53.0
314,46.0
315,42.0
316,46.0
317,50.0
318,50.0
319,31.0
320,41.0
321,26.0
322,36.0
323,32.0
324,38.0
325,17.0
326,50.0
327,36.0
328,41.0
329,37.0
330,31.0
331,41.0
332,67.0
333,44.0
334,82.0
335,39.0
336,75.0
337,90.0
338,41.0
339,31.0
340,37.0
341,37.0
342,26.0
343,63.0
344,48.0
345,20.0
346,50.0
347,127.0
348,44.0
349,31.0
350,15.0
351,37.0
352,45.0
353,38.0
354,62.0
355,33.0
356,50.0
357,34.0
358,38.0
359,51.0
360,43.0
361,43.0
362,48.0
363,44.0
364,71.0
365,44.0
366,
367,35.0
368,67.0
369,44.0
370,30.0
371,35.0
372,41.0
373,38.0
374,30.0
375,51.0
376,38.0
377,56.0
378,66.0
379,
380,39.0
381,36.0
382,38.0
383,48.0
384,38.0
385,89.0
386,41.0
387,82.0
388,38.0
389,75.0
390,35.0
391,50.0
392,44.0
393,54.0
394,63.0
395,12.0
396,26.0
397,53.0
398,37.0
399,33.0
400,38.0
401,12.0
402,31.0
403,81.0
404,31.0
405,34.0
406,44.0
407,48.0
408,41.0
409,12.0
410,15.0
411,16.0
412,44.0
413,35.0
414,33.0
415,41.0
416,138.0
417,24.0
418,50.0
419,36.0
420,66.0
421,37.0
422,35.0
423,
424,25.0
425,72.0
426,47.0
427,56.0
428,96.0
429,38.0
430,40.0
431,30.0
432,63.0
433,44.0
434,15.0
435,
436,37.0
437,25.0
438,63.0
439,43.0
440,44.0
441,34.0
442,50.0
443,31.0
444,95.0
445,30.0
446,50.0
447,65.0
448,69.0
449,33.0
450,85.0
451,
452,31.0
453,51.0
454,38.0
455,37.0
456,52.0
457,43.0
458,37.0
459,41.0
460,37.0
461,37.0
462,43.0
463,34.0
464,104.0
465,104.0
466,44.0
467,31.0
468,63.0
469,41.0
470,37.0
471,82.0
472,44.0
473,114.0
474,25.0
475,32.0
476,37.0
477,42.0
478,33.0
479,41.0
480,34.0
481,31.0
482,44.0
483,50.0
484,83.0
485,240.0
486,45.0
487,
488,3.0
489,37.0
490,31.0
491,42.0
492,32.0
493,25.0
494,38.0
495,72.0
496,65.0
497,104.0
498,25.0
499,53.0
500,61.0
501,26.0
502,38.0
503,35.0
504,44.0
505,54.0
506,34.0
507,33.0
508,50.0
509,40.0
510,42.0
511,37.0
512,67.0
513,46.0
514,41.0
515,42.0
516,41.0
517,44.0
518,53.0
519,41.0
520,85.0
521,30.0
522,42.0
523,73.0
524,46.0
525,31.0
526,32.0
527,36.0
528,72.0
529,39.0
530,37.0
531,37.0
532,
533,50.0
534,21.0
535,56.0
536,9.0
537,48.0
538,42.0
539,34.0
540,50.0
541,32.0
542,69.0
543,32.0
544,42.0
545,35.0
546,55.0
547,94.0
548,4.0
549,38.0
550,49.0
551,50.0
552,
553,41.0
554,
555,75.0
556,34.0
557,25.0
558,39.0
559,31.0
560,37.0
561,48.0
562,49.0
563,85.0
564,37.0
565,41.0
566,41.0
567,21.0
568,48.0
569,27.0
570,37.0
571,39.0
572,34.0
573,41.0
574,12.0
575,39.0
576,37.0
577,26.0
578,38.0
579,37.0
580,45.0
581,71.0
582,49.0
583,48.0
584,72.0
585,35.0
586,40.0
587,34.0
588,44.0
589,38.0
590,31.0
591,50.0
592,7.0
593,
594,25.0
595,40.0
596,25.0
597,24.0
598,40.0
599,53.0
600,29.0
601,104.0
602,33.0
603,51.0
604,37.0
605,50.0
606,93.0
607,18.0
608,39.0
609,41.0
610,38.0
611,
612,28.0
613,63.0
614,42.0
615,40.0
616,29.0
617,37.0
618,33.0
619,
620,53.0
621,26.0
622,44.0
623,56.0
624,31.0
625,34.0
626,48.0
627,38.0
628,56.0
629,
630,30.0
631,53.0
632,39.0
633,42.0
634,41.0
635,114.0
636,24.0
637,9.0
638,25.0
639,30.0
640,43.0
641,82.0
642,49.0
643,26.0
644,
645,39.0
646,42.0
647,42.0
648,23.0
649,21.0
650,41.0
651,39.0
652,49.0
653,26.0
654,96.0
655,49.0
656,36.0
657,31.0
658,3.0
659,26.0
660,44.0
661,25.0
662,53.0
663,40.0
664,9.0
665,34.0
666,29.0
667,36.0
668,12.0
669,165.0
670,46.0
671,37.0
672,34.0
673,37.0
674,27.0
675,106.0
676,104.0
677,34.0
678,39.0
679,39.0
680,69.0
681,69.0
682,69.0
683,31.0
684,
685,56.0
686,82.0
687,
688,9.0
689,31.0
690,22.0
691,75.0
692,38.0
693,3.0
694,17.0
695,53.0
696,27.0
697,66.0
698,128.0
699,44.0
700,41.0
701,29.0
702,36.0
703,39.0
704,7.0
705,48.0
706,43.0
707,23.0
708,34.0
709,36.0
710,45.0
711,82.0
712,40.0
713,69.0
714,73.0
715,38.0
716,63.0
717,27.0
718,47.0
719,67.0
720,40.0
721,34.0
722,57.0
723,92.0
724,38.0
725,48.0
726,75.0
727,44.0
728,4.0
729,25.0
730,
731,35.0
732,33.0
733,
734,26.0
735,25.0
736,82.0
737,43.0
738,33.0
739,73.0
740,75.0
741,25.0
742,12.0
743,97.0
744,34.0
745,31.0
746,48.0
747,64.0
748,47.0
749,42.0
750,25.0
751,48.0
752,45.0
753,69.0
754,25.0
755,48.0
756,31.0
757,
758,36.0
759,69.0
760,25.0
761,41.0
762,
763,44.0
764,33.0
765,85.0
766,36.0
767,53.0
768,
769,49.0
770,47.0
771,34.0
772,41.0
773,25.0
774,34.0
775,81.0
776,87.0
777,33.0
778,37.0
779,16.0
780,33.0
781,42.0
782,73.0
783,39.0
784,73.0
785,43.0
786,42.0
787,42.0
788,34.0
789,36.0
790,17.0
791,33.0
792,37.0
793,53.0
794,
795,30.0
796,
797,
798,30.0
799,50.0
800,49.0
801,17.0
802,51.0
803,22.0
804,41.0
805,81.0
806,12.0
807,27.0
808,70.0
809,21.0
810,46.0
811,24.0
812,71.0
813,20.0
814,43.0
815,33.0
816,47.0
817,63.0
818,35.0
819,39.0
820,87.0
821,38.0
822,41.0
823,
824,46.0
825,38.0
826,64.0
827,147.0
828,82.0
829,49.0
830,51.0
831,65.0
832,31.0
833,35.0
834,37.0
835,33.0
836,62.0
837,37.0
838,47.0
839,35.0
840,
841,37.0
842,37.0
843,
844,37.0
845,37.0
846,48.0
847,24.0
848,64.0
849,87.0
850,44.0
851,25.0
852,26.0
853,57.0
854,4.0
855,62.0
856,36.0
857,69.0
858,41.0
859,13.0
860,16.0
861,32.0
862,47.0
863,31.0
864,44.0
865,53.0
866,35.0
867,39.0
868,31.0
869,39.0
870,25.0
871,115.0
872,72.0
873,38.0
874,34.0
875,37.0
876,107.0
877,65.0
878,44.0
879,34.0
880,82.0
881,31.0
882,16.0
883,20.0
884,50.0
885,59.0
886,
887,44.0
888,42.0
889,31.0
890,29.0
891,56.0
892,82.0
893,85.0
894,53.0
895,65.0
896,37.0
897,37.0
898,25.0
899,44.0
900,28.0
901,67.0
902,35.0
903,12.0
904,65.0
905,31.0
906,35.0
907,31.0
908,68.0
909,38.0
910,
911,35.0
912,51.0
913,29.0
914,34.0
915,36.0
916,31.0
917,34.0
918,48.0
919,51.0
920,47.0
921,36.0
922,36.0
923,37.0
924,48.0
925,59.0
926,27.0
927,46.0
928,37.0
929,37.0
930,35.0
931,41.0
932,
933,44.0
934,37.0
935,35.0
936,32.0
937,50.0
938,25.0
939,25.0
940,37.0
941,50.0
942,38.0
943,41.0
944,42.0
945,68.0
946,43.0
947,65.0
948,56.0
949,21.0
950,3.0
951,12.0
952,48.0
953,25.0
954,37.0
955,94.0
956,48.0
957,24.0
958,38.0
959,37.0
960,34.0
961,67.0
962,45.0
963,14.0
964,72.0
965,48.0
966,63.0
967,16.0
968,44.0
969,38.0
970,53.0
971,53.0
972,26.0
973,63.0
974,
975,30.0
976,56.0
977,23.0
978,53.0
979,21.0
980,49.0
981,26.0
982,51.0
983,30.0
984,48.0
985,37.0
986,49.0
987,30.0
988,35.0
989,39.0
990,41.0
991,26.0
992,39.0
993,42.0
994,82.0
995,51.0
996,44.0
997,73.0
998,44.0
999,47.0
1000,41.0
1001,53.0
1002,153.0
1003,54.0
1004,
1005,36.0
1006,56.0
1007,51.0
1008,75.0
1009,50.0
1010,31.0
1011,25.0
1012,32.0
1013,26.0
1014,41.0
1015,97.0
1016,35.0
1017,25.0
1018,37.0
1019,31.0
1020,82.0
1021,41.0
1022,37.0
1023,32.0
1024,26.0
1025,44.0
1026,
1027,43.0
1028,44.0
1029,49.0
1030,25.0
1031,
1032,44.0
1033,5.0
1034,31.0
1035,32.0
1036,
1037,
1038,153.0
1039,37.0
1040,41.0
1041,65.0
1042,39.0
1043,75.0
1044,73.0
1045,26.0
1046,34.0
1047,55.0
1048,31.0
1049,20.0
1050,95.0
1051,
1052,50.0
1053,32.0
1054,82.0
1055,45.0
1056,44.0
1057,49.0
1058,12.0
1059,40.0
1060,
1061,34.0
1062,30.0
1063,50.0
1064,37.0
1065,34.0
1066,35.0
1067,50.0
1068,26.0
1069,36.0
1070,24.0
1071,87.0
1072,53.0
1073,50.0
1074,43.0
1075,62.0
1076,31.0
1077,38.0
1078,32.0
1079,69.0
1080,
1081,43.0
1082,21.0
1083,63.0
1084,65.0
1085,39.0
1086,53.0
1087,38.0
1088,38.0
1089,65.0
1090,69.0
1091,38.0
1092,65.0
1093,64.0
1094,38.0
1095,41.0
1096,48.0
1097,60.0
1098,104.0
1099,83.0
1100,34.0
1101,45.0
1102,45.0
1103,69.0
1104,26.0
1105,90.0
1106,38.0
1107,40.0
1108,7.0
1109,
1110,33.0
1111,5.0
1112,
1113,26.0
1114,13.0
1115,31.0
1116,56.0
1117,27.0
1118,72.0
1119,57.0
1120,35.0
1121,65.0
1122,48.0
1123,93.0
1124,25.0
1125,34.0
1126,21.0
1127,36.0
1128,18.0
1129,72.0
1130,128.0
1131,31.0
1132,16.0
1133,42.0
1134,12.0
1135,47.0
1136,37.0
1137,65.0
1138,82.0
1139,32.0
1140,30.0
1141,25.0
1142,
1143,38.0
1144,16.0
1145,69.0
1146,33.0
1147,55.0
1148,41.0
1149,37.0
1150,57.0
1151,7.0
1152,26.0
1153,66.0
1154,11.0
1155,50.0
1156,39.0
1157,29.0
1158,65.0
1159,54.0
1160,34.0
1161,32.0
1162,47.0
1163,46.0
1164,15.0
1165,96.0
1166,40.0
1167,
1168,12.0
1169,30.0
1170,122.0
1171,45.0
1172,82.0
1173,83.0
1174,72.0
1175,22.0
1176,47.0
1177,33.0
1178,44.0
1179,22.0
1180,31.0
1181,28.0
1182,64.0
1183,37.0
1184,33.0
1185,57.0
1186,72.0
1187,62.0
1188,36.0
1189,72.0
1190,
1191,5.0
1192,38.0
1193,44.0
1194,44.0
1195,25.0
1196,29.0
1197,
1198,42.0
1199,30.0
1200,45.0
1201,31.0
1202,33.0
1203,59.0
1204,73.0
1205,33.0
1206,149.0
1207,26.0
1208,21.0
1209,53.0
1210,
1211,12.0
1212,53.0
1213,34.0
1214,64.0
1215,37.0
1216,30.0
1217,48.0
1218,37.0
1219,27.0
1220,81.0
1221,26.0
1222,53.0
1223,35.0
1224,53.0
1225,48.0
1226,
1227,37.0
1228,34.0
1229,65.0
1230,50.0
1231,25.0
1232,43.0
1233,41.0
1234,34.0
1235,81.0
1236,65.0
1237,36.0
1238,37.0
1239,62.0
1240,26.0
1241,25.0
1242,39.0
1243,41.0
1244,67.0
1245,31.0
1246,56.0
1247,45.0
1248,47.0
1249,41.0
1250,84.0
1251,39.0
1252,
1253,47.0
1254,46.0
1255,37.0
1256,40.0
1257,31.0
1258,25.0
1259,48.0
1260,35.0
1261,38.0
1262,45.0
1263,45.0
1264,28.0
1265,51.0
1266,33.0
1267,31.0
1268,34.0
1269,65.0
1270,12.0
1271,114.0
1272,48.0
1273,37.0
1274,47.0
1275,31.0
1276,
1277,31.0
1278,45.0
1279,37.0
1280,111.0
1281,
1282,41.0
1283,37.0
1284,62.0
1285,
1286,
1287,59.0
1288,50.0
1289,
1290,32.0
1291,149.0
1292,28.0
1293,32.0
1294,42.0
1295,31.0
1296,41.0
1297,48.0
1298,31.0
1299,49.0
1300,31.0
1301,53.0
1302,48.0
1303,33.0
1304,36.0
1305,41.0
1306,48.0
1307,33.0
1308,70.0
1309,83.0
1310,34.0
1311,88.0
1312,38.0
1313,44.0
1314,48.0
1315,77.0
1316,
1317,40.0
1318,49.0
1319,54.0
1320,32.0
1321,45.0
1322,33.0
1323,16.0
1324,84.0
1325,33.0
1326,31.0
1327,44.0
1328,41.0
1329,12.0
1330,43.0
1331,32.0
1332,33.0
1333,70.0
1334,
1335,82.0
1336,87.0
1337,31.0
1338,48.0
1339,28.0
1340,31.0
1341,35.0
1342,62.0
1343,17.0
1344,38.0
1345,21.0
1346,37.0
1347,
1348,31.0
1349,46.0
1350,55.0
1351,72.0
1352,38.0
1353,31.0
1354,33.0
1355,31.0
1356,44.0
1357,37.0
1358,43.0
1359,15.0
1360,33.0
1361,53.0
1362,68.0
1363,42.0
1364,67.0
1365,30.0
1366,39.0
1367,69.0
1368,42.0
1369,49.0
1370,59.0
1371,37.0
1372,
1373,72.0
1374,39.0
1375,27.0
1376,95.0
1377,73.0
1378,46.0
1379,45.0
1380,39.0
1381,26.0
1382,50.0
1383,39.0
1384,48.0
1385,
1386,37.0
1387,35.0
1388,35.0
1389,44.0
1390,35.0
1391,37.0
1392,34.0
1393,128.0
1394,31.0
1395,63.0
1396,45.0
1397,37.0
1398,31.0
1399,29.0
1400,38.0
1401,51.0
1402,33.0
1403,145.0
1404,51.0
1405,34.0
1406,51.0
1407,36.0
1408,37.0
1409,48.0
1410,39.0
1411,38.0
1412,10.0
1413,46.0
1414,37.0
1415,
1416,39.0
1417,82.0
1418,
1419,45.0
1420,67.0
1421,41.0
1422,41.0
1423,39.0
1424,
1425,14.0
1426,14.0
1427,41.0
1428,41.0
1429,31.0
1430,45.0
1431,51.0
1432,82.0
1433,82.0
1434,48.0
1435,44.0
1436,39.0
1437,45.0
1438,
1439,
1440,84.0
1441,41.0
1442,40.0
1443,27.0
1444,76.0
1445,55.0
1446,46.0
1447,47.0
1448,40.0
1449,31.0
1450,71.0
1451,44.0
1452,118.0
1453,26.0
1454,41.0
1455,35.0
1456,44.0
1457,
1458,46.0
1459,50.0
1460,56.0
1461,34.0
1462,26.0
1463,65.0
1464,26.0
1465,40.0
1466,
1467,27.0
1468,27.0
1469,35.0
1470,95.0
1471,15.0
1472,4.0
1473,97.0
1474,21.0
1475,38.0
1476,41.0
1477,54.0
1478,42.0
1479,13.0
1480,
1481,30.0
1482,45.0
1483,69.0
1484,35.0
1485,69.0
1486,84.0
1487,44.0
1488,26.0
1489,53.0
1490,82.0
1491,32.0
1492,88.0
1493,65.0
1494,18.0
1495,26.0
1496,44.0
1497,38.0
1498,39.0
1499,26.0
1500,44.0
1501,
1502,26.0
1503,95.0
1504,48.0
1505,
1506,73.0
1507,41.0
1508,34.0
1509,48.0
1510,
1511,34.0
1512,53.0
1513,111.0
1514,41.0
1515,48.0
1516,24.0
1517,54.0
1518,33.0
1519,46.0
1520,39.0
1521,34.0
1522,56.0
1523,41.0
1524,
1525,36.0
1526,50.0
1527,38.0
1528,71.0
1529,42.0
1530,
1531,128.0
1532,64.0
1533,
1534,48.0
1535,37.0
1536,33.0
1537,15.0
1538,35.0
1539,51.0
1540,40.0
1541,35.0
1542,31.0
1543,31.0
1544,50.0
1545,8.0
1546,40.0
1547,
1548,35.0
1549,38.0
1550,36.0
1551,41.0
1552,37.0
1553,44.0
1554,69.0
1555,14.0
1556,42.0
1557,35.0
1558,63.0
1559,82.0
1560,64.0
1561,87.0
1562,39.0
1563,42.0
1564,54.0
1565,66.0
1566,34.0
1567,32.0
1568,93.0
1569,21.0
1570,93.0
1571,34.0
1572,44.0
1573,25.0
1574,59.0
1575,115.0
1576,33.0
1577,
1578,53.0
1579,26.0
1580,32.0
1581,92.0
1582,25.0
1583,44.0
1584,33.0
1585,35.0
1586,
1587,34.0
1588,43.0
1589,31.0
1590,41.0
1591,49.0
1592,46.0
1593,68.0
1594,63.0
1595,53.0
1596,4.0
1597,41.0
1598,42.0
1599,73.0
1600,55.0
1601,22.0
1602,84.0
1603,37.0
1604,46.0
1605,35.0
1606,48.0
1607,45.0
1608,30.0
1609,31.0
1610,66.0
1611,69.0
1612,37.0
1613,77.0
1614,33.0
1615,77.0
1616,44.0
1617,46.0
1618,44.0
1619,40.0
1620,61.0
1621,46.0
1622,32.0
1623,65.0
1624,35.0
1625,
1626,42.0
1627,
1628,26.0
1629,36.0
1630,114.0
1631,45.0
1632,73.0
1633,25.0
1634,84.0
1635,54.0
1636,82.0
1637,97.0
1638,49.0
1639,9.0
1640,70.0
1641,37.0
1642,66.0
1643,37.0
1644,
1645,65.0
1646,59.0
1647,48.0
1648,64.0
1649,81.0
1650,
1651,101.0
1652,35.0
1653,37.0
1654,39.0
1655,67.0
1656,31.0
1657,36.0
1658,34.0
1659,82.0
1660,44.0
1661,38.0
1662,63.0
1663,35.0
1664,48.0
1665,51.0
1666,34.0
1667,41.0
1668,32.0
1669,34.0
1670,49.0
1671,14.0
1672,42.0
1673,48.0
1674,69.0
1675,63.0
1676,33.0
1677,28.0
1678,38.0
1679,66.0
1680,34.0
1681,72.0
1682,41.0
1683,
1684,109.0
1685,
1686,44.0
1687,104.0
1688,45.0
1689,35.0
1690,65.0
1691,37.0
1692,54.0
1693,44.0
1694,32.0
1695,37.0
1696,
1697,4.0
1698,49.0
1699,47.0
1700,42.0
1701,36.0
1702,38.0
1703,53.0
1704,36.0
1705,32.0
1706,38.0
1707,73.0
1708,46.0
1709,37.0
1710,37.0
1711,65.0
1712,
1713,81.0
1714,29.0
1715,37.0
1716,155.0
1717,69.0
1718,37.0
1719,55.0
1720,67.0
1721,63.0
1722,62.0
1723,82.0
1724,31.0
1725,34.0
1726,44.0
1727,37.0
1728,65.0
1729,38.0
1730,53.0
1731,33.0
1732,39.0
1733,36.0
1734,42.0
1735,50.0
1736,80.0
1737,
1738,37.0
1739,37.0
1740,42.0
1741,49.0
1742,73.0
1743,25.0
1744,26.0
1745,44.0
1746,31.0
1747,26.0
1748,67.0
1749,
1750,47.0
1751,35.0
1752,69.0
1753,48.0
1754,46.0
1755,42.0
1756,33.0
1757,71.0
1758,59.0
1759,39.0
1760,41.0
1761,
1762,72.0
1763,47.0
1764,36.0
1765,54.0
1766,48.0
1767,
1768,37.0
1769,40.0
1770,41.0
1771,33.0
1772,21.0
1773,38.0
1774,31.0
1775,51.0
1776,87.0
1777,33.0
1778,95.0
1779,32.0
1780,23.0
1781,67.0
1782,39.0
1783,25.0
1784,44.0
1785,32.0
1786,54.0
1787,34.0
1788,67.0
1789,7.0
1790,
1791,101.0
1792,37.0
1793,24.0
1794,36.0
1795,36.0
1796,28.0
1797,61.0
1798,44.0
1799,33.0
1800,38.0
1801,56.0
1802,45.0
1803,31.0
1804,82.0
1805,
1806,73.0
1807,34.0
1808,49.0
1809,59.0
1810,
1811,46.0
1812,16.0
1813,26.0
1814,
1815,70.0
1816,34.0
1817,41.0
1818,51.0
1819,45.0
1820,63.0
1821,32.0
1822,34.0
1823,37.0
1824,240.0
1825,48.0
1826,44.0
1827,98.0
1828,50.0
1829,41.0
1830,61.0
1831,71.0
1832,21.0
1833,54.0
1834,47.0
1835,44.0
1836,15.0
1837,53.0
1838,31.0
1839,25.0
1840,34.0
1841,4.0
1842,36.0
1843,33.0
1844,37.0
1845,31.0
1846,56.0
1847,60.0
1848,92.0
1849,34.0
1850,
1851,37.0
1852,35.0
1853,3.0
1854,31.0
1855,38.0
1856,37.0
1857,37.0
1858,122.0
1859,39.0
1860,27.0
1861,31.0
1862,51.0
1863,32.0
1864,73.0
1865,81.0
1866,53.0
1867,44.0
1868,54.0
1869,50.0
1870,16.0
1871,44.0
1872,34.0
1873,51.0
1874,12.0
1875,37.0
1876,
1877,21.0
1878,42.0
1879,27.0
1880,34.0
1881,59.0
1882,38.0
1883,
1884,34.0
1885,37.0
1886,33.0
1887,25.0
1888,34.0
1889,93.0
1890,7.0
1891,69.0
1892,49.0
1893,38.0
1894,51.0
1895,34.0
1896,34.0
1897,104.0
1898,
1899,96.0
1900,118.0
1901,28.0
1902,51.0
1903,43.0
1904,36.0
1905,32.0
1906,32.0
1907,34.0
1908,42.0
1909,38.0
1910,48.0
1911,84.0
1912,107.0
1913,36.0
1914,20.0
1915,38.0
1916,32.0
1917,29.0
1918,41.0
1919,43.0
1920,65.0
1921,
1922,23.0
1923,63.0
1924,
1925,25.0
1926,34.0
1927,41.0
1928,59.0
1929,44.0
1930,25.0
1931,
1932,33.0
1933,41.0
1934,24.0
1935,34.0
1936,32.0
1937,30.0
1938,29.0
1939,61.0
1940,43.0
1941,26.0
1942,38.0
1943,36.0
1944,69.0
1945,21.0
1946,73.0
1947,72.0
1948,41.0
1949,40.0
1950,81.0
1951,
1952,34.0
1953,73.0
1954,42.0
1955,32.0
1956,32.0
1957,107.0
1958,44.0
