0,2.0
1,20.0
2,45.0
3,34.0
4,
5,8.0
6,23.0
7,
8,
9,
10,56.0
11,14.0
12,14.0
13,
14,45.0
15,52.0
16,23.0
17,8.0
18,7.0
19,12.0
20,30.0
21,
22,45.0
23,49.0
24,14.0
25,13.0
26,8.0
27,16.0
28,8.0
29,6.0
30,36.0
31,37.0
32,49.0
33,17.0
34,10.0
35,7.0
36,16.0
37,11.0
38,
39,10.0
40,12.0
41,11.0
42,14.0
43,46.0
44,37.0
45,9.0
46,
47,14.0
48,19.0
49,37.0
50,8.0
51,
52,53.0
53,5.0
54,14.0
55,26.0
56,9.0
57,
58,
59,16.0
60,56.0
61,15.0
62,
63,13.0
64,19.0
65,50.0
66,14.0
67,9.0
68,49.0
69,
70,
71,33.0
72,11.0
73,51.0
74,
75,10.0
76,55.0
77,14.0
78,23.0
79,17.0
80,27.0
81,
82,56.0
83,7.0
84,49.0
85,5.0
86,13.0
87,
88,43.0
89,
90,13.0
91,59.0
92,14.0
93,9.0
94,18.0
95,
96,16.0
97,4.0
98,49.0
99,16.0
100,53.0
101,32.0
102,41.0
103,55.0
104,8.0
105,13.0
106,27.0
107,56.0
108,15.0
109,11.0
110,7.0
111,3.0
112,
113,7.0
114,23.0
115,10.0
116,26.0
117,41.0
118,45.0
119,41.0
120,22.0
121,44.0
122,10.0
123,7.0
124,15.0
125,14.0
126,2.0
127,27.0
128,55.0
129,25.0
130,
131,45.0
132,34.0
133,25.0
134,50.0
135,30.0
136,34.0
137,17.0
138,
139,33.0
140,27.0
141,27.0
142,33.0
143,56.0
144,37.0
145,44.0
146,8.0
147,20.0
148,20.0
149,6.0
150,14.0
151,
152,
153,37.0
154,42.0
155,36.0
156,45.0
157,7.0
158,45.0
159,42.0
160,
161,26.0
162,15.0
163,13.0
164,
165,3.0
166,18.0
167,47.0
168,
169,39.0
170,38.0
171,24.0
172,40.0
173,23.0
174,14.0
175,18.0
176,56.0
177,53.0
178,56.0
179,7.0
180,2.0
181,23.0
182,13.0
183,
184,12.0
185,7.0
186,56.0
187,
188,14.0
189,45.0
190,24.0
191,16.0
192,
193,
194,41.0
195,13.0
196,6.0
197,35.0
198,57.0
199,38.0
200,
201,17.0
202,56.0
203,55.0
204,26.0
205,53.0
206,
207,12.0
208,45.0
209,10.0
210,12.0
211,22.0
212,50.0
213,10.0
214,14.0
215,41.0
216,45.0
217,15.0
218,38.0
219,12.0
220,17.0
221,6.0
222,14.0
223,20.0
224,45.0
225,37.0
226,
227,7.0
228,50.0
229,
230,45.0
231,33.0
232,
233,41.0
234,41.0
235,56.0
236,33.0
237,43.0
238,17.0
239,24.0
240,45.0
241,50.0
242,8.0
243,15.0
244,15.0
245,23.0
246,56.0
247,14.0
248,12.0
249,56.0
250,13.0
251,37.0
252,25.0
253,18.0
254,9.0
255,45.0
256,10.0
257,22.0
258,38.0
259,53.0
260,14.0
261,47.0
262,17.0
263,10.0
264,38.0
265,
266,
267,56.0
268,10.0
269,37.0
270,15.0
271,10.0
272,18.0
273,36.0
274,26.0
275,37.0
276,36.0
277,7.0
278,31.0
279,33.0
280,3.0
281,
282,10.0
283,58.0
284,17.0
285,
286,14.0
287,
288,32.0
289,12.0
290,14.0
291,2.0
292,10.0
293,3.0
294,32.0
295,30.0
296,14.0
297,23.0
298,26.0
299,19.0
300,39.0
301,49.0
302,6.0
303,41.0
304,
305,16.0
306,14.0
307,23.0
308,26.0
309,
310,13.0
311,27.0
312,33.0
313,17.0
314,11.0
315,9.0
316,8.0
317,23.0
318,13.0
319,14.0
320,
321,12.0
322,34.0
323,19.0
324,56.0
325,2.0
326,23.0
327,3.0
328,12.0
329,10.0
330,20.0
331,38.0
332,17.0
333,37.0
334,45.0
335,37.0
336,16.0
337,19.0
338,4.0
339,20.0
340,24.0
341,33.0
342,14.0
343,12.0
344,9.0
345,30.0
346,13.0
347,54.0
348,37.0
349,14.0
350,26.0
351,15.0
352,14.0
353,56.0
354,35.0
355,43.0
356,
357,23.0
358,32.0
359,45.0
360,7.0
361,
362,15.0
363,29.0
364,24.0
365,55.0
366,7.0
367,7.0
368,17.0
369,25.0
370,10.0
371,54.0
372,9.0
373,34.0
374,10.0
375,14.0
376,56.0
377,
378,27.0
379,5.0
380,37.0
381,
382,43.0
383,
384,56.0
385,
386,53.0
387,45.0
388,56.0
389,27.0
390,12.0
391,15.0
392,25.0
393,15.0
394,55.0
395,33.0
396,49.0
397,
398,14.0
399,8.0
400,1.0
401,19.0
402,
403,63.0
404,14.0
405,
406,29.0
407,24.0
408,18.0
409,33.0
410,22.0
411,
412,8.0
413,2.0
414,43.0
415,38.0
416,
417,49.0
418,48.0
419,34.0
420,57.0
421,23.0
422,15.0
423,10.0
424,16.0
425,32.0
426,
427,53.0
428,3.0
429,43.0
430,
431,15.0
432,2.0
433,8.0
434,26.0
435,14.0
436,53.0
437,14.0
438,5.0
439,26.0
440,55.0
441,12.0
442,32.0
443,36.0
444,55.0
445,1.0
446,23.0
447,
448,44.0
449,
450,
451,16.0
452,26.0
453,45.0
454,43.0
455,45.0
456,57.0
457,19.0
458,26.0
459,23.0
460,52.0
461,10.0
462,14.0
463,
464,50.0
465,50.0
466,55.0
467,8.0
468,2.0
469,4.0
470,10.0
471,45.0
472,41.0
473,23.0
474,11.0
475,67.0
476,14.0
477,1.0
478,4.0
479,4.0
480,54.0
481,3.0
482,24.0
483,15.0
484,42.0
485,22.0
486,27.0
487,7.0
488,57.0
489,24.0
490,47.0
491,7.0
492,18.0
493,4.0
494,24.0
495,22.0
496,47.0
497,50.0
498,13.0
499,12.0
500,27.0
501,12.0
502,56.0
503,41.0
504,60.0
505,
506,12.0
507,43.0
508,24.0
509,5.0
510,14.0
511,33.0
512,57.0
513,9.0
514,37.0
515,9.0
516,12.0
517,48.0
518,12.0
519,37.0
520,11.0
521,15.0
522,54.0
523,20.0
524,9.0
525,47.0
526,17.0
527,38.0
528,22.0
529,37.0
530,37.0
531,10.0
532,7.0
533,13.0
534,8.0
535,53.0
536,
537,9.0
538,13.0
539,7.0
540,13.0
541,12.0
542,44.0
543,
544,54.0
545,14.0
546,51.0
547,39.0
548,27.0
549,56.0
550,
551,20.0
552,8.0
553,12.0
554,7.0
555,51.0
556,18.0
557,14.0
558,10.0
559,36.0
560,33.0
561,43.0
562,7.0
563,46.0
564,33.0
565,59.0
566,47.0
567,4.0
568,43.0
569,7.0
570,12.0
571,4.0
572,11.0
573,2.0
574,33.0
575,4.0
576,8.0
577,49.0
578,56.0
579,33.0
580,14.0
581,19.0
582,4.0
583,29.0
584,22.0
585,
586,5.0
587,11.0
588,8.0
589,19.0
590,7.0
591,20.0
592,
593,8.0
594,14.0
595,27.0
596,14.0
597,9.0
598,19.0
599,3.0
600,56.0
601,50.0
602,5.0
603,45.0
604,14.0
605,32.0
606,45.0
607,
608,4.0
609,2.0
610,28.0
611,60.0
612,10.0
613,16.0
614,7.0
615,15.0
616,17.0
617,3.0
618,8.0
619,10.0
620,12.0
621,15.0
622,31.0
623,53.0
624,41.0
625,12.0
626,15.0
627,24.0
628,53.0
629,10.0
630,10.0
631,27.0
632,11.0
633,13.0
634,5.0
635,23.0
636,49.0
637,
638,14.0
639,29.0
640,50.0
641,45.0
642,26.0
643,49.0
644,
645,1.0
646,54.0
647,7.0
648,3.0
649,12.0
650,41.0
651,4.0
652,8.0
653,2.0
654,3.0
655,49.0
656,
657,26.0
658,21.0
659,15.0
660,8.0
661,4.0
662,
663,
664,
665,49.0
666,56.0
667,3.0
668,33.0
669,19.0
670,41.0
671,33.0
672,12.0
673,
674,18.0
675,35.0
676,50.0
677,
678,37.0
679,37.0
680,10.0
681,11.0
682,11.0
683,36.0
684,13.0
685,53.0
686,45.0
687,8.0
688,
689,14.0
690,10.0
691,27.0
692,56.0
693,
694,13.0
695,12.0
696,18.0
697,57.0
698,56.0
699,37.0
700,48.0
701,56.0
702,10.0
703,37.0
704,8.0
705,43.0
706,7.0
707,25.0
708,37.0
709,12.0
710,27.0
711,45.0
712,36.0
713,11.0
714,46.0
715,56.0
716,2.0
717,19.0
718,26.0
719,17.0
720,
721,49.0
722,
723,37.0
724,56.0
725,39.0
726,12.0
727,50.0
728,14.0
729,14.0
730,
731,12.0
732,45.0
733,
734,49.0
735,14.0
736,45.0
737,48.0
738,13.0
739,12.0
740,12.0
741,14.0
742,33.0
743,47.0
744,
745,26.0
746,39.0
747,53.0
748,43.0
749,9.0
750,14.0
751,13.0
752,55.0
753,44.0
754,14.0
755,
756,32.0
757,
758,13.0
759,11.0
760,14.0
761,12.0
762,
763,5.0
764,5.0
765,11.0
766,13.0
767,4.0
768,
769,59.0
770,43.0
771,49.0
772,
773,14.0
774,
775,63.0
776,12.0
777,30.0
778,37.0
779,
780,45.0
781,9.0
782,46.0
783,10.0
784,
785,25.0
786,26.0
787,9.0
788,49.0
789,3.0
790,51.0
791,
792,5.0
793,42.0
794,7.0
795,10.0
796,60.0
797,16.0
798,18.0
799,20.0
800,47.0
801,13.0
802,45.0
803,47.0
804,48.0
805,5.0
806,33.0
807,23.0
808,61.0
809,35.0
810,38.0
811,49.0
812,19.0
813,12.0
814,2.0
815,
816,
817,13.0
818,24.0
819,37.0
820,
821,56.0
822,53.0
823,25.0
824,9.0
825,56.0
826,53.0
827,31.0
828,45.0
829,24.0
830,45.0
831,43.0
832,24.0
833,50.0
834,33.0
835,8.0
836,14.0
837,14.0
838,
839,24.0
840,10.0
841,33.0
842,10.0
843,
844,33.0
845,10.0
846,39.0
847,49.0
848,53.0
849,
850,8.0
851,45.0
852,49.0
853,
854,27.0
855,14.0
856,3.0
857,44.0
858,46.0
859,8.0
860,15.0
861,20.0
862,43.0
863,14.0
864,5.0
865,12.0
866,11.0
867,11.0
868,41.0
869,10.0
870,13.0
871,9.0
872,22.0
873,56.0
874,36.0
875,14.0
876,38.0
877,18.0
878,29.0
879,49.0
880,45.0
881,7.0
882,
883,30.0
884,20.0
885,13.0
886,
887,48.0
888,26.0
889,14.0
890,3.0
891,59.0
892,45.0
893,11.0
894,12.0
895,
896,14.0
897,32.0
898,16.0
899,47.0
900,
901,17.0
902,24.0
903,33.0
904,
905,42.0
906,24.0
907,
908,
909,28.0
910,4.0
911,14.0
912,13.0
913,56.0
914,36.0
915,10.0
916,14.0
917,49.0
918,39.0
919,45.0
920,45.0
921,10.0
922,34.0
923,16.0
924,24.0
925,40.0
926,7.0
927,8.0
928,33.0
929,5.0
930,50.0
931,52.0
932,4.0
933,55.0
934,15.0
935,
936,52.0
937,13.0
938,14.0
939,14.0
940,33.0
941,10.0
942,56.0
943,52.0
944,9.0
945,40.0
946,14.0
947,19.0
948,
949,4.0
950,57.0
951,33.0
952,2.0
953,14.0
954,33.0
955,39.0
956,39.0
957,49.0
958,19.0
959,32.0
960,11.0
961,39.0
962,27.0
963,
964,22.0
965,24.0
966,13.0
967,
968,5.0
969,43.0
970,4.0
971,12.0
972,49.0
973,5.0
974,7.0
975,15.0
976,18.0
977,25.0
978,
979,9.0
980,2.0
981,22.0
982,39.0
983,10.0
984,39.0
985,12.0
986,49.0
987,27.0
988,23.0
989,32.0
990,53.0
991,49.0
992,10.0
993,
994,45.0
995,14.0
996,48.0
997,
998,60.0
999,53.0
1000,18.0
1001,12.0
1002,52.0
1003,5.0
1004,1.0
1005,13.0
1006,35.0
1007,14.0
1008,12.0
1009,20.0
1010,47.0
1011,14.0
1012,13.0
1013,49.0
1014,48.0
1015,52.0
1016,10.0
1017,14.0
1018,5.0
1019,8.0
1020,45.0
1021,37.0
1022,53.0
1023,17.0
1024,49.0
1025,48.0
1026,6.0
1027,
1028,25.0
1029,51.0
1030,14.0
1031,44.0
1032,8.0
1033,10.0
1034,14.0
1035,12.0
1036,
1037,
1038,52.0
1039,10.0
1040,18.0
1041,13.0
1042,2.0
1043,12.0
1044,9.0
1045,49.0
1046,49.0
1047,27.0
1048,32.0
1049,12.0
1050,13.0
1051,25.0
1052,20.0
1053,13.0
1054,45.0
1055,47.0
1056,25.0
1057,
1058,
1059,
1060,8.0
1061,49.0
1062,18.0
1063,13.0
1064,4.0
1065,36.0
1066,
1067,20.0
1068,12.0
1069,30.0
1070,9.0
1071,
1072,
1073,15.0
1074,14.0
1075,35.0
1076,47.0
1077,56.0
1078,19.0
1079,44.0
1080,8.0
1081,
1082,35.0
1083,2.0
1084,
1085,5.0
1086,3.0
1087,56.0
1088,34.0
1089,10.0
1090,10.0
1091,6.0
1092,14.0
1093,53.0
1094,56.0
1095,5.0
1096,29.0
1097,47.0
1098,50.0
1099,42.0
1100,7.0
1101,35.0
1102,55.0
1103,18.0
1104,49.0
1105,19.0
1106,56.0
1107,5.0
1108,
1109,8.0
1110,50.0
1111,
1112,5.0
1113,14.0
1114,17.0
1115,41.0
1116,4.0
1117,23.0
1118,22.0
1119,
1120,23.0
1121,
1122,24.0
1123,
1124,14.0
1125,49.0
1126,9.0
1127,7.0
1128,
1129,22.0
1130,56.0
1131,41.0
1132,
1133,13.0
1134,33.0
1135,50.0
1136,11.0
1137,13.0
1138,45.0
1139,20.0
1140,27.0
1141,14.0
1142,7.0
1143,37.0
1144,
1145,16.0
1146,
1147,7.0
1148,18.0
1149,52.0
1150,
1151,
1152,49.0
1153,15.0
1154,7.0
1155,20.0
1156,8.0
1157,13.0
1158,
1159,5.0
1160,49.0
1161,10.0
1162,
1163,11.0
1164,26.0
1165,3.0
1166,19.0
1167,
1168,9.0
1169,15.0
1170,
1171,35.0
1172,45.0
1173,16.0
1174,22.0
1175,47.0
1176,10.0
1177,8.0
1178,29.0
1179,41.0
1180,36.0
1181,
1182,53.0
1183,10.0
1184,50.0
1185,37.0
1186,
1187,14.0
1188,10.0
1189,22.0
1190,7.0
1191,10.0
1192,23.0
1193,37.0
1194,25.0
1195,4.0
1196,13.0
1197,8.0
1198,
1199,10.0
1200,35.0
1201,41.0
1202,45.0
1203,1.0
1204,2.0
1205,8.0
1206,72.0
1207,13.0
1208,9.0
1209,
1210,33.0
1211,19.0
1212,4.0
1213,14.0
1214,14.0
1215,3.0
1216,29.0
1217,13.0
1218,47.0
1219,18.0
1220,5.0
1221,49.0
1222,3.0
1223,40.0
1224,12.0
1225,39.0
1226,14.0
1227,53.0
1228,49.0
1229,
1230,20.0
1231,14.0
1232,7.0
1233,6.0
1234,49.0
1235,19.0
1236,
1237,3.0
1238,33.0
1239,14.0
1240,49.0
1241,14.0
1242,9.0
1243,52.0
1244,57.0
1245,38.0
1246,18.0
1247,55.0
1248,11.0
1249,47.0
1250,
1251,37.0
1252,
1253,53.0
1254,41.0
1255,7.0
1256,19.0
1257,
1258,7.0
1259,55.0
1260,1.0
1261,56.0
1262,27.0
1263,27.0
1264,
1265,14.0
1266,
1267,14.0
1268,14.0
1269,10.0
1270,33.0
1271,49.0
1272,9.0
1273,33.0
1274,53.0
1275,36.0
1276,
1277,32.0
1278,27.0
1279,33.0
1280,17.0
1281,20.0
1282,53.0
1283,10.0
1284,35.0
1285,
1286,16.0
1287,13.0
1288,25.0
1289,7.0
1290,18.0
1291,72.0
1292,16.0
1293,2.0
1294,26.0
1295,34.0
1296,30.0
1297,15.0
1298,
1299,59.0
1300,17.0
1301,3.0
1302,43.0
1303,8.0
1304,7.0
1305,46.0
1306,6.0
1307,12.0
1308,58.0
1309,28.0
1310,49.0
1311,51.0
1312,56.0
1313,25.0
1314,9.0
1315,13.0
1316,7.0
1317,27.0
1318,13.0
1319,
1320,12.0
1321,27.0
1322,13.0
1323,50.0
1324,
1325,45.0
1326,
1327,25.0
1328,3.0
1329,33.0
1330,19.0
1331,17.0
1332,13.0
1333,58.0
1334,16.0
1335,45.0
1336,
1337,53.0
1338,43.0
1339,16.0
1340,47.0
1341,14.0
1342,14.0
1343,51.0
1344,56.0
1345,9.0
1346,33.0
1347,10.0
1348,41.0
1349,
1350,27.0
1351,22.0
1352,56.0
1353,3.0
1354,5.0
1355,14.0
1356,55.0
1357,46.0
1358,
1359,26.0
1360,13.0
1361,4.0
1362,
1363,26.0
1364,17.0
1365,18.0
1366,9.0
1367,11.0
1368,
1369,49.0
1370,13.0
1371,53.0
1372,8.0
1373,22.0
1374,
1375,7.0
1376,55.0
1377,12.0
1378,38.0
1379,18.0
1380,37.0
1381,49.0
1382,47.0
1383,42.0
1384,15.0
1385,
1386,10.0
1387,23.0
1388,50.0
1389,23.0
1390,50.0
1391,53.0
1392,
1393,
1394,41.0
1395,53.0
1396,35.0
1397,10.0
1398,
1399,14.0
1400,56.0
1401,21.0
1402,8.0
1403,50.0
1404,45.0
1405,14.0
1406,39.0
1407,38.0
1408,33.0
1409,24.0
1410,9.0
1411,24.0
1412,
1413,29.0
1414,10.0
1415,8.0
1416,4.0
1417,45.0
1418,
1419,20.0
1420,17.0
1421,53.0
1422,7.0
1423,11.0
1424,8.0
1425,
1426,
1427,13.0
1428,48.0
1429,36.0
1430,18.0
1431,39.0
1432,45.0
1433,45.0
1434,
1435,8.0
1436,8.0
1437,27.0
1438,44.0
1439,14.0
1440,
1441,4.0
1442,
1443,4.0
1444,8.0
1445,27.0
1446,44.0
1447,12.0
1448,7.0
1449,7.0
1450,19.0
1451,25.0
1452,35.0
1453,49.0
1454,6.0
1455,11.0
1456,37.0
1457,8.0
1458,9.0
1459,20.0
1460,53.0
1461,54.0
1462,12.0
1463,13.0
1464,49.0
1465,5.0
1466,14.0
1467,18.0
1468,7.0
1469,50.0
1470,13.0
1471,16.0
1472,14.0
1473,47.0
1474,12.0
1475,39.0
1476,4.0
1477,5.0
1478,26.0
1479,17.0
1480,
1481,27.0
1482,47.0
1483,16.0
1484,23.0
1485,18.0
1486,
1487,50.0
1488,49.0
1489,12.0
1490,45.0
1491,12.0
1492,51.0
1493,18.0
1494,
1495,49.0
1496,50.0
1497,43.0
1498,9.0
1499,14.0
1500,25.0
1501,3.0
1502,15.0
1503,55.0
1504,43.0
1505,
1506,
1507,37.0
1508,49.0
1509,39.0
1510,16.0
1511,
1512,12.0
1513,17.0
1514,14.0
1515,11.0
1516,49.0
1517,15.0
1518,13.0
1519,24.0
1520,37.0
1521,14.0
1522,59.0
1523,
1524,
1525,13.0
1526,24.0
1527,34.0
1528,19.0
1529,13.0
1530,14.0
1531,
1532,53.0
1533,8.0
1534,29.0
1535,33.0
1536,8.0
1537,26.0
1538,14.0
1539,14.0
1540,19.0
1541,50.0
1542,
1543,26.0
1544,24.0
1545,29.0
1546,19.0
1547,16.0
1548,14.0
1549,34.0
1550,10.0
1551,
1552,16.0
1553,9.0
1554,11.0
1555,43.0
1556,9.0
1557,23.0
1558,12.0
1559,45.0
1560,53.0
1561,
1562,9.0
1563,9.0
1564,18.0
1565,15.0
1566,37.0
1567,3.0
1568,45.0
1569,9.0
1570,45.0
1571,8.0
1572,36.0
1573,14.0
1574,13.0
1575,9.0
1576,
1577,
1578,12.0
1579,14.0
1580,67.0
1581,37.0
1582,4.0
1583,37.0
1584,8.0
1585,26.0
1586,
1587,45.0
1588,2.0
1589,41.0
1590,37.0
1591,24.0
1592,10.0
1593,
1594,13.0
1595,3.0
1596,27.0
1597,53.0
1598,30.0
1599,46.0
1600,16.0
1601,41.0
1602,
1603,10.0
1604,38.0
1605,12.0
1606,11.0
1607,42.0
1608,34.0
1609,15.0
1610,6.0
1611,16.0
1612,10.0
1613,13.0
1614,8.0
1615,13.0
1616,25.0
1617,41.0
1618,25.0
1619,5.0
1620,5.0
1621,8.0
1622,11.0
1623,1.0
1624,20.0
1625,
1626,9.0
1627,10.0
1628,12.0
1629,7.0
1630,23.0
1631,52.0
1632,46.0
1633,14.0
1634,
1635,5.0
1636,45.0
1637,51.0
1638,59.0
1639,
1640,61.0
1641,10.0
1642,27.0
1643,51.0
1644,14.0
1645,1.0
1646,1.0
1647,43.0
1648,16.0
1649,25.0
1650,5.0
1651,10.0
1652,12.0
1653,12.0
1654,24.0
1655,17.0
1656,15.0
1657,34.0
1658,7.0
1659,45.0
1660,9.0
1661,
1662,2.0
1663,1.0
1664,55.0
1665,19.0
1666,
1667,13.0
1668,
1669,11.0
1670,13.0
1671,43.0
1672,9.0
1673,13.0
1674,10.0
1675,5.0
1676,45.0
1677,
1678,43.0
1679,6.0
1680,
1681,57.0
1682,48.0
1683,8.0
1684,32.0
1685,
1686,25.0
1687,50.0
1688,47.0
1689,
1690,
1691,47.0
1692,21.0
1693,50.0
1694,19.0
1695,5.0
1696,10.0
1697,14.0
1698,14.0
1699,
1700,7.0
1701,46.0
1702,56.0
1703,3.0
1704,10.0
1705,67.0
1706,24.0
1707,15.0
1708,8.0
1709,10.0
1710,33.0
1711,32.0
1712,7.0
1713,25.0
1714,13.0
1715,16.0
1716,61.0
1717,44.0
1718,10.0
1719,27.0
1720,17.0
1721,5.0
1722,14.0
1723,45.0
1724,41.0
1725,37.0
1726,37.0
1727,11.0
1728,6.0
1729,24.0
1730,17.0
1731,12.0
1732,
1733,10.0
1734,7.0
1735,34.0
1736,56.0
1737,7.0
1738,14.0
1739,33.0
1740,30.0
1741,49.0
1742,
1743,7.0
1744,49.0
1745,7.0
1746,15.0
1747,1.0
1748,17.0
1749,8.0
1750,53.0
1751,23.0
1752,10.0
1753,24.0
1754,38.0
1755,7.0
1756,8.0
1757,15.0
1758,13.0
1759,37.0
1760,23.0
1761,4.0
1762,11.0
1763,13.0
1764,46.0
1765,38.0
1766,11.0
1767,10.0
1768,9.0
1769,22.0
1770,12.0
1771,45.0
1772,4.0
1773,32.0
1774,41.0
1775,14.0
1776,
1777,6.0
1778,55.0
1779,17.0
1780,3.0
1781,17.0
1782,37.0
1783,14.0
1784,50.0
1785,19.0
1786,8.0
1787,49.0
1788,57.0
1789,8.0
1790,3.0
1791,10.0
1792,9.0
1793,49.0
1794,10.0
1795,10.0
1796,16.0
1797,27.0
1798,37.0
1799,50.0
1800,19.0
1801,53.0
1802,27.0
1803,
1804,45.0
1805,5.0
1806,
1807,37.0
1808,8.0
1809,1.0
1810,
1811,
1812,
1813,14.0
1814,8.0
1815,31.0
1816,
1817,2.0
1818,
1819,35.0
1820,5.0
1821,20.0
1822,8.0
1823,10.0
1824,10.0
1825,43.0
1826,2.0
1827,1.0
1828,15.0
1829,13.0
1830,5.0
1831,24.0
1832,10.0
1833,8.0
1834,11.0
1835,23.0
1836,26.0
1837,12.0
1838,26.0
1839,13.0
1840,7.0
1841,27.0
1842,3.0
1843,45.0
1844,11.0
1845,
1846,26.0
1847,25.0
1848,37.0
1849,49.0
1850,5.0
1851,23.0
1852,17.0
1853,21.0
1854,47.0
1855,34.0
1856,37.0
1857,11.0
1858,
1859,24.0
1860,
1861,14.0
1862,13.0
1863,14.0
1864,
1865,25.0
1866,3.0
1867,47.0
1868,15.0
1869,20.0
1870,6.0
1871,37.0
1872,
1873,39.0
1874,9.0
1875,16.0
1876,
1877,9.0
1878,9.0
1879,18.0
1880,15.0
1881,40.0
1882,38.0
1883,
1884,49.0
1885,15.0
1886,13.0
1887,11.0
1888,49.0
1889,45.0
1890,
1891,16.0
1892,24.0
1893,56.0
1894,5.0
1895,43.0
1896,8.0
1897,11.0
1898,3.0
1899,3.0
1900,35.0
1901,34.0
1902,39.0
1903,5.0
1904,10.0
1905,19.0
1906,2.0
1907,49.0
1908,13.0
1909,34.0
1910,43.0
1911,
1912,38.0
1913,10.0
1914,14.0
1915,28.0
1916,10.0
1917,13.0
1918,
1919,
1920,19.0
1921,
1922,6.0
1923,5.0
1924,
1925,34.0
1926,12.0
1927,7.0
1928,40.0
1929,55.0
1930,13.0
1931,44.0
1932,10.0
1933,
1934,49.0
1935,49.0
1936,17.0
1937,18.0
1938,13.0
1939,28.0
1940,29.0
1941,10.0
1942,28.0
1943,30.0
1944,16.0
1945,10.0
1946,9.0
1947,34.0
1948,5.0
1949,5.0
1950,5.0
1951,7.0
1952,36.0
1953,46.0
1954,9.0
1955,14.0
1956,18.0
1957,38.0
1958,55.0
