0,1
1,3
2,0
3,0
4,0
5,3
6,0
7,0
8,0
9,0
10,1
11,0
12,0
13,2
14,1
15,0
16,0
17,1
18,0
19,1
20,2
21,0
22,1
23,2
24,1
25,2
26,1
27,0
28,1
29,0
30,1
31,2
32,0
33,1
34,1
35,0
36,1
37,1
38,0
39,0
40,0
41,0
42,1
43,1
44,1
45,0
46,0
47,2
48,0
49,0
50,3
51,0
52,1
53,0
54,1
55,4
56,1
57,2
58,1
59,1
60,0
61,1
62,0
63,2
64,4
65,0
66,1
67,1
68,4
69,0
70,0
71,1
72,0
73,1
74,3
75,0
76,0
77,0
78,0
79,1
80,2
81,0
82,0
83,0
84,0
85,0
86,2
87,0
88,3
89,0
90,1
91,0
92,1
93,1
94,1
95,2
96,0
97,1
98,1
99,1
100,0
101,0
102,1
103,0
104,0
105,0
106,1
107,0
108,0
109,0
110,0
111,1
112,0
113,0
114,3
115,0
116,1
117,1
118,0
119,0
120,0
121,0
122,0
123,2
124,2
125,0
126,1
127,0
128,2
129,0
130,0
131,0
132,1
133,1
134,1
135,0
136,1
137,0
138,0
139,0
140,1
141,1
142,2
143,0
144,2
145,0
146,0
147,0
148,4
149,0
150,0
151,0
152,2
153,0
154,2
155,0
156,0
157,0
158,0
159,2
160,1
161,0
162,1
163,0
164,0
165,0
166,1
167,0
168,2
169,2
170,0
171,0
172,0
173,0
174,1
175,0
176,1
177,0
178,0
179,0
180,0
181,0
182,0
183,0
184,0
185,0
186,0
187,0
188,0
189,0
190,1
191,1
192,1
193,0
194,0
195,0
196,5
197,0
198,1
199,0
200,0
201,5
202,3
203,1
204,1
205,1
206,0
207,2
208,0
209,2
210,0
211,1
212,0
213,0
214,1
215,0
216,2
217,0
218,3
219,0
220,1
221,0
222,1
223,0
224,0
225,0
226,1
227,0
228,0
229,0
230,1
231,0
232,0
233,2
234,2
235,0
236,2
237,0
238,1
239,1
240,0
241,1
242,0
243,0
244,0
245,0
246,1
247,0
248,0
249,2
250,0
251,0
252,1
253,0
254,0
255,0
256,0
257,1
258,0
259,1
260,0
261,0
262,1
263,1
264,0
265,0
266,0
267,0
268,0
269,1
270,1
271,1
272,0
273,3
274,0
275,0
276,0
277,0
278,1
279,1
280,4
281,0
282,1
283,2
284,0
285,1
286,1
287,1
288,2
289,0
290,0
291,0
292,1
293,0
294,2
295,0
296,1
297,0
298,1
299,1
300,0
301,0
302,0
303,0
304,0
305,1
306,0
307,0
308,2
309,2
310,0
311,0
312,1
313,1
314,2
315,4
316,0
317,0
318,0
319,4
320,0
321,0
322,0
323,1
324,1
325,0
326,0
327,1
328,0
329,0
330,0
331,0
332,1
333,0
334,1
335,0
336,1
337,0
338,1
339,0
340,2
341,1
342,0
343,0
344,0
345,1
346,1
347,0
348,0
349,0
350,1
351,1
352,0
353,0
354,2
355,2
356,0
357,1
358,2
359,0
360,1
361,0
362,1
363,1
364,0
365,0
366,0
367,2
368,1
369,0
370,1
371,0
372,0
373,1
374,0
375,0
376,2
377,2
378,1
379,0
380,1
381,0
382,1
383,3
384,0
385,3
386,3
387,1
388,0
389,1
390,0
391,0
392,1
393,0
394,0
395,2
396,1
397,1
398,0
399,0
400,2
401,0
402,0
403,2
404,0
405,0
406,0
407,0
408,0
409,1
410,0
411,0
412,3
413,0
414,0
415,0
416,1
417,0
418,3
419,0
420,1
421,0
422,0
423,0
424,3
425,0
426,0
427,1
428,1
429,1
430,0
431,2
432,1
433,3
434,1
435,0
436,0
437,0
438,1
439,0
440,0
441,2
442,1
443,1
444,0
445,0
446,0
447,0
448,2
449,0
450,1
451,0
452,4
453,0
454,1
455,0
456,1
457,0
458,1
459,0
460,0
461,0
462,0
463,3
464,0
465,0
466,0
467,0
468,1
469,1
470,0
471,0
472,0
473,1
474,0
475,0
476,0
477,0
478,0
479,1
480,1
481,4
482,0
483,1
484,0
485,1
486,0
487,0
488,2
489,2
490,0
491,1
492,0
493,3
494,0
495,1
496,2
497,0
498,0
499,0
500,1
501,0
502,3
503,0
504,0
505,0
506,0
507,2
508,0
509,0
510,0
511,0
512,0
513,1
514,1
515,1
516,1
517,0
518,0
519,1
520,3
521,0
522,1
523,0
524,1
525,0
526,2
527,0
528,0
529,0
530,2
531,0
532,0
533,1
534,3
535,0
536,0
537,0
538,2
539,0
540,0
541,1
542,0
543,0
544,1
545,0
546,0
547,0
548,1
549,0
550,1
551,1
552,2
553,0
554,0
555,0
556,1
557,0
558,0
559,0
560,0
561,3
562,0
563,0
564,1
565,0
566,1
567,0
568,0
569,0
570,0
571,0
572,1
573,1
574,1
575,0
576,0
577,1
578,0
579,2
580,1
581,3
582,1
583,0
584,1
585,0
586,0
587,1
588,3
589,0
590,0
591,0
592,1
593,2
594,1
595,0
596,0
597,0
598,4
599,1
600,0
601,0
602,0
603,0
604,0
605,1
606,1
607,0
608,0
609,1
610,1
611,1
612,2
613,0
614,1
615,0
616,0
617,0
618,0
619,0
620,0
621,2
622,2
623,1
624,1
625,0
626,1
627,0
628,0
629,0
630,1
631,0
632,1
633,0
634,0
635,0
636,0
637,2
638,0
639,1
640,0
641,0
642,1
643,0
644,2
645,0
646,1
647,0
648,0
649,1
650,0
651,0
652,0
653,0
654,3
655,0
656,0
657,4
658,1
659,2
660,3
661,3
662,0
663,0
664,2
665,0
666,0
667,0
668,0
669,1
670,0
671,0
672,0
673,0
674,4
675,0
676,0
677,0
678,0
679,0
680,0
681,0
682,4
683,1
684,1
685,1
686,0
687,0
688,2
689,0
690,0
691,1
692,3
693,0
694,1
695,0
696,0
697,1
698,0
699,0
700,2
701,0
702,0
703,1
704,0
705,0
706,1
707,0
708,0
709,0
710,1
711,0
712,0
713,4
714,0
715,0
716,1
717,1
718,2
719,1
720,0
721,0
722,0
723,1
724,0
725,0
726,2
727,1
728,0
729,0
730,0
731,0
732,0
733,0
734,1
735,1
736,0
737,1
738,0
739,0
740,0
741,0
742,1
743,2
744,0
745,4
746,0
747,0
748,0
749,0
750,0
751,1
752,1
753,2
754,0
755,3
756,1
757,0
758,1
759,0
760,1
761,0
762,3
763,0
764,0
765,3
766,1
767,5
768,0
769,0
770,1
771,0
772,1
773,1
774,3
775,2
776,4
777,0
778,2
779,1
780,2
781,0
782,0
783,0
784,1
785,1
786,0
787,4
788,0
789,0
790,1
791,0
792,0
793,0
794,0
795,0
796,1
797,1
798,0
799,2
800,1
801,1
802,0
803,0
804,0
805,0
806,2
807,3
808,0
809,1
810,0
811,1
812,3
813,0
814,0
815,0
816,0
817,2
818,1
819,0
820,0
821,1
822,0
823,0
824,1
825,3
826,0
827,1
828,0
829,0
830,0
831,0
832,2
833,0
834,0
835,0
836,1
837,0
838,1
839,1
840,0
841,2
842,0
843,0
844,2
845,0
846,0
847,0
848,0
849,0
850,3
851,1
852,4
853,0
854,1
855,1
856,0
857,2
858,1
859,1
860,1
861,0
862,0
863,1
864,0
865,0
866,2
867,2
868,0
869,0
870,0
871,1
872,1
873,0
874,0
875,0
876,1
877,1
878,0
879,0
880,0
881,0
882,0
883,1
884,1
885,0
886,0
887,0
888,0
889,4
890,0
891,2
892,0
893,3
894,0
895,1
896,0
897,0
898,1
899,1
900,1
901,1
902,1
903,1
904,1
905,0
906,1
907,0
908,0
909,1
910,5
911,4
912,0
913,0
914,2
915,0
916,0
917,0
918,0
919,0
920,0
921,0
922,0
923,1
924,1
925,0
926,0
927,0
928,2
929,0
930,0
931,0
932,5
933,1
934,1
935,0
936,0
937,1
938,1
939,0
940,1
941,1
942,0
943,0
944,0
945,1
946,1
947,1
948,2
949,0
950,2
951,1
952,1
953,0
954,0
955,0
956,1
957,1
958,1
959,0
960,0
961,0
962,4
963,0
964,1
965,0
966,0
967,1
968,0
969,1
970,1
971,0
972,0
973,1
974,0
975,0
976,1
977,1
978,0
979,0
980,0
981,1
982,0
983,0
984,1
985,0
986,0
987,0
988,1
989,1
990,0
991,0
992,0
993,0
994,0
995,0
996,0
997,1
998,0
999,0
1000,0
1001,0
1002,0
1003,0
1004,0
1005,1
1006,1
1007,0
1008,2
1009,1
1010,0
1011,0
1012,0
1013,1
1014,0
1015,0
1016,3
1017,1
1018,0
1019,0
1020,1
1021,1
1022,0
1023,0
1024,0
1025,0
1026,0
1027,0
1028,1
1029,0
1030,0
1031,0
1032,1
1033,0
1034,0
1035,0
1036,0
1037,0
1038,0
1039,0
1040,2
1041,1
1042,0
1043,0
1044,0
1045,0
1046,5
1047,1
1048,1
1049,0
1050,0
1051,0
1052,0
1053,0
1054,1
1055,0
1056,0
1057,0
1058,0
1059,0
1060,0
1061,0
1062,0
1063,0
1064,0
1065,0
1066,0
1067,0
1068,0
1069,0
1070,4
1071,0
1072,0
1073,1
1074,0
1075,0
1076,0
1077,2
1078,1
1079,2
1080,0
1081,0
1082,1
1083,1
1084,0
1085,0
1086,0
1087,0
1088,0
1089,0
1090,0
1091,3
1092,5
1093,0
1094,1
1095,0
1096,0
1097,0
1098,0
1099,0
1100,0
1101,2
1102,0
1103,0
1104,0
1105,0
1106,1
1107,0
1108,1
1109,0
1110,1
1111,0
1112,0
1113,0
1114,1
1115,2
1116,2
1117,1
1118,1
1119,0
1120,1
1121,0
1122,0
1123,0
1124,1
1125,0
1126,1
1127,0
1128,0
1129,1
1130,0
1131,1
1132,0
1133,0
1134,1
1135,0
1136,1
1137,1
1138,1
1139,4
1140,0
1141,0
1142,0
1143,1
1144,0
1145,0
1146,0
1147,0
1148,0
1149,0
1150,0
1151,1
1152,0
1153,0
1154,2
1155,2
1156,1
1157,0
1158,1
1159,0
1160,0
1161,1
1162,3
1163,1
1164,1
1165,3
1166,1
1167,0
1168,0
1169,0
1170,1
1171,2
1172,1
1173,0
1174,0
1175,0
1176,0
1177,0
1178,0
1179,0
1180,1
1181,0
1182,0
1183,0
1184,1
1185,0
1186,0
1187,1
1188,0
1189,2
1190,1
1191,0
1192,0
1193,0
1194,1
1195,3
1196,0
1197,0
1198,0
1199,0
1200,2
1201,1
1202,0
1203,0
1204,0
1205,0
1206,1
1207,1
1208,0
1209,1
1210,0
1211,0
1212,0
1213,2
1214,0
1215,0
1216,1
1217,2
1218,0
1219,0
1220,0
1221,2
1222,0
1223,1
1224,0
1225,1
1226,0
1227,0
1228,5
1229,0
1230,1
1231,0
1232,1
1233,1
1234,0
1235,1
1236,0
1237,1
1238,2
1239,1
1240,1
1241,0
1242,1
1243,0
1244,0
1245,1
1246,1
1247,1
1248,0
1249,1
1250,3
1251,1
1252,0
1253,1
1254,0
1255,1
1256,1
1257,0
1258,1
1259,1
1260,1
1261,2
1262,1
1263,1
1264,1
1265,0
1266,0
1267,0
1268,2
1269,0
1270,0
1271,0
1272,0
1273,3
1274,1
1275,1
1276,0
1277,1
1278,1
1279,2
1280,5
1281,0
1282,0
1283,0
1284,0
1285,0
1286,0
1287,2
1288,1
1289,0
1290,0
1291,1
1292,0
1293,1
1294,0
1295,0
1296,0
1297,1
1298,0
1299,0
1300,0
1301,0
1302,0
1303,0
1304,0
1305,1
1306,0
1307,0
1308,4
1309,1
1310,5
1311,1
1312,1
1313,1
1314,0
1315,1
1316,0
1317,0
1318,0
1319,0
1320,1
1321,1
1322,2
1323,1
1324,3
1325,2
1326,0
1327,1
1328,2
1329,1
1330,0
1331,1
1332,2
1333,4
1334,0
1335,0
1336,0
1337,1
1338,0
1339,0
1340,1
1341,1
1342,1
1343,1
1344,0
1345,0
1346,2
1347,0
1348,0
1349,1
1350,1
1351,1
1352,1
1353,0
1354,0
1355,0
1356,1
1357,1
1358,0
1359,1
1360,2
1361,1
1362,0
1363,0
1364,0
1365,0
1366,2
1367,0
1368,0
1369,0
1370,2
1371,0
1372,1
1373,1
1374,0
1375,0
1376,2
1377,0
1378,0
1379,0
1380,0
1381,0
1382,0
1383,1
1384,1
1385,0
1386,0
1387,0
1388,2
1389,1
1390,0
1391,0
1392,0
1393,2
1394,1
1395,0
1396,2
1397,0
1398,0
1399,1
1400,2
1401,0
1402,0
1403,0
1404,0
1405,2
1406,0
1407,0
1408,1
1409,1
1410,1
1411,0
1412,2
1413,1
1414,0
1415,2
1416,0
1417,1
1418,0
1419,2
1420,0
1421,3
1422,0
1423,0
1424,1
1425,0
1426,0
1427,0
1428,0
1429,0
1430,0
1431,0
1432,0
1433,0
1434,3
1435,3
1436,1
1437,1
1438,0
1439,0
1440,3
1441,1
1442,0
1443,0
1444,3
1445,1
1446,0
1447,0
1448,4
1449,0
1450,0
1451,1
1452,1
1453,4
1454,1
1455,2
1456,0
1457,2
1458,1
1459,2
1460,1
1461,1
1462,0
1463,1
1464,0
1465,0
1466,0
1467,0
1468,0
1469,0
1470,0
1471,0
1472,0
1473,2
1474,1
1475,3
1476,1
1477,0
1478,0
1479,1
1480,0
1481,0
1482,0
1483,0
1484,0
1485,0
1486,0
1487,0
1488,0
1489,0
1490,0
1491,1
1492,1
1493,1
1494,2
1495,0
1496,1
1497,2
1498,2
1499,0
1500,1
1501,3
1502,2
1503,0
1504,1
1505,0
1506,1
1507,0
1508,0
1509,1
1510,1
1511,0
1512,0
1513,5
1514,0
1515,0
1516,1
1517,0
1518,2
1519,1
1520,0
1521,2
1522,2
1523,1
1524,1
1525,1
1526,0
1527,0
1528,0
1529,0
1530,2
1531,2
1532,2
1533,0
1534,1
1535,1
1536,0
1537,1
1538,0
1539,0
1540,1
1541,1
1542,0
1543,4
1544,0
1545,0
1546,0
1547,1
1548,2
1549,0
1550,1
1551,1
1552,0
1553,0
1554,4
1555,0
1556,1
1557,0
1558,0
1559,0
1560,0
1561,1
1562,2
1563,1
1564,0
1565,0
1566,0
1567,0
1568,1
1569,1
1570,1
1571,1
1572,0
1573,1
1574,2
1575,1
1576,0
1577,0
1578,0
1579,1
1580,2
1581,1
1582,3
1583,2
1584,1
1585,0
1586,0
1587,0
1588,0
1589,2
1590,1
1591,0
1592,0
1593,0
1594,0
1595,0
1596,1
1597,3
1598,0
1599,3
1600,0
1601,1
1602,0
1603,0
1604,0
1605,0
1606,0
1607,1
1608,0
1609,0
1610,0
1611,0
1612,0
1613,1
1614,0
1615,1
1616,0
1617,0
1618,0
1619,0
1620,0
1621,0
1622,0
1623,0
1624,3
1625,1
1626,0
1627,0
1628,0
1629,0
1630,0
1631,0
1632,3
1633,0
1634,3
1635,1
1636,0
1637,3
1638,0
1639,0
1640,0
1641,0
1642,1
1643,1
1644,0
1645,0
1646,1
1647,0
1648,3
1649,0
1650,0
1651,0
1652,0
1653,0
1654,0
1655,0
1656,1
1657,0
1658,0
1659,1
1660,0
1661,0
1662,1
1663,1
1664,1
1665,0
1666,0
1667,0
1668,0
1669,0
1670,0
1671,0
1672,1
1673,1
1674,0
1675,1
1676,0
1677,1
1678,2
1679,0
1680,0
1681,4
1682,0
1683,2
1684,1
1685,0
1686,1
1687,0
1688,0
1689,0
1690,0
1691,0
1692,0
1693,1
1694,1
1695,0
1696,0
1697,0
1698,0
1699,1
1700,0
1701,0
1702,1
1703,0
1704,0
1705,1
1706,0
1707,4
1708,0
1709,0
1710,3
1711,0
1712,0
1713,0
1714,0
1715,1
1716,2
1717,0
1718,0
1719,1
1720,1
1721,1
1722,1
1723,1
1724,0
1725,0
1726,0
1727,1
1728,1
1729,0
1730,1
1731,0
1732,3
1733,0
1734,1
1735,3
1736,0
1737,0
1738,0
1739,2
1740,0
1741,0
1742,1
1743,1
1744,0
1745,2
1746,1
1747,1
1748,0
1749,2
1750,0
1751,0
1752,0
1753,1
1754,0
1755,0
1756,2
1757,0
1758,0
1759,0
1760,0
1761,1
1762,0
1763,0
1764,0
1765,0
1766,0
1767,0
1768,1
1769,0
1770,1
1771,0
1772,0
1773,2
1774,0
1775,0
1776,0
1777,0
1778,2
1779,2
1780,1
1781,0
1782,0
1783,0
1784,0
1785,1
1786,0
1787,0
1788,0
1789,0
1790,3
1791,0
1792,1
1793,0
1794,0
1795,3
1796,0
1797,1
1798,0
1799,2
1800,0
1801,0
1802,1
1803,0
1804,1
1805,0
1806,1
1807,0
1808,0
1809,0
1810,0
1811,1
1812,0
1813,0
1814,1
1815,1
1816,0
1817,1
1818,0
1819,2
1820,1
1821,4
1822,1
1823,1
1824,0
1825,2
1826,0
1827,1
1828,0
1829,0
1830,0
1831,0
1832,0
1833,0
1834,0
1835,1
1836,0
1837,0
1838,4
1839,0
1840,0
1841,1
1842,0
1843,0
1844,0
1845,0
1846,0
1847,1
1848,1
1849,0
1850,1
1851,0
1852,0
1853,1
1854,0
1855,1
1856,0
1857,1
1858,1
1859,0
1860,0
1861,1
1862,0
1863,0
1864,1
1865,0
1866,0
1867,1
1868,2
1869,1
1870,0
1871,0
1872,0
1873,0
1874,0
1875,1
1876,0
1877,1
1878,4
1879,0
1880,0
1881,0
1882,0
1883,2
1884,0
1885,0
1886,0
1887,0
1888,0
1889,1
1890,1
1891,0
1892,0
1893,0
1894,2
1895,0
1896,1
1897,0
1898,3
1899,3
1900,1
1901,3
1902,0
1903,0
1904,1
1905,1
1906,1
1907,0
1908,0
1909,1
1910,0
1911,0
1912,1
1913,0
1914,1
1915,2
1916,0
1917,0
1918,1
1919,0
1920,1
1921,1
1922,0
1923,1
1924,0
1925,0
1926,2
1927,0
1928,0
1929,1
1930,0
1931,1
1932,1
1933,1
1934,1
1935,0
1936,0
1937,1
1938,0
1939,1
1940,2
1941,3
1942,2
1943,0
1944,0
1945,0
1946,0
1947,1
1948,0
1949,0
1950,0
1951,0
1952,0
1953,3
1954,0
1955,0
1956,0
1957,1
1958,1
