0,2
1,3
2,6
3,1
4,1
5,5
6,1
7,7
8,4
9,3
10,3
11,1
12,5
13,3
14,1
15,1
16,1
17,4
18,0
19,1
20,1
21,1
22,1
23,4
24,0
25,2
26,0
27,3
28,5
29,0
30,3
31,1
32,2
33,1
34,2
35,1
36,2
37,4
38,7
39,1
40,3
41,4
42,0
43,2
44,1
45,4
46,2
47,1
48,2
49,2
50,1
51,2
52,3
53,1
54,1
55,3
56,1
57,3
58,2
59,1
60,3
61,2
62,0
63,5
64,1
65,1
66,6
67,1
68,4
69,2
70,1
71,3
72,2
73,3
74,4
75,1
76,4
77,5
78,3
79,0
80,3
81,3
82,4
83,1
84,3
85,1
86,1
87,0
88,4
89,0
90,2
91,1
92,2
93,1
94,2
95,1
96,2
97,1
98,2
99,1
100,2
101,3
102,3
103,2
104,2
105,2
106,2
107,3
108,3
109,2
110,4
111,2
112,1
113,2
114,1
115,1
116,3
117,1
118,3
119,0
120,0
121,2
122,2
123,3
124,5
125,0
126,2
127,1
128,3
129,2
130,3
131,1
132,3
133,2
134,2
135,1
136,3
137,0
138,3
139,4
140,4
141,2
142,2
143,2
144,2
145,2
146,3
147,5
148,4
149,1
150,0
151,3
152,0
153,0
154,0
155,0
156,2
157,1
158,3
159,2
160,5
161,4
162,3
163,3
164,3
165,1
166,4
167,0
168,3
169,4
170,6
171,1
172,1
173,2
174,3
175,1
176,0
177,3
178,3
179,2
180,1
181,4
182,1
183,1
184,2
185,1
186,2
187,5
188,3
189,4
190,2
191,3
192,2
193,5
194,2
195,4
196,5
197,2
198,1
199,1
200,2
201,3
202,4
203,2
204,2
205,3
206,2
207,0
208,3
209,2
210,2
211,2
212,4
213,3
214,1
215,1
216,2
217,4
218,3
219,4
220,2
221,3
222,4
223,1
224,0
225,3
226,1
227,2
228,1
229,2
230,2
231,1
232,1
233,5
234,2
235,4
236,4
237,0
238,1
239,2
240,4
241,1
242,2
243,0
244,3
245,2
246,2
247,4
248,4
249,0
250,3
251,2
252,0
253,1
254,1
255,2
256,2
257,1
258,0
259,0
260,1
261,3
262,0
263,0
264,7
265,2
266,3
267,1
268,3
269,3
270,2
271,2
272,0
273,1
274,2
275,1
276,3
277,0
278,4
279,5
280,3
281,2
282,1
283,4
284,2
285,2
286,3
287,3
288,6
289,5
290,6
291,5
292,4
293,2
294,4
295,6
296,1
297,2
298,1
299,1
300,2
301,2
302,2
303,2
304,1
305,3
306,0
307,5
308,0
309,1
310,3
311,5
312,2
313,3
314,1
315,2
316,0
317,1
318,5
319,1
320,2
321,3
322,3
323,4
324,4
325,3
326,1
327,4
328,4
329,4
330,0
331,4
332,1
333,1
334,1
335,2
336,3
337,1
338,5
339,2
340,1
341,2
342,0
343,5
344,2
345,1
346,7
347,2
348,2
349,3
350,1
351,5
352,1
353,3
354,2
355,5
356,2
357,1
358,0
359,1
360,2
361,1
362,2
363,1
364,4
365,3
366,3
367,1
368,0
369,3
370,1
371,1
372,4
373,2
374,5
375,0
376,3
377,3
378,3
379,5
380,3
381,1
382,3
383,4
384,0
385,4
386,1
387,1
388,3
389,0
390,0
391,6
392,4
393,2
394,7
395,3
396,2
397,3
398,1
399,2
400,1
401,1
402,4
403,3
404,2
405,3
406,0
407,3
408,3
409,3
410,2
411,4
412,4
413,1
414,2
415,1
416,1
417,1
418,2
419,2
420,2
421,6
422,3
423,1
424,1
425,5
426,3
427,3
428,4
429,4
430,2
431,4
432,2
433,7
434,3
435,2
436,2
437,4
438,1
439,0
440,4
441,3
442,1
443,1
444,2
445,2
446,4
447,1
448,4
449,2
450,1
451,1
452,3
453,1
454,2
455,3
456,0
457,5
458,2
459,4
460,6
461,2
462,4
463,2
464,1
465,2
466,1
467,2
468,2
469,2
470,3
471,3
472,1
473,0
474,1
475,1
476,5
477,4
478,6
479,2
480,1
481,4
482,2
483,3
484,0
485,1
486,6
487,2
488,4
489,3
490,1
491,1
492,1
493,1
494,2
495,3
496,1
497,1
498,0
499,4
500,3
501,0
502,3
503,3
504,0
505,5
506,3
507,0
508,3
509,3
510,2
511,0
512,2
513,0
514,0
515,2
516,4
517,0
518,1
519,3
520,2
521,1
522,1
523,1
524,2
525,1
526,3
527,4
528,2
529,1
530,1
531,1
532,1
533,6
534,1
535,2
536,0
537,1
538,0
539,6
540,1
541,3
542,2
543,3
544,4
545,2
546,1
547,2
548,2
549,2
550,1
551,3
552,2
553,5
554,4
555,1
556,5
557,4
558,1
559,4
560,3
561,1
562,1
563,4
564,3
565,4
566,5
567,4
568,3
569,4
570,3
571,5
572,1
573,0
574,1
575,3
576,5
577,2
578,1
579,2
580,2
581,2
582,5
583,2
584,2
585,2
586,0
587,1
588,2
589,3
590,3
591,0
592,1
593,0
594,2
595,2
596,4
597,2
598,2
599,3
600,3
601,2
602,2
603,4
604,3
605,1
606,3
607,2
608,0
609,4
610,2
611,3
612,1
613,2
614,1
615,1
616,0
617,3
618,2
619,0
620,2
621,3
622,2
623,2
624,3
625,2
626,3
627,3
628,4
629,2
630,2
631,2
632,2
633,1
634,4
635,1
636,5
637,1
638,3
639,5
640,2
641,4
642,3
643,1
644,1
645,0
646,3
647,1
648,2
649,4
650,1
651,7
652,7
653,3
654,1
655,4
656,3
657,1
658,1
659,0
660,2
661,2
662,3
663,4
664,4
665,4
666,1
667,1
668,1
669,6
670,1
671,3
672,0
673,3
674,4
675,2
676,3
677,0
678,4
679,1
680,1
681,2
682,1
683,0
684,1
685,1
686,3
687,1
688,0
689,6
690,3
691,0
692,0
693,2
694,0
695,3
696,0
697,3
698,3
699,2
700,2
701,1
702,2
703,0
704,1
705,1
706,2
707,3
708,3
709,4
710,4
711,1
712,1
713,1
714,1
715,0
716,3
717,1
718,0
719,6
720,0
721,3
722,4
723,1
724,1
725,4
726,1
727,3
728,1
729,2
730,3
731,0
732,2
733,2
734,2
735,3
736,2
737,1
738,2
739,1
740,0
741,2
742,1
743,2
744,1
745,1
746,0
747,1
748,2
749,3
750,4
751,5
752,0
753,0
754,3
755,3
756,3
757,4
758,2
759,4
760,3
761,3
762,3
763,0
764,2
765,1
766,3
767,0
768,2
769,1
770,0
771,2
772,2
773,0
774,2
775,1
776,2
777,1
778,2
779,0
780,2
781,2
782,2
783,1
784,2
785,4
786,0
787,0
788,4
789,4
790,1
791,2
792,1
793,3
794,3
795,0
796,4
797,2
798,0
799,5
800,3
801,5
802,2
803,0
804,1
805,1
806,1
807,3
808,3
809,3
810,4
811,5
812,4
813,1
814,4
815,2
816,3
817,2
818,2
819,1
820,1
821,1
822,3
823,1
824,5
825,4
826,1
827,1
828,3
829,3
830,2
831,0
832,3
833,4
834,0
835,4
836,4
837,3
838,4
839,4
840,2
841,3
842,4
843,2
844,3
845,3
846,3
847,1
848,0
849,1
850,2
851,2
852,2
853,2
854,1
855,3
856,4
857,1
858,5
859,4
860,3
861,0
862,3
863,0
864,0
865,1
866,2
867,4
868,0
869,2
870,3
871,1
872,2
873,0
874,1
875,3
876,1
877,2
878,2
879,3
880,0
881,2
882,1
883,2
884,3
885,3
886,1
887,2
888,1
889,0
890,2
891,3
892,4
893,1
894,2
895,6
896,1
897,4
898,0
899,2
900,1
901,4
902,4
903,0
904,2
905,4
906,0
907,1
908,3
909,1
910,1
911,3
912,4
913,1
914,6
915,1
916,0
917,1
918,3
919,1
920,3
921,4
922,1
923,2
924,5
925,3
926,3
927,0
928,4
929,3
930,0
931,1
932,3
933,2
934,2
935,1
936,1
937,1
938,3
939,4
940,2
941,4
942,1
943,5
944,3
945,2
946,1
947,0
948,2
949,4
950,2
951,2
952,2
953,2
954,1
955,1
956,1
957,1
958,0
959,1
960,2
961,6
962,3
963,1
964,3
965,2
966,4
967,0
968,2
969,4
970,1
971,1
972,4
973,1
974,5
975,2
976,1
977,3
978,1
979,2
980,2
981,1
982,2
983,5
984,1
985,1
986,2
987,2
988,3
989,1
990,4
991,1
992,4
993,3
994,7
995,4
996,0
997,3
998,0
999,1
1000,6
1001,3
1002,2
1003,2
1004,0
1005,2
1006,2
1007,0
1008,0
1009,2
1010,3
1011,3
1012,1
1013,4
1014,1
1015,2
1016,0
1017,0
1018,1
1019,0
1020,4
1021,1
1022,1
1023,2
1024,1
1025,0
1026,1
1027,2
1028,3
1029,2
1030,1
1031,2
1032,1
1033,0
1034,4
1035,2
1036,1
1037,2
1038,1
1039,0
1040,2
1041,1
1042,1
1043,0
1044,3
1045,0
1046,1
1047,4
1048,4
1049,3
1050,0
1051,1
1052,3
1053,1
1054,2
1055,1
1056,3
1057,5
1058,2
1059,4
1060,3
1061,4
1062,6
1063,3
1064,1
1065,2
1066,2
1067,1
1068,1
1069,1
1070,1
1071,3
1072,3
1073,1
1074,1
1075,2
1076,2
1077,5
1078,3
1079,1
1080,1
1081,4
1082,1
1083,1
1084,0
1085,1
1086,3
1087,1
1088,0
1089,3
1090,1
1091,4
1092,0
1093,0
1094,2
1095,0
1096,1
1097,1
1098,3
1099,6
1100,3
1101,0
1102,1
1103,1
1104,2
1105,0
1106,1
1107,5
1108,4
1109,2
1110,2
1111,2
1112,1
1113,0
1114,1
1115,4
1116,2
1117,1
1118,5
1119,1
1120,3
1121,1
1122,5
1123,2
1124,6
1125,5
1126,3
1127,3
1128,2
1129,3
1130,3
1131,2
1132,1
1133,1
1134,4
1135,5
1136,5
1137,1
1138,3
1139,1
1140,2
1141,4
1142,1
1143,3
1144,1
1145,2
1146,0
1147,2
1148,1
1149,1
1150,1
1151,3
1152,2
1153,2
1154,3
1155,5
1156,4
1157,1
1158,8
1159,1
1160,4
1161,2
1162,2
1163,1
1164,4
1165,3
1166,3
1167,2
1168,5
1169,1
1170,2
1171,4
1172,3
1173,3
1174,1
1175,1
1176,3
1177,5
1178,0
1179,2
1180,4
1181,3
1182,3
1183,2
1184,3
1185,1
1186,6
1187,1
1188,4
1189,2
1190,2
1191,2
1192,0
1193,3
1194,2
1195,2
1196,4
1197,3
1198,0
1199,3
1200,4
1201,0
1202,5
1203,1
1204,3
1205,4
1206,0
1207,1
1208,2
1209,1
1210,3
1211,2
1212,3
1213,0
1214,1
1215,5
1216,4
1217,1
1218,2
1219,1
1220,1
1221,0
1222,4
1223,4
1224,2
1225,1
1226,0
1227,1
1228,1
1229,6
1230,3
1231,4
1232,5
1233,4
1234,4
1235,1
1236,7
1237,2
1238,4
1239,3
1240,3
1241,1
1242,6
1243,1
1244,6
1245,2
1246,0
1247,1
1248,1
1249,1
1250,3
1251,1
1252,2
1253,3
1254,1
1255,1
1256,4
1257,1
1258,2
1259,1
1260,3
1261,3
1262,1
1263,3
1264,2
1265,0
1266,2
1267,1
1268,0
1269,1
1270,2
1271,1
1272,0
1273,6
1274,2
1275,2
1276,0
1277,4
1278,3
1279,4
1280,2
1281,0
1282,2
1283,2
1284,2
1285,1
1286,1
1287,2
1288,0
1289,4
1290,1
1291,1
1292,2
1293,1
1294,0
1295,1
1296,2
1297,3
1298,5
1299,6
1300,0
1301,3
1302,2
1303,1
1304,1
1305,2
1306,2
1307,3
1308,0
1309,2
1310,2
1311,3
1312,1
1313,2
1314,6
1315,3
1316,2
1317,2
1318,2
1319,3
1320,5
1321,3
1322,1
1323,1
1324,2
1325,3
1326,3
1327,0
1328,4
1329,1
1330,1
1331,1
1332,0
1333,0
1334,4
1335,4
1336,1
1337,4
1338,3
1339,5
1340,0
1341,3
1342,3
1343,4
1344,2
1345,2
1346,5
1347,4
1348,1
1349,2
1350,0
1351,4
1352,3
1353,2
1354,4
1355,1
1356,4
1357,0
1358,2
1359,0
1360,1
1361,1
1362,1
1363,4
1364,1
1365,3
1366,3
1367,3
1368,2
1369,3
1370,4
1371,3
1372,1
1373,2
1374,1
1375,3
1376,1
1377,2
1378,1
1379,2
1380,4
1381,2
1382,3
1383,1
1384,5
1385,1
1386,0
1387,2
1388,1
1389,2
1390,1
1391,2
1392,2
1393,2
1394,0
1395,1
1396,1
1397,4
1398,4
1399,3
1400,3
1401,1
1402,3
1403,2
1404,3
1405,2
1406,2
1407,5
1408,3
1409,7
1410,3
1411,1
1412,2
1413,1
1414,4
1415,5
1416,2
1417,1
1418,4
1419,4
1420,3
1421,1
1422,2
1423,1
1424,6
1425,2
1426,5
1427,1
1428,1
1429,3
1430,2
1431,1
1432,1
1433,3
1434,1
1435,1
1436,2
1437,3
1438,1
1439,3
1440,1
1441,0
1442,1
1443,0
1444,4
1445,5
1446,3
1447,2
1448,3
1449,4
1450,1
1451,3
1452,3
1453,0
1454,1
1455,2
1456,3
1457,3
1458,0
1459,2
1460,5
1461,1
1462,2
1463,1
1464,4
1465,0
1466,1
1467,3
1468,2
1469,1
1470,3
1471,1
1472,1
1473,3
1474,1
1475,2
1476,0
1477,1
1478,3
1479,2
1480,3
1481,3
1482,1
1483,0
1484,2
1485,1
1486,4
1487,2
1488,0
1489,3
1490,1
1491,3
1492,1
1493,1
1494,4
1495,4
1496,4
1497,3
1498,3
1499,3
1500,3
1501,2
1502,5
1503,2
1504,2
1505,3
1506,1
1507,0
1508,0
1509,3
1510,2
1511,2
1512,3
1513,2
1514,2
1515,1
1516,2
1517,6
1518,1
1519,0
1520,1
1521,4
1522,4
1523,3
1524,5
1525,2
1526,4
1527,2
1528,1
1529,2
1530,4
1531,3
1532,0
1533,1
1534,0
1535,1
1536,3
1537,0
1538,1
1539,2
1540,2
1541,1
1542,0
1543,1
1544,1
1545,3
1546,1
1547,2
1548,2
1549,6
1550,0
1551,2
1552,0
1553,4
1554,3
1555,6
1556,4
1557,2
1558,2
1559,1
1560,2
1561,2
1562,2
1563,1
1564,1
1565,1
1566,2
1567,3
1568,1
1569,0
1570,3
1571,4
1572,2
1573,3
1574,0
1575,2
1576,1
1577,3
1578,1
1579,1
1580,3
1581,1
1582,3
1583,1
1584,1
1585,1
1586,3
1587,1
1588,2
1589,4
1590,0
1591,3
1592,1
1593,2
1594,2
1595,1
1596,2
1597,3
1598,3
1599,2
1600,2
1601,3
1602,3
1603,4
1604,3
1605,1
1606,2
1607,5
1608,3
1609,1
1610,2
1611,0
1612,3
1613,0
1614,2
1615,2
1616,3
1617,0
1618,3
1619,0
1620,3
1621,1
1622,2
1623,5
1624,1
1625,5
1626,3
1627,4
1628,0
1629,2
1630,3
1631,4
1632,3
1633,3
1634,1
1635,0
1636,4
1637,3
1638,1
1639,1
1640,3
1641,3
1642,0
1643,3
1644,2
1645,3
1646,3
1647,3
1648,2
1649,0
1650,2
1651,3
1652,2
1653,1
1654,3
1655,1
1656,0
1657,4
1658,5
1659,7
1660,2
1661,3
1662,1
1663,3
1664,2
1665,1
1666,6
1667,1
1668,1
1669,1
1670,5
1671,1
1672,1
1673,3
1674,0
1675,2
1676,3
1677,1
1678,4
1679,4
1680,1
1681,3
1682,3
1683,1
1684,2
1685,0
1686,0
1687,3
1688,1
1689,2
1690,0
1691,0
1692,3
1693,4
1694,4
1695,3
1696,3
1697,1
1698,2
1699,1
1700,1
1701,2
1702,0
1703,4
1704,2
1705,2
1706,2
1707,5
1708,0
1709,2
1710,3
1711,1
1712,2
1713,3
1714,3
1715,3
1716,3
1717,4
1718,4
1719,2
1720,0
1721,3
1722,0
1723,4
1724,0
1725,3
1726,4
1727,1
1728,2
1729,3
1730,3
1731,2
1732,3
1733,4
1734,4
1735,0
1736,3
1737,3
1738,1
1739,5
1740,5
1741,1
1742,2
1743,1
1744,1
1745,2
1746,2
1747,2
1748,1
1749,1
1750,1
1751,6
1752,4
1753,2
1754,3
1755,2
1756,3
1757,1
1758,2
1759,3
1760,1
1761,2
1762,2
1763,4
1764,1
1765,2
1766,4
1767,4
1768,5
1769,5
1770,2
1771,1
1772,4
1773,4
1774,0
1775,2
1776,1
1777,1
1778,5
1779,2
1780,6
1781,4
1782,5
1783,1
1784,1
1785,2
1786,4
1787,1
1788,0
1789,1
1790,4
1791,3
1792,0
1793,2
1794,2
1795,5
1796,1
1797,3
1798,2
1799,2
1800,2
1801,3
1802,2
1803,2
1804,2
1805,7
1806,3
1807,2
1808,3
1809,3
1810,5
1811,7
1812,3
1813,3
1814,3
1815,2
1816,3
1817,4
1818,1
1819,3
1820,1
1821,4
1822,2
1823,1
1824,3
1825,3
1826,2
1827,3
1828,1
1829,4
1830,2
1831,1
1832,2
1833,0
1834,1
1835,0
1836,2
1837,1
1838,1
1839,1
1840,5
1841,0
1842,2
1843,3
1844,1
1845,2
1846,2
1847,0
1848,3
1849,3
1850,3
1851,1
1852,4
1853,3
1854,1
1855,1
1856,0
1857,1
1858,3
1859,4
1860,1
1861,1
1862,1
1863,2
1864,4
1865,0
1866,1
1867,0
1868,1
1869,5
1870,2
1871,0
1872,1
1873,2
1874,2
1875,2
1876,2
1877,3
1878,3
1879,1
1880,2
1881,5
1882,3
1883,2
1884,6
1885,1
1886,1
1887,2
1888,3
1889,3
1890,3
1891,2
1892,1
1893,2
1894,7
1895,2
1896,3
1897,1
1898,4
1899,2
1900,1
1901,3
1902,0
1903,1
1904,4
1905,2
1906,2
1907,1
1908,1
1909,2
1910,1
1911,4
1912,3
1913,5
1914,5
1915,3
1916,3
1917,1
1918,0
1919,3
1920,2
1921,1
1922,3
1923,2
1924,4
1925,2
1926,4
1927,0
1928,1
1929,2
1930,3
1931,4
1932,6
1933,1
1934,0
1935,6
1936,1
1937,5
1938,1
1939,1
1940,3
1941,1
1942,0
1943,0
1944,1
1945,1
1946,1
1947,3
1948,3
1949,3
1950,1
1951,2
1952,2
1953,1
1954,3
1955,1
1956,4
1957,1
1958,1
