0,2
1,1
2,1
3,0
4,0
5,1
6,1
7,1
8,1
9,1
10,3
11,2
12,1
13,5
14,1
15,1
16,2
17,2
18,1
19,1
20,1
21,0
22,2
23,3
24,0
25,2
26,0
27,1
28,1
29,1
30,0
31,1
32,1
33,1
34,1
35,1
36,1
37,1
38,0
39,6
40,3
41,1
42,0
43,1
44,1
45,1
46,2
47,1
48,1
49,1
50,3
51,1
52,0
53,1
54,0
55,2
56,2
57,1
58,2
59,0
60,2
61,1
62,0
63,2
64,1
65,2
66,1
67,4
68,5
69,0
70,1
71,2
72,2
73,2
74,1
75,2
76,4
77,3
78,0
79,0
80,2
81,1
82,2
83,0
84,2
85,1
86,1
87,3
88,1
89,1
90,1
91,2
92,1
93,1
94,0
95,0
96,1
97,3
98,3
99,0
100,1
101,0
102,0
103,1
104,0
105,1
106,2
107,2
108,2
109,1
110,2
111,0
112,1
113,1
114,1
115,0
116,1
117,1
118,2
119,1
120,0
121,1
122,1
123,1
124,1
125,0
126,1
127,0
128,2
129,1
130,1
131,2
132,1
133,2
134,0
135,0
136,1
137,1
138,1
139,1
140,3
141,1
142,1
143,1
144,1
145,2
146,1
147,1
148,3
149,1
150,1
151,1
152,1
153,1
154,0
155,1
156,1
157,2
158,1
159,2
160,1
161,1
162,1
163,1
164,1
165,0
166,1
167,0
168,1
169,1
170,3
171,2
172,0
173,1
174,3
175,0
176,0
177,1
178,1
179,2
180,0
181,2
182,1
183,1
184,1
185,1
186,0
187,1
188,1
189,1
190,0
191,1
192,1
193,0
194,1
195,0
196,3
197,3
198,1
199,1
200,0
201,1
202,2
203,1
204,2
205,2
206,1
207,0
208,6
209,1
210,0
211,2
212,1
213,2
214,0
215,2
216,1
217,2
218,1
219,2
220,3
221,1
222,2
223,1
224,3
225,2
226,0
227,2
228,2
229,1
230,4
231,1
232,2
233,1
234,0
235,2
236,2
237,1
238,1
239,5
240,2
241,1
242,2
243,1
244,1
245,0
246,1
247,1
248,1
249,0
250,2
251,0
252,5
253,1
254,2
255,1
256,0
257,0
258,1
259,0
260,0
261,1
262,0
263,0
264,1
265,2
266,1
267,0
268,1
269,2
270,1
271,0
272,0
273,0
274,1
275,1
276,1
277,1
278,1
279,2
280,2
281,4
282,2
283,1
284,1
285,0
286,0
287,3
288,2
289,1
290,3
291,1
292,2
293,2
294,2
295,3
296,0
297,3
298,3
299,2
300,1
301,1
302,1
303,1
304,0
305,1
306,2
307,2
308,2
309,1
310,1
311,1
312,1
313,3
314,1
315,2
316,1
317,1
318,3
319,1
320,1
321,2
322,1
323,1
324,3
325,2
326,2
327,1
328,3
329,0
330,2
331,0
332,2
333,1
334,1
335,2
336,1
337,1
338,1
339,2
340,1
341,1
342,0
343,1
344,0
345,1
346,0
347,2
348,1
349,2
350,1
351,1
352,0
353,1
354,0
355,1
356,1
357,3
358,1
359,1
360,0
361,2
362,1
363,0
364,0
365,2
366,2
367,1
368,0
369,2
370,3
371,0
372,1
373,0
374,1
375,3
376,1
377,1
378,1
379,1
380,1
381,1
382,1
383,1
384,0
385,6
386,1
387,2
388,1
389,2
390,1
391,1
392,0
393,2
394,1
395,2
396,2
397,1
398,1
399,0
400,0
401,0
402,2
403,5
404,2
405,3
406,2
407,2
408,0
409,3
410,1
411,2
412,5
413,1
414,0
415,1
416,1
417,1
418,0
419,4
420,1
421,2
422,0
423,1
424,1
425,1
426,3
427,1
428,3
429,3
430,3
431,1
432,2
433,5
434,1
435,0
436,1
437,4
438,1
439,1
440,2
441,0
442,2
443,2
444,2
445,3
446,1
447,0
448,2
449,1
450,2
451,1
452,0
453,2
454,1
455,3
456,2
457,2
458,1
459,1
460,2
461,1
462,1
463,2
464,1
465,1
466,1
467,1
468,2
469,4
470,3
471,2
472,1
473,4
474,1
475,2
476,2
477,2
478,2
479,3
480,0
481,1
482,1
483,2
484,5
485,0
486,1
487,3
488,2
489,2
490,2
491,1
492,2
493,2
494,1
495,2
496,0
497,2
498,2
499,3
500,0
501,1
502,1
503,2
504,1
505,0
506,1
507,0
508,3
509,1
510,1
511,0
512,2
513,2
514,2
515,0
516,3
517,0
518,0
519,0
520,1
521,1
522,0
523,1
524,0
525,2
526,1
527,3
528,1
529,2
530,3
531,1
532,1
533,0
534,2
535,2
536,0
537,3
538,2
539,1
540,1
541,4
542,1
543,1
544,1
545,0
546,2
547,0
548,2
549,3
550,1
551,2
552,1
553,0
554,3
555,1
556,3
557,1
558,0
559,1
560,2
561,1
562,1
563,3
564,2
565,1
566,0
567,1
568,0
569,3
570,2
571,4
572,1
573,1
574,2
575,1
576,2
577,1
578,1
579,2
580,1
581,1
582,2
583,1
584,2
585,2
586,1
587,2
588,0
589,2
590,2
591,1
592,1
593,1
594,1
595,1
596,4
597,0
598,2
599,1
600,3
601,0
602,1
603,2
604,1
605,1
606,1
607,0
608,1
609,0
610,1
611,1
612,1
613,1
614,1
615,0
616,1
617,0
618,1
619,1
620,0
621,1
622,1
623,0
624,1
625,1
626,2
627,1
628,2
629,1
630,1
631,0
632,1
633,2
634,2
635,0
636,1
637,0
638,1
639,1
640,4
641,3
642,0
643,1
644,1
645,1
646,1
647,2
648,2
649,0
650,1
651,1
652,3
653,4
654,0
655,2
656,1
657,1
658,0
659,0
660,2
661,1
662,1
663,0
664,1
665,1
666,1
667,2
668,0
669,2
670,0
671,1
672,1
673,1
674,2
675,1
676,1
677,1
678,4
679,1
680,1
681,1
682,2
683,1
684,1
685,1
686,1
687,1
688,0
689,0
690,0
691,0
692,0
693,2
694,0
695,1
696,0
697,1
698,0
699,0
700,1
701,0
702,2
703,0
704,1
705,1
706,1
707,0
708,1
709,2
710,2
711,0
712,1
713,2
714,1
715,2
716,1
717,1
718,0
719,2
720,1
721,2
722,1
723,0
724,1
725,1
726,1
727,1
728,2
729,0
730,1
731,1
732,2
733,1
734,1
735,1
736,0
737,1
738,0
739,3
740,1
741,4
742,1
743,1
744,2
745,1
746,0
747,2
748,2
749,1
750,0
751,1
752,0
753,0
754,0
755,1
756,1
757,2
758,0
759,1
760,0
761,2
762,1
763,0
764,2
765,2
766,0
767,0
768,1
769,0
770,2
771,1
772,1
773,0
774,1
775,1
776,0
777,3
778,1
779,1
780,2
781,1
782,2
783,0
784,1
785,2
786,0
787,0
788,2
789,0
790,0
791,1
792,1
793,0
794,2
795,0
796,2
797,3
798,0
799,1
800,1
801,6
802,0
803,0
804,1
805,1
806,1
807,0
808,2
809,4
810,3
811,1
812,3
813,1
814,1
815,1
816,2
817,4
818,3
819,0
820,1
821,0
822,3
823,1
824,0
825,2
826,2
827,1
828,0
829,2
830,1
831,3
832,3
833,1
834,2
835,3
836,1
837,2
838,1
839,1
840,0
841,2
842,2
843,2
844,2
845,2
846,2
847,1
848,1
849,1
850,3
851,1
852,3
853,3
854,1
855,1
856,3
857,1
858,1
859,1
860,1
861,2
862,1
863,0
864,1
865,1
866,1
867,2
868,2
869,1
870,1
871,2
872,0
873,0
874,1
875,0
876,1
877,1
878,2
879,1
880,0
881,2
882,3
883,1
884,1
885,4
886,1
887,2
888,1
889,1
890,2
891,2
892,2
893,2
894,0
895,2
896,1
897,1
898,3
899,2
900,1
901,0
902,1
903,1
904,1
905,1
906,0
907,1
908,1
909,1
910,1
911,2
912,2
913,1
914,1
915,1
916,0
917,2
918,1
919,2
920,2
921,1
922,2
923,1
924,2
925,0
926,2
927,2
928,4
929,0
930,0
931,0
932,1
933,2
934,2
935,3
936,2
937,1
938,1
939,0
940,2
941,2
942,3
943,2
944,0
945,1
946,0
947,0
948,1
949,1
950,2
951,1
952,1
953,1
954,1
955,0
956,0
957,1
958,0
959,1
960,1
961,1
962,2
963,0
964,1
965,0
966,1
967,1
968,1
969,4
970,1
971,1
972,5
973,0
974,2
975,1
976,1
977,1
978,0
979,1
980,1
981,2
982,2
983,1
984,1
985,1
986,2
987,1
988,2
989,0
990,3
991,1
992,1
993,1
994,2
995,0
996,0
997,2
998,1
999,1
1000,4
1001,0
1002,1
1003,1
1004,1
1005,0
1006,2
1007,1
1008,1
1009,1
1010,2
1011,1
1012,1
1013,2
1014,2
1015,2
1016,0
1017,1
1018,2
1019,1
1020,1
1021,1
1022,1
1023,0
1024,1
1025,1
1026,1
1027,3
1028,1
1029,1
1030,3
1031,2
1032,2
1033,1
1034,1
1035,4
1036,2
1037,2
1038,0
1039,3
1040,0
1041,1
1042,2
1043,0
1044,2
1045,1
1046,0
1047,0
1048,1
1049,0
1050,2
1051,2
1052,1
1053,1
1054,4
1055,0
1056,2
1057,1
1058,2
1059,0
1060,1
1061,1
1062,2
1063,2
1064,1
1065,2
1066,1
1067,1
1068,1
1069,1
1070,1
1071,0
1072,1
1073,2
1074,1
1075,1
1076,0
1077,1
1078,1
1079,4
1080,1
1081,1
1082,3
1083,0
1084,0
1085,3
1086,2
1087,0
1088,0
1089,1
1090,1
1091,1
1092,0
1093,0
1094,0
1095,0
1096,0
1097,1
1098,4
1099,4
1100,1
1101,1
1102,2
1103,1
1104,1
1105,0
1106,0
1107,4
1108,2
1109,2
1110,1
1111,2
1112,1
1113,0
1114,2
1115,1
1116,2
1117,1
1118,3
1119,3
1120,4
1121,0
1122,4
1123,2
1124,4
1125,2
1126,1
1127,1
1128,1
1129,0
1130,3
1131,0
1132,2
1133,1
1134,1
1135,2
1136,4
1137,1
1138,1
1139,1
1140,2
1141,2
1142,1
1143,0
1144,3
1145,1
1146,1
1147,0
1148,2
1149,1
1150,3
1151,2
1152,1
1153,1
1154,2
1155,2
1156,1
1157,0
1158,1
1159,0
1160,2
1161,2
1162,3
1163,3
1164,1
1165,3
1166,1
1167,2
1168,0
1169,1
1170,1
1171,2
1172,4
1173,1
1174,0
1175,2
1176,1
1177,3
1178,5
1179,1
1180,0
1181,1
1182,1
1183,2
1184,1
1185,1
1186,3
1187,2
1188,1
1189,1
1190,4
1191,1
1192,2
1193,1
1194,0
1195,1
1196,4
1197,1
1198,0
1199,1
1200,1
1201,1
1202,4
1203,1
1204,0
1205,1
1206,0
1207,1
1208,1
1209,0
1210,1
1211,2
1212,1
1213,1
1214,4
1215,1
1216,1
1217,1
1218,2
1219,1
1220,1
1221,0
1222,1
1223,3
1224,1
1225,1
1226,1
1227,0
1228,1
1229,1
1230,4
1231,2
1232,1
1233,3
1234,1
1235,3
1236,1
1237,2
1238,3
1239,1
1240,2
1241,1
1242,0
1243,1
1244,1
1245,1
1246,1
1247,0
1248,2
1249,1
1250,1
1251,1
1252,0
1253,5
1254,1
1255,3
1256,2
1257,2
1258,1
1259,2
1260,1
1261,2
1262,1
1263,2
1264,2
1265,0
1266,2
1267,1
1268,3
1269,1
1270,1
1271,0
1272,5
1273,4
1274,1
1275,1
1276,1
1277,0
1278,2
1279,2
1280,1
1281,0
1282,2
1283,3
1284,3
1285,0
1286,1
1287,1
1288,6
1289,1
1290,1
1291,0
1292,1
1293,1
1294,0
1295,0
1296,2
1297,3
1298,3
1299,2
1300,1
1301,1
1302,0
1303,0
1304,1
1305,1
1306,1
1307,0
1308,2
1309,0
1310,1
1311,1
1312,2
1313,1
1314,5
1315,4
1316,1
1317,1
1318,1
1319,1
1320,3
1321,6
1322,3
1323,3
1324,0
1325,3
1326,2
1327,0
1328,2
1329,1
1330,0
1331,1
1332,1
1333,2
1334,2
1335,1
1336,1
1337,4
1338,1
1339,3
1340,1
1341,2
1342,1
1343,0
1344,2
1345,1
1346,0
1347,3
1348,0
1349,1
1350,0
1351,2
1352,1
1353,0
1354,1
1355,1
1356,1
1357,0
1358,0
1359,0
1360,2
1361,2
1362,4
1363,1
1364,1
1365,4
1366,3
1367,0
1368,1
1369,1
1370,1
1371,1
1372,1
1373,1
1374,1
1375,1
1376,3
1377,1
1378,1
1379,1
1380,3
1381,1
1382,0
1383,1
1384,3
1385,1
1386,3
1387,1
1388,1
1389,1
1390,1
1391,1
1392,3
1393,1
1394,0
1395,1
1396,1
1397,3
1398,1
1399,2
1400,1
1401,2
1402,3
1403,2
1404,1
1405,1
1406,2
1407,4
1408,2
1409,2
1410,0
1411,0
1412,0
1413,1
1414,2
1415,4
1416,3
1417,1
1418,5
1419,0
1420,1
1421,1
1422,0
1423,2
1424,3
1425,0
1426,0
1427,1
1428,1
1429,1
1430,1
1431,1
1432,1
1433,2
1434,1
1435,3
1436,1
1437,5
1438,0
1439,1
1440,1
1441,1
1442,1
1443,0
1444,1
1445,3
1446,2
1447,2
1448,3
1449,1
1450,2
1451,0
1452,1
1453,5
1454,2
1455,1
1456,1
1457,1
1458,2
1459,0
1460,0
1461,1
1462,1
1463,0
1464,3
1465,0
1466,0
1467,1
1468,1
1469,2
1470,2
1471,1
1472,1
1473,1
1474,0
1475,3
1476,0
1477,0
1478,2
1479,1
1480,1
1481,1
1482,1
1483,1
1484,1
1485,1
1486,0
1487,4
1488,0
1489,1
1490,2
1491,2
1492,1
1493,1
1494,3
1495,4
1496,4
1497,0
1498,3
1499,1
1500,4
1501,3
1502,1
1503,1
1504,2
1505,4
1506,1
1507,1
1508,1
1509,3
1510,0
1511,1
1512,1
1513,1
1514,1
1515,0
1516,2
1517,3
1518,2
1519,1
1520,1
1521,2
1522,1
1523,0
1524,2
1525,2
1526,3
1527,1
1528,3
1529,1
1530,2
1531,1
1532,0
1533,1
1534,0
1535,1
1536,1
1537,0
1538,0
1539,0
1540,1
1541,2
1542,0
1543,2
1544,1
1545,1
1546,1
1547,2
1548,0
1549,3
1550,0
1551,1
1552,0
1553,3
1554,1
1555,2
1556,2
1557,2
1558,3
1559,2
1560,1
1561,1
1562,3
1563,1
1564,1
1565,1
1566,1
1567,1
1568,0
1569,1
1570,1
1571,2
1572,1
1573,1
1574,2
1575,1
1576,0
1577,1
1578,1
1579,0
1580,1
1581,1
1582,1
1583,2
1584,1
1585,0
1586,1
1587,1
1588,1
1589,2
1590,0
1591,3
1592,2
1593,1
1594,0
1595,1
1596,1
1597,3
1598,2
1599,2
1600,2
1601,1
1602,1
1603,2
1604,0
1605,0
1606,1
1607,1
1608,1
1609,4
1610,1
1611,0
1612,3
1613,1
1614,0
1615,2
1616,1
1617,0
1618,1
1619,1
1620,1
1621,2
1622,0
1623,2
1624,1
1625,1
1626,0
1627,0
1628,0
1629,1
1630,0
1631,1
1632,2
1633,3
1634,0
1635,1
1636,0
1637,0
1638,1
1639,1
1640,1
1641,0
1642,0
1643,0
1644,3
1645,1
1646,1
1647,1
1648,1
1649,0
1650,2
1651,2
1652,2
1653,1
1654,0
1655,2
1656,2
1657,1
1658,2
1659,1
1660,0
1661,1
1662,1
1663,1
1664,3
1665,1
1666,1
1667,0
1668,0
1669,1
1670,1
1671,0
1672,0
1673,2
1674,2
1675,0
1676,1
1677,1
1678,0
1679,1
1680,3
1681,0
1682,3
1683,0
1684,2
1685,2
1686,0
1687,1
1688,1
1689,1
1690,1
1691,1
1692,4
1693,1
1694,2
1695,0
1696,0
1697,2
1698,1
1699,0
1700,1
1701,1
1702,1
1703,2
1704,0
1705,1
1706,3
1707,3
1708,1
1709,1
1710,2
1711,0
1712,0
1713,1
1714,2
1715,0
1716,2
1717,3
1718,3
1719,0
1720,0
1721,1
1722,0
1723,3
1724,0
1725,1
1726,0
1727,1
1728,2
1729,0
1730,1
1731,0
1732,0
1733,4
1734,2
1735,0
1736,4
1737,1
1738,1
1739,4
1740,2
1741,1
1742,1
1743,1
1744,1
1745,1
1746,0
1747,1
1748,1
1749,3
1750,0
1751,3
1752,1
1753,1
1754,2
1755,2
1756,2
1757,1
1758,1
1759,2
1760,1
1761,2
1762,4
1763,4
1764,1
1765,1
1766,4
1767,2
1768,3
1769,5
1770,1
1771,2
1772,2
1773,3
1774,2
1775,1
1776,1
1777,2
1778,2
1779,3
1780,1
1781,1
1782,3
1783,1
1784,0
1785,3
1786,1
1787,1
1788,1
1789,1
1790,1
1791,2
1792,0
1793,3
1794,1
1795,1
1796,2
1797,1
1798,1
1799,4
1800,0
1801,1
1802,2
1803,2
1804,2
1805,0
1806,2
1807,5
1808,2
1809,4
1810,7
1811,1
1812,2
1813,4
1814,2
1815,1
1816,0
1817,2
1818,0
1819,1
1820,1
1821,1
1822,2
1823,2
1824,1
1825,1
1826,0
1827,1
1828,0
1829,1
1830,0
1831,1
1832,0
1833,0
1834,0
1835,1
1836,3
1837,3
1838,1
1839,0
1840,3
1841,2
1842,2
1843,2
1844,0
1845,1
1846,1
1847,0
1848,1
1849,0
1850,1
1851,1
1852,1
1853,1
1854,1
1855,0
1856,0
1857,1
1858,2
1859,0
1860,1
1861,2
1862,0
1863,2
1864,1
1865,2
1866,2
1867,0
1868,1
1869,4
1870,1
1871,0
1872,2
1873,2
1874,1
1875,2
1876,0
1877,3
1878,1
1879,1
1880,2
1881,4
1882,3
1883,2
1884,2
1885,1
1886,2
1887,2
1888,1
1889,0
1890,1
1891,2
1892,2
1893,1
1894,1
1895,1
1896,1
1897,0
1898,1
1899,2
1900,2
1901,1
1902,1
1903,4
1904,2
1905,1
1906,1
1907,2
1908,2
1909,1
1910,1
1911,1
1912,3
1913,4
1914,1
1915,1
1916,2
1917,2
1918,0
1919,2
1920,1
1921,0
1922,1
1923,5
1924,2
1925,3
1926,6
1927,0
1928,2
1929,1
1930,3
1931,1
1932,1
1933,1
1934,1
1935,1
1936,2
1937,1
1938,1
1939,1
1940,5
1941,1
1942,0
1943,0
1944,0
1945,1
1946,5
1947,1
1948,0
1949,1
1950,1
1951,1
1952,1
1953,1
1954,0
1955,1
1956,2
1957,1
1958,3
