0,3
1,1
2,5
3,1
4,0
5,1
6,1
7,2
8,5
9,1
10,3
11,1
12,3
13,6
14,3
15,0
16,1
17,2
18,2
19,4
20,3
21,1
22,5
23,9
24,1
25,3
26,4
27,0
28,2
29,1
30,0
31,1
32,3
33,1
34,1
35,0
36,1
37,0
38,1
39,5
40,3
41,1
42,2
43,1
44,1
45,6
46,2
47,1
48,1
49,1
50,4
51,1
52,0
53,0
54,0
55,2
56,0
57,1
58,1
59,0
60,3
61,6
62,1
63,6
64,1
65,2
66,1
67,4
68,8
69,0
70,1
71,2
72,0
73,2
74,1
75,2
76,1
77,1
78,0
79,0
80,1
81,1
82,1
83,1
84,2
85,1
86,2
87,3
88,1
89,2
90,1
91,1
92,1
93,0
94,0
95,1
96,1
97,3
98,0
99,1
100,5
101,1
102,0
103,5
104,1
105,1
106,2
107,2
108,1
109,1
110,2
111,0
112,0
113,1
114,0
115,1
116,1
117,0
118,0
119,1
120,0
121,0
122,1
123,0
124,1
125,1
126,1
127,1
128,1
129,1
130,1
131,2
132,0
133,5
134,0
135,0
136,1
137,1
138,1
139,1
140,4
141,4
142,1
143,3
144,1
145,0
146,1
147,1
148,2
149,2
150,1
151,1
152,1
153,3
154,1
155,1
156,1
157,1
158,0
159,5
160,1
161,1
162,2
163,1
164,1
165,0
166,1
167,0
168,1
169,0
170,3
171,1
172,0
173,2
174,2
175,0
176,4
177,1
178,3
179,1
180,1
181,3
182,1
183,1
184,1
185,1
186,1
187,1
188,1
189,1
190,0
191,1
192,1
193,0
194,3
195,0
196,4
197,2
198,1
199,3
200,1
201,3
202,4
203,2
204,4
205,2
206,1
207,1
208,9
209,1
210,1
211,3
212,1
213,2
214,2
215,3
216,4
217,2
218,2
219,5
220,3
221,1
222,1
223,1
224,2
225,3
226,1
227,3
228,3
229,1
230,6
231,1
232,3
233,1
234,1
235,4
236,3
237,2
238,1
239,4
240,2
241,1
242,2
243,0
244,1
245,1
246,3
247,1
248,3
249,1
250,2
251,1
252,5
253,1
254,1
255,5
256,0
257,1
258,2
259,3
260,2
261,1
262,1
263,0
264,3
265,3
266,1
267,1
268,1
269,1
270,1
271,1
272,1
273,0
274,1
275,1
276,2
277,1
278,1
279,3
280,2
281,2
282,5
283,1
284,1
285,0
286,4
287,4
288,5
289,3
290,2
291,2
292,2
293,3
294,1
295,3
296,0
297,1
298,1
299,3
300,1
301,1
302,2
303,1
304,1
305,1
306,4
307,2
308,2
309,1
310,1
311,1
312,1
313,5
314,1
315,3
316,2
317,1
318,2
319,4
320,1
321,2
322,2
323,3
324,3
325,0
326,0
327,0
328,4
329,0
330,5
331,0
332,2
333,1
334,1
335,3
336,1
337,1
338,1
339,2
340,1
341,1
342,0
343,2
344,0
345,1
346,1
347,2
348,1
349,2
350,1
351,1
352,1
353,2
354,1
355,1
356,1
357,2
358,1
359,1
360,0
361,1
362,2
363,0
364,2
365,3
366,2
367,2
368,0
369,1
370,4
371,5
372,1
373,0
374,1
375,2
376,1
377,0
378,1
379,4
380,2
381,2
382,2
383,1
384,0
385,8
386,1
387,1
388,6
389,4
390,2
391,1
392,0
393,3
394,1
395,4
396,4
397,0
398,1
399,1
400,1
401,1
402,2
403,4
404,1
405,0
406,3
407,1
408,0
409,1
410,3
411,0
412,1
413,2
414,0
415,1
416,1
417,1
418,1
419,5
420,1
421,2
422,0
423,1
424,1
425,4
426,2
427,2
428,1
429,3
430,2
431,1
432,2
433,8
434,1
435,2
436,1
437,4
438,1
439,1
440,0
441,1
442,5
443,5
444,2
445,1
446,1
447,0
448,1
449,1
450,1
451,1
452,1
453,3
454,1
455,5
456,2
457,2
458,1
459,1
460,2
461,1
462,1
463,1
464,1
465,1
466,3
467,0
468,4
469,5
470,7
471,5
472,1
473,5
474,1
475,3
476,2
477,2
478,3
479,3
480,1
481,1
482,1
483,3
484,6
485,3
486,1
487,2
488,1
489,4
490,2
491,1
492,1
493,3
494,1
495,2
496,1
497,3
498,2
499,3
500,0
501,2
502,2
503,2
504,1
505,3
506,0
507,0
508,3
509,3
510,1
511,1
512,7
513,2
514,6
515,0
516,3
517,1
518,1
519,1
520,2
521,1
522,3
523,1
524,1
525,2
526,3
527,6
528,1
529,3
530,4
531,2
532,1
533,0
534,1
535,2
536,1
537,6
538,3
539,1
540,1
541,4
542,1
543,1
544,3
545,0
546,1
547,2
548,3
549,2
550,2
551,5
552,3
553,0
554,2
555,2
556,3
557,1
558,1
559,1
560,1
561,1
562,1
563,0
564,2
565,1
566,1
567,1
568,1
569,6
570,1
571,4
572,1
573,5
574,0
575,2
576,3
577,2
578,2
579,4
580,2
581,2
582,1
583,1
584,3
585,2
586,1
587,1
588,0
589,0
590,3
591,0
592,1
593,2
594,2
595,1
596,5
597,0
598,3
599,1
600,4
601,1
602,2
603,2
604,2
605,1
606,2
607,0
608,1
609,1
610,0
611,2
612,1
613,1
614,1
615,1
616,3
617,0
618,1
619,1
620,1
621,1
622,3
623,0
624,0
625,1
626,0
627,1
628,3
629,1
630,1
631,0
632,0
633,1
634,1
635,1
636,1
637,0
638,2
639,1
640,3
641,3
642,0
643,1
644,3
645,2
646,1
647,2
648,2
649,0
650,1
651,1
652,2
653,6
654,1
655,3
656,3
657,0
658,2
659,1
660,2
661,1
662,1
663,1
664,1
665,1
666,1
667,1
668,0
669,2
670,1
671,2
672,0
673,1
674,0
675,2
676,1
677,1
678,5
679,2
680,1
681,1
682,0
683,1
684,2
685,5
686,0
687,1
688,1
689,0
690,2
691,0
692,0
693,3
694,1
695,1
696,0
697,0
698,0
699,0
700,1
701,1
702,3
703,0
704,3
705,1
706,1
707,1
708,0
709,2
710,2
711,1
712,2
713,1
714,2
715,4
716,0
717,0
718,0
719,2
720,0
721,2
722,1
723,2
724,2
725,1
726,0
727,1
728,3
729,3
730,1
731,1
732,1
733,0
734,1
735,1
736,1
737,2
738,0
739,1
740,2
741,1
742,1
743,1
744,1
745,1
746,2
747,0
748,2
749,2
750,1
751,2
752,2
753,1
754,1
755,2
756,1
757,1
758,2
759,1
760,0
761,3
762,2
763,1
764,3
765,4
766,1
767,1
768,1
769,2
770,3
771,2
772,1
773,2
774,1
775,1
776,1
777,0
778,3
779,1
780,4
781,1
782,4
783,0
784,1
785,4
786,1
787,1
788,3
789,0
790,0
791,1
792,1
793,0
794,2
795,1
796,2
797,1
798,1
799,3
800,1
801,3
802,0
803,4
804,1
805,1
806,1
807,0
808,2
809,3
810,3
811,2
812,2
813,2
814,1
815,1
816,2
817,6
818,7
819,1
820,1
821,1
822,2
823,1
824,0
825,4
826,1
827,2
828,1
829,1
830,1
831,4
832,4
833,1
834,5
835,3
836,0
837,5
838,1
839,1
840,1
841,4
842,5
843,3
844,5
845,4
846,1
847,2
848,2
849,1
850,4
851,1
852,3
853,1
854,1
855,1
856,6
857,1
858,1
859,1
860,0
861,1
862,2
863,1
864,5
865,0
866,1
867,0
868,1
869,2
870,3
871,1
872,1
873,1
874,3
875,0
876,1
877,1
878,4
879,3
880,0
881,3
882,3
883,3
884,1
885,5
886,1
887,2
888,1
889,1
890,2
891,3
892,3
893,2
894,0
895,3
896,1
897,1
898,3
899,1
900,1
901,1
902,1
903,1
904,2
905,1
906,1
907,2
908,1
909,1
910,1
911,1
912,6
913,1
914,1
915,1
916,0
917,3
918,1
919,1
920,1
921,1
922,1
923,4
924,1
925,1
926,2
927,2
928,6
929,0
930,2
931,1
932,1
933,3
934,2
935,2
936,2
937,1
938,2
939,0
940,2
941,1
942,4
943,2
944,4
945,3
946,1
947,0
948,0
949,1
950,1
951,0
952,1
953,2
954,0
955,0
956,0
957,1
958,0
959,1
960,1
961,1
962,2
963,0
964,1
965,0
966,1
967,2
968,1
969,5
970,1
971,1
972,4
973,0
974,5
975,4
976,1
977,1
978,1
979,1
980,1
981,2
982,0
983,0
984,1
985,1
986,4
987,1
988,2
989,0
990,4
991,1
992,2
993,1
994,3
995,1
996,2
997,1
998,1
999,0
1000,3
1001,3
1002,1
1003,1
1004,4
1005,0
1006,3
1007,1
1008,2
1009,1
1010,3
1011,1
1012,1
1013,1
1014,3
1015,4
1016,1
1017,2
1018,2
1019,1
1020,1
1021,1
1022,1
1023,1
1024,1
1025,1
1026,5
1027,4
1028,2
1029,1
1030,3
1031,2
1032,2
1033,1
1034,1
1035,5
1036,3
1037,1
1038,6
1039,2
1040,0
1041,1
1042,1
1043,2
1044,5
1045,2
1046,3
1047,0
1048,1
1049,1
1050,2
1051,1
1052,2
1053,1
1054,0
1055,1
1056,2
1057,2
1058,2
1059,0
1060,1
1061,3
1062,2
1063,2
1064,1
1065,3
1066,2
1067,1
1068,1
1069,1
1070,1
1071,0
1072,1
1073,2
1074,1
1075,1
1076,1
1077,1
1078,1
1079,2
1080,3
1081,5
1082,4
1083,1
1084,1
1085,4
1086,1
1087,1
1088,1
1089,1
1090,1
1091,1
1092,1
1093,1
1094,1
1095,1
1096,0
1097,1
1098,2
1099,8
1100,1
1101,2
1102,2
1103,1
1104,6
1105,1
1106,0
1107,5
1108,2
1109,2
1110,1
1111,2
1112,1
1113,1
1114,2
1115,1
1116,2
1117,2
1118,1
1119,1
1120,6
1121,0
1122,6
1123,2
1124,2
1125,2
1126,3
1127,2
1128,1
1129,0
1130,0
1131,0
1132,2
1133,1
1134,0
1135,1
1136,0
1137,1
1138,1
1139,1
1140,2
1141,3
1142,3
1143,1
1144,4
1145,6
1146,1
1147,1
1148,2
1149,1
1150,2
1151,2
1152,1
1153,1
1154,1
1155,2
1156,1
1157,1
1158,1
1159,0
1160,3
1161,2
1162,5
1163,2
1164,1
1165,3
1166,1
1167,1
1168,0
1169,1
1170,1
1171,1
1172,6
1173,1
1174,1
1175,1
1176,1
1177,3
1178,2
1179,1
1180,0
1181,1
1182,1
1183,4
1184,1
1185,2
1186,2
1187,1
1188,1
1189,0
1190,4
1191,1
1192,1
1193,1
1194,1
1195,1
1196,3
1197,1
1198,1
1199,1
1200,1
1201,1
1202,3
1203,1
1204,1
1205,1
1206,0
1207,1
1208,1
1209,0
1210,1
1211,1
1212,1
1213,1
1214,3
1215,1
1216,2
1217,1
1218,0
1219,0
1220,1
1221,0
1222,1
1223,0
1224,3
1225,3
1226,1
1227,0
1228,1
1229,1
1230,9
1231,0
1232,4
1233,4
1234,3
1235,5
1236,1
1237,1
1238,4
1239,1
1240,0
1241,1
1242,0
1243,1
1244,1
1245,1
1246,1
1247,1
1248,2
1249,1
1250,1
1251,2
1252,0
1253,5
1254,0
1255,6
1256,2
1257,1
1258,1
1259,1
1260,1
1261,3
1262,2
1263,3
1264,1
1265,1
1266,6
1267,1
1268,4
1269,1
1270,2
1271,2
1272,6
1273,3
1274,1
1275,1
1276,1
1277,0
1278,4
1279,4
1280,2
1281,1
1282,1
1283,2
1284,2
1285,0
1286,1
1287,1
1288,7
1289,1
1290,1
1291,1
1292,1
1293,3
1294,1
1295,1
1296,1
1297,4
1298,1
1299,3
1300,1
1301,1
1302,0
1303,2
1304,1
1305,4
1306,1
1307,1
1308,4
1309,0
1310,3
1311,1
1312,1
1313,1
1314,6
1315,5
1316,1
1317,1
1318,1
1319,1
1320,6
1321,6
1322,6
1323,1
1324,1
1325,5
1326,2
1327,0
1328,1
1329,2
1330,1
1331,2
1332,1
1333,5
1334,2
1335,1
1336,1
1337,4
1338,2
1339,4
1340,2
1341,3
1342,1
1343,0
1344,3
1345,1
1346,0
1347,3
1348,1
1349,2
1350,1
1351,3
1352,1
1353,0
1354,1
1355,2
1356,3
1357,1
1358,0
1359,1
1360,3
1361,2
1362,5
1363,1
1364,1
1365,3
1366,4
1367,1
1368,5
1369,1
1370,1
1371,2
1372,1
1373,1
1374,1
1375,1
1376,4
1377,2
1378,1
1379,1
1380,2
1381,0
1382,0
1383,1
1384,4
1385,1
1386,2
1387,1
1388,1
1389,1
1390,1
1391,1
1392,4
1393,1
1394,1
1395,1
1396,1
1397,5
1398,2
1399,2
1400,2
1401,2
1402,3
1403,2
1404,1
1405,2
1406,3
1407,5
1408,2
1409,2
1410,0
1411,1
1412,1
1413,1
1414,2
1415,4
1416,2
1417,2
1418,3
1419,0
1420,0
1421,1
1422,1
1423,2
1424,1
1425,0
1426,1
1427,1
1428,1
1429,1
1430,1
1431,1
1432,1
1433,2
1434,1
1435,4
1436,2
1437,4
1438,1
1439,1
1440,1
1441,1
1442,1
1443,1
1444,1
1445,3
1446,2
1447,2
1448,0
1449,1
1450,5
1451,2
1452,1
1453,7
1454,4
1455,1
1456,0
1457,1
1458,3
1459,0
1460,0
1461,1
1462,1
1463,0
1464,3
1465,1
1466,1
1467,1
1468,1
1469,1
1470,2
1471,1
1472,1
1473,1
1474,1
1475,4
1476,1
1477,0
1478,1
1479,1
1480,3
1481,1
1482,1
1483,3
1484,1
1485,1
1486,1
1487,2
1488,0
1489,3
1490,1
1491,2
1492,1
1493,1
1494,1
1495,4
1496,9
1497,0
1498,4
1499,1
1500,5
1501,8
1502,1
1503,1
1504,2
1505,4
1506,1
1507,2
1508,1
1509,3
1510,0
1511,1
1512,1
1513,3
1514,1
1515,1
1516,3
1517,4
1518,2
1519,1
1520,1
1521,1
1522,1
1523,1
1524,2
1525,3
1526,3
1527,1
1528,5
1529,1
1530,4
1531,1
1532,1
1533,1
1534,0
1535,3
1536,1
1537,1
1538,0
1539,0
1540,1
1541,3
1542,1
1543,1
1544,1
1545,1
1546,2
1547,2
1548,0
1549,4
1550,2
1551,1
1552,0
1553,3
1554,3
1555,2
1556,2
1557,3
1558,7
1559,1
1560,4
1561,1
1562,2
1563,1
1564,1
1565,1
1566,1
1567,2
1568,1
1569,1
1570,1
1571,1
1572,2
1573,2
1574,3
1575,1
1576,1
1577,1
1578,2
1579,1
1580,1
1581,1
1582,1
1583,3
1584,1
1585,0
1586,1
1587,1
1588,1
1589,7
1590,1
1591,6
1592,2
1593,2
1594,0
1595,2
1596,0
1597,4
1598,2
1599,5
1600,2
1601,0
1602,1
1603,2
1604,0
1605,1
1606,1
1607,1
1608,1
1609,4
1610,1
1611,0
1612,2
1613,1
1614,0
1615,2
1616,1
1617,1
1618,2
1619,3
1620,2
1621,1
1622,0
1623,3
1624,1
1625,1
1626,1
1627,0
1628,0
1629,1
1630,0
1631,1
1632,8
1633,7
1634,0
1635,1
1636,1
1637,0
1638,0
1639,1
1640,1
1641,1
1642,0
1643,1
1644,4
1645,1
1646,1
1647,0
1648,1
1649,1
1650,3
1651,2
1652,1
1653,1
1654,0
1655,1
1656,1
1657,1
1658,2
1659,1
1660,1
1661,1
1662,2
1663,1
1664,3
1665,1
1666,1
1667,1
1668,2
1669,1
1670,0
1671,1
1672,0
1673,2
1674,2
1675,0
1676,1
1677,1
1678,0
1679,1
1680,1
1681,1
1682,0
1683,0
1684,0
1685,1
1686,1
1687,3
1688,1
1689,0
1690,1
1691,1
1692,2
1693,1
1694,3
1695,1
1696,0
1697,0
1698,1
1699,1
1700,1
1701,1
1702,1
1703,1
1704,1
1705,1
1706,3
1707,3
1708,2
1709,3
1710,4
1711,1
1712,2
1713,6
1714,2
1715,0
1716,5
1717,5
1718,5
1719,2
1720,0
1721,1
1722,2
1723,2
1724,1
1725,1
1726,1
1727,1
1728,1
1729,1
1730,1
1731,1
1732,0
1733,5
1734,1
1735,1
1736,3
1737,1
1738,1
1739,4
1740,2
1741,2
1742,1
1743,1
1744,1
1745,4
1746,0
1747,1
1748,1
1749,4
1750,1
1751,2
1752,1
1753,1
1754,4
1755,1
1756,1
1757,3
1758,1
1759,3
1760,1
1761,4
1762,7
1763,4
1764,1
1765,1
1766,3
1767,2
1768,3
1769,7
1770,4
1771,1
1772,1
1773,5
1774,2
1775,3
1776,1
1777,1
1778,0
1779,4
1780,1
1781,1
1782,1
1783,4
1784,0
1785,4
1786,2
1787,3
1788,1
1789,1
1790,3
1791,3
1792,2
1793,5
1794,1
1795,1
1796,7
1797,1
1798,1
1799,3
1800,0
1801,2
1802,2
1803,4
1804,4
1805,0
1806,2
1807,4
1808,1
1809,5
1810,4
1811,1
1812,0
1813,4
1814,2
1815,1
1816,1
1817,1
1818,1
1819,1
1820,5
1821,1
1822,2
1823,2
1824,1
1825,1
1826,0
1827,2
1828,1
1829,1
1830,1
1831,1
1832,1
1833,1
1834,1
1835,1
1836,4
1837,3
1838,1
1839,2
1840,2
1841,2
1842,1
1843,2
1844,1
1845,1
1846,1
1847,1
1848,1
1849,1
1850,1
1851,1
1852,0
1853,1
1854,1
1855,1
1856,0
1857,2
1858,2
1859,0
1860,2
1861,4
1862,0
1863,0
1864,1
1865,2
1866,2
1867,0
1868,0
1869,4
1870,1
1871,1
1872,2
1873,1
1874,1
1875,1
1876,3
1877,2
1878,1
1879,1
1880,2
1881,4
1882,4
1883,3
1884,3
1885,4
1886,1
1887,2
1888,0
1889,1
1890,1
1891,1
1892,2
1893,1
1894,1
1895,4
1896,3
1897,1
1898,1
1899,1
1900,1
1901,2
1902,1
1903,2
1904,4
1905,1
1906,2
1907,4
1908,1
1909,2
1910,1
1911,1
1912,3
1913,4
1914,1
1915,1
1916,3
1917,2
1918,1
1919,2
1920,1
1921,1
1922,1
1923,7
1924,4
1925,3
1926,5
1927,1
1928,3
1929,2
1930,2
1931,1
1932,1
1933,1
1934,0
1935,2
1936,3
1937,1
1938,1
1939,1
1940,2
1941,1
1942,0
1943,2
1944,2
1945,1
1946,4
1947,1
1948,1
1949,1
1950,2
1951,1
1952,1
1953,5
1954,1
1955,1
1956,1
1957,1
1958,2
