0,56.0
1,13.0
2,44.0
3,26.0
4,
5,14.0
6,67.0
7,14.0
8,36.0
9,9.0
10,29.0
11,56.0
12,19.0
13,28.0
14,14.0
15,14.0
16,22.0
17,55.0
18,23.0
19,10.0
20,14.0
21,17.0
22,56.0
23,56.0
24,12.0
25,34.0
26,10.0
27,15.0
28,13.0
29,8.0
30,
31,18.0
32,13.0
33,35.0
34,52.0
35,37.0
36,15.0
37,11.0
38,4.0
39,43.0
40,12.0
41,50.0
42,23.0
43,49.0
44,12.0
45,36.0
46,24.0
47,13.0
48,51.0
49,10.0
50,49.0
51,14.0
52,
53,17.0
54,2.0
55,5.0
56,55.0
57,25.0
58,14.0
59,
60,51.0
61,37.0
62,9.0
63,67.0
64,52.0
65,25.0
66,33.0
67,56.0
68,53.0
69,
70,24.0
71,45.0
72,45.0
73,7.0
74,50.0
75,5.0
76,55.0
77,29.0
78,
79,
80,56.0
81,13.0
82,25.0
83,14.0
84,49.0
85,46.0
86,24.0
87,42.0
88,9.0
89,42.0
90,11.0
91,38.0
92,43.0
93,14.0
94,2.0
95,18.0
96,53.0
97,30.0
98,45.0
99,
100,6.0
101,
102,3.0
103,40.0
104,14.0
105,49.0
106,49.0
107,14.0
108,45.0
109,14.0
110,54.0
111,26.0
112,13.0
113,49.0
114,7.0
115,15.0
116,8.0
117,16.0
118,56.0
119,63.0
120,3.0
121,39.0
122,13.0
123,9.0
124,19.0
125,15.0
126,54.0
127,37.0
128,16.0
129,8.0
130,36.0
131,24.0
132,50.0
133,52.0
134,
135,
136,42.0
137,7.0
138,7.0
139,16.0
140,14.0
141,5.0
142,30.0
143,16.0
144,55.0
145,9.0
146,39.0
147,5.0
148,53.0
149,48.0
150,16.0
151,46.0
152,8.0
153,11.0
154,7.0
155,8.0
156,39.0
157,15.0
158,8.0
159,35.0
160,30.0
161,14.0
162,37.0
163,13.0
164,45.0
165,2.0
166,9.0
167,50.0
168,50.0
169,20.0
170,30.0
171,14.0
172,
173,16.0
174,12.0
175,
176,12.0
177,33.0
178,16.0
179,44.0
180,11.0
181,16.0
182,67.0
183,7.0
184,9.0
185,6.0
186,12.0
187,36.0
188,4.0
189,9.0
190,
191,13.0
192,19.0
193,2.0
194,6.0
195,
196,46.0
197,53.0
198,13.0
199,51.0
200,6.0
201,5.0
202,54.0
203,12.0
204,19.0
205,14.0
206,8.0
207,13.0
208,56.0
209,26.0
210,9.0
211,35.0
212,9.0
213,48.0
214,8.0
215,19.0
216,14.0
217,8.0
218,25.0
219,67.0
220,41.0
221,24.0
222,39.0
223,37.0
224,12.0
225,12.0
226,6.0
227,29.0
228,11.0
229,14.0
230,45.0
231,23.0
232,56.0
233,7.0
234,7.0
235,14.0
236,14.0
237,18.0
238,17.0
239,33.0
240,8.0
241,14.0
242,23.0
243,42.0
244,14.0
245,16.0
246,16.0
247,47.0
248,49.0
249,22.0
250,9.0
251,67.0
252,38.0
253,50.0
254,67.0
255,8.0
256,
257,
258,8.0
259,14.0
260,22.0
261,43.0
262,20.0
263,
264,52.0
265,9.0
266,50.0
267,10.0
268,30.0
269,12.0
270,23.0
271,14.0
272,42.0
273,
274,14.0
275,56.0
276,29.0
277,46.0
278,4.0
279,5.0
280,15.0
281,7.0
282,40.0
283,47.0
284,7.0
285,
286,19.0
287,12.0
288,14.0
289,37.0
290,12.0
291,8.0
292,7.0
293,8.0
294,13.0
295,12.0
296,
297,7.0
298,50.0
299,45.0
300,15.0
301,17.0
302,52.0
303,47.0
304,15.0
305,4.0
306,12.0
307,15.0
308,48.0
309,50.0
310,9.0
311,13.0
312,37.0
313,37.0
314,23.0
315,34.0
316,8.0
317,7.0
318,12.0
319,45.0
320,17.0
321,5.0
322,52.0
323,20.0
324,29.0
325,29.0
326,35.0
327,43.0
328,29.0
329,1.0
330,25.0
331,
332,14.0
333,30.0
334,45.0
335,13.0
336,10.0
337,55.0
338,9.0
339,8.0
340,23.0
341,23.0
342,
343,14.0
344,
345,45.0
346,2.0
347,23.0
348,17.0
349,25.0
350,13.0
351,14.0
352,54.0
353,54.0
354,45.0
355,13.0
356,15.0
357,14.0
358,8.0
359,7.0
360,2.0
361,15.0
362,50.0
363,3.0
364,10.0
365,11.0
366,16.0
367,40.0
368,
369,30.0
370,45.0
371,49.0
372,14.0
373,
374,5.0
375,12.0
376,25.0
377,18.0
378,15.0
379,59.0
380,12.0
381,18.0
382,27.0
383,43.0
384,20.0
385,42.0
386,5.0
387,19.0
388,23.0
389,29.0
390,9.0
391,43.0
392,
393,14.0
394,4.0
395,19.0
396,45.0
397,46.0
398,7.0
399,17.0
400,2.0
401,50.0
402,14.0
403,24.0
404,12.0
405,59.0
406,42.0
407,39.0
408,2.0
409,33.0
410,19.0
411,72.0
412,45.0
413,25.0
414,
415,14.0
416,42.0
417,15.0
418,52.0
419,52.0
420,50.0
421,8.0
422,
423,20.0
424,24.0
425,49.0
426,46.0
427,46.0
428,7.0
429,44.0
430,50.0
431,22.0
432,11.0
433,42.0
434,13.0
435,45.0
436,14.0
437,46.0
438,11.0
439,12.0
440,14.0
441,22.0
442,67.0
443,47.0
444,24.0
445,44.0
446,5.0
447,2.0
448,72.0
449,22.0
450,8.0
451,8.0
452,11.0
453,10.0
454,52.0
455,37.0
456,56.0
457,41.0
458,10.0
459,21.0
460,49.0
461,7.0
462,4.0
463,15.0
464,50.0
465,50.0
466,11.0
467,10.0
468,37.0
469,43.0
470,33.0
471,56.0
472,10.0
473,35.0
474,15.0
475,56.0
476,23.0
477,8.0
478,22.0
479,51.0
480,18.0
481,9.0
482,50.0
483,23.0
484,38.0
485,6.0
486,7.0
487,18.0
488,14.0
489,33.0
490,8.0
491,4.0
492,18.0
493,13.0
494,14.0
495,49.0
496,11.0
497,11.0
498,22.0
499,10.0
500,
501,33.0
502,19.0
503,6.0
504,8.0
505,15.0
506,36.0
507,
508,30.0
509,17.0
510,54.0
511,23.0
512,24.0
513,9.0
514,35.0
515,32.0
516,10.0
517,11.0
518,7.0
519,9.0
520,8.0
521,22.0
522,8.0
523,9.0
524,9.0
525,15.0
526,27.0
527,58.0
528,44.0
529,11.0
530,29.0
531,29.0
532,18.0
533,2.0
534,35.0
535,38.0
536,12.0
537,27.0
538,18.0
539,2.0
540,7.0
541,12.0
542,43.0
543,23.0
544,49.0
545,
546,45.0
547,8.0
548,59.0
549,16.0
550,2.0
551,42.0
552,14.0
553,
554,47.0
555,15.0
556,13.0
557,8.0
558,7.0
559,7.0
560,27.0
561,50.0
562,11.0
563,52.0
564,7.0
565,15.0
566,2.0
567,7.0
568,14.0
569,23.0
570,50.0
571,42.0
572,53.0
573,56.0
574,20.0
575,37.0
576,16.0
577,12.0
578,23.0
579,54.0
580,16.0
581,8.0
582,20.0
583,4.0
584,53.0
585,45.0
586,23.0
587,50.0
588,1.0
589,20.0
590,49.0
591,46.0
592,13.0
593,34.0
594,22.0
595,7.0
596,42.0
597,
598,49.0
599,9.0
600,54.0
601,20.0
602,12.0
603,16.0
604,7.0
605,13.0
606,7.0
607,
608,12.0
609,50.0
610,15.0
611,17.0
612,14.0
613,9.0
614,9.0
615,15.0
616,50.0
617,2.0
618,15.0
619,12.0
620,24.0
621,43.0
622,15.0
623,
624,23.0
625,9.0
626,5.0
627,7.0
628,29.0
629,8.0
630,4.0
631,15.0
632,8.0
633,20.0
634,15.0
635,42.0
636,7.0
637,2.0
638,53.0
639,50.0
640,49.0
641,22.0
642,2.0
643,5.0
644,36.0
645,48.0
646,14.0
647,37.0
648,16.0
649,
650,14.0
651,7.0
652,50.0
653,50.0
654,12.0
655,20.0
656,17.0
657,33.0
658,13.0
659,11.0
660,53.0
661,24.0
662,7.0
663,5.0
664,36.0
665,7.0
666,8.0
667,22.0
668,
669,33.0
670,15.0
671,13.0
672,5.0
673,7.0
674,14.0
675,5.0
676,10.0
677,11.0
678,23.0
679,11.0
680,14.0
681,49.0
682,10.0
683,3.0
684,29.0
685,56.0
686,19.0
687,33.0
688,8.0
689,
690,18.0
691,
692,25.0
693,62.0
694,9.0
695,3.0
696,10.0
697,13.0
698,3.0
699,3.0
700,13.0
701,20.0
702,40.0
703,6.0
704,58.0
705,49.0
706,25.0
707,13.0
708,7.0
709,22.0
710,9.0
711,16.0
712,27.0
713,13.0
714,4.0
715,56.0
716,19.0
717,24.0
718,
719,38.0
720,13.0
721,49.0
722,19.0
723,14.0
724,23.0
725,11.0
726,39.0
727,5.0
728,33.0
729,29.0
730,5.0
731,6.0
732,13.0
733,14.0
734,17.0
735,4.0
736,14.0
737,55.0
738,2.0
739,14.0
740,50.0
741,33.0
742,37.0
743,16.0
744,13.0
745,33.0
746,46.0
747,54.0
748,50.0
749,23.0
750,8.0
751,14.0
752,12.0
753,7.0
754,13.0
755,39.0
756,5.0
757,5.0
758,20.0
759,15.0
760,22.0
761,9.0
762,4.0
763,14.0
764,29.0
765,45.0
766,24.0
767,5.0
768,7.0
769,7.0
770,44.0
771,49.0
772,43.0
773,8.0
774,17.0
775,20.0
776,20.0
777,47.0
778,5.0
779,4.0
780,12.0
781,12.0
782,49.0
783,
784,37.0
785,16.0
786,16.0
787,36.0
788,26.0
789,14.0
790,
791,56.0
792,38.0
793,
794,17.0
795,10.0
796,10.0
797,47.0
798,7.0
799,22.0
800,50.0
801,62.0
802,
803,44.0
804,12.0
805,16.0
806,10.0
807,1.0
808,10.0
809,10.0
810,12.0
811,17.0
812,55.0
813,9.0
814,50.0
815,7.0
816,15.0
817,43.0
818,42.0
819,18.0
820,25.0
821,5.0
822,17.0
823,17.0
824,
825,14.0
826,50.0
827,49.0
828,22.0
829,18.0
830,23.0
831,15.0
832,15.0
833,50.0
834,35.0
835,30.0
836,50.0
837,50.0
838,50.0
839,22.0
840,23.0
841,33.0
842,12.0
843,14.0
844,48.0
845,48.0
846,53.0
847,25.0
848,8.0
849,10.0
850,45.0
851,17.0
852,39.0
853,45.0
854,11.0
855,43.0
856,49.0
857,37.0
858,15.0
859,23.0
860,20.0
861,50.0
862,17.0
863,7.0
864,49.0
865,24.0
866,5.0
867,3.0
868,7.0
869,19.0
870,37.0
871,29.0
872,22.0
873,23.0
874,67.0
875,
876,19.0
877,9.0
878,36.0
879,37.0
880,
881,49.0
882,20.0
883,49.0
884,7.0
885,24.0
886,12.0
887,55.0
888,8.0
889,46.0
890,30.0
891,5.0
892,11.0
893,42.0
894,3.0
895,16.0
896,13.0
897,13.0
898,25.0
899,42.0
900,7.0
901,7.0
902,22.0
903,24.0
904,20.0
905,29.0
906,7.0
907,23.0
908,14.0
909,55.0
910,7.0
911,29.0
912,67.0
913,11.0
914,13.0
915,5.0
916,1.0
917,49.0
918,22.0
919,6.0
920,45.0
921,10.0
922,24.0
923,19.0
924,72.0
925,11.0
926,34.0
927,9.0
928,14.0
929,
930,49.0
931,29.0
932,4.0
933,15.0
934,14.0
935,42.0
936,24.0
937,46.0
938,8.0
939,
940,10.0
941,26.0
942,29.0
943,20.0
944,14.0
945,43.0
946,4.0
947,
948,10.0
949,7.0
950,18.0
951,14.0
952,23.0
953,18.0
954,13.0
955,14.0
956,45.0
957,19.0
958,
959,44.0
960,43.0
961,14.0
962,44.0
963,
964,23.0
965,
966,36.0
967,6.0
968,56.0
969,44.0
970,13.0
971,10.0
972,45.0
973,
974,66.0
975,29.0
976,20.0
977,49.0
978,56.0
979,9.0
980,26.0
981,14.0
982,30.0
983,18.0
984,12.0
985,17.0
986,19.0
987,19.0
988,7.0
989,
990,47.0
991,39.0
992,7.0
993,18.0
994,48.0
995,13.0
996,55.0
997,12.0
998,8.0
999,14.0
1000,51.0
1001,17.0
1002,22.0
1003,13.0
1004,57.0
1005,
1006,16.0
1007,8.0
1008,16.0
1009,14.0
1010,47.0
1011,10.0
1012,4.0
1013,55.0
1014,51.0
1015,42.0
1016,23.0
1017,63.0
1018,46.0
1019,22.0
1020,37.0
1021,5.0
1022,49.0
1023,17.0
1024,25.0
1025,11.0
1026,67.0
1027,61.0
1028,33.0
1029,50.0
1030,53.0
1031,59.0
1032,45.0
1033,7.0
1034,5.0
1035,56.0
1036,50.0
1037,45.0
1038,45.0
1039,12.0
1040,
1041,36.0
1042,48.0
1043,38.0
1044,45.0
1045,52.0
1046,49.0
1047,2.0
1048,7.0
1049,9.0
1050,22.0
1051,15.0
1052,22.0
1053,12.0
1054,53.0
1055,14.0
1056,24.0
1057,28.0
1058,14.0
1059,
1060,36.0
1061,17.0
1062,43.0
1063,13.0
1064,25.0
1065,29.0
1066,51.0
1067,10.0
1068,12.0
1069,7.0
1070,50.0
1071,
1072,13.0
1073,32.0
1074,13.0
1075,35.0
1076,17.0
1077,7.0
1078,8.0
1079,20.0
1080,19.0
1081,55.0
1082,22.0
1083,4.0
1084,12.0
1085,25.0
1086,47.0
1087,23.0
1088,7.0
1089,33.0
1090,20.0
1091,9.0
1092,45.0
1093,45.0
1094,7.0
1095,54.0
1096,
1097,34.0
1098,39.0
1099,55.0
1100,14.0
1101,24.0
1102,8.0
1103,18.0
1104,42.0
1105,13.0
1106,
1107,52.0
1108,12.0
1109,50.0
1110,8.0
1111,13.0
1112,15.0
1113,29.0
1114,16.0
1115,7.0
1116,46.0
1117,15.0
1118,42.0
1119,39.0
1120,56.0
1121,
1122,53.0
1123,14.0
1124,57.0
1125,49.0
1126,8.0
1127,37.0
1128,9.0
1129,14.0
1130,49.0
1131,1.0
1132,56.0
1133,5.0
1134,11.0
1135,33.0
1136,56.0
1137,26.0
1138,13.0
1139,22.0
1140,19.0
1141,52.0
1142,48.0
1143,14.0
1144,20.0
1145,52.0
1146,36.0
1147,28.0
1148,22.0
1149,3.0
1150,54.0
1151,27.0
1152,9.0
1153,13.0
1154,14.0
1155,39.0
1156,9.0
1157,23.0
1158,16.0
1159,
1160,49.0
1161,13.0
1162,45.0
1163,14.0
1164,7.0
1165,32.0
1166,18.0
1167,14.0
1168,3.0
1169,35.0
1170,17.0
1171,47.0
1172,53.0
1173,45.0
1174,4.0
1175,33.0
1176,13.0
1177,58.0
1178,25.0
1179,11.0
1180,
1181,23.0
1182,11.0
1183,33.0
1184,13.0
1185,52.0
1186,40.0
1187,35.0
1188,10.0
1189,7.0
1190,47.0
1191,56.0
1192,27.0
1193,29.0
1194,8.0
1195,49.0
1196,27.0
1197,13.0
1198,24.0
1199,37.0
1200,5.0
1201,7.0
1202,56.0
1203,11.0
1204,35.0
1205,7.0
1206,11.0
1207,8.0
1208,9.0
1209,
1210,43.0
1211,13.0
1212,35.0
1213,18.0
1214,12.0
1215,9.0
1216,17.0
1217,7.0
1218,12.0
1219,13.0
1220,7.0
1221,22.0
1222,12.0
1223,56.0
1224,37.0
1225,22.0
1226,16.0
1227,
1228,18.0
1229,13.0
1230,53.0
1231,16.0
1232,53.0
1233,53.0
1234,37.0
1235,50.0
1236,3.0
1237,14.0
1238,14.0
1239,43.0
1240,32.0
1241,39.0
1242,3.0
1243,30.0
1244,46.0
1245,19.0
1246,12.0
1247,10.0
1248,33.0
1249,13.0
1250,13.0
1251,18.0
1252,1.0
1253,27.0
1254,22.0
1255,45.0
1256,48.0
1257,11.0
1258,43.0
1259,18.0
1260,19.0
1261,33.0
1262,50.0
1263,5.0
1264,45.0
1265,23.0
1266,15.0
1267,15.0
1268,54.0
1269,19.0
1270,5.0
1271,4.0
1272,38.0
1273,53.0
1274,49.0
1275,17.0
1276,18.0
1277,
1278,13.0
1279,12.0
1280,13.0
1281,15.0
1282,16.0
1283,10.0
1284,45.0
1285,
1286,50.0
1287,12.0
1288,38.0
1289,50.0
1290,17.0
1291,2.0
1292,7.0
1293,52.0
1294,15.0
1295,6.0
1296,5.0
1297,23.0
1298,3.0
1299,46.0
1300,5.0
1301,46.0
1302,
1303,10.0
1304,20.0
1305,37.0
1306,4.0
1307,7.0
1308,54.0
1309,
1310,12.0
1311,2.0
1312,23.0
1313,7.0
1314,55.0
1315,49.0
1316,13.0
1317,7.0
1318,50.0
1319,7.0
1320,23.0
1321,38.0
1322,33.0
1323,47.0
1324,7.0
1325,38.0
1326,12.0
1327,14.0
1328,10.0
1329,39.0
1330,67.0
1331,18.0
1332,15.0
1333,29.0
1334,54.0
1335,41.0
1336,10.0
1337,59.0
1338,25.0
1339,16.0
1340,7.0
1341,50.0
1342,39.0
1343,
1344,50.0
1345,49.0
1346,1.0
1347,47.0
1348,33.0
1349,7.0
1350,24.0
1351,14.0
1352,7.0
1353,
1354,7.0
1355,16.0
1356,55.0
1357,8.0
1358,
1359,50.0
1360,29.0
1361,32.0
1362,50.0
1363,16.0
1364,18.0
1365,12.0
1366,37.0
1367,20.0
1368,43.0
1369,4.0
1370,10.0
1371,4.0
1372,10.0
1373,14.0
1374,19.0
1375,7.0
1376,48.0
1377,7.0
1378,16.0
1379,53.0
1380,31.0
1381,67.0
1382,2.0
1383,57.0
1384,12.0
1385,17.0
1386,12.0
1387,4.0
1388,30.0
1389,43.0
1390,6.0
1391,55.0
1392,47.0
1393,11.0
1394,7.0
1395,14.0
1396,8.0
1397,23.0
1398,14.0
1399,28.0
1400,9.0
1401,22.0
1402,45.0
1403,8.0
1404,6.0
1405,54.0
1406,14.0
1407,58.0
1408,16.0
1409,72.0
1410,
1411,16.0
1412,20.0
1413,16.0
1414,9.0
1415,50.0
1416,49.0
1417,12.0
1418,47.0
1419,14.0
1420,19.0
1421,15.0
1422,4.0
1423,24.0
1424,64.0
1425,
1426,14.0
1427,67.0
1428,43.0
1429,9.0
1430,11.0
1431,15.0
1432,12.0
1433,39.0
1434,49.0
1435,14.0
1436,36.0
1437,29.0
1438,26.0
1439,3.0
1440,8.0
1441,3.0
1442,50.0
1443,17.0
1444,50.0
1445,13.0
1446,53.0
1447,9.0
1448,52.0
1449,49.0
1450,45.0
1451,14.0
1452,43.0
1453,45.0
1454,38.0
1455,11.0
1456,14.0
1457,19.0
1458,12.0
1459,
1460,1.0
1461,47.0
1462,12.0
1463,
1464,8.0
1465,13.0
1466,31.0
1467,53.0
1468,23.0
1469,11.0
1470,14.0
1471,45.0
1472,3.0
1473,7.0
1474,10.0
1475,45.0
1476,7.0
1477,
1478,14.0
1479,7.0
1480,30.0
1481,7.0
1482,27.0
1483,10.0
1484,13.0
1485,20.0
1486,9.0
1487,15.0
1488,
1489,17.0
1490,14.0
1491,9.0
1492,30.0
1493,2.0
1494,10.0
1495,45.0
1496,56.0
1497,
1498,13.0
1499,55.0
1500,45.0
1501,41.0
1502,28.0
1503,26.0
1504,12.0
1505,51.0
1506,16.0
1507,39.0
1508,18.0
1509,53.0
1510,
1511,14.0
1512,23.0
1513,5.0
1514,13.0
1515,19.0
1516,47.0
1517,53.0
1518,5.0
1519,12.0
1520,19.0
1521,54.0
1522,7.0
1523,10.0
1524,23.0
1525,37.0
1526,30.0
1527,7.0
1528,45.0
1529,64.0
1530,23.0
1531,15.0
1532,5.0
1533,16.0
1534,1.0
1535,50.0
1536,16.0
1537,15.0
1538,
1539,
1540,50.0
1541,55.0
1542,14.0
1543,25.0
1544,30.0
1545,13.0
1546,53.0
1547,16.0
1548,
1549,47.0
1550,42.0
1551,43.0
1552,
1553,13.0
1554,9.0
1555,12.0
1556,12.0
1557,20.0
1558,67.0
1559,45.0
1560,49.0
1561,54.0
1562,23.0
1563,23.0
1564,9.0
1565,44.0
1566,19.0
1567,14.0
1568,14.0
1569,49.0
1570,55.0
1571,8.0
1572,13.0
1573,22.0
1574,44.0
1575,35.0
1576,
1577,9.0
1578,49.0
1579,7.0
1580,13.0
1581,10.0
1582,50.0
1583,14.0
1584,54.0
1585,2.0
1586,7.0
1587,55.0
1588,23.0
1589,41.0
1590,8.0
1591,44.0
1592,9.0
1593,27.0
1594,
1595,14.0
1596,7.0
1597,30.0
1598,7.0
1599,22.0
1600,45.0
1601,43.0
1602,54.0
1603,7.0
1604,
1605,24.0
1606,8.0
1607,14.0
1608,10.0
1609,48.0
1610,43.0
1611,18.0
1612,13.0
1613,26.0
1614,
1615,28.0
1616,14.0
1617,50.0
1618,14.0
1619,38.0
1620,15.0
1621,15.0
1622,
1623,53.0
1624,20.0
1625,5.0
1626,7.0
1627,2.0
1628,2.0
1629,24.0
1630,9.0
1631,43.0
1632,67.0
1633,53.0
1634,
1635,32.0
1636,14.0
1637,
1638,56.0
1639,55.0
1640,5.0
1641,5.0
1642,9.0
1643,5.0
1644,52.0
1645,8.0
1646,16.0
1647,51.0
1648,16.0
1649,30.0
1650,37.0
1651,37.0
1652,19.0
1653,24.0
1654,1.0
1655,20.0
1656,22.0
1657,13.0
1658,22.0
1659,14.0
1660,24.0
1661,37.0
1662,16.0
1663,13.0
1664,23.0
1665,67.0
1666,19.0
1667,45.0
1668,36.0
1669,16.0
1670,18.0
1671,10.0
1672,
1673,19.0
1674,12.0
1675,
1676,19.0
1677,15.0
1678,
1679,43.0
1680,17.0
1681,46.0
1682,16.0
1683,2.0
1684,19.0
1685,12.0
1686,11.0
1687,39.0
1688,16.0
1689,60.0
1690,8.0
1691,20.0
1692,14.0
1693,3.0
1694,14.0
1695,7.0
1696,
1697,55.0
1698,50.0
1699,8.0
1700,33.0
1701,42.0
1702,35.0
1703,48.0
1704,15.0
1705,11.0
1706,10.0
1707,15.0
1708,9.0
1709,13.0
1710,54.0
1711,17.0
1712,37.0
1713,59.0
1714,12.0
1715,2.0
1716,61.0
1717,28.0
1718,54.0
1719,15.0
1720,
1721,18.0
1722,13.0
1723,14.0
1724,56.0
1725,47.0
1726,9.0
1727,7.0
1728,34.0
1729,49.0
1730,35.0
1731,7.0
1732,
1733,36.0
1734,13.0
1735,29.0
1736,10.0
1737,7.0
1738,37.0
1739,12.0
1740,7.0
1741,33.0
1742,5.0
1743,43.0
1744,20.0
1745,51.0
1746,1.0
1747,15.0
1748,11.0
1749,25.0
1750,16.0
1751,15.0
1752,11.0
1753,14.0
1754,51.0
1755,6.0
1756,7.0
1757,13.0
1758,22.0
1759,59.0
1760,67.0
1761,10.0
1762,36.0
1763,36.0
1764,48.0
1765,30.0
1766,43.0
1767,17.0
1768,10.0
1769,36.0
1770,10.0
1771,50.0
1772,12.0
1773,14.0
1774,22.0
1775,48.0
1776,25.0
1777,7.0
1778,9.0
1779,36.0
1780,16.0
1781,23.0
1782,47.0
1783,37.0
1784,
1785,40.0
1786,54.0
1787,56.0
1788,7.0
1789,55.0
1790,15.0
1791,10.0
1792,16.0
1793,7.0
1794,15.0
1795,11.0
1796,41.0
1797,10.0
1798,36.0
1799,45.0
1800,
1801,14.0
1802,5.0
1803,53.0
1804,53.0
1805,
1806,52.0
1807,22.0
1808,4.0
1809,49.0
1810,34.0
1811,28.0
1812,20.0
1813,16.0
1814,58.0
1815,17.0
1816,9.0
1817,50.0
1818,9.0
1819,6.0
1820,16.0
1821,29.0
1822,8.0
1823,13.0
1824,37.0
1825,2.0
1826,2.0
1827,8.0
1828,15.0
1829,50.0
1830,15.0
1831,8.0
1832,7.0
1833,23.0
1834,43.0
1835,9.0
1836,29.0
1837,14.0
1838,7.0
1839,7.0
1840,15.0
1841,22.0
1842,49.0
1843,12.0
1844,13.0
1845,16.0
1846,13.0
1847,23.0
1848,10.0
1849,23.0
1850,15.0
1851,15.0
1852,11.0
1853,9.0
1854,50.0
1855,50.0
1856,
1857,50.0
1858,11.0
1859,
1860,2.0
1861,49.0
1862,
1863,48.0
1864,30.0
1865,9.0
1866,12.0
1867,
1868,6.0
1869,19.0
1870,45.0
1871,
1872,24.0
1873,11.0
1874,26.0
1875,60.0
1876,12.0
1877,8.0
1878,55.0
1879,12.0
1880,15.0
1881,15.0
1882,10.0
1883,28.0
1884,49.0
1885,31.0
1886,13.0
1887,17.0
1888,49.0
1889,55.0
1890,43.0
1891,48.0
1892,20.0
1893,17.0
1894,13.0
1895,28.0
1896,17.0
1897,17.0
1898,10.0
1899,20.0
1900,5.0
1901,31.0
1902,49.0
1903,34.0
1904,26.0
1905,26.0
1906,48.0
1907,28.0
1908,56.0
1909,15.0
1910,35.0
1911,51.0
1912,10.0
1913,7.0
1914,14.0
1915,45.0
1916,46.0
1917,15.0
1918,23.0
1919,5.0
1920,20.0
1921,20.0
1922,19.0
1923,35.0
1924,59.0
1925,22.0
1926,42.0
1927,15.0
1928,10.0
1929,5.0
1930,46.0
1931,19.0
1932,5.0
1933,35.0
1934,47.0
1935,17.0
1936,10.0
1937,20.0
1938,13.0
1939,27.0
1940,16.0
1941,13.0
1942,1.0
1943,25.0
1944,15.0
1945,7.0
1946,32.0
1947,5.0
1948,5.0
1949,12.0
1950,54.0
1951,13.0
1952,6.0
1953,22.0
1954,55.0
1955,22.0
1956,20.0
1957,11.0
1958,9.0
