0,21.0
1,11.0
2,21.0
3,14.0
4,18.0
5,6.0
6,14.0
7,28.0
8,18.0
9,20.0
10,7.0
11,9.0
12,12.0
13,14.0
14,19.0
15,
16,11.0
17,17.0
18,21.0
19,6.0
20,13.0
21,3.0
22,18.0
23,24.0
24,18.0
25,25.0
26,6.0
27,2.0
28,7.0
29,17.0
30,14.0
31,15.0
32,6.0
33,7.0
34,12.0
35,1.0
36,19.0
37,
38,20.0
39,24.0
40,17.0
41,23.0
42,6.0
43,17.0
44,25.0
45,19.0
46,19.0
47,6.0
48,8.0
49,27.0
50,17.0
51,13.0
52,7.0
53,
54,16.0
55,9.0
56,1.0
57,21.0
58,8.0
59,8.0
60,8.0
61,27.0
62,6.0
63,10.0
64,9.0
65,22.0
66,24.0
67,9.0
68,23.0
69,16.0
70,16.0
71,22.0
72,
73,15.0
74,7.0
75,10.0
76,4.0
77,4.0
78,2.0
79,23.0
80,2.0
81,9.0
82,9.0
83,8.0
84,21.0
85,3.0
86,16.0
87,18.0
88,22.0
89,9.0
90,12.0
91,6.0
92,28.0
93,2.0
94,9.0
95,4.0
96,6.0
97,20.0
98,2.0
99,
100,24.0
101,
102,3.0
103,21.0
104,5.0
105,9.0
106,15.0
107,10.0
108,10.0
109,5.0
110,14.0
111,1.0
112,
113,6.0
114,1.0
115,5.0
116,8.0
117,
118,
119,3.0
120,21.0
121,
122,29.0
123,
124,7.0
125,8.0
126,11.0
127,26.0
128,7.0
129,17.0
130,10.0
131,12.0
132,2.0
133,18.0
134,16.0
135,14.0
136,14.0
137,15.0
138,23.0
139,18.0
140,12.0
141,19.0
142,22.0
143,15.0
144,9.0
145,
146,21.0
147,25.0
148,4.0
149,6.0
150,23.0
151,5.0
152,13.0
153,10.0
154,13.0
155,11.0
156,20.0
157,15.0
158,
159,23.0
160,12.0
161,11.0
162,11.0
163,9.0
164,4.0
165,26.0
166,12.0
167,1.0
168,11.0
169,1.0
170,24.0
171,6.0
172,21.0
173,7.0
174,15.0
175,12.0
176,12.0
177,14.0
178,9.0
179,23.0
180,25.0
181,12.0
182,8.0
183,13.0
184,29.0
185,20.0
186,9.0
187,6.0
188,5.0
189,23.0
190,10.0
191,10.0
192,9.0
193,23.0
194,18.0
195,15.0
196,14.0
197,10.0
198,5.0
199,24.0
200,12.0
201,13.0
202,27.0
203,14.0
204,28.0
205,22.0
206,17.0
207,12.0
208,25.0
209,23.0
210,8.0
211,15.0
212,24.0
213,19.0
214,13.0
215,13.0
216,15.0
217,24.0
218,15.0
219,25.0
220,21.0
221,15.0
222,20.0
223,26.0
224,16.0
225,13.0
226,13.0
227,28.0
228,11.0
229,6.0
230,25.0
231,6.0
232,21.0
233,15.0
234,14.0
235,11.0
236,26.0
237,13.0
238,6.0
239,8.0
240,10.0
241,14.0
242,25.0
243,1.0
244,4.0
245,3.0
246,7.0
247,19.0
248,17.0
249,3.0
250,12.0
251,12.0
252,13.0
253,9.0
254,24.0
255,13.0
256,21.0
257,
258,15.0
259,6.0
260,26.0
261,19.0
262,24.0
263,20.0
264,25.0
265,22.0
266,25.0
267,23.0
268,15.0
269,23.0
270,18.0
271,15.0
272,6.0
273,4.0
274,19.0
275,4.0
276,28.0
277,9.0
278,18.0
279,27.0
280,19.0
281,21.0
282,14.0
283,25.0
284,15.0
285,25.0
286,22.0
287,24.0
288,24.0
289,18.0
290,19.0
291,14.0
292,11.0
293,9.0
294,9.0
295,24.0
296,11.0
297,4.0
298,21.0
299,13.0
300,10.0
301,10.0
302,23.0
303,13.0
304,21.0
305,13.0
306,25.0
307,19.0
308,24.0
309,14.0
310,12.0
311,24.0
312,23.0
313,11.0
314,6.0
315,12.0
316,12.0
317,19.0
318,22.0
319,10.0
320,9.0
321,22.0
322,23.0
323,14.0
324,13.0
325,1.0
326,1.0
327,2.0
328,24.0
329,21.0
330,20.0
331,8.0
332,24.0
333,21.0
334,9.0
335,10.0
336,22.0
337,27.0
338,25.0
339,23.0
340,8.0
341,17.0
342,7.0
343,21.0
344,16.0
345,4.0
346,25.0
347,13.0
348,15.0
349,17.0
350,3.0
351,4.0
352,12.0
353,13.0
354,13.0
355,23.0
356,26.0
357,15.0
358,11.0
359,4.0
360,26.0
361,26.0
362,22.0
363,6.0
364,26.0
365,16.0
366,14.0
367,20.0
368,13.0
369,25.0
370,18.0
371,11.0
372,21.0
373,1.0
374,19.0
375,23.0
376,7.0
377,2.0
378,7.0
379,27.0
380,4.0
381,12.0
382,17.0
383,21.0
384,1.0
385,19.0
386,4.0
387,14.0
388,22.0
389,20.0
390,23.0
391,19.0
392,4.0
393,12.0
394,9.0
395,13.0
396,14.0
397,
398,16.0
399,11.0
400,11.0
401,5.0
402,14.0
403,17.0
404,15.0
405,1.0
406,7.0
407,3.0
408,10.0
409,15.0
410,23.0
411,1.0
412,10.0
413,25.0
414,7.0
415,3.0
416,4.0
417,18.0
418,3.0
419,12.0
420,10.0
421,21.0
422,26.0
423,10.0
424,13.0
425,23.0
426,13.0
427,20.0
428,24.0
429,8.0
430,10.0
431,12.0
432,5.0
433,31.0
434,20.0
435,24.0
436,15.0
437,9.0
438,11.0
439,13.0
440,
441,23.0
442,29.0
443,9.0
444,22.0
445,23.0
446,20.0
447,6.0
448,22.0
449,6.0
450,18.0
451,10.0
452,8.0
453,12.0
454,20.0
455,23.0
456,16.0
457,14.0
458,14.0
459,22.0
460,18.0
461,13.0
462,10.0
463,10.0
464,10.0
465,25.0
466,12.0
467,1.0
468,9.0
469,11.0
470,25.0
471,26.0
472,4.0
473,14.0
474,13.0
475,6.0
476,16.0
477,8.0
478,13.0
479,22.0
480,5.0
481,15.0
482,24.0
483,11.0
484,15.0
485,21.0
486,14.0
487,10.0
488,15.0
489,17.0
490,25.0
491,18.0
492,8.0
493,10.0
494,12.0
495,3.0
496,20.0
497,17.0
498,7.0
499,22.0
500,21.0
501,10.0
502,3.0
503,20.0
504,3.0
505,27.0
506,3.0
507,24.0
508,19.0
509,17.0
510,4.0
511,13.0
512,16.0
513,21.0
514,14.0
515,2.0
516,13.0
517,21.0
518,15.0
519,26.0
520,13.0
521,21.0
522,19.0
523,23.0
524,18.0
525,15.0
526,16.0
527,19.0
528,19.0
529,6.0
530,26.0
531,12.0
532,10.0
533,18.0
534,6.0
535,19.0
536,22.0
537,13.0
538,7.0
539,24.0
540,24.0
541,16.0
542,19.0
543,19.0
544,7.0
545,13.0
546,22.0
547,22.0
548,24.0
549,9.0
550,10.0
551,24.0
552,19.0
553,5.0
554,10.0
555,25.0
556,9.0
557,6.0
558,23.0
559,26.0
560,14.0
561,14.0
562,25.0
563,
564,19.0
565,23.0
566,15.0
567,6.0
568,15.0
569,19.0
570,12.0
571,22.0
572,6.0
573,16.0
574,1.0
575,12.0
576,9.0
577,2.0
578,9.0
579,14.0
580,20.0
581,9.0
582,12.0
583,23.0
584,7.0
585,13.0
586,14.0
587,7.0
588,16.0
589,2.0
590,25.0
591,
592,12.0
593,17.0
594,13.0
595,9.0
596,12.0
597,22.0
598,10.0
599,24.0
600,12.0
601,5.0
602,17.0
603,8.0
604,23.0
605,6.0
606,19.0
607,6.0
608,10.0
609,21.0
610,1.0
611,14.0
612,20.0
613,15.0
614,25.0
615,7.0
616,9.0
617,2.0
618,15.0
619,19.0
620,17.0
621,23.0
622,24.0
623,8.0
624,
625,5.0
626,2.0
627,9.0
628,13.0
629,11.0
630,14.0
631,
632,
633,6.0
634,8.0
635,4.0
636,21.0
637,6.0
638,24.0
639,12.0
640,22.0
641,7.0
642,8.0
643,32.0
644,16.0
645,14.0
646,3.0
647,8.0
648,15.0
649,2.0
650,4.0
651,21.0
652,6.0
653,23.0
654,23.0
655,13.0
656,11.0
657,1.0
658,23.0
659,14.0
660,6.0
661,22.0
662,11.0
663,4.0
664,4.0
665,4.0
666,12.0
667,12.0
668,5.0
669,8.0
670,11.0
671,9.0
672,
673,22.0
674,1.0
675,25.0
676,15.0
677,9.0
678,9.0
679,23.0
680,7.0
681,6.0
682,1.0
683,5.0
684,8.0
685,21.0
686,2.0
687,8.0
688,3.0
689,2.0
690,3.0
691,5.0
692,1.0
693,9.0
694,7.0
695,9.0
696,1.0
697,1.0
698,13.0
699,8.0
700,12.0
701,9.0
702,21.0
703,4.0
704,27.0
705,11.0
706,18.0
707,14.0
708,
709,15.0
710,14.0
711,3.0
712,8.0
713,6.0
714,7.0
715,11.0
716,1.0
717,
718,6.0
719,7.0
720,1.0
721,17.0
722,11.0
723,20.0
724,9.0
725,5.0
726,1.0
727,19.0
728,5.0
729,7.0
730,13.0
731,3.0
732,4.0
733,1.0
734,7.0
735,11.0
736,13.0
737,8.0
738,8.0
739,2.0
740,4.0
741,2.0
742,9.0
743,11.0
744,5.0
745,3.0
746,9.0
747,1.0
748,21.0
749,20.0
750,9.0
751,24.0
752,23.0
753,7.0
754,14.0
755,20.0
756,29.0
757,19.0
758,20.0
759,6.0
760,1.0
761,15.0
762,24.0
763,13.0
764,10.0
765,16.0
766,13.0
767,19.0
768,17.0
769,25.0
770,22.0
771,16.0
772,28.0
773,24.0
774,9.0
775,15.0
776,13.0
777,1.0
778,18.0
779,21.0
780,25.0
781,7.0
782,26.0
783,15.0
784,24.0
785,26.0
786,12.0
787,23.0
788,13.0
789,
790,6.0
791,5.0
792,25.0
793,6.0
794,9.0
795,17.0
796,15.0
797,11.0
798,6.0
799,30.0
800,22.0
801,16.0
802,19.0
803,16.0
804,23.0
805,7.0
806,30.0
807,9.0
808,10.0
809,20.0
810,25.0
811,7.0
812,9.0
813,22.0
814,23.0
815,17.0
816,22.0
817,22.0
818,25.0
819,15.0
820,42.0
821,16.0
822,16.0
823,18.0
824,25.0
825,15.0
826,8.0
827,13.0
828,16.0
829,5.0
830,8.0
831,10.0
832,24.0
833,27.0
834,24.0
835,22.0
836,2.0
837,16.0
838,27.0
839,14.0
840,7.0
841,9.0
842,21.0
843,22.0
844,19.0
845,16.0
846,3.0
847,46.0
848,10.0
849,38.0
850,18.0
851,10.0
852,6.0
853,27.0
854,18.0
855,25.0
856,18.0
857,7.0
858,28.0
859,3.0
860,1.0
861,7.0
862,5.0
863,9.0
864,28.0
865,4.0
866,9.0
867,8.0
868,4.0
869,27.0
870,24.0
871,18.0
872,13.0
873,4.0
874,20.0
875,7.0
876,10.0
877,25.0
878,22.0
879,23.0
880,2.0
881,21.0
882,22.0
883,6.0
884,9.0
885,18.0
886,7.0
887,20.0
888,9.0
889,8.0
890,20.0
891,17.0
892,4.0
893,14.0
894,18.0
895,17.0
896,23.0
897,23.0
898,22.0
899,9.0
900,19.0
901,21.0
902,9.0
903,8.0
904,19.0
905,26.0
906,3.0
907,26.0
908,23.0
909,26.0
910,12.0
911,15.0
912,18.0
913,27.0
914,16.0
915,22.0
916,10.0
917,19.0
918,4.0
919,23.0
920,21.0
921,19.0
922,8.0
923,11.0
924,4.0
925,17.0
926,12.0
927,26.0
928,23.0
929,21.0
930,24.0
931,19.0
932,21.0
933,22.0
934,9.0
935,3.0
936,8.0
937,27.0
938,7.0
939,8.0
940,14.0
941,13.0
942,22.0
943,23.0
944,9.0
945,13.0
946,3.0
947,17.0
948,
949,8.0
950,6.0
951,2.0
952,16.0
953,5.0
954,
955,1.0
956,1.0
957,9.0
958,7.0
959,12.0
960,9.0
961,6.0
962,15.0
963,6.0
964,17.0
965,8.0
966,5.0
967,10.0
968,13.0
969,13.0
970,16.0
971,9.0
972,8.0
973,21.0
974,13.0
975,22.0
976,4.0
977,9.0
978,8.0
979,21.0
980,6.0
981,21.0
982,1.0
983,3.0
984,25.0
985,21.0
986,9.0
987,22.0
988,14.0
989,8.0
990,19.0
991,3.0
992,20.0
993,5.0
994,10.0
995,22.0
996,20.0
997,20.0
998,22.0
999,
1000,20.0
1001,8.0
1002,29.0
1003,9.0
1004,22.0
1005,9.0
1006,14.0
1007,22.0
1008,16.0
1009,4.0
1010,23.0
1011,3.0
1012,13.0
1013,5.0
1014,13.0
1015,11.0
1016,10.0
1017,6.0
1018,5.0
1019,6.0
1020,24.0
1021,24.0
1022,15.0
1023,21.0
1024,14.0
1025,21.0
1026,27.0
1027,16.0
1028,15.0
1029,11.0
1030,4.0
1031,26.0
1032,8.0
1033,20.0
1034,10.0
1035,12.0
1036,8.0
1037,2.0
1038,25.0
1039,25.0
1040,12.0
1041,22.0
1042,23.0
1043,26.0
1044,28.0
1045,4.0
1046,10.0
1047,20.0
1048,17.0
1049,18.0
1050,23.0
1051,18.0
1052,17.0
1053,7.0
1054,
1055,22.0
1056,8.0
1057,27.0
1058,14.0
1059,22.0
1060,23.0
1061,13.0
1062,14.0
1063,14.0
1064,26.0
1065,15.0
1066,10.0
1067,9.0
1068,23.0
1069,15.0
1070,3.0
1071,7.0
1072,24.0
1073,22.0
1074,4.0
1075,20.0
1076,4.0
1077,19.0
1078,18.0
1079,4.0
1080,28.0
1081,25.0
1082,27.0
1083,9.0
1084,22.0
1085,21.0
1086,5.0
1087,9.0
1088,4.0
1089,21.0
1090,20.0
1091,23.0
1092,4.0
1093,11.0
1094,7.0
1095,4.0
1096,14.0
1097,17.0
1098,18.0
1099,22.0
1100,25.0
1101,23.0
1102,23.0
1103,6.0
1104,14.0
1105,30.0
1106,20.0
1107,15.0
1108,20.0
1109,15.0
1110,27.0
1111,12.0
1112,25.0
1113,23.0
1114,20.0
1115,10.0
1116,15.0
1117,10.0
1118,6.0
1119,9.0
1120,15.0
1121,26.0
1122,27.0
1123,14.0
1124,8.0
1125,17.0
1126,11.0
1127,10.0
1128,16.0
1129,2.0
1130,1.0
1131,3.0
1132,2.0
1133,24.0
1134,1.0
1135,6.0
1136,1.0
1137,9.0
1138,6.0
1139,16.0
1140,10.0
1141,16.0
1142,6.0
1143,4.0
1144,5.0
1145,11.0
1146,5.0
1147,10.0
1148,12.0
1149,13.0
1150,6.0
1151,14.0
1152,13.0
1153,26.0
1154,5.0
1155,19.0
1156,26.0
1157,16.0
1158,5.0
1159,5.0
1160,25.0
1161,7.0
1162,25.0
1163,20.0
1164,19.0
1165,20.0
1166,5.0
1167,9.0
1168,18.0
1169,13.0
1170,25.0
1171,7.0
1172,15.0
1173,4.0
1174,8.0
1175,12.0
1176,6.0
1177,18.0
1178,3.0
1179,9.0
1180,18.0
1181,6.0
1182,11.0
1183,14.0
1184,11.0
1185,22.0
1186,20.0
1187,21.0
1188,4.0
1189,1.0
1190,15.0
1191,10.0
1192,13.0
1193,8.0
1194,6.0
1195,14.0
1196,11.0
1197,24.0
1198,28.0
1199,3.0
1200,9.0
1201,20.0
1202,7.0
1203,8.0
1204,10.0
1205,6.0
1206,
1207,7.0
1208,6.0
1209,8.0
1210,21.0
1211,7.0
1212,11.0
1213,4.0
1214,24.0
1215,11.0
1216,17.0
1217,5.0
1218,1.0
1219,
1220,8.0
1221,2.0
1222,9.0
1223,1.0
1224,7.0
1225,4.0
1226,7.0
1227,2.0
1228,13.0
1229,14.0
1230,24.0
1231,1.0
1232,16.0
1233,11.0
1234,10.0
1235,15.0
1236,9.0
1237,8.0
1238,16.0
1239,18.0
1240,2.0
1241,7.0
1242,6.0
1243,7.0
1244,9.0
1245,21.0
1246,15.0
1247,12.0
1248,18.0
1249,18.0
1250,9.0
1251,10.0
1252,10.0
1253,7.0
1254,
1255,17.0
1256,8.0
1257,14.0
1258,4.0
1259,11.0
1260,19.0
1261,10.0
1262,18.0
1263,12.0
1264,24.0
1265,17.0
1266,26.0
1267,25.0
1268,12.0
1269,10.0
1270,10.0
1271,5.0
1272,11.0
1273,13.0
1274,22.0
1275,13.0
1276,11.0
1277,23.0
1278,17.0
1279,19.0
1280,15.0
1281,14.0
1282,11.0
1283,23.0
1284,12.0
1285,4.0
1286,11.0
1287,25.0
1288,32.0
1289,19.0
1290,16.0
1291,13.0
1292,9.0
1293,4.0
1294,18.0
1295,11.0
1296,15.0
1297,6.0
1298,10.0
1299,26.0
1300,13.0
1301,14.0
1302,24.0
1303,14.0
1304,12.0
1305,16.0
1306,3.0
1307,16.0
1308,25.0
1309,23.0
1310,11.0
1311,26.0
1312,9.0
1313,12.0
1314,24.0
1315,25.0
1316,15.0
1317,20.0
1318,24.0
1319,14.0
1320,14.0
1321,12.0
1322,18.0
1323,28.0
1324,26.0
1325,24.0
1326,11.0
1327,
1328,26.0
1329,12.0
1330,10.0
1331,5.0
1332,26.0
1333,9.0
1334,20.0
1335,25.0
1336,37.0
1337,26.0
1338,23.0
1339,20.0
1340,25.0
1341,17.0
1342,25.0
1343,22.0
1344,23.0
1345,7.0
1346,27.0
1347,24.0
1348,5.0
1349,24.0
1350,3.0
1351,11.0
1352,6.0
1353,23.0
1354,12.0
1355,27.0
1356,17.0
1357,20.0
1358,6.0
1359,25.0
1360,13.0
1361,8.0
1362,21.0
1363,22.0
1364,15.0
1365,27.0
1366,27.0
1367,24.0
1368,26.0
1369,10.0
1370,28.0
1371,21.0
1372,16.0
1373,16.0
1374,6.0
1375,7.0
1376,15.0
1377,11.0
1378,22.0
1379,18.0
1380,20.0
1381,
1382,21.0
1383,22.0
1384,24.0
1385,7.0
1386,22.0
1387,6.0
1388,5.0
1389,23.0
1390,4.0
1391,12.0
1392,16.0
1393,16.0
1394,9.0
1395,20.0
1396,25.0
1397,7.0
1398,13.0
1399,18.0
1400,20.0
1401,10.0
1402,6.0
1403,23.0
1404,26.0
1405,12.0
1406,22.0
1407,10.0
1408,18.0
1409,10.0
1410,4.0
1411,15.0
1412,26.0
1413,14.0
1414,14.0
1415,11.0
1416,21.0
1417,21.0
1418,4.0
1419,1.0
1420,2.0
1421,8.0
1422,9.0
1423,15.0
1424,9.0
1425,3.0
1426,12.0
1427,19.0
1428,18.0
1429,10.0
1430,16.0
1431,3.0
1432,8.0
1433,11.0
1434,19.0
1435,14.0
1436,25.0
1437,24.0
1438,14.0
1439,13.0
1440,18.0
1441,17.0
1442,6.0
1443,15.0
1444,10.0
1445,13.0
1446,18.0
1447,15.0
1448,
1449,13.0
1450,10.0
1451,8.0
1452,21.0
1453,17.0
1454,16.0
1455,30.0
1456,3.0
1457,24.0
1458,20.0
1459,19.0
1460,22.0
1461,4.0
1462,27.0
1463,9.0
1464,23.0
1465,10.0
1466,28.0
1467,11.0
1468,9.0
1469,14.0
1470,23.0
1471,8.0
1472,17.0
1473,11.0
1474,11.0
1475,14.0
1476,25.0
1477,8.0
1478,10.0
1479,3.0
1480,21.0
1481,13.0
1482,8.0
1483,9.0
1484,9.0
1485,3.0
1486,19.0
1487,21.0
1488,9.0
1489,12.0
1490,17.0
1491,11.0
1492,14.0
1493,23.0
1494,24.0
1495,7.0
1496,27.0
1497,25.0
1498,26.0
1499,17.0
1500,18.0
1501,27.0
1502,25.0
1503,10.0
1504,15.0
1505,12.0
1506,12.0
1507,23.0
1508,18.0
1509,24.0
1510,11.0
1511,16.0
1512,20.0
1513,17.0
1514,5.0
1515,12.0
1516,10.0
1517,19.0
1518,19.0
1519,24.0
1520,14.0
1521,20.0
1522,24.0
1523,14.0
1524,21.0
1525,12.0
1526,20.0
1527,10.0
1528,12.0
1529,19.0
1530,14.0
1531,31.0
1532,17.0
1533,15.0
1534,11.0
1535,29.0
1536,21.0
1537,20.0
1538,16.0
1539,25.0
1540,13.0
1541,24.0
1542,14.0
1543,3.0
1544,8.0
1545,9.0
1546,20.0
1547,14.0
1548,10.0
1549,17.0
1550,21.0
1551,14.0
1552,19.0
1553,12.0
1554,22.0
1555,24.0
1556,13.0
1557,12.0
1558,16.0
1559,13.0
1560,12.0
1561,9.0
1562,15.0
1563,20.0
1564,4.0
1565,14.0
1566,8.0
1567,25.0
1568,21.0
1569,12.0
1570,18.0
1571,27.0
1572,10.0
1573,15.0
1574,6.0
1575,16.0
1576,
1577,7.0
1578,10.0
1579,11.0
1580,26.0
1581,3.0
1582,26.0
1583,9.0
1584,12.0
1585,7.0
1586,6.0
1587,25.0
1588,7.0
1589,11.0
1590,7.0
1591,10.0
1592,17.0
1593,9.0
1594,13.0
1595,10.0
1596,2.0
1597,13.0
1598,20.0
1599,20.0
1600,16.0
1601,2.0
1602,3.0
1603,8.0
1604,14.0
1605,21.0
1606,10.0
1607,10.0
1608,18.0
1609,11.0
1610,20.0
1611,2.0
1612,6.0
1613,2.0
1614,5.0
1615,4.0
1616,19.0
1617,12.0
1618,24.0
1619,24.0
1620,9.0
1621,11.0
1622,1.0
1623,26.0
1624,32.0
1625,22.0
1626,13.0
1627,26.0
1628,15.0
1629,21.0
1630,
1631,7.0
1632,16.0
1633,22.0
1634,24.0
1635,7.0
1636,9.0
1637,9.0
1638,2.0
1639,8.0
1640,8.0
1641,6.0
1642,1.0
1643,18.0
1644,11.0
1645,10.0
1646,10.0
1647,1.0
1648,9.0
1649,9.0
1650,18.0
1651,4.0
1652,11.0
1653,3.0
1654,20.0
1655,4.0
1656,10.0
1657,8.0
1658,18.0
1659,10.0
1660,7.0
1661,18.0
1662,5.0
1663,19.0
1664,5.0
1665,8.0
1666,8.0
1667,3.0
1668,6.0
1669,9.0
1670,
1671,21.0
1672,7.0
1673,12.0
1674,25.0
1675,21.0
1676,9.0
1677,19.0
1678,18.0
1679,16.0
1680,4.0
1681,15.0
1682,2.0
1683,20.0
1684,1.0
1685,10.0
1686,5.0
1687,18.0
1688,25.0
1689,2.0
1690,9.0
1691,25.0
1692,15.0
1693,4.0
1694,5.0
1695,4.0
1696,9.0
1697,
1698,19.0
1699,5.0
1700,10.0
1701,16.0
1702,14.0
1703,3.0
1704,12.0
1705,16.0
1706,9.0
1707,25.0
1708,17.0
1709,13.0
1710,13.0
1711,19.0
1712,17.0
1713,20.0
1714,21.0
1715,22.0
1716,13.0
1717,19.0
1718,19.0
1719,22.0
1720,27.0
1721,20.0
1722,13.0
1723,12.0
1724,4.0
1725,23.0
1726,10.0
1727,16.0
1728,23.0
1729,11.0
1730,5.0
1731,4.0
1732,10.0
1733,22.0
1734,25.0
1735,13.0
1736,11.0
1737,14.0
1738,18.0
1739,25.0
1740,21.0
1741,42.0
1742,14.0
1743,25.0
1744,16.0
1745,18.0
1746,7.0
1747,25.0
1748,9.0
1749,19.0
1750,7.0
1751,13.0
1752,24.0
1753,13.0
1754,20.0
1755,12.0
1756,33.0
1757,22.0
1758,20.0
1759,9.0
1760,27.0
1761,4.0
1762,16.0
1763,23.0
1764,23.0
1765,13.0
1766,25.0
1767,5.0
1768,22.0
1769,21.0
1770,20.0
1771,8.0
1772,18.0
1773,24.0
1774,21.0
1775,18.0
1776,43.0
1777,25.0
1778,2.0
1779,19.0
1780,18.0
1781,27.0
1782,10.0
1783,13.0
1784,5.0
1785,21.0
1786,23.0
1787,15.0
1788,10.0
1789,13.0
1790,16.0
1791,9.0
1792,23.0
1793,27.0
1794,9.0
1795,6.0
1796,21.0
1797,22.0
1798,19.0
1799,20.0
1800,16.0
1801,9.0
1802,17.0
1803,11.0
1804,15.0
1805,25.0
1806,15.0
1807,25.0
1808,24.0
1809,22.0
1810,19.0
1811,24.0
1812,2.0
1813,11.0
1814,14.0
1815,11.0
1816,9.0
1817,16.0
1818,16.0
1819,23.0
1820,23.0
1821,30.0
1822,26.0
1823,10.0
1824,6.0
1825,10.0
1826,18.0
1827,23.0
1828,26.0
1829,14.0
1830,13.0
1831,10.0
1832,3.0
1833,14.0
1834,19.0
1835,8.0
1836,10.0
1837,10.0
1838,12.0
1839,6.0
1840,9.0
1841,21.0
1842,24.0
1843,26.0
1844,13.0
1845,13.0
1846,22.0
1847,15.0
1848,26.0
1849,11.0
1850,18.0
1851,19.0
1852,1.0
1853,14.0
1854,8.0
1855,7.0
1856,12.0
1857,21.0
1858,9.0
1859,21.0
1860,7.0
1861,13.0
1862,20.0
1863,1.0
1864,14.0
1865,22.0
1866,7.0
1867,22.0
1868,2.0
1869,20.0
1870,5.0
1871,
1872,14.0
1873,8.0
1874,16.0
1875,3.0
1876,24.0
1877,23.0
1878,16.0
1879,6.0
1880,13.0
1881,20.0
1882,12.0
1883,11.0
1884,14.0
1885,15.0
1886,15.0
1887,20.0
1888,
1889,13.0
1890,14.0
1891,3.0
1892,23.0
1893,14.0
1894,18.0
1895,16.0
1896,18.0
1897,11.0
1898,23.0
1899,24.0
1900,21.0
1901,13.0
1902,9.0
1903,7.0
1904,21.0
1905,11.0
1906,24.0
1907,19.0
1908,24.0
1909,23.0
1910,9.0
1911,22.0
1912,10.0
1913,10.0
1914,22.0
1915,17.0
1916,23.0
1917,24.0
1918,15.0
1919,20.0
1920,12.0
1921,26.0
1922,21.0
1923,27.0
1924,16.0
1925,24.0
1926,24.0
1927,20.0
1928,6.0
1929,19.0
1930,6.0
1931,21.0
1932,22.0
1933,17.0
1934,1.0
1935,27.0
1936,20.0
1937,5.0
1938,10.0
1939,22.0
1940,5.0
1941,23.0
1942,28.0
1943,15.0
1944,26.0
1945,12.0
1946,24.0
1947,24.0
1948,4.0
1949,15.0
1950,13.0
1951,21.0
1952,16.0
1953,27.0
1954,8.0
1955,15.0
1956,9.0
1957,24.0
1958,14.0
