0,62.0
1,92.0
2,140.0
3,140.0
4,65.0
5,229.0
6,244.0
7,66.0
8,160.0
9,279.0
10,146.0
11,158.0
12,137.0
13,284.0
14,38.0
15,200.0
16,246.0
17,106.0
18,159.0
19,187.0
20,89.0
21,141.0
22,38.0
23,121.0
24,82.0
25,257.0
26,252.0
27,147.0
28,182.0
29,245.0
30,83.0
31,195.0
32,132.0
33,266.0
34,99.0
35,76.0
36,160.0
37,63.0
38,65.0
39,235.0
40,115.0
41,131.0
42,82.0
43,253.0
44,201.0
45,60.0
46,143.0
47,161.0
48,49.0
49,96.0
50,175.0
51,276.0
52,43.0
53,125.0
54,76.0
55,95.0
56,203.0
57,190.0
58,303.0
59,133.0
60,141.0
61,47.0
62,180.0
63,47.0
64,209.0
65,98.0
66,247.0
67,80.0
68,195.0
69,79.0
70,151.0
71,203.0
72,271.0
73,245.0
74,269.0
75,224.0
76,178.0
77,140.0
78,200.0
79,266.0
80,126.0
81,143.0
82,256.0
83,128.0
84,254.0
85,108.0
86,207.0
87,31.0
88,110.0
89,288.0
90,270.0
91,143.0
92,76.0
93,116.0
94,270.0
95,135.0
96,274.0
97,42.0
98,96.0
99,106.0
100,162.0
101,28.0
102,67.0
103,223.0
104,260.0
105,106.0
106,112.0
107,279.0
108,245.0
109,152.0
110,159.0
111,141.0
112,175.0
113,247.0
114,100.0
115,60.0
116,222.0
117,67.0
118,245.0
119,187.0
120,132.0
121,44.0
122,60.0
123,81.0
124,100.0
125,34.0
126,226.0
127,173.0
128,150.0
129,139.0
130,279.0
131,259.0
132,68.0
133,45.0
134,238.0
135,174.0
136,90.0
137,269.0
138,221.0
139,227.0
140,274.0
141,274.0
142,213.0
143,283.0
144,195.0
145,232.0
146,109.0
147,140.0
148,176.0
149,212.0
150,114.0
151,50.0
152,190.0
153,135.0
154,227.0
155,64.0
156,209.0
157,164.0
158,135.0
159,137.0
160,187.0
161,269.0
162,110.0
163,99.0
164,26.0
165,62.0
166,97.0
167,203.0
168,188.0
169,105.0
170,194.0
171,211.0
172,33.0
173,104.0
174,323.0
175,47.0
176,242.0
177,121.0
178,245.0
179,232.0
180,224.0
181,104.0
182,232.0
183,89.0
184,46.0
185,67.0
186,245.0
187,175.0
188,23.0
189,259.0
190,215.0
191,133.0
192,303.0
193,276.0
194,213.0
195,55.0
196,234.0
197,191.0
198,96.0
199,217.0
200,293.0
201,182.0
202,235.0
203,138.0
204,274.0
205,69.0
206,261.0
207,205.0
208,245.0
209,305.0
210,141.0
211,130.0
212,190.0
213,140.0
214,82.0
215,237.0
216,131.0
217,249.0
218,243.0
219,115.0
220,233.0
221,302.0
222,268.0
223,84.0
224,76.0
225,123.0
226,99.0
227,216.0
228,255.0
229,92.0
230,38.0
231,115.0
232,243.0
233,146.0
234,146.0
235,245.0
236,213.0
237,171.0
238,113.0
239,213.0
240,140.0
241,238.0
242,194.0
243,62.0
244,189.0
245,120.0
246,223.0
247,200.0
248,250.0
249,238.0
250,46.0
251,96.0
252,117.0
253,174.0
254,91.0
255,68.0
256,224.0
257,61.0
258,121.0
259,69.0
260,137.0
261,232.0
262,201.0
263,185.0
264,217.0
265,288.0
266,48.0
267,256.0
268,235.0
269,201.0
270,168.0
271,257.0
272,93.0
273,146.0
274,48.0
275,96.0
276,138.0
277,161.0
278,118.0
279,243.0
280,185.0
281,288.0
282,223.0
283,160.0
284,35.0
285,120.0
286,218.0
287,90.0
288,146.0
289,130.0
290,158.0
291,145.0
292,30.0
293,237.0
294,146.0
295,262.0
296,183.0
297,118.0
298,132.0
299,97.0
300,229.0
301,132.0
302,192.0
303,101.0
304,65.0
305,106.0
306,158.0
307,288.0
308,243.0
309,163.0
310,174.0
311,173.0
312,225.0
313,230.0
314,224.0
315,167.0
316,186.0
317,118.0
318,85.0
319,265.0
320,240.0
321,179.0
322,140.0
323,40.0
324,62.0
325,172.0
326,118.0
327,75.0
328,270.0
329,234.0
330,140.0
331,241.0
332,84.0
333,106.0
334,231.0
335,135.0
336,133.0
337,252.0
338,42.0
339,140.0
340,214.0
341,221.0
342,231.0
343,115.0
344,64.0
345,159.0
346,216.0
347,116.0
348,106.0
349,75.0
350,176.0
351,234.0
352,34.0
353,245.0
354,108.0
355,152.0
356,281.0
357,154.0
358,146.0
359,234.0
360,272.0
361,48.0
362,168.0
363,79.0
364,258.0
365,54.0
366,198.0
367,268.0
368,84.0
369,127.0
370,99.0
371,231.0
372,20.0
373,68.0
374,155.0
375,158.0
376,183.0
377,135.0
378,72.0
379,34.0
380,159.0
381,57.0
382,127.0
383,269.0
384,256.0
385,183.0
386,75.0
387,115.0
388,141.0
389,187.0
390,154.0
391,245.0
392,107.0
393,272.0
394,98.0
395,185.0
396,87.0
397,270.0
398,150.0
399,194.0
400,101.0
401,107.0
402,236.0
403,163.0
404,98.0
405,89.0
406,195.0
407,211.0
408,215.0
409,203.0
410,177.0
411,114.0
412,175.0
413,92.0
414,201.0
415,241.0
416,137.0
417,225.0
418,139.0
419,140.0
420,96.0
421,246.0
422,134.0
423,146.0
424,97.0
425,60.0
426,104.0
427,228.0
428,141.0
429,127.0
430,52.0
431,227.0
432,89.0
433,175.0
434,229.0
435,93.0
436,17.0
437,121.0
438,36.0
439,229.0
440,223.0
441,179.0
442,68.0
443,83.0
444,178.0
445,254.0
446,118.0
447,245.0
448,41.0
449,102.0
450,173.0
451,171.0
452,95.0
453,116.0
454,127.0
455,76.0
456,248.0
457,266.0
458,274.0
459,244.0
460,128.0
461,234.0
462,227.0
463,192.0
464,255.0
465,232.0
466,54.0
467,145.0
468,89.0
469,42.0
470,120.0
471,68.0
472,263.0
473,163.0
474,126.0
475,269.0
476,150.0
477,85.0
478,32.0
479,42.0
480,30.0
481,185.0
482,120.0
483,255.0
484,137.0
485,211.0
486,65.0
487,226.0
488,204.0
489,214.0
490,49.0
491,190.0
492,175.0
493,252.0
494,108.0
495,125.0
496,95.0
497,255.0
498,107.0
499,7.0
500,197.0
501,179.0
502,235.0
503,213.0
504,175.0
505,183.0
506,85.0
507,152.0
508,108.0
509,203.0
510,44.0
511,115.0
512,232.0
513,80.0
514,97.0
515,203.0
516,187.0
517,202.0
518,7.0
519,122.0
520,241.0
521,67.0
522,195.0
523,274.0
524,80.0
525,49.0
526,147.0
527,194.0
528,132.0
529,135.0
530,208.0
531,120.0
532,226.0
533,216.0
534,211.0
535,203.0
536,92.0
537,64.0
538,257.0
539,216.0
540,85.0
541,137.0
542,232.0
543,118.0
544,195.0
545,116.0
546,236.0
547,236.0
548,105.0
549,245.0
550,65.0
551,238.0
552,62.0
553,276.0
554,118.0
555,268.0
556,211.0
557,140.0
558,213.0
559,73.0
560,115.0
561,110.0
562,233.0
563,136.0
564,243.0
565,112.0
566,261.0
567,83.0
568,107.0
569,159.0
570,67.0
571,155.0
572,134.0
573,62.0
574,203.0
575,271.0
576,129.0
577,96.0
578,283.0
579,124.0
580,152.0
581,231.0
582,196.0
583,187.0
584,130.0
585,62.0
586,203.0
587,134.0
588,175.0
589,219.0
590,265.0
591,95.0
592,103.0
593,144.0
594,218.0
595,167.0
596,137.0
597,250.0
598,209.0
599,114.0
600,210.0
601,246.0
602,171.0
603,116.0
604,64.0
605,214.0
606,96.0
607,239.0
608,155.0
609,62.0
610,276.0
611,247.0
612,39.0
613,104.0
614,190.0
615,155.0
616,110.0
617,129.0
618,100.0
619,80.0
620,158.0
621,140.0
622,230.0
623,72.0
624,138.0
625,85.0
626,168.0
627,108.0
628,105.0
629,80.0
630,99.0
631,150.0
632,63.0
633,137.0
634,107.0
635,127.0
636,38.0
637,188.0
638,114.0
639,201.0
640,127.0
641,135.0
642,132.0
643,157.0
644,190.0
645,245.0
646,195.0
647,161.0
648,173.0
649,140.0
650,107.0
651,155.0
652,237.0
653,222.0
654,26.0
655,127.0
656,57.0
657,95.0
658,139.0
659,140.0
660,175.0
661,252.0
662,247.0
663,244.0
664,188.0
665,230.0
666,210.0
667,186.0
668,54.0
669,62.0
670,187.0
671,97.0
672,85.0
673,110.0
674,233.0
675,191.0
676,137.0
677,111.0
678,96.0
679,201.0
680,60.0
681,200.0
682,167.0
683,159.0
684,83.0
685,60.0
686,68.0
687,77.0
688,188.0
689,98.0
690,59.0
691,187.0
692,235.0
693,177.0
694,142.0
695,46.0
696,124.0
697,96.0
698,232.0
699,245.0
700,135.0
701,264.0
702,235.0
703,159.0
704,173.0
705,107.0
706,272.0
707,139.0
708,70.0
709,123.0
710,274.0
711,226.0
712,159.0
713,167.0
714,213.0
715,256.0
716,89.0
717,276.0
718,243.0
719,201.0
720,256.0
721,117.0
722,79.0
723,201.0
724,256.0
725,254.0
726,46.0
727,113.0
728,131.0
729,99.0
730,192.0
731,362.0
732,91.0
733,281.0
734,74.0
735,223.0
736,209.0
737,90.0
738,194.0
739,138.0
740,252.0
741,118.0
742,203.0
743,138.0
744,200.0
745,95.0
746,254.0
747,322.0
748,65.0
749,71.0
750,267.0
751,156.0
752,138.0
753,125.0
754,267.0
755,269.0
756,110.0
757,160.0
758,278.0
759,200.0
760,218.0
761,276.0
762,184.0
763,125.0
764,171.0
765,241.0
766,278.0
767,77.0
768,151.0
769,184.0
770,25.0
771,117.0
772,267.0
773,218.0
774,192.0
775,163.0
776,119.0
777,128.0
778,208.0
779,225.0
780,249.0
781,75.0
782,213.0
783,213.0
784,223.0
785,187.0
786,196.0
787,167.0
788,254.0
789,104.0
790,85.0
791,102.0
792,141.0
793,149.0
794,118.0
795,299.0
796,247.0
797,226.0
798,228.0
799,188.0
800,26.0
801,142.0
802,72.0
803,101.0
804,48.0
805,108.0
806,185.0
807,100.0
808,238.0
809,279.0
810,217.0
811,216.0
812,231.0
813,251.0
814,164.0
815,168.0
816,261.0
817,48.0
818,186.0
819,96.0
820,297.0
821,62.0
822,101.0
823,222.0
824,80.0
825,235.0
826,123.0
827,118.0
828,68.0
829,221.0
830,116.0
831,171.0
832,185.0
833,295.0
834,227.0
835,67.0
836,76.0
837,150.0
838,716.0
839,186.0
840,84.0
841,124.0
842,260.0
843,198.0
844,213.0
845,260.0
846,254.0
847,273.0
848,123.0
849,297.0
850,175.0
851,184.0
852,195.0
853,79.0
854,105.0
855,76.0
856,237.0
857,125.0
858,253.0
859,155.0
860,243.0
861,95.0
862,291.0
863,82.0
864,222.0
865,7.0
866,73.0
867,136.0
868,101.0
869,213.0
870,184.0
871,189.0
872,130.0
873,256.0
874,173.0
875,150.0
876,222.0
877,97.0
878,26.0
879,254.0
880,68.0
881,265.0
882,114.0
883,159.0
884,210.0
885,150.0
886,111.0
887,202.0
888,196.0
889,265.0
890,91.0
891,38.0
892,238.0
893,241.0
894,158.0
895,143.0
896,150.0
897,175.0
898,134.0
899,104.0
900,236.0
901,84.0
902,186.0
903,203.0
904,143.0
905,248.0
906,212.0
907,295.0
908,19.0
909,276.0
910,146.0
911,143.0
912,116.0
913,210.0
914,227.0
915,235.0
916,75.0
917,230.0
918,259.0
919,72.0
920,259.0
921,179.0
922,140.0
923,191.0
924,213.0
925,246.0
926,159.0
927,175.0
928,213.0
929,229.0
930,295.0
931,229.0
932,146.0
933,249.0
934,234.0
935,288.0
936,183.0
937,216.0
938,218.0
939,137.0
940,225.0
941,257.0
942,199.0
943,229.0
944,222.0
945,176.0
946,292.0
947,47.0
948,135.0
949,83.0
950,204.0
951,203.0
952,172.0
953,118.0
954,149.0
955,132.0
956,143.0
957,216.0
958,261.0
959,175.0
960,225.0
961,229.0
962,269.0
963,141.0
964,130.0
965,175.0
966,116.0
967,225.0
968,222.0
969,127.0
970,228.0
971,158.0
972,157.0
973,36.0
974,76.0
975,67.0
976,111.0
977,229.0
978,154.0
979,237.0
980,225.0
981,43.0
982,260.0
983,155.0
984,130.0
985,94.0
986,127.0
987,169.0
988,103.0
989,217.0
990,101.0
991,157.0
992,213.0
993,31.0
994,238.0
995,158.0
996,202.0
997,223.0
998,152.0
999,84.0
1000,215.0
1001,130.0
1002,178.0
1003,190.0
1004,112.0
1005,278.0
1006,191.0
1007,158.0
1008,46.0
1009,50.0
1010,49.0
1011,115.0
1012,116.0
1013,96.0
1014,48.0
1015,271.0
1016,204.0
1017,89.0
1018,229.0
1019,145.0
1020,38.0
1021,122.0
1022,134.0
1023,192.0
1024,159.0
1025,202.0
1026,264.0
1027,127.0
1028,107.0
1029,172.0
1030,137.0
1031,104.0
1032,106.0
1033,180.0
1034,75.0
1035,164.0
1036,26.0
1037,151.0
1038,178.0
1039,260.0
1040,64.0
1041,187.0
1042,241.0
1043,252.0
1044,229.0
1045,157.0
1046,129.0
1047,198.0
1048,110.0
1049,251.0
1050,213.0
1051,222.0
1052,162.0
1053,116.0
1054,66.0
1055,203.0
1056,127.0
1057,168.0
1058,149.0
1059,96.0
1060,77.0
1061,117.0
1062,228.0
1063,85.0
1064,255.0
1065,173.0
1066,106.0
1067,162.0
1068,179.0
1069,85.0
1070,117.0
1071,297.0
1072,154.0
1073,91.0
1074,3.0
1075,63.0
1076,265.0
1077,183.0
1078,40.0
1079,41.0
1080,77.0
1081,127.0
1082,279.0
1083,89.0
1084,171.0
1085,155.0
1086,273.0
1087,31.0
1088,101.0
1089,224.0
1090,60.0
1091,263.0
1092,248.0
1093,123.0
1094,223.0
1095,107.0
1096,187.0
1097,232.0
1098,232.0
1099,137.0
1100,216.0
1101,186.0
1102,199.0
1103,236.0
1104,157.0
1105,252.0
1106,263.0
1107,203.0
1108,103.0
1109,77.0
1110,224.0
1111,143.0
1112,34.0
1113,231.0
1114,99.0
1115,146.0
1116,188.0
1117,174.0
1118,255.0
1119,79.0
1120,103.0
1121,176.0
1122,211.0
1123,176.0
1124,89.0
1125,254.0
1126,138.0
1127,247.0
1128,239.0
1129,255.0
1130,232.0
1131,138.0
1132,244.0
1133,128.0
1134,203.0
1135,257.0
1136,97.0
1137,187.0
1138,66.0
1139,167.0
1140,169.0
1141,137.0
1142,76.0
1143,181.0
1144,114.0
1145,147.0
1146,65.0
1147,73.0
1148,108.0
1149,128.0
1150,79.0
1151,103.0
1152,77.0
1153,249.0
1154,134.0
1155,37.0
1156,63.0
1157,216.0
1158,143.0
1159,190.0
1160,56.0
1161,30.0
1162,118.0
1163,25.0
1164,229.0
1165,146.0
1166,134.0
1167,198.0
1168,208.0
1169,67.0
1170,303.0
1171,186.0
1172,66.0
1173,274.0
1174,220.0
1175,207.0
1176,259.0
1177,194.0
1178,215.0
1179,210.0
1180,159.0
1181,242.0
1182,84.0
1183,120.0
1184,224.0
1185,144.0
1186,218.0
1187,76.0
1188,179.0
1189,222.0
1190,85.0
1191,180.0
1192,168.0
1193,245.0
1194,107.0
1195,252.0
1196,261.0
1197,77.0
1198,31.0
1199,155.0
1200,186.0
1201,138.0
1202,245.0
1203,286.0
1204,121.0
1205,75.0
1206,60.0
1207,270.0
1208,237.0
1209,270.0
1210,35.0
1211,107.0
1212,177.0
1213,161.0
1214,176.0
1215,43.0
1216,201.0
1217,76.0
1218,114.0
1219,174.0
1220,108.0
1221,121.0
1222,62.0
1223,219.0
1224,130.0
1225,143.0
1226,55.0
1227,17.0
1228,129.0
1229,171.0
1230,238.0
1231,118.0
1232,272.0
1233,208.0
1234,254.0
1235,130.0
1236,171.0
1237,75.0
1238,213.0
1239,76.0
1240,74.0
1241,99.0
1242,220.0
1243,166.0
1244,232.0
1245,264.0
1246,270.0
1247,247.0
1248,157.0
1249,261.0
1250,98.0
1251,159.0
1252,171.0
1253,145.0
1254,187.0
1255,181.0
1256,134.0
1257,295.0
1258,258.0
1259,130.0
1260,154.0
1261,152.0
1262,274.0
1263,274.0
1264,236.0
1265,158.0
1266,31.0
1267,98.0
1268,161.0
1269,224.0
1270,151.0
1271,120.0
1272,64.0
1273,238.0
1274,145.0
1275,83.0
1276,129.0
1277,110.0
1278,274.0
1279,213.0
1280,182.0
1281,262.0
1282,101.0
1283,120.0
1284,63.0
1285,151.0
1286,195.0
1287,47.0
1288,117.0
1289,76.0
1290,175.0
1291,60.0
1292,42.0
1293,245.0
1294,196.0
1295,82.0
1296,174.0
1297,168.0
1298,236.0
1299,143.0
1300,244.0
1301,62.0
1302,107.0
1303,194.0
1304,247.0
1305,253.0
1306,219.0
1307,198.0
1308,167.0
1309,148.0
1310,129.0
1311,245.0
1312,146.0
1313,107.0
1314,64.0
1315,227.0
1316,127.0
1317,167.0
1318,77.0
1319,183.0
1320,137.0
1321,274.0
1322,73.0
1323,238.0
1324,254.0
1325,249.0
1326,619.0
1327,107.0
1328,63.0
1329,203.0
1330,266.0
1331,144.0
1332,73.0
1333,167.0
1334,102.0
1335,209.0
1336,297.0
1337,196.0
1338,162.0
1339,64.0
1340,533.0
1341,219.0
1342,76.0
1343,85.0
1344,199.0
1345,243.0
1346,213.0
1347,87.0
1348,240.0
1349,92.0
1350,198.0
1351,94.0
1352,223.0
1353,245.0
1354,171.0
1355,204.0
1356,249.0
1357,30.0
1358,127.0
1359,119.0
1360,73.0
1361,228.0
1362,19.0
1363,196.0
1364,96.0
1365,228.0
1366,231.0
1367,200.0
1368,31.0
1369,141.0
1370,47.0
1371,134.0
1372,146.0
1373,126.0
1374,63.0
1375,159.0
1376,117.0
1377,138.0
1378,217.0
1379,47.0
1380,41.0
1381,159.0
1382,236.0
1383,145.0
1384,168.0
1385,129.0
1386,260.0
1387,99.0
1388,221.0
1389,268.0
1390,295.0
1391,134.0
1392,89.0
1393,224.0
1394,138.0
1395,269.0
1396,186.0
1397,120.0
1398,236.0
1399,162.0
1400,183.0
1401,243.0
1402,134.0
1403,571.0
1404,116.0
1405,161.0
1406,183.0
1407,194.0
1408,221.0
1409,213.0
1410,220.0
1411,246.0
1412,79.0
1413,171.0
1414,120.0
1415,144.0
1416,155.0
1417,38.0
1418,211.0
1419,143.0
1420,285.0
1421,75.0
1422,294.0
1423,163.0
1424,146.0
1425,141.0
1426,141.0
1427,205.0
1428,
1429,43.0
1430,47.0
1431,260.0
1432,209.0
1433,209.0
1434,269.0
1435,175.0
1436,63.0
1437,274.0
1438,234.0
1439,55.0
1440,98.0
1441,42.0
1442,96.0
1443,249.0
1444,281.0
1445,198.0
1446,230.0
1447,224.0
1448,58.0
1449,265.0
1450,229.0
1451,107.0
1452,61.0
1453,195.0
1454,208.0
1455,73.0
1456,222.0
1457,144.0
1458,80.0
1459,37.0
1460,69.0
1461,30.0
1462,179.0
1463,187.0
1464,73.0
1465,203.0
1466,93.0
1467,124.0
1468,159.0
1469,295.0
1470,213.0
1471,237.0
1472,131.0
1473,138.0
1474,140.0
1475,28.0
1476,42.0
1477,190.0
1478,196.0
1479,242.0
1480,171.0
1481,169.0
1482,203.0
1483,147.0
1484,191.0
1485,71.0
1486,276.0
1487,181.0
1488,157.0
1489,130.0
1490,68.0
1491,82.0
1492,245.0
1493,97.0
1494,79.0
1495,157.0
1496,205.0
1497,201.0
1498,231.0
1499,231.0
1500,107.0
1501,122.0
1502,100.0
1503,215.0
1504,
1505,171.0
1506,223.0
1507,168.0
1508,253.0
1509,130.0
1510,226.0
1511,75.0
1512,130.0
1513,182.0
1514,114.0
1515,90.0
1516,216.0
1517,272.0
1518,73.0
1519,159.0
1520,98.0
1521,161.0
1522,38.0
1523,272.0
1524,120.0
1525,278.0
1526,108.0
1527,101.0
1528,229.0
1529,99.0
1530,187.0
1531,224.0
1532,17.0
1533,260.0
1534,184.0
1535,221.0
1536,194.0
1537,119.0
1538,116.0
1539,158.0
1540,140.0
1541,248.0
1542,236.0
1543,95.0
1544,108.0
1545,202.0
1546,122.0
1547,226.0
1548,83.0
1549,101.0
1550,199.0
1551,267.0
1552,94.0
1553,177.0
1554,167.0
1555,250.0
1556,203.0
1557,288.0
1558,115.0
1559,92.0
1560,77.0
1561,195.0
1562,187.0
1563,203.0
1564,86.0
1565,249.0
1566,129.0
1567,198.0
1568,96.0
1569,138.0
1570,96.0
1571,98.0
1572,84.0
1573,66.0
1574,207.0
1575,189.0
1576,102.0
1577,176.0
1578,251.0
1579,186.0
1580,198.0
1581,263.0
1582,252.0
1583,195.0
1584,110.0
1585,214.0
1586,192.0
1587,140.0
1588,164.0
1589,146.0
1590,122.0
1591,221.0
1592,222.0
1593,19.0
1594,116.0
1595,62.0
1596,105.0
1597,75.0
1598,220.0
1599,167.0
1600,227.0
1601,258.0
1602,97.0
1603,231.0
1604,217.0
1605,157.0
1606,90.0
1607,242.0
1608,143.0
1609,74.0
1610,245.0
1611,95.0
1612,120.0
1613,227.0
1614,194.0
1615,227.0
1616,127.0
1617,187.0
1618,127.0
1619,203.0
1620,191.0
1621,175.0
1622,85.0
1623,238.0
1624,163.0
1625,120.0
1626,71.0
1627,269.0
1628,179.0
1629,247.0
1630,127.0
1631,121.0
1632,167.0
1633,137.0
1634,98.0
1635,67.0
1636,142.0
1637,249.0
1638,143.0
1639,62.0
1640,238.0
1641,231.0
1642,72.0
1643,273.0
1644,55.0
1645,238.0
1646,92.0
1647,107.0
1648,55.0
1649,196.0
1650,198.0
1651,201.0
1652,154.0
1653,94.0
1654,143.0
1655,96.0
1656,22.0
1657,140.0
1658,216.0
1659,66.0
1660,256.0
1661,160.0
1662,89.0
1663,154.0
1664,130.0
1665,49.0
1666,200.0
1667,55.0
1668,143.0
1669,225.0
1670,77.0
1671,250.0
1672,203.0
1673,248.0
1674,60.0
1675,36.0
1676,46.0
1677,236.0
1678,201.0
1679,245.0
1680,89.0
1681,295.0
1682,155.0
1683,144.0
1684,85.0
1685,245.0
1686,107.0
1687,232.0
1688,203.0
1689,106.0
1690,171.0
1691,114.0
1692,124.0
1693,113.0
1694,40.0
1695,287.0
1696,185.0
1697,131.0
1698,152.0
1699,147.0
1700,86.0
1701,218.0
1702,242.0
1703,221.0
1704,235.0
1705,61.0
1706,246.0
1707,227.0
1708,175.0
1709,120.0
1710,238.0
1711,204.0
1712,76.0
1713,196.0
1714,216.0
1715,160.0
1716,75.0
1717,226.0
1718,120.0
1719,198.0
1720,84.0
1721,218.0
1722,76.0
1723,38.0
1724,101.0
1725,123.0
1726,74.0
1727,47.0
1728,170.0
1729,108.0
1730,266.0
1731,198.0
1732,133.0
1733,164.0
1734,190.0
1735,216.0
1736,121.0
1737,76.0
1738,208.0
1739,213.0
1740,220.0
1741,557.0
1742,223.0
1743,258.0
1744,157.0
1745,171.0
1746,22.0
1747,243.0
1748,285.0
1749,144.0
1750,252.0
1751,191.0
1752,60.0
1753,156.0
1754,217.0
1755,161.0
1756,143.0
1757,160.0
1758,150.0
1759,96.0
1760,244.0
1761,168.0
1762,253.0
1763,179.0
1764,218.0
1765,121.0
1766,248.0
1767,209.0
1768,248.0
1769,150.0
1770,187.0
1771,91.0
1772,83.0
1773,146.0
1774,101.0
1775,158.0
1776,297.0
1777,298.0
1778,192.0
1779,128.0
1780,238.0
1781,96.0
1782,41.0
1783,114.0
1784,130.0
1785,40.0
1786,236.0
1787,254.0
1788,232.0
1789,173.0
1790,122.0
1791,285.0
1792,248.0
1793,89.0
1794,235.0
1795,210.0
1796,126.0
1797,197.0
1798,118.0
1799,325.0
1800,219.0
1801,121.0
1802,274.0
1803,236.0
1804,38.0
1805,34.0
1806,223.0
1807,257.0
1808,237.0
1809,286.0
1810,176.0
1811,155.0
1812,114.0
1813,231.0
1814,283.0
1815,192.0
1816,75.0
1817,62.0
1818,259.0
1819,186.0
1820,218.0
1821,167.0
1822,98.0
1823,170.0
1824,142.0
1825,93.0
1826,224.0
1827,111.0
1828,245.0
1829,205.0
1830,191.0
1831,258.0
1832,164.0
1833,236.0
1834,157.0
1835,268.0
1836,247.0
1837,130.0
1838,95.0
1839,107.0
1840,216.0
1841,105.0
1842,104.0
1843,46.0
1844,199.0
1845,619.0
1846,237.0
1847,45.0
1848,201.0
1849,253.0
1850,235.0
1851,246.0
1852,136.0
1853,139.0
1854,49.0
1855,68.0
1856,96.0
1857,97.0
1858,303.0
1859,143.0
1860,243.0
1861,82.0
1862,116.0
1863,138.0
1864,223.0
1865,196.0
1866,221.0
1867,104.0
1868,173.0
1869,238.0
1870,119.0
1871,106.0
1872,200.0
1873,183.0
1874,208.0
1875,160.0
1876,217.0
1877,138.0
1878,167.0
1879,124.0
1880,189.0
1881,246.0
1882,258.0
1883,284.0
1884,56.0
1885,75.0
1886,198.0
1887,126.0
1888,116.0
1889,96.0
1890,103.0
1891,147.0
1892,227.0
1893,245.0
1894,262.0
1895,224.0
1896,252.0
1897,212.0
1898,122.0
1899,146.0
1900,61.0
1901,85.0
1902,183.0
1903,26.0
1904,32.0
1905,40.0
1906,245.0
1907,239.0
1908,106.0
1909,249.0
1910,107.0
1911,129.0
1912,222.0
1913,179.0
1914,323.0
1915,203.0
1916,135.0
1917,216.0
1918,240.0
1919,48.0
1920,47.0
1921,146.0
1922,33.0
1923,36.0
1924,281.0
1925,67.0
1926,179.0
1927,294.0
1928,246.0
1929,73.0
1930,107.0
1931,250.0
1932,185.0
1933,119.0
1934,216.0
1935,117.0
1936,192.0
1937,18.0
1938,261.0
1939,260.0
1940,204.0
1941,261.0
1942,203.0
1943,85.0
1944,147.0
1945,164.0
1946,229.0
1947,30.0
1948,107.0
1949,203.0
1950,108.0
1951,232.0
1952,173.0
1953,167.0
1954,71.0
1955,154.0
1956,248.0
1957,222.0
1958,73.0
