0,3787635
1,54997184
2,771388
3,327059582
4,44603611
5,17807397
6,429733
7,54997184
8,35169223
9,12793807
10,164321
11,1296302
12,3932137
13,1375673
14,192556
15,31349
16,644574
17,6528225
18,65668
19,23996936
20,2718756
21,
22,192556
23,28385884
24,46350
25,22269
26,1892055
27,69807918
28,1375673
29,8198852
30,16960185
31,17807397
32,7546554
33,579814
34,23996936
35,201006
36,145114464
37,130117
38,44603611
39,5701392
40,96339072
41,384253
42,46350
43,2446639
44,58814
45,596981
46,3809615
47,7711881
48,295820
49,46624
50,23996936
51,132030717
52,28385884
53,833448
54,34042379
55,6230693
56,25344802
57,31003998
58,81061
59,3191237
60,72204
61,588032
62,148256
63,143281597
64,469462
65,2737945
66,362941
67,200352
68,33668915
69,976675
70,373122
71,23996936
72,200352
73,9741944
74,6821013
75,149551
76,424572
77,1980863
78,78398
79,579814
80,28385884
81,426167
82,464549
83,852759
84,107824
85,369792
86,869588
87,265259
88,588032
89,1450937
90,2313078
91,58378
92,34042379
93,9730494
94,
95,118304
96,552734
97,286030
98,6230693
99,124912
100,19585280
101,327059582
102,5900505
103,445752
104,1375673
105,2689979
106,7297552
107,364665
108,1845400
109,23996936
110,65668
111,860217
112,1659205
113,40562982
114,4451047
115,414718
116,51233351
117,5900505
118,13574505
119,44603611
120,23996936
121,10526650
122,414718
123,1287878
124,351841
125,32777
126,84258
127,532064951
128,160316
129,103687075
130,12793807
131,1135168
132,480653
133,9435795
134,917364
135,4204947
136,10598679
137,21737
138,40562982
139,24872980
140,1004462
141,1004462
142,3825616
143,101174
144,17807397
145,532064951
146,132030717
147,76339
148,373122
149,1583121
150,49911474
151,51233351
152,31003998
153,1835597
154,84819
155,30033991
156,7735813
157,2604594
158,23996936
159,93480
160,103687075
161,281945
162,352909
163,856475
164,532064951
165,541720
166,93821039
167,556055
168,1688846
169,1798869
170,1599106
171,1798869
172,4003718
173,1159817
174,1141023
175,42910278
176,24872980
177,23996936
178,3127895
179,378399
180,2878430
181,1159817
182,18431790
183,54997184
184,71700
185,8853749
186,3127895
187,1659205
188,1542551
189,1135168
190,21050
191,7297552
192,81061
193,132030717
194,1097016
195,17203974
196,7546554
197,541720
198,263740
199,11323502
200,253221
201,1296302
202,1611886
203,921541
204,815117
205,28385884
206,484059
207,1415735
208,13574505
209,364961
210,198800
211,1980863
212,428741
213,1296302
214,46350
215,270584
216,93821039
217,2899020
218,482546
219,96339072
220,482546
221,138561
222,203785
223,1587094
224,19803208
225,25344802
226,71140
227,1845400
228,9268487
229,156589
230,192556
231,352909
232,7297552
233,102309
234,102309
235,3127895
236,3825616
237,212363
238,5230507
239,6821013
240,771388
241,917364
242,65034
243,6246878
244,482238
245,18096298
246,3127895
247,7297552
248,1884382
249,17570793
250,96339072
251,303986
252,3009814
253,5230507
254,5028533
255,594684
256,149551
257,93821039
258,19585280
259,28385884
260,3932137
261,8531715
262,9060727
263,49673
264,11323502
265,1450937
266,1931894
267,464549
268,5701392
269,58814
270,3127895
271,23609
272,1032049
273,1062213
274,175113
275,303986
276,187758
277,44684
278,9671441
279,9741944
280,83713
281,1450937
282,226346
283,2240752
284,883504
285,528388
286,1997833
287,532064951
288,1296302
289,51233351
290,1296302
291,1798869
292,17203974
293,577824
294,1296302
295,501289
296,656603
297,309212
298,23996936
299,23996936
300,1997833
301,7546554
302,7166
303,34317525
304,44603611
305,124912
306,1296302
307,634887
308,1818655
309,6576843
310,1536483
311,532064951
312,43637
313,429733
314,384595
315,955056
316,12732078
317,309212
318,8164779
319,661809
320,1080160
321,1486227
322,327059582
323,2252603
324,881927
325,1997882
326,309212
327,74935
328,24872980
329,1069671
330,76339
331,23996936
332,69807918
333,321216
334,1980863
335,1835597
336,7297552
337,93821039
338,286030
339,76339
340,666186
341,585872
342,1089164
343,96339072
344,1597606
345,33668915
346,946679
347,9730494
348,321216
349,127732
350,18096298
351,661809
352,32777
353,3127895
354,1238985
355,25344802
356,645816
357,
358,1296302
359,77160
360,2705713
361,1931894
362,3127895
363,3355981
364,35085
365,1403424
366,184294
367,16791185
368,69807918
369,28801096
370,23996936
371,904446
372,19824361
373,480653
374,115929
375,1296302
376,528330
377,118304
378,5654745
379,257757
380,283750
381,68878
382,23996936
383,6821013
384,464549
385,13574505
386,48303
387,579432
388,72204
389,17570793
390,42052
391,1845400
392,577824
393,3260621
394,265189
395,23996936
396,438885
397,4786778
398,831334
399,65034
400,2229423
401,72631213
402,1892566
403,17807397
404,6278901
405,54997184
406,3522129
407,1798869
408,104457
409,23996936
410,551427
411,6230693
412,23996936
413,778523
414,285425
415,23996936
416,93821039
417,9578
418,72631213
419,327059582
420,263740
421,644574
422,107859
423,93821039
424,1063670
425,18096298
426,5860478
427,132326
428,860217
429,23996936
430,1803829
431,520373
432,93821039
433,23996936
434,93821039
435,54997184
436,19585280
437,28385884
438,532064951
439,1219774
440,445752
441,454791
442,984592
443,16960185
444,424572
445,4786778
446,309212
447,1818655
448,19803208
449,875062
450,703806
451,175984
452,6230693
453,9671441
454,23996936
455,19803208
456,34042379
457,150403
458,815117
459,429733
460,5226334
461,1069671
462,34317525
463,315229
464,9268487
465,145114464
466,1403424
467,413341
468,93821039
469,286030
470,1007171
471,594684
472,24872980
473,227819
474,2931252
475,464549
476,831334
477,532064951
478,449168
479,286030
480,58924275
481,83713
482,2689979
483,2613061
484,286365
485,646753
486,336393
487,819301
488,28385884
489,666186
490,3423459
491,948351
492,1653075
493,4355456
494,737289
495,58247291
496,1845400
497,9268487
498,5900505
499,66506589
500,135049
501,1486227
502,1611886
503,1097016
504,231315
505,5860478
506,1590535
507,25344802
508,1239226
509,96339072
510,612748
511,352909
512,320130
513,200352
514,2471059
515,25344802
516,23996936
517,145114464
518,66506589
519,123795
520,2990115
521,1634767
522,6230693
523,649262
524,200352
525,3423459
526,13574505
527,1599106
528,23996936
529,1835597
530,1596472
531,1007171
532,819301
533,946679
534,307793
535,22150
536,156589
537,1597606
538,22269
539,1845400
540,8164779
541,670766
542,532064951
543,233803
544,6230693
545,13574505
546,6390103
547,1231117
548,83936
549,3127895
550,711484
551,72598923
552,18555109
553,24872980
554,14303318
555,507309
556,204600
557,1980863
558,51233351
559,1490987
560,352909
561,588032
562,6656488
563,3932137
564,9741944
565,1558847
566,13574505
567,532309
568,175672
569,65668
570,1117406
571,5900505
572,1607761
573,3787635
574,23996936
575,51233351
576,9172795
577,6230693
578,101174
579,2727638
580,96339072
581,833448
582,28385884
583,51233351
584,1980863
585,1634767
586,96339072
587,1607761
588,23996936
589,945881
590,40562982
591,1997882
592,735205
593,19987963
594,1997833
595,2284145
596,3932137
597,2807977
598,469462
599,2034597
600,2833002
601,265094
602,9730494
603,9671441
604,9741944
605,15252691
606,414109
607,844254
608,5900505
609,3787635
610,21375538
611,7771
612,9172795
613,5226334
614,66506589
615,669999
616,54997184
617,1798869
618,275504
619,31003998
620,160732
621,599463
622,51233351
623,6230693
624,92463
625,1590535
626,3127895
627,737289
628,33668915
629,31003998
630,23996936
631,3058445
632,130117
633,425023
634,9730494
635,980760
636,3711546
637,1688846
638,49911474
639,51233351
640,161717
641,23996936
642,23996936
643,1231117
644,31003998
645,1159817
646,6230693
647,44684
648,5490191
649,6528225
650,5226334
651,5900505
652,1583121
653,141881
654,18555109
655,387287
656,68878
657,6230693
658,93821039
659,599463
660,23996936
661,4355456
662,785826
663,1553139
664,1688846
665,15419638
666,2833002
667,1032184
668,66898
669,814832
670,44603611
671,96339072
672,1590535
673,1597606
674,396427
675,541720
676,1867044
677,3423459
678,303986
679,19987963
680,414718
681,711484
682,17638006
683,1331074
684,2708617
685,1372838
686,594684
687,4672690
688,1688846
689,6278901
690,1524483
691,17570793
692,1611886
693,129951
694,1634767
695,71700
696,1911344
697,263740
698,21421458
699,2162812
700,62303
701,2010658
702,5701392
703,283750
704,31749225
705,175672
706,2705713
707,103687075
708,37628
709,2705713
710,1004462
711,138201
712,9306
713,17638006
714,2535888
715,464549
716,93821039
717,318356
718,1818655
719,9060727
720,1997882
721,1556899
722,976675
723,58814
724,464549
725,499660
726,137351056
727,132030717
728,473333
729,499660
730,1246519
731,2578104
732,2386840
733,2116156
734,563258
735,661809
736,7735813
737,189024
738,1220431
739,5744117
740,14769549
741,28385884
742,23996936
743,18569
744,15591
745,6230693
746,499660
747,755810
748,23996936
749,5860478
750,33668915
751,28385884
752,921541
753,35186
754,33668915
755,6821013
756,286420
757,6086887
758,16900883
759,711484
760,1997833
761,24872980
762,154401
763,833448
764,9730494
765,2990115
766,16900883
767,5518098
768,373122
769,259319
770,1597606
771,1556899
772,3324639
773,1997833
774,315229
775,17807397
776,967952
777,136893
778,1596472
779,78338
780,13574505
781,36092
782,2535888
783,51233351
784,1524431
785,27414136
786,1607761
787,955056
788,107824
789,17807397
790,3932137
791,875062
792,9730494
793,473333
794,14303318
795,53547851
796,7771
797,204910
798,911967
799,17807397
800,1278519
801,1634767
802,532064951
803,2471059
804,4549231
805,369792
806,23996936
807,4451047
808,1007171
809,938437
810,11323502
811,
812,833448
813,269349
814,3581207
815,15419638
816,484059
817,396746
818,129001
819,303986
820,67402
821,881927
822,58247291
823,
824,200352
825,1611886
826,93821039
827,9671441
828,594684
829,931487
830,9671441
831,212363
832,424129
833,14303318
834,24872980
835,433553
836,34042379
837,831334
838,2578104
839,129001
840,860793
841,2727638
842,3825616
843,107119
844,3825616
845,3825616
846,499660
847,5795728
848,93821039
849,67402
850,23996936
851,1558847
852,33668915
853,976675
854,83936
855,34042379
856,577824
857,35186
858,2446639
859,33668915
860,1123644
861,
862,100241
863,46350
864,1495008
865,66506589
866,5460407
867,1634767
868,34317525
869,51233351
870,5900505
871,550903
872,1980863
873,464549
874,724187
875,831334
876,455111
877,93821039
878,1502514
879,107824
880,594684
881,40562982
882,6230693
883,33668915
884,1892566
885,4619961
886,3581207
887,145114464
888,1607761
889,661809
890,507618
891,2727638
892,1997882
893,2990115
894,160732
895,23996936
896,831334
897,227897
898,4639419
899,7734960
900,
901,69807918
902,129001
903,23996936
904,23996936
905,424506
906,12732078
907,14303318
908,10539635
909,21375538
910,190688
911,4209686
912,298963
913,2833002
914,532064951
915,5701392
916,127732
917,15419638
918,17807397
919,532064951
920,1135168
921,2223367
922,327059582
923,17807397
924,6821013
925,2737945
926,529981
927,376088
928,3825616
929,4272720
930,14303318
931,2254145
932,190688
933,408703
934,661809
935,1450937
936,7734960
937,946679
938,1997833
939,3932137
940,43637
941,23609
942,1418114
943,2254145
944,8943887
945,35169223
946,72598923
947,54997184
948,118304
949,532309
950,28385884
951,23996936
952,70799
953,28385884
954,1599106
955,64475
956,33668915
957,
958,6528225
959,227897
960,532064951
961,1997833
962,640179
963,23996936
964,1980863
965,6528225
966,3864675
967,78338
968,1495008
969,23996936
970,3142367
971,160732
972,1231117
973,532064951
974,201006
975,1634767
976,93821039
977,54998
978,179080
979,2183073
980,6586355
981,177466560
982,1818655
983,115929
984,17638006
985,2737945
986,387287
987,1735029
988,829433
989,236252
990,58247291
991,1231117
992,51233351
993,265259
994,1997882
995,1296302
996,145114464
997,1524431
998,93821039
999,54997184
1000,104457
1001,51233351
1002,424572
1003,426666
1004,532064951
1005,16900883
1006,2612228
1007,1296302
1008,137351056
1009,1235544
1010,3423459
1011,7734960
1012,132030717
1013,6230693
1014,4549231
1015,482238
1016,24872980
1017,563258
1018,4272720
1019,413341
1020,192556
1021,123795
1022,66506589
1023,5795728
1024,28385884
1025,145114464
1026,333128
1027,446327
1028,577824
1029,28385884
1030,3932137
1031,506986
1032,6528225
1033,51233351
1034,127732
1035,681622
1036,532064951
1037,373122
1038,424572
1039,3825616
1040,6694824
1041,730621
1042,1845400
1043,14769549
1044,39782
1045,1231117
1046,6246878
1047,14343
1048,286420
1049,269349
1050,7297552
1051,
1052,33668915
1053,132030717
1054,23996936
1055,556055
1056,28801096
1057,58521
1058,6344399
1059,177466560
1060,4672690
1061,1556899
1062,911967
1063,8164779
1064,72598923
1065,724187
1066,16302506
1067,33668915
1068,1486227
1069,96340863
1070,1978637
1071,67402
1072,179080
1073,551061
1074,5705696
1075,1533613
1076,1151767
1077,528330
1078,2252603
1079,19803208
1080,4672690
1081,446327
1082,938437
1083,93821039
1084,4786778
1085,103687075
1086,585974
1087,1418114
1088,58924275
1089,149551
1090,414718
1091,40562982
1092,269349
1093,93821039
1094,3127895
1095,9730494
1096,51233351
1097,8531715
1098,145114464
1099,286365
1100,1845400
1101,315131
1102,70014
1103,326286
1104,1231117
1105,93821039
1106,1677914
1107,96339072
1108,735205
1109,4672690
1110,1412577
1111,58924275
1112,257757
1113,1089164
1114,694571
1115,102309
1116,12732078
1117,32800
1118,1798869
1119,976675
1120,829433
1121,564467
1122,1798869
1123,7297552
1124,563258
1125,107824
1126,19281829
1127,40562982
1128,844254
1129,1798869
1130,21421458
1131,92463
1132,94999
1133,28553
1134,23996936
1135,771388
1136,66506589
1137,730621
1138,23996936
1139,101776
1140,1735029
1141,3932137
1142,201006
1143,129951
1144,6230693
1145,69807918
1146,44603611
1147,4115309
1148,9741944
1149,5226334
1150,976675
1151,735205
1152,735205
1153,2899020
1154,17807397
1155,7734960
1156,860217
1157,18431790
1158,23996936
1159,426666
1160,34898240
1161,17203974
1162,33668915
1163,1966363
1164,93821039
1165,532064951
1166,23996936
1167,107119
1168,103687075
1169,1634767
1170,81061
1171,315131
1172,23996936
1173,552734
1174,158883
1175,2877915
1176,269115
1177,65034
1178,585872
1179,785826
1180,1331074
1181,856475
1182,19824361
1183,1007171
1184,1412577
1185,8531715
1186,6821013
1187,34042379
1188,2223367
1189,173951
1190,3191237
1191,51233351
1192,103687075
1193,2162812
1194,577824
1195,4355456
1196,755810
1197,4672690
1198,265259
1199,115929
1200,315131
1201,92463
1202,13574505
1203,8531715
1204,541720
1205,117719
1206,58247291
1207,2313078
1208,2183073
1209,4786778
1210,7078968
1211,72631213
1212,93821039
1213,7711881
1214,2393172
1215,1594937
1216,51233351
1217,12732078
1218,8089106
1219,5230507
1220,369792
1221,28385884
1222,541720
1223,9730494
1224,51233351
1225,33668915
1226,19803208
1227,19585280
1228,6246878
1229,4786778
1230,72598923
1231,28385884
1232,2705713
1233,2453651
1234,107824
1235,601922
1236,4786778
1237,74935
1238,3825616
1239,34042379
1240,563258
1241,499660
1242,25344802
1243,974093
1244,320130
1245,212036
1246,
1247,5128314
1248,121389
1249,13574505
1250,54997184
1251,283750
1252,133867
1253,95583
1254,44603611
1255,23996936
1256,23996936
1257,14303318
1258,425947
1259,638509
1260,1553139
1261,5654745
1262,1004462
1263,1004462
1264,
1265,1296302
1266,4205549
1267,6278901
1268,7711881
1269,149551
1270,93821039
1271,762684
1272,1597606
1273,24872980
1274,95583
1275,16960185
1276,406421
1277,286420
1278,1004462
1279,3825616
1280,1296302
1281,594684
1282,58247291
1283,1007171
1284,1533613
1285,373122
1286,418600
1287,143281597
1288,3009814
1289,201006
1290,1653075
1291,58247291
1292,327509
1293,5817414
1294,1607761
1295,1142122
1296,4204947
1297,3127895
1298,1892566
1299,58378
1300,13624857
1301,541720
1302,175672
1303,65034
1304,40562982
1305,2446639
1306,4637037
1307,164475
1308,34042379
1309,97522
1310,6246878
1311,9741944
1312,164321
1313,577824
1314,1597606
1315,51233351
1316,2746286
1317,2284145
1318,9477503
1319,5860478
1320,670766
1321,1004462
1322,1007171
1323,917364
1324,17638006
1325,13574505
1326,14003823
1327,577824
1328,193890
1329,23996936
1330,150403
1331,300728
1332,1007171
1333,34042379
1334,58742
1335,7735813
1336,67402
1337,3048641
1338,592612
1339,321216
1340,1995497
1341,1945999
1342,34042379
1343,3932137
1344,1418114
1345,
1346,3825616
1347,3423459
1348,
1349,192851
1350,14343
1351,17807397
1352,3127895
1353,1185650
1354,9730494
1355,
1356,408703
1357,7735813
1358,446327
1359,6246878
1360,1007171
1361,3142367
1362,10539635
1363,1607761
1364,66506589
1365,911967
1366,1845400
1367,711484
1368,265259
1369,96339072
1370,143281597
1371,66506589
1372,5744117
1373,4786778
1374,2708617
1375,65668
1376,1997882
1377,5744117
1378,11323502
1379,42910278
1380,3711546
1381,28385884
1382,6344399
1383,15419638
1384,3127895
1385,406421
1386,3825616
1387,5860478
1388,4619961
1389,10983902
1390,14303318
1391,66506589
1392,54997184
1393,3207630
1394,92463
1395,176137
1396,315131
1397,1007171
1398,1892566
1399,420483
1400,528330
1401,7297552
1402,23996936
1403,2137720
1404,9671441
1405,7711881
1406,6230693
1407,1599106
1408,585872
1409,6821013
1410,25344802
1411,202183
1412,532064951
1413,18479
1414,1007171
1415,19987963
1416,5900505
1417,192556
1418,58924275
1419,183691
1420,3932137
1421,48303
1422,31003998
1423,327242
1424,5744117
1425,23996936
1426,23996936
1427,572904
1428,1354142
1429,1490987
1430,42910278
1431,1818655
1432,7735813
1433,7735813
1434,6821013
1435,23996936
1436,860217
1437,1004462
1438,6821013
1439,19803208
1440,54997184
1441,286030
1442,177466560
1443,3260621
1444,
1445,14343
1446,3009148
1447,10187176
1448,28385884
1449,40562982
1450,169752
1451,577824
1452,15118
1453,33668915
1454,2453651
1455,5460407
1456,33668915
1457,19987963
1458,200352
1459,7734960
1460,28385884
1461,58924275
1462,1486227
1463,730621
1464,319939
1465,96339072
1466,54997184
1467,1911344
1468,529981
1469,14303318
1470,7297552
1471,15419638
1472,473333
1473,18569
1474,6528225
1475,22357255
1476,286030
1477,426666
1478,1607761
1479,1506090
1480,133867
1481,1735029
1482,556055
1483,69807918
1484,107180
1485,189730
1486,132030717
1487,471568
1488,1231117
1489,51233351
1490,594684
1491,5654745
1492,9741944
1493,93821039
1494,599463
1495,1231117
1496,406674
1497,9060727
1498,1845400
1499,1089164
1500,577824
1501,161717
1502,351841
1503,163829
1504,5324567
1505,133867
1506,1524431
1507,93821039
1508,2877915
1509,17638006
1510,204910
1511,551465
1512,51233351
1513,1296302
1514,323335
1515,9172795
1516,
1517,3260621
1518,1007171
1519,6086887
1520,4205549
1521,7711881
1522,2727638
1523,154495
1524,528388
1525,16900883
1526,1239226
1527,58924275
1528,169752
1529,856475
1530,8198852
1531,3207630
1532,27661
1533,1375673
1534,7734960
1535,585872
1536,65034
1537,6246878
1538,13574505
1539,1296302
1540,1064218
1541,669999
1542,1892566
1543,6230693
1544,1239226
1545,18315
1546,68053
1547,204910
1548,327990
1549,58924275
1550,21422277
1551,3324639
1552,833448
1553,51233351
1554,17638006
1555,7297552
1556,25344802
1557,634887
1558,96339072
1559,861363
1560,2114178
1561,3009148
1562,10187176
1563,25344802
1564,5324567
1565,2899020
1566,883504
1567,275504
1568,414109
1569,19281829
1570,414109
1571,10598679
1572,2165767
1573,6230693
1574,869588
1575,550903
1576,875062
1577,22265171
1578,51233351
1579,31749225
1580,3886679
1581,226346
1582,4355456
1583,17807397
1584,93821039
1585,1867044
1586,1246519
1587,771388
1588,3581207
1589,102309
1590,123795
1591,931487
1592,41437
1593,10539635
1594,3864675
1595,541720
1596,83936
1597,48303
1598,2453651
1599,51233351
1600,6694824
1601,3581207
1602,914841
1603,4785543
1604,11323502
1605,825681
1606,9172795
1607,7330
1608,415371
1609,440615
1610,8198852
1611,212276
1612,1007171
1613,51233351
1614,65034
1615,51233351
1616,28801096
1617,44603611
1618,28801096
1619,96339072
1620,3207630
1621,376088
1622,618583
1623,19585280
1624,63592770
1625,528388
1626,5860478
1627,112453
1628,1486227
1629,40562982
1630,980760
1631,7711881
1632,51233351
1633,3932137
1634,54997184
1635,524654
1636,6528225
1637,108573
1638,58378
1639,1395625
1640,1007171
1641,4785543
1642,5654745
1643,103687075
1644,19803208
1645,19585280
1646,191941
1647,175672
1648,9435795
1649,4355456
1650,229753
1651,13624857
1652,42052
1653,2737945
1654,3357110
1655,66506589
1656,4451047
1657,327059582
1658,1845400
1659,23996936
1660,594684
1661,35169223
1662,93821039
1663,1553139
1664,638509
1665,295820
1666,15591
1667,17203974
1668,426167
1669,532064951
1670,9477503
1671,7297552
1672,25344802
1673,916686
1674,414718
1675,532064951
1676,119828
1677,
1678,9060727
1679,8198852
1680,54997184
1681,9060727
1682,58924275
1683,19987963
1684,62197
1685,1359783
1686,577824
1687,145114464
1688,556055
1689,16302506
1690,4786778
1691,8089106
1692,7297552
1693,132030717
1694,2252603
1695,13624857
1696,1972907
1697,473333
1698,24792
1699,2165475
1700,18555109
1701,8351520
1702,24872980
1703,199776
1704,5701392
1705,5509089
1706,202183
1707,4335510
1708,376088
1709,1007171
1710,24872980
1711,19987963
1712,201006
1713,4355456
1714,18431790
1715,145114464
1716,420483
1717,51233351
1718,1007171
1719,14343
1720,69807918
1721,108334
1722,34042379
1723,192556
1724,34317525
1725,25344802
1726,150403
1727,970132
1728,19106526
1729,737289
1730,579814
1731,164475
1732,499660
1733,1057623
1734,66506589
1735,4619961
1736,3787635
1737,201006
1738,464549
1739,3825616
1740,2453651
1741,33668915
1742,1524431
1743,425947
1744,1231117
1745,145114464
1746,4451047
1747,3324639
1748,3932137
1749,19987963
1750,5575262
1751,107180
1752,414718
1753,1032049
1754,11323502
1755,44684
1756,7297552
1757,64525
1758,4619961
1759,303986
1760,429733
1761,427930
1762,25344802
1763,
1764,8351520
1765,19585280
1766,1801589
1767,92714
1768,39027
1769,331124
1770,23996936
1771,2386840
1772,532309
1773,1296302
1774,34317525
1775,1296302
1776,67402
1777,495311
1778,17807397
1779,528883
1780,72598923
1781,66506589
1782,3711546
1783,49911474
1784,9671441
1785,2252603
1786,376555
1787,107824
1788,320130
1789,31749225
1790,161717
1791,4637037
1792,39027
1793,
1794,5701392
1795,2223367
1796,635602
1797,135049
1798,665703
1799,132030717
1800,945881
1801,23996936
1802,1004462
1803,1892566
1804,192556
1805,257757
1806,1524431
1807,7735813
1808,1583121
1809,8531715
1810,23996936
1811,18431790
1812,6230693
1813,1089164
1814,1997882
1815,363537
1816,551465
1817,3787635
1818,2246473
1819,315131
1820,108334
1821,101776
1822,10598679
1823,1060761
1824,893026
1825,327059582
1826,2878430
1827,216935
1828,1845400
1829,572904
1830,3207630
1831,35085
1832,336606
1833,376555
1834,121389
1835,10983902
1836,236252
1837,51233351
1838,6230693
1839,5900505
1840,1845400
1841,83936
1842,17807397
1843,119828
1844,320644
1845,14003823
1846,720917
1847,9435795
1848,58814
1849,2877915
1850,2689979
1851,644574
1852,547284
1853,93821039
1854,3423459
1855,480653
1856,46624
1857,66506589
1858,81061
1859,3357110
1860,163159
1861,46350
1862,298963
1863,585974
1864,1524431
1865,4355456
1866,199776
1867,7734960
1868,434846
1869,72598923
1870,887778
1871,321216
1872,15591
1873,6230693
1874,103687075
1875,145114464
1876,288172
1877,19281829
1878,955056
1879,1911344
1880,482238
1881,2737945
1882,455111
1883,1375673
1884,34898240
1885,28801096
1886,51233351
1887,2931252
1888,362884
1889,414109
1890,735205
1891,69807918
1892,2474109
1893,3127895
1894,145114464
1895,1375673
1896,1892055
1897,137351463
1898,161717
1899,532064951
1900,15118
1901,406421
1902,6230693
1903,1514500
1904,1057623
1905,2252603
1906,5817414
1907,1008831
1908,2689979
1909,45714
1910,175672
1911,62831
1912,455111
1913,2223367
1914,1141023
1915,300877
1916,4209686
1917,18431790
1918,1004462
1919,1931894
1920,54997184
1921,1300431
1922,730188
1923,532064951
1924,2116156
1925,374751
1926,454791
1927,31003998
1928,2737945
1929,2727638
1930,5900505
1931,21421458
1932,49673
1933,2708617
1934,
1935,1556899
1936,5795728
1937,946679
1938,755810
1939,137351056
1940,738406
1941,129744
1942,300877
1943,96340863
1944,69807918
1945,336606
1946,39782
1947,287816
1948,9730494
1949,96339072
1950,369792
1951,378399
1952,724187
1953,51233351
1954,5860478
1955,280625
1956,532064951
1957,455111
1958,2727638
