0,0
1,1
2,3
3,2
4,2
5,2
6,2
7,0
8,0
9,3
10,1
11,2
12,3
13,3
14,1
15,1
16,5
17,1
18,3
19,3
20,3
21,0
22,2
23,1
24,0
25,2
26,1
27,1
28,1
29,7
30,1
31,5
32,2
33,5
34,1
35,0
36,3
37,0
38,2
39,1
40,3
41,1
42,2
43,4
44,1
45,3
46,1
47,2
48,0
49,4
50,2
51,2
52,1
53,1
54,2
55,2
56,3
57,2
58,3
59,4
60,0
61,3
62,3
63,2
64,1
65,4
66,4
67,2
68,4
69,1
70,3
71,1
72,2
73,3
74,3
75,1
76,5
77,5
78,3
79,2
80,2
81,3
82,3
83,0
84,6
85,3
86,2
87,2
88,4
89,4
90,6
91,2
92,2
93,3
94,4
95,0
96,2
97,0
98,5
99,1
100,1
101,0
102,0
103,0
104,2
105,2
106,3
107,4
108,1
109,3
110,3
111,0
112,1
113,4
114,1
115,1
116,2
117,0
118,3
119,1
120,1
121,0
122,2
123,1
124,0
125,1
126,1
127,0
128,2
129,2
130,4
131,4
132,1
133,1
134,3
135,1
136,1
137,3
138,1
139,1
140,5
141,2
142,3
143,2
144,3
145,4
146,1
147,2
148,5
149,2
150,1
151,2
152,5
153,2
154,1
155,2
156,3
157,2
158,2
159,3
160,2
161,7
162,0
163,0
164,0
165,0
166,2
167,2
168,2
169,5
170,5
171,7
172,1
173,1
174,3
175,2
176,0
177,2
178,3
179,3
180,0
181,2
182,1
183,3
184,1
185,3
186,3
187,2
188,0
189,4
190,3
191,1
192,4
193,2
194,2
195,2
196,3
197,1
198,1
199,1
200,1
201,0
202,3
203,1
204,2
205,2
206,6
207,0
208,3
209,1
210,1
211,1
212,4
213,3
214,0
215,2
216,0
217,4
218,2
219,5
220,2
221,4
222,5
223,1
224,1
225,2
226,0
227,4
228,2
229,1
230,0
231,2
232,3
233,1
234,0
235,3
236,4
237,1
238,1
239,5
240,5
241,1
242,3
243,2
244,3
245,0
246,2
247,1
248,2
249,2
250,1
251,0
252,1
253,2
254,1
255,0
256,3
257,1
258,2
259,0
260,3
261,1
262,1
263,1
264,3
265,1
266,1
267,3
268,5
269,1
270,3
271,3
272,1
273,3
274,0
275,2
276,5
277,2
278,4
279,6
280,2
281,4
282,4
283,2
284,1
285,1
286,2
287,1
288,1
289,2
290,4
291,4
292,1
293,4
294,2
295,5
296,3
297,3
298,2
299,2
300,4
301,3
302,2
303,3
304,0
305,2
306,5
307,6
308,1
309,3
310,3
311,4
312,1
313,3
314,1
315,4
316,1
317,1
318,2
319,1
320,1
321,2
322,2
323,0
324,0
325,3
326,1
327,2
328,5
329,4
330,1
331,1
332,1
333,2
334,3
335,2
336,7
337,3
338,0
339,1
340,2
341,2
342,1
343,5
344,3
345,1
346,8
347,4
348,2
349,2
350,1
351,2
352,1
353,3
354,1
355,3
356,2
357,3
358,4
359,2
360,1
361,0
362,2
363,2
364,2
365,2
366,2
367,3
368,0
369,1
370,1
371,1
372,0
373,1
374,5
375,5
376,2
377,1
378,3
379,1
380,1
381,1
382,2
383,5
384,4
385,4
386,1
387,1
388,0
389,2
390,2
391,4
392,4
393,3
394,2
395,5
396,5
397,1
398,2
399,1
400,2
401,1
402,2
403,3
404,1
405,4
406,1
407,4
408,2
409,6
410,1
411,3
412,5
413,2
414,3
415,0
416,1
417,2
418,1
419,4
420,2
421,4
422,2
423,2
424,3
425,3
426,2
427,2
428,2
429,2
430,0
431,1
432,1
433,4
434,1
435,1
436,1
437,3
438,0
439,1
440,4
441,1
442,0
443,2
444,6
445,3
446,2
447,2
448,1
449,3
450,1
451,2
452,1
453,3
454,1
455,1
456,2
457,4
458,3
459,3
460,3
461,0
462,5
463,2
464,2
465,2
466,1
467,3
468,2
469,0
470,3
471,5
472,2
473,0
474,2
475,3
476,4
477,2
478,0
479,0
480,0
481,1
482,3
483,1
484,6
485,1
486,0
487,3
488,5
489,2
490,2
491,2
492,2
493,2
494,2
495,1
496,1
497,1
498,2
499,0
500,2
501,0
502,4
503,3
504,4
505,1
506,1
507,4
508,1
509,2
510,1
511,2
512,3
513,2
514,0
515,3
516,3
517,0
518,0
519,1
520,2
521,1
522,1
523,3
524,1
525,2
526,0
527,3
528,1
529,3
530,2
531,1
532,4
533,6
534,3
535,3
536,0
537,3
538,1
539,6
540,1
541,2
542,2
543,1
544,2
545,2
546,1
547,1
548,3
549,3
550,1
551,2
552,1
553,3
554,3
555,2
556,1
557,7
558,1
559,1
560,3
561,4
562,4
563,2
564,6
565,3
566,6
567,2
568,0
569,3
570,2
571,1
572,4
573,0
574,2
575,3
576,4
577,2
578,4
579,3
580,3
581,1
582,2
583,1
584,3
585,1
586,2
587,1
588,3
589,4
590,5
591,3
592,2
593,1
594,0
595,2
596,4
597,2
598,2
599,4
600,6
601,0
602,2
603,5
604,1
605,6
606,2
607,2
608,1
609,0
610,3
611,3
612,2
613,1
614,4
615,0
616,1
617,1
618,1
619,2
620,2
621,2
622,4
623,4
624,2
625,1
626,2
627,2
628,4
629,1
630,1
631,0
632,0
633,2
634,4
635,2
636,1
637,3
638,1
639,4
640,2
641,2
642,2
643,3
644,2
645,1
646,1
647,3
648,4
649,3
650,2
651,4
652,1
653,3
654,1
655,2
656,0
657,1
658,3
659,0
660,5
661,2
662,2
663,1
664,5
665,2
666,4
667,3
668,2
669,2
670,2
671,3
672,1
673,3
674,2
675,2
676,2
677,1
678,1
679,3
680,1
681,5
682,1
683,3
684,0
685,0
686,1
687,1
688,2
689,2
690,0
691,2
692,0
693,0
694,0
695,1
696,1
697,1
698,4
699,3
700,1
701,2
702,3
703,0
704,1
705,1
706,4
707,2
708,4
709,4
710,6
711,0
712,2
713,1
714,2
715,2
716,1
717,3
718,5
719,4
720,1
721,1
722,1
723,0
724,3
725,2
726,1
727,4
728,0
729,0
730,3
731,4
732,2
733,1
734,1
735,3
736,1
737,0
738,2
739,3
740,1
741,2
742,3
743,4
744,7
745,1
746,1
747,1
748,0
749,2
750,0
751,3
752,0
753,1
754,0
755,6
756,2
757,2
758,2
759,4
760,0
761,3
762,3
763,0
764,1
765,2
766,0
767,1
768,4
769,0
770,0
771,0
772,9
773,0
774,5
775,1
776,1
777,1
778,2
779,1
780,1
781,2
782,2
783,1
784,3
785,4
786,3
787,2
788,6
789,1
790,0
791,2
792,2
793,3
794,4
795,1
796,3
797,6
798,0
799,1
800,0
801,1
802,0
803,0
804,0
805,4
806,3
807,1
808,3
809,3
810,2
811,4
812,1
813,4
814,2
815,1
816,6
817,0
818,2
819,1
820,1
821,0
822,2
823,4
824,1
825,3
826,1
827,2
828,1
829,7
830,1
831,2
832,5
833,4
834,1
835,1
836,1
837,3
838,6
839,6
840,0
841,3
842,3
843,2
844,2
845,3
846,3
847,3
848,1
849,2
850,1
851,2
852,7
853,4
854,1
855,2
856,2
857,5
858,3
859,3
860,3
861,0
862,1
863,1
864,1
865,0
866,3
867,3
868,3
869,1
870,4
871,3
872,1
873,2
874,2
875,3
876,2
877,1
878,0
879,3
880,1
881,3
882,5
883,0
884,3
885,3
886,2
887,4
888,1
889,1
890,1
891,0
892,7
893,4
894,2
895,5
896,3
897,2
898,3
899,2
900,2
901,0
902,3
903,1
904,4
905,2
906,1
907,2
908,0
909,4
910,2
911,4
912,3
913,5
914,3
915,2
916,3
917,3
918,2
919,3
920,3
921,2
922,1
923,4
924,7
925,2
926,2
927,2
928,5
929,7
930,2
931,1
932,5
933,4
934,5
935,4
936,4
937,6
938,2
939,3
940,1
941,5
942,2
943,3
944,1
945,0
946,1
947,1
948,1
949,1
950,4
951,3
952,3
953,2
954,1
955,4
956,1
957,2
958,1
959,2
960,3
961,2
962,4
963,5
964,2
965,2
966,2
967,0
968,2
969,4
970,2
971,3
972,3
973,0
974,1
975,1
976,4
977,1
978,1
979,1
980,1
981,2
982,3
983,4
984,1
985,1
986,1
987,3
988,2
989,2
990,2
991,2
992,2
993,0
994,5
995,2
996,2
997,3
998,3
999,1
1000,2
1001,1
1002,1
1003,2
1004,2
1005,2
1006,3
1007,3
1008,1
1009,1
1010,3
1011,2
1012,1
1013,4
1014,0
1015,3
1016,3
1017,1
1018,3
1019,2
1020,1
1021,2
1022,1
1023,3
1024,2
1025,2
1026,2
1027,2
1028,0
1029,4
1030,3
1031,1
1032,1
1033,3
1034,4
1035,4
1036,0
1037,1
1038,0
1039,6
1040,1
1041,2
1042,3
1043,1
1044,4
1045,3
1046,1
1047,2
1048,2
1049,2
1050,1
1051,6
1052,2
1053,2
1054,3
1055,2
1056,1
1057,4
1058,5
1059,3
1060,1
1061,1
1062,1
1063,1
1064,3
1065,3
1066,2
1067,1
1068,2
1069,4
1070,0
1071,3
1072,1
1073,3
1074,0
1075,1
1076,4
1077,3
1078,0
1079,1
1080,1
1081,2
1082,3
1083,1
1084,1
1085,3
1086,3
1087,0
1088,1
1089,1
1090,4
1091,2
1092,0
1093,0
1094,2
1095,2
1096,4
1097,2
1098,1
1099,3
1100,5
1101,3
1102,2
1103,1
1104,1
1105,0
1106,3
1107,4
1108,1
1109,2
1110,4
1111,1
1112,0
1113,0
1114,2
1115,1
1116,3
1117,1
1118,6
1119,1
1120,1
1121,1
1122,2
1123,3
1124,3
1125,4
1126,4
1127,2
1128,2
1129,3
1130,1
1131,3
1132,3
1133,4
1134,2
1135,5
1136,1
1137,1
1138,3
1139,1
1140,3
1141,4
1142,1
1143,3
1144,4
1145,1
1146,1
1147,0
1148,2
1149,3
1150,1
1151,3
1152,2
1153,3
1154,4
1155,1
1156,1
1157,4
1158,4
1159,2
1160,2
1161,4
1162,2
1163,0
1164,2
1165,2
1166,1
1167,2
1168,1
1169,1
1170,8
1171,2
1172,2
1173,2
1174,2
1175,2
1176,2
1177,4
1178,4
1179,1
1180,2
1181,3
1182,5
1183,2
1184,3
1185,2
1186,2
1187,2
1188,2
1189,2
1190,3
1191,2
1192,1
1193,5
1194,0
1195,1
1196,4
1197,1
1198,1
1199,4
1200,4
1201,4
1202,6
1203,4
1204,0
1205,1
1206,2
1207,2
1208,1
1209,1
1210,0
1211,3
1212,2
1213,3
1214,4
1215,0
1216,4
1217,2
1218,1
1219,2
1220,3
1221,1
1222,0
1223,3
1224,2
1225,1
1226,2
1227,1
1228,3
1229,4
1230,1
1231,3
1232,1
1233,2
1234,3
1235,2
1236,2
1237,3
1238,5
1239,2
1240,1
1241,1
1242,1
1243,1
1244,3
1245,1
1246,2
1247,3
1248,4
1249,6
1250,3
1251,2
1252,1
1253,2
1254,2
1255,3
1256,1
1257,2
1258,1
1259,4
1260,3
1261,3
1262,4
1263,3
1264,1
1265,2
1266,0
1267,2
1268,3
1269,2
1270,2
1271,0
1272,4
1273,3
1274,1
1275,1
1276,2
1277,1
1278,2
1279,2
1280,0
1281,0
1282,4
1283,4
1284,1
1285,3
1286,1
1287,2
1288,2
1289,2
1290,4
1291,3
1292,0
1293,1
1294,3
1295,0
1296,3
1297,3
1298,2
1299,2
1300,4
1301,2
1302,1
1303,4
1304,3
1305,2
1306,2
1307,1
1308,0
1309,4
1310,2
1311,5
1312,3
1313,0
1314,4
1315,3
1316,2
1317,2
1318,1
1319,1
1320,2
1321,4
1322,4
1323,1
1324,1
1325,1
1326,4
1327,1
1328,0
1329,3
1330,1
1331,2
1332,3
1333,0
1334,4
1335,3
1336,2
1337,4
1338,2
1339,2
1340,2
1341,3
1342,2
1343,4
1344,2
1345,2
1346,5
1347,1
1348,0
1349,2
1350,0
1351,1
1352,3
1353,3
1354,2
1355,3
1356,4
1357,1
1358,1
1359,1
1360,2
1361,1
1362,0
1363,4
1364,1
1365,3
1366,3
1367,1
1368,0
1369,1
1370,1
1371,3
1372,2
1373,2
1374,0
1375,5
1376,1
1377,2
1378,3
1379,3
1380,3
1381,2
1382,2
1383,2
1384,2
1385,1
1386,4
1387,3
1388,1
1389,3
1390,1
1391,0
1392,3
1393,4
1394,4
1395,4
1396,5
1397,3
1398,6
1399,1
1400,4
1401,2
1402,3
1403,1
1404,3
1405,4
1406,2
1407,5
1408,2
1409,6
1410,2
1411,0
1412,0
1413,1
1414,3
1415,2
1416,0
1417,0
1418,2
1419,4
1420,1
1421,1
1422,3
1423,2
1424,2
1425,4
1426,6
1427,2
1428,0
1429,2
1430,5
1431,2
1432,1
1433,4
1434,6
1435,3
1436,2
1437,5
1438,2
1439,2
1440,4
1441,0
1442,2
1443,2
1444,3
1445,2
1446,3
1447,2
1448,3
1449,3
1450,4
1451,2
1452,0
1453,5
1454,1
1455,3
1456,2
1457,1
1458,2
1459,2
1460,1
1461,1
1462,3
1463,0
1464,2
1465,2
1466,1
1467,2
1468,1
1469,1
1470,1
1471,3
1472,2
1473,2
1474,2
1475,0
1476,0
1477,3
1478,6
1479,4
1480,5
1481,2
1482,2
1483,1
1484,3
1485,3
1486,0
1487,3
1488,1
1489,2
1490,2
1491,4
1492,3
1493,2
1494,3
1495,3
1496,5
1497,2
1498,3
1499,4
1500,2
1501,3
1502,0
1503,1
1504,0
1505,6
1506,3
1507,0
1508,4
1509,3
1510,4
1511,1
1512,1
1513,2
1514,1
1515,0
1516,2
1517,2
1518,3
1519,1
1520,3
1521,5
1522,0
1523,3
1524,2
1525,1
1526,1
1527,2
1528,3
1529,0
1530,1
1531,2
1532,0
1533,3
1534,2
1535,2
1536,3
1537,1
1538,1
1539,3
1540,2
1541,2
1542,2
1543,4
1544,0
1545,4
1546,4
1547,5
1548,1
1549,2
1550,1
1551,3
1552,1
1553,1
1554,0
1555,6
1556,5
1557,4
1558,2
1559,2
1560,2
1561,3
1562,2
1563,5
1564,3
1565,6
1566,4
1567,3
1568,2
1569,2
1570,2
1571,1
1572,3
1573,1
1574,0
1575,1
1576,2
1577,1
1578,2
1579,3
1580,3
1581,2
1582,1
1583,3
1584,1
1585,1
1586,2
1587,1
1588,1
1589,1
1590,0
1591,3
1592,3
1593,0
1594,1
1595,0
1596,3
1597,1
1598,4
1599,4
1600,3
1601,2
1602,2
1603,7
1604,3
1605,1
1606,2
1607,3
1608,3
1609,2
1610,3
1611,0
1612,3
1613,1
1614,2
1615,1
1616,5
1617,0
1618,5
1619,1
1620,3
1621,4
1622,1
1623,7
1624,4
1625,1
1626,0
1627,5
1628,3
1629,4
1630,2
1631,2
1632,4
1633,2
1634,2
1635,2
1636,1
1637,6
1638,3
1639,2
1640,3
1641,4
1642,2
1643,2
1644,2
1645,8
1646,3
1647,3
1648,1
1649,0
1650,2
1651,5
1652,3
1653,1
1654,2
1655,1
1656,1
1657,3
1658,7
1659,2
1660,2
1661,1
1662,1
1663,2
1664,3
1665,1
1666,6
1667,0
1668,0
1669,3
1670,2
1671,3
1672,3
1673,3
1674,2
1675,0
1676,0
1677,2
1678,3
1679,4
1680,3
1681,6
1682,2
1683,1
1684,2
1685,2
1686,1
1687,2
1688,2
1689,1
1690,1
1691,4
1692,1
1693,3
1694,0
1695,1
1696,1
1697,2
1698,5
1699,0
1700,2
1701,3
1702,4
1703,5
1704,3
1705,0
1706,1
1707,3
1708,1
1709,2
1710,0
1711,0
1712,2
1713,0
1714,6
1715,2
1716,0
1717,3
1718,2
1719,1
1720,0
1721,6
1722,1
1723,0
1724,0
1725,5
1726,0
1727,0
1728,4
1729,1
1730,3
1731,2
1732,2
1733,3
1734,1
1735,2
1736,3
1737,2
1738,6
1739,4
1740,6
1741,1
1742,3
1743,3
1744,3
1745,1
1746,1
1747,4
1748,2
1749,1
1750,4
1751,4
1752,2
1753,2
1754,3
1755,5
1756,4
1757,2
1758,3
1759,1
1760,2
1761,1
1762,2
1763,1
1764,3
1765,3
1766,3
1767,2
1768,5
1769,3
1770,3
1771,1
1772,3
1773,3
1774,2
1775,2
1776,3
1777,1
1778,1
1779,2
1780,3
1781,1
1782,0
1783,0
1784,0
1785,0
1786,4
1787,1
1788,3
1789,2
1790,2
1791,3
1792,3
1793,3
1794,3
1795,3
1796,2
1797,3
1798,2
1799,2
1800,5
1801,3
1802,2
1803,4
1804,0
1805,1
1806,2
1807,5
1808,2
1809,6
1810,2
1811,2
1812,2
1813,2
1814,3
1815,4
1816,0
1817,1
1818,2
1819,5
1820,2
1821,5
1822,1
1823,2
1824,2
1825,4
1826,7
1827,1
1828,3
1829,1
1830,3
1831,3
1832,2
1833,1
1834,3
1835,4
1836,1
1837,2
1838,1
1839,1
1840,5
1841,3
1842,5
1843,0
1844,0
1845,2
1846,2
1847,0
1848,2
1849,1
1850,1
1851,2
1852,1
1853,3
1854,0
1855,0
1856,2
1857,1
1858,7
1859,1
1860,3
1861,0
1862,4
1863,1
1864,5
1865,3
1866,2
1867,2
1868,1
1869,3
1870,2
1871,2
1872,7
1873,3
1874,2
1875,2
1876,0
1877,4
1878,3
1879,0
1880,3
1881,3
1882,3
1883,2
1884,3
1885,2
1886,3
1887,3
1888,1
1889,2
1890,1
1891,1
1892,4
1893,2
1894,6
1895,2
1896,2
1897,0
1898,2
1899,3
1900,0
1901,3
1902,1
1903,0
1904,2
1905,0
1906,3
1907,0
1908,1
1909,2
1910,3
1911,4
1912,5
1913,2
1914,2
1915,5
1916,1
1917,1
1918,2
1919,0
1920,1
1921,0
1922,0
1923,0
1924,2
1925,3
1926,3
1927,2
1928,2
1929,1
1930,2
1931,2
1932,3
1933,0
1934,1
1935,2
1936,2
1937,0
1938,4
1939,3
1940,3
1941,2
1942,3
1943,1
1944,1
1945,3
1946,7
1947,1
1948,2
1949,2
1950,4
1951,1
1952,2
1953,2
1954,0
1955,2
1956,2
1957,1
1958,2
