0,2
1,2
2,6
3,2
4,4
5,3
6,2
7,0
8,2
9,3
10,1
11,1
12,4
13,4
14,0
15,0
16,1
17,1
18,4
19,4
20,2
21,1
22,1
23,1
24,1
25,2
26,4
27,0
28,1
29,4
30,1
31,5
32,2
33,4
34,1
35,0
36,2
37,0
38,4
39,4
40,3
41,1
42,2
43,3
44,1
45,2
46,1
47,3
48,0
49,4
50,3
51,5
52,2
53,0
54,2
55,1
56,0
57,7
58,2
59,2
60,1
61,3
62,4
63,1
64,1
65,2
66,6
67,1
68,4
69,1
70,3
71,1
72,0
73,3
74,1
75,1
76,2
77,3
78,0
79,6
80,0
81,3
82,2
83,1
84,3
85,1
86,2
87,2
88,2
89,2
90,6
91,3
92,2
93,0
94,3
95,1
96,1
97,0
98,1
99,0
100,3
101,0
102,0
103,2
104,1
105,1
106,2
107,3
108,1
109,1
110,4
111,0
112,0
113,2
114,0
115,2
116,1
117,0
118,0
119,1
120,1
121,0
122,2
123,0
124,0
125,2
126,1
127,2
128,1
129,3
130,3
131,2
132,0
133,2
134,2
135,1
136,1
137,3
138,1
139,1
140,4
141,3
142,2
143,4
144,3
145,0
146,1
147,1
148,2
149,1
150,1
151,1
152,6
153,3
154,2
155,1
156,2
157,3
158,0
159,2
160,1
161,4
162,1
163,0
164,0
165,0
166,1
167,0
168,1
169,0
170,4
171,1
172,1
173,2
174,5
175,3
176,2
177,2
178,5
179,2
180,2
181,2
182,1
183,2
184,1
185,3
186,5
187,1
188,0
189,5
190,3
191,2
192,1
193,5
194,5
195,1
196,4
197,1
198,1
199,2
200,1
201,1
202,4
203,1
204,7
205,1
206,3
207,2
208,3
209,4
210,2
211,2
212,2
213,2
214,1
215,3
216,2
217,4
218,1
219,4
220,3
221,4
222,3
223,2
224,1
225,2
226,1
227,6
228,2
229,1
230,0
231,4
232,2
233,3
234,3
235,3
236,3
237,2
238,1
239,4
240,4
241,1
242,5
243,0
244,1
245,2
246,3
247,1
248,1
249,2
250,1
251,1
252,2
253,1
254,1
255,1
256,2
257,0
258,3
259,2
260,6
261,1
262,3
263,1
264,2
265,3
266,0
267,5
268,5
269,1
270,3
271,4
272,1
273,1
274,1
275,2
276,4
277,2
278,4
279,5
280,2
281,3
282,4
283,2
284,1
285,1
286,3
287,2
288,3
289,1
290,3
291,3
292,1
293,2
294,1
295,5
296,1
297,2
298,2
299,2
300,3
301,1
302,4
303,2
304,3
305,1
306,5
307,5
308,1
309,2
310,2
311,4
312,1
313,3
314,1
315,3
316,1
317,3
318,1
319,2
320,1
321,4
322,2
323,0
324,0
325,0
326,0
327,0
328,5
329,4
330,1
331,1
332,2
333,1
334,2
335,3
336,5
337,2
338,0
339,1
340,3
341,2
342,3
343,5
344,3
345,1
346,5
347,3
348,1
349,2
350,1
351,1
352,2
353,4
354,1
355,2
356,2
357,2
358,1
359,1
360,1
361,0
362,3
363,1
364,3
365,2
366,1
367,2
368,1
369,2
370,1
371,5
372,0
373,0
374,2
375,4
376,2
377,1
378,3
379,0
380,1
381,2
382,3
383,4
384,1
385,1
386,1
387,1
388,1
389,2
390,3
391,3
392,1
393,2
394,1
395,5
396,3
397,0
398,2
399,3
400,2
401,2
402,3
403,3
404,2
405,0
406,1
407,1
408,1
409,1
410,1
411,1
412,1
413,2
414,3
415,1
416,1
417,3
418,1
419,3
420,2
421,4
422,1
423,1
424,1
425,1
426,2
427,2
428,1
429,2
430,0
431,1
432,1
433,5
434,3
435,5
436,0
437,3
438,0
439,1
440,0
441,2
442,0
443,1
444,4
445,2
446,1
447,2
448,1
449,3
450,2
451,3
452,1
453,2
454,3
455,1
456,2
457,2
458,2
459,2
460,6
461,2
462,5
463,1
464,2
465,1
466,2
467,0
468,1
469,0
470,4
471,1
472,1
473,1
474,3
475,2
476,3
477,2
478,0
479,0
480,0
481,1
482,1
483,3
484,4
485,3
486,1
487,1
488,3
489,3
490,1
491,1
492,1
493,1
494,1
495,1
496,1
497,1
498,1
499,0
500,3
501,2
502,2
503,3
504,1
505,2
506,0
507,4
508,2
509,2
510,1
511,4
512,4
513,1
514,2
515,1
516,3
517,2
518,0
519,1
520,2
521,1
522,1
523,3
524,1
525,1
526,2
527,4
528,1
529,3
530,4
531,2
532,3
533,4
534,2
535,2
536,1
537,4
538,2
539,6
540,1
541,2
542,4
543,2
544,1
545,1
546,2
547,2
548,4
549,5
550,1
551,2
552,1
553,2
554,2
555,5
556,1
557,3
558,3
559,1
560,4
561,4
562,3
563,0
564,7
565,1
566,6
567,2
568,1
569,5
570,1
571,0
572,1
573,1
574,0
575,2
576,3
577,1
578,3
579,4
580,4
581,1
582,1
583,1
584,3
585,1
586,1
587,1
588,1
589,0
590,6
591,0
592,2
593,1
594,1
595,3
596,4
597,2
598,1
599,3
600,4
601,1
602,3
603,3
604,1
605,2
606,4
607,1
608,1
609,1
610,0
611,2
612,1
613,1
614,4
615,1
616,1
617,0
618,1
619,1
620,2
621,2
622,3
623,1
624,0
625,1
626,0
627,1
628,4
629,1
630,1
631,0
632,0
633,3
634,3
635,2
636,2
637,2
638,1
639,1
640,2
641,2
642,1
643,3
644,4
645,1
646,1
647,2
648,3
649,0
650,3
651,1
652,1
653,4
654,0
655,2
656,1
657,0
658,2
659,2
660,3
661,1
662,2
663,1
664,2
665,2
666,1
667,2
668,0
669,1
670,3
671,1
672,0
673,3
674,0
675,1
676,2
677,2
678,1
679,1
680,1
681,3
682,0
683,3
684,1
685,0
686,0
687,2
688,2
689,0
690,0
691,2
692,0
693,1
694,1
695,1
696,0
697,0
698,2
699,3
700,1
701,2
702,5
703,0
704,2
705,1
706,2
707,2
708,0
709,4
710,3
711,1
712,1
713,1
714,3
715,4
716,0
717,0
718,3
719,3
720,0
721,1
722,1
723,1
724,3
725,2
726,1
727,4
728,1
729,1
730,1
731,1
732,1
733,0
734,1
735,2
736,2
737,1
738,1
739,0
740,1
741,0
742,1
743,4
744,2
745,1
746,2
747,0
748,0
749,2
750,1
751,4
752,1
753,2
754,1
755,5
756,2
757,2
758,3
759,3
760,0
761,2
762,3
763,1
764,2
765,3
766,1
767,1
768,3
769,1
770,0
771,1
772,6
773,1
774,3
775,2
776,2
777,0
778,4
779,1
780,3
781,1
782,2
783,3
784,4
785,6
786,4
787,4
788,2
789,0
790,1
791,3
792,3
793,2
794,2
795,4
796,2
797,2
798,1
799,3
800,0
801,1
802,1
803,1
804,0
805,2
806,3
807,2
808,2
809,3
810,2
811,4
812,1
813,3
814,2
815,1
816,5
817,0
818,5
819,2
820,2
821,0
822,2
823,4
824,1
825,4
826,2
827,2
828,1
829,1
830,2
831,3
832,3
833,4
834,2
835,2
836,0
837,2
838,5
839,4
840,1
841,4
842,5
843,1
844,5
845,4
846,2
847,1
848,2
849,1
850,1
851,2
852,2
853,1
854,2
855,2
856,2
857,2
858,2
859,1
860,0
861,1
862,2
863,2
864,2
865,0
866,1
867,1
868,2
869,3
870,3
871,2
872,3
873,2
874,3
875,1
876,1
877,1
878,0
879,3
880,0
881,3
882,4
883,1
884,3
885,4
886,1
887,2
888,2
889,2
890,1
891,0
892,2
893,5
894,2
895,2
896,2
897,2
898,3
899,1
900,4
901,1
902,4
903,1
904,4
905,1
906,2
907,3
908,0
909,4
910,4
911,4
912,5
913,5
914,3
915,5
916,3
917,2
918,2
919,1
920,3
921,2
922,1
923,3
924,4
925,4
926,2
927,2
928,5
929,6
930,2
931,1
932,4
933,3
934,4
935,2
936,3
937,2
938,1
939,3
940,1
941,4
942,2
943,2
944,1
945,1
946,3
947,2
948,0
949,1
950,3
951,1
952,2
953,1
954,0
955,1
956,0
957,2
958,1
959,1
960,4
961,3
962,5
963,2
964,1
965,1
966,1
967,1
968,2
969,3
970,3
971,2
972,2
973,0
974,1
975,3
976,2
977,1
978,0
979,1
980,1
981,2
982,0
983,2
984,3
985,2
986,1
987,3
988,1
989,1
990,2
991,1
992,2
993,0
994,2
995,4
996,2
997,5
998,2
999,0
1000,2
1001,1
1002,3
1003,2
1004,4
1005,2
1006,3
1007,4
1008,1
1009,1
1010,2
1011,2
1012,1
1013,2
1014,1
1015,2
1016,4
1017,1
1018,1
1019,1
1020,1
1021,1
1022,2
1023,5
1024,2
1025,2
1026,3
1027,2
1028,1
1029,3
1030,1
1031,1
1032,1
1033,3
1034,3
1035,4
1036,1
1037,0
1038,2
1039,4
1040,0
1041,1
1042,3
1043,2
1044,7
1045,3
1046,3
1047,2
1048,2
1049,3
1050,1
1051,5
1052,1
1053,1
1054,0
1055,1
1056,1
1057,4
1058,2
1059,1
1060,2
1061,1
1062,1
1063,1
1064,2
1065,3
1066,1
1067,1
1068,3
1069,4
1070,1
1071,3
1072,2
1073,1
1074,0
1075,1
1076,3
1077,2
1078,0
1079,1
1080,3
1081,1
1082,4
1083,2
1084,3
1085,4
1086,2
1087,0
1088,2
1089,3
1090,2
1091,2
1092,1
1093,2
1094,2
1095,3
1096,3
1097,1
1098,1
1099,5
1100,6
1101,2
1102,2
1103,2
1104,3
1105,2
1106,5
1107,3
1108,1
1109,2
1110,4
1111,1
1112,0
1113,3
1114,3
1115,3
1116,2
1117,2
1118,3
1119,1
1120,2
1121,3
1122,3
1123,2
1124,1
1125,3
1126,3
1127,3
1128,2
1129,2
1130,0
1131,1
1132,1
1133,3
1134,0
1135,3
1136,0
1137,1
1138,2
1139,4
1140,3
1141,5
1142,2
1143,4
1144,3
1145,2
1146,2
1147,1
1148,1
1149,5
1150,1
1151,2
1152,2
1153,5
1154,2
1155,2
1156,1
1157,5
1158,3
1159,1
1160,1
1161,1
1162,2
1163,0
1164,1
1165,3
1166,1
1167,2
1168,1
1169,1
1170,7
1171,1
1172,2
1173,1
1174,3
1175,1
1176,1
1177,4
1178,3
1179,1
1180,2
1181,1
1182,1
1183,3
1184,2
1185,4
1186,3
1187,1
1188,3
1189,0
1190,2
1191,1
1192,1
1193,4
1194,1
1195,1
1196,3
1197,2
1198,1
1199,1
1200,1
1201,3
1202,1
1203,2
1204,1
1205,0
1206,0
1207,1
1208,1
1209,1
1210,0
1211,2
1212,5
1213,3
1214,3
1215,0
1216,3
1217,2
1218,0
1219,0
1220,1
1221,1
1222,0
1223,0
1224,1
1225,1
1226,2
1227,0
1228,2
1229,5
1230,1
1231,1
1232,1
1233,2
1234,2
1235,2
1236,2
1237,2
1238,4
1239,2
1240,0
1241,1
1242,1
1243,1
1244,4
1245,1
1246,1
1247,3
1248,3
1249,1
1250,2
1251,1
1252,1
1253,1
1254,0
1255,3
1256,1
1257,1
1258,1
1259,1
1260,3
1261,2
1262,3
1263,3
1264,4
1265,3
1266,1
1267,1
1268,4
1269,2
1270,2
1271,1
1272,4
1273,3
1274,4
1275,1
1276,1
1277,2
1278,3
1279,4
1280,1
1281,1
1282,1
1283,3
1284,1
1285,2
1286,1
1287,1
1288,2
1289,1
1290,3
1291,1
1292,0
1293,3
1294,4
1295,1
1296,1
1297,1
1298,2
1299,2
1300,4
1301,0
1302,2
1303,4
1304,3
1305,4
1306,2
1307,2
1308,2
1309,3
1310,1
1311,3
1312,2
1313,1
1314,4
1315,3
1316,2
1317,2
1318,1
1319,2
1320,2
1321,3
1322,3
1323,1
1324,3
1325,5
1326,4
1327,0
1328,0
1329,2
1330,2
1331,1
1332,3
1333,1
1334,3
1335,3
1336,1
1337,2
1338,1
1339,1
1340,4
1341,4
1342,2
1343,3
1344,1
1345,1
1346,5
1347,1
1348,2
1349,1
1350,1
1351,1
1352,2
1353,3
1354,2
1355,3
1356,3
1357,1
1358,1
1359,2
1360,3
1361,3
1362,0
1363,2
1364,1
1365,1
1366,2
1367,3
1368,0
1369,1
1370,0
1371,2
1372,1
1373,1
1374,0
1375,3
1376,2
1377,3
1378,3
1379,3
1380,0
1381,0
1382,2
1383,1
1384,6
1385,1
1386,4
1387,2
1388,3
1389,6
1390,1
1391,3
1392,1
1393,3
1394,2
1395,3
1396,4
1397,2
1398,4
1399,2
1400,3
1401,3
1402,1
1403,1
1404,3
1405,5
1406,4
1407,4
1408,3
1409,5
1410,1
1411,1
1412,1
1413,1
1414,3
1415,1
1416,1
1417,0
1418,1
1419,0
1420,0
1421,1
1422,3
1423,2
1424,1
1425,1
1426,2
1427,2
1428,0
1429,1
1430,4
1431,2
1432,1
1433,3
1434,3
1435,2
1436,1
1437,3
1438,3
1439,2
1440,4
1441,0
1442,1
1443,2
1444,2
1445,2
1446,2
1447,2
1448,0
1449,4
1450,1
1451,2
1452,0
1453,5
1454,2
1455,3
1456,0
1457,1
1458,2
1459,1
1460,1
1461,0
1462,4
1463,1
1464,1
1465,3
1466,5
1467,2
1468,1
1469,3
1470,1
1471,1
1472,2
1473,2
1474,1
1475,0
1476,0
1477,1
1478,5
1479,2
1480,3
1481,2
1482,1
1483,2
1484,2
1485,2
1486,3
1487,5
1488,1
1489,1
1490,1
1491,4
1492,3
1493,1
1494,2
1495,3
1496,5
1497,2
1498,2
1499,3
1500,3
1501,5
1502,0
1503,1
1504,0
1505,2
1506,3
1507,1
1508,2
1509,3
1510,1
1511,1
1512,1
1513,1
1514,1
1515,1
1516,3
1517,3
1518,3
1519,1
1520,2
1521,3
1522,0
1523,3
1524,1
1525,1
1526,2
1527,2
1528,2
1529,0
1530,2
1531,2
1532,1
1533,1
1534,1
1535,2
1536,3
1537,2
1538,1
1539,3
1540,1
1541,3
1542,5
1543,1
1544,1
1545,2
1546,2
1547,2
1548,1
1549,2
1550,3
1551,2
1552,2
1553,1
1554,1
1555,7
1556,6
1557,3
1558,3
1559,1
1560,1
1561,3
1562,1
1563,3
1564,2
1565,5
1566,2
1567,2
1568,4
1569,2
1570,3
1571,1
1572,1
1573,1
1574,1
1575,2
1576,0
1577,1
1578,1
1579,3
1580,3
1581,1
1582,1
1583,3
1584,1
1585,1
1586,1
1587,1
1588,2
1589,3
1590,1
1591,1
1592,3
1593,0
1594,2
1595,0
1596,0
1597,1
1598,3
1599,5
1600,1
1601,0
1602,1
1603,4
1604,2
1605,3
1606,1
1607,3
1608,2
1609,2
1610,4
1611,0
1612,2
1613,1
1614,1
1615,2
1616,2
1617,2
1618,3
1619,4
1620,3
1621,2
1622,0
1623,6
1624,3
1625,1
1626,1
1627,4
1628,3
1629,3
1630,0
1631,1
1632,2
1633,3
1634,2
1635,1
1636,1
1637,2
1638,0
1639,2
1640,4
1641,2
1642,0
1643,5
1644,3
1645,5
1646,1
1647,0
1648,0
1649,1
1650,1
1651,4
1652,3
1653,1
1654,2
1655,1
1656,1
1657,2
1658,6
1659,1
1660,1
1661,2
1662,1
1663,2
1664,2
1665,1
1666,4
1667,1
1668,2
1669,4
1670,0
1671,4
1672,3
1673,2
1674,2
1675,1
1676,0
1677,2
1678,3
1679,2
1680,1
1681,4
1682,2
1683,1
1684,0
1685,1
1686,1
1687,1
1688,1
1689,0
1690,1
1691,3
1692,1
1693,2
1694,0
1695,3
1696,1
1697,0
1698,2
1699,1
1700,1
1701,3
1702,3
1703,2
1704,4
1705,0
1706,1
1707,3
1708,2
1709,3
1710,1
1711,1
1712,1
1713,2
1714,4
1715,1
1716,1
1717,4
1718,3
1719,2
1720,3
1721,4
1722,2
1723,0
1724,1
1725,4
1726,1
1727,0
1728,4
1729,1
1730,3
1731,1
1732,3
1733,3
1734,3
1735,3
1736,2
1737,0
1738,1
1739,4
1740,4
1741,1
1742,2
1743,4
1744,3
1745,1
1746,1
1747,4
1748,1
1749,1
1750,4
1751,4
1752,2
1753,2
1754,3
1755,3
1756,2
1757,3
1758,2
1759,1
1760,2
1761,2
1762,1
1763,1
1764,2
1765,3
1766,2
1767,2
1768,4
1769,1
1770,4
1771,1
1772,2
1773,2
1774,2
1775,3
1776,2
1777,2
1778,0
1779,1
1780,1
1781,2
1782,0
1783,1
1784,2
1785,1
1786,3
1787,2
1788,4
1789,2
1790,5
1791,4
1792,5
1793,3
1794,5
1795,3
1796,4
1797,4
1798,3
1799,2
1800,2
1801,1
1802,4
1803,3
1804,0
1805,0
1806,3
1807,5
1808,2
1809,3
1810,1
1811,1
1812,0
1813,1
1814,3
1815,3
1816,1
1817,1
1818,4
1819,3
1820,3
1821,4
1822,2
1823,1
1824,2
1825,4
1826,3
1827,1
1828,1
1829,2
1830,4
1831,2
1832,1
1833,1
1834,3
1835,2
1836,1
1837,1
1838,1
1839,1
1840,4
1841,3
1842,2
1843,0
1844,1
1845,3
1846,1
1847,1
1848,1
1849,2
1850,5
1851,1
1852,0
1853,3
1854,1
1855,0
1856,1
1857,1
1858,5
1859,1
1860,1
1861,1
1862,5
1863,0
1864,5
1865,3
1866,2
1867,1
1868,0
1869,1
1870,2
1871,0
1872,6
1873,3
1874,1
1875,1
1876,4
1877,4
1878,1
1879,1
1880,1
1881,4
1882,3
1883,5
1884,2
1885,2
1886,2
1887,3
1888,0
1889,3
1890,2
1891,2
1892,4
1893,2
1894,4
1895,3
1896,4
1897,1
1898,5
1899,3
1900,0
1901,3
1902,1
1903,0
1904,1
1905,0
1906,4
1907,5
1908,1
1909,8
1910,1
1911,3
1912,3
1913,2
1914,5
1915,3
1916,1
1917,4
1918,3
1919,0
1920,2
1921,1
1922,1
1923,0
1924,2
1925,3
1926,1
1927,4
1928,3
1929,2
1930,1
1931,1
1932,1
1933,2
1934,0
1935,1
1936,5
1937,0
1938,2
1939,3
1940,2
1941,4
1942,2
1943,4
1944,2
1945,1
1946,6
1947,1
1948,3
1949,3
1950,3
1951,2
1952,1
1953,3
1954,1
1955,2
1956,1
1957,7
1958,2
