0,2
1,2
2,1
3,1
4,1
5,2
6,4
7,1
8,0
9,1
10,2
11,2
12,2
13,5
14,1
15,3
16,1
17,2
18,0
19,1
20,0
21,0
22,2
23,0
24,1
25,1
26,0
27,3
28,3
29,1
30,1
31,4
32,3
33,1
34,1
35,3
36,1
37,3
38,0
39,1
40,1
41,0
42,0
43,3
44,2
45,1
46,1
47,1
48,1
49,1
50,3
51,1
52,0
53,1
54,1
55,2
56,1
57,1
58,0
59,2
60,0
61,1
62,0
63,1
64,1
65,1
66,2
67,4
68,2
69,1
70,1
71,2
72,1
73,2
74,0
75,0
76,2
77,2
78,2
79,1
80,1
81,2
82,3
83,0
84,1
85,1
86,0
87,3
88,1
89,0
90,0
91,0
92,1
93,1
94,0
95,0
96,0
97,1
98,3
99,1
100,1
101,1
102,1
103,0
104,0
105,1
106,1
107,1
108,3
109,1
110,1
111,0
112,1
113,0
114,1
115,0
116,1
117,2
118,3
119,1
120,2
121,0
122,0
123,1
124,1
125,0
126,1
127,0
128,1
129,1
130,0
131,1
132,1
133,2
134,1
135,1
136,4
137,1
138,1
139,2
140,3
141,2
142,2
143,0
144,1
145,2
146,1
147,0
148,1
149,1
150,1
151,2
152,1
153,0
154,0
155,0
156,1
157,3
158,1
159,1
160,1
161,1
162,0
163,0
164,1
165,1
166,0
167,0
168,2
169,2
170,2
171,2
172,1
173,1
174,1
175,1
176,1
177,2
178,2
179,0
180,0
181,2
182,1
183,1
184,0
185,1
186,2
187,1
188,1
189,2
190,2
191,2
192,0
193,1
194,1
195,1
196,3
197,6
198,1
199,0
200,0
201,1
202,1
203,0
204,0
205,2
206,1
207,0
208,2
209,1
210,1
211,2
212,1
213,2
214,0
215,1
216,0
217,2
218,1
219,1
220,3
221,1
222,2
223,2
224,1
225,1
226,0
227,3
228,1
229,1
230,3
231,1
232,0
233,1
234,0
235,2
236,2
237,2
238,1
239,0
240,2
241,2
242,0
243,1
244,1
245,1
246,2
247,1
248,1
249,0
250,2
251,0
252,0
253,2
254,2
255,1
256,0
257,0
258,1
259,0
260,0
261,1
262,0
263,1
264,1
265,0
266,1
267,2
268,1
269,2
270,4
271,0
272,0
273,1
274,1
275,1
276,1
277,1
278,1
279,2
280,1
281,1
282,2
283,1
284,1
285,0
286,0
287,0
288,2
289,3
290,3
291,4
292,2
293,2
294,2
295,4
296,0
297,2
298,2
299,1
300,0
301,1
302,1
303,1
304,0
305,1
306,2
307,1
308,0
309,1
310,1
311,2
312,1
313,3
314,0
315,1
316,1
317,2
318,1
319,2
320,0
321,1
322,1
323,0
324,1
325,1
326,2
327,1
328,3
329,2
330,0
331,1
332,2
333,1
334,0
335,1
336,5
337,0
338,1
339,0
340,2
341,1
342,0
343,1
344,2
345,1
346,2
347,4
348,1
349,0
350,1
351,0
352,0
353,4
354,1
355,1
356,2
357,0
358,2
359,1
360,0
361,1
362,2
363,1
364,0
365,3
366,3
367,1
368,2
369,1
370,2
371,0
372,1
373,2
374,1
375,3
376,1
377,0
378,1
379,0
380,1
381,1
382,0
383,0
384,2
385,1
386,0
387,1
388,0
389,2
390,0
391,5
392,1
393,1
394,1
395,2
396,1
397,1
398,2
399,0
400,1
401,0
402,2
403,4
404,0
405,1
406,0
407,3
408,1
409,3
410,1
411,3
412,2
413,0
414,0
415,0
416,0
417,1
418,0
419,2
420,1
421,1
422,0
423,0
424,1
425,3
426,1
427,1
428,1
429,1
430,1
431,1
432,0
433,2
434,0
435,2
436,1
437,2
438,1
439,1
440,1
441,1
442,1
443,1
444,2
445,3
446,2
447,1
448,1
449,1
450,1
451,2
452,0
453,3
454,2
455,1
456,2
457,5
458,1
459,4
460,1
461,0
462,1
463,1
464,1
465,1
466,1
467,1
468,0
469,3
470,2
471,1
472,2
473,4
474,1
475,3
476,1
477,2
478,0
479,2
480,0
481,1
482,1
483,0
484,2
485,1
486,3
487,4
488,4
489,2
490,1
491,1
492,2
493,1
494,2
495,1
496,0
497,1
498,3
499,2
500,2
501,0
502,1
503,2
504,2
505,0
506,0
507,1
508,1
509,1
510,1
511,0
512,1
513,7
514,0
515,0
516,4
517,0
518,1
519,1
520,1
521,2
522,2
523,1
524,2
525,1
526,2
527,1
528,2
529,1
530,0
531,0
532,2
533,1
534,1
535,2
536,0
537,2
538,1
539,6
540,1
541,1
542,2
543,1
544,2
545,1
546,1
547,2
548,1
549,1
550,1
551,1
552,0
553,2
554,3
555,1
556,3
557,2
558,0
559,3
560,1
561,1
562,2
563,2
564,2
565,0
566,1
567,0
568,1
569,1
570,1
571,3
572,0
573,1
574,2
575,1
576,1
577,2
578,2
579,2
580,2
581,1
582,2
583,1
584,2
585,2
586,2
587,0
588,1
589,3
590,2
591,2
592,2
593,1
594,0
595,1
596,1
597,1
598,3
599,1
600,1
601,0
602,3
603,3
604,1
605,1
606,0
607,1
608,2
609,1
610,0
611,2
612,1
613,1
614,2
615,0
616,1
617,1
618,2
619,1
620,1
621,1
622,1
623,1
624,2
625,1
626,3
627,2
628,2
629,1
630,3
631,0
632,2
633,1
634,3
635,1
636,4
637,1
638,1
639,1
640,3
641,1
642,1
643,2
644,1
645,0
646,1
647,0
648,0
649,2
650,1
651,2
652,1
653,1
654,0
655,1
656,0
657,2
658,0
659,0
660,1
661,1
662,1
663,0
664,1
665,2
666,2
667,2
668,0
669,0
670,0
671,1
672,1
673,1
674,2
675,6
676,2
677,3
678,1
679,1
680,0
681,1
682,1
683,0
684,2
685,0
686,1
687,1
688,0
689,0
690,0
691,0
692,1
693,0
694,0
695,0
696,2
697,1
698,1
699,1
700,1
701,0
702,1
703,0
704,0
705,1
706,1
707,0
708,3
709,1
710,3
711,0
712,1
713,1
714,1
715,2
716,0
717,1
718,1
719,1
720,0
721,1
722,1
723,0
724,3
725,2
726,1
727,1
728,1
729,0
730,0
731,3
732,1
733,2
734,1
735,4
736,0
737,0
738,0
739,7
740,0
741,4
742,2
743,2
744,0
745,1
746,0
747,1
748,1
749,1
750,0
751,1
752,0
753,0
754,1
755,0
756,0
757,0
758,0
759,1
760,1
761,2
762,0
763,0
764,2
765,1
766,2
767,0
768,1
769,0
770,0
771,0
772,0
773,1
774,1
775,2
776,0
777,0
778,1
779,0
780,1
781,1
782,1
783,0
784,0
785,1
786,0
787,0
788,1
789,1
790,1
791,1
792,2
793,1
794,2
795,0
796,1
797,2
798,0
799,2
800,2
801,1
802,0
803,0
804,1
805,1
806,2
807,0
808,4
809,1
810,1
811,0
812,3
813,2
814,1
815,2
816,1
817,1
818,0
819,1
820,1
821,0
822,2
823,0
824,1
825,0
826,0
827,1
828,1
829,3
830,3
831,3
832,2
833,2
834,0
835,2
836,1
837,1
838,3
839,2
840,0
841,2
842,1
843,1
844,1
845,1
846,2
847,1
848,0
849,4
850,1
851,0
852,3
853,1
854,1
855,1
856,3
857,0
858,2
859,2
860,0
861,0
862,0
863,0
864,0
865,1
866,1
867,2
868,1
869,0
870,1
871,1
872,1
873,2
874,3
875,1
876,2
877,0
878,1
879,2
880,0
881,1
882,4
883,1
884,1
885,4
886,1
887,2
888,0
889,4
890,0
891,3
892,0
893,1
894,1
895,1
896,1
897,1
898,3
899,2
900,0
901,2
902,2
903,1
904,1
905,4
906,1
907,3
908,1
909,4
910,2
911,1
912,0
913,2
914,1
915,1
916,0
917,5
918,2
919,3
920,1
921,2
922,2
923,4
924,0
925,1
926,2
927,1
928,4
929,1
930,2
931,0
932,1
933,3
934,4
935,1
936,3
937,1
938,0
939,1
940,1
941,1
942,2
943,0
944,1
945,0
946,0
947,1
948,0
949,0
950,4
951,1
952,0
953,3
954,1
955,1
956,0
957,0
958,1
959,2
960,1
961,1
962,1
963,1
964,1
965,1
966,1
967,0
968,1
969,1
970,2
971,1
972,3
973,1
974,2
975,1
976,1
977,1
978,0
979,2
980,1
981,2
982,3
983,1
984,1
985,2
986,1
987,2
988,1
989,0
990,3
991,3
992,3
993,2
994,0
995,1
996,0
997,0
998,0
999,1
1000,1
1001,0
1002,2
1003,2
1004,1
1005,0
1006,0
1007,2
1008,1
1009,3
1010,2
1011,1
1012,1
1013,2
1014,0
1015,2
1016,1
1017,0
1018,2
1019,0
1020,2
1021,1
1022,1
1023,0
1024,1
1025,1
1026,0
1027,1
1028,0
1029,4
1030,1
1031,2
1032,4
1033,2
1034,0
1035,3
1036,1
1037,0
1038,0
1039,3
1040,2
1041,2
1042,2
1043,0
1044,1
1045,2
1046,0
1047,0
1048,0
1049,1
1050,3
1051,0
1052,1
1053,1
1054,2
1055,0
1056,1
1057,4
1058,1
1059,1
1060,1
1061,1
1062,1
1063,1
1064,1
1065,3
1066,1
1067,2
1068,1
1069,2
1070,0
1071,1
1072,0
1073,1
1074,1
1075,0
1076,1
1077,2
1078,0
1079,1
1080,1
1081,1
1082,0
1083,0
1084,0
1085,2
1086,1
1087,0
1088,0
1089,0
1090,0
1091,1
1092,1
1093,0
1094,1
1095,2
1096,3
1097,1
1098,2
1099,1
1100,6
1101,1
1102,5
1103,3
1104,1
1105,0
1106,0
1107,1
1108,1
1109,1
1110,2
1111,1
1112,0
1113,0
1114,1
1115,1
1116,3
1117,2
1118,4
1119,1
1120,1
1121,1
1122,1
1123,4
1124,1
1125,1
1126,0
1127,1
1128,1
1129,3
1130,1
1131,3
1132,3
1133,0
1134,1
1135,4
1136,2
1137,1
1138,2
1139,1
1140,2
1141,1
1142,1
1143,0
1144,4
1145,1
1146,1
1147,0
1148,1
1149,1
1150,1
1151,2
1152,2
1153,2
1154,4
1155,3
1156,1
1157,1
1158,2
1159,1
1160,1
1161,1
1162,1
1163,3
1164,0
1165,2
1166,1
1167,1
1168,1
1169,2
1170,0
1171,2
1172,2
1173,0
1174,0
1175,1
1176,1
1177,0
1178,3
1179,1
1180,0
1181,0
1182,1
1183,1
1184,1
1185,1
1186,0
1187,1
1188,2
1189,0
1190,4
1191,1
1192,1
1193,1
1194,0
1195,2
1196,3
1197,1
1198,4
1199,1
1200,1
1201,2
1202,3
1203,1
1204,0
1205,0
1206,0
1207,0
1208,3
1209,0
1210,1
1211,1
1212,0
1213,0
1214,4
1215,1
1216,2
1217,2
1218,1
1219,1
1220,1
1221,1
1222,1
1223,3
1224,3
1225,1
1226,1
1227,1
1228,1
1229,1
1230,0
1231,3
1232,1
1233,3
1234,1
1235,2
1236,1
1237,1
1238,3
1239,1
1240,1
1241,4
1242,1
1243,0
1244,1
1245,1
1246,0
1247,3
1248,3
1249,2
1250,2
1251,1
1252,1
1253,3
1254,1
1255,1
1256,2
1257,3
1258,1
1259,0
1260,3
1261,1
1262,3
1263,3
1264,0
1265,2
1266,2
1267,0
1268,0
1269,0
1270,0
1271,0
1272,2
1273,4
1274,2
1275,1
1276,1
1277,0
1278,3
1279,2
1280,1
1281,0
1282,1
1283,3
1284,0
1285,1
1286,2
1287,1
1288,1
1289,2
1290,1
1291,1
1292,3
1293,1
1294,0
1295,4
1296,2
1297,3
1298,3
1299,0
1300,1
1301,1
1302,2
1303,0
1304,1
1305,1
1306,0
1307,0
1308,1
1309,1
1310,1
1311,2
1312,5
1313,1
1314,2
1315,4
1316,2
1317,1
1318,1
1319,1
1320,1
1321,4
1322,4
1323,1
1324,0
1325,1
1326,3
1327,0
1328,1
1329,1
1330,1
1331,1
1332,2
1333,2
1334,0
1335,2
1336,1
1337,2
1338,1
1339,1
1340,0
1341,2
1342,1
1343,2
1344,2
1345,0
1346,2
1347,1
1348,0
1349,0
1350,0
1351,3
1352,2
1353,1
1354,3
1355,0
1356,2
1357,0
1358,0
1359,1
1360,1
1361,1
1362,1
1363,0
1364,2
1365,1
1366,4
1367,0
1368,1
1369,1
1370,1
1371,2
1372,5
1373,1
1374,2
1375,1
1376,0
1377,6
1378,1
1379,1
1380,0
1381,1
1382,1
1383,2
1384,3
1385,1
1386,3
1387,1
1388,3
1389,1
1390,3
1391,1
1392,1
1393,1
1394,0
1395,1
1396,1
1397,2
1398,4
1399,1
1400,4
1401,3
1402,1
1403,1
1404,1
1405,1
1406,2
1407,2
1408,1
1409,0
1410,1
1411,0
1412,0
1413,0
1414,2
1415,1
1416,1
1417,1
1418,2
1419,1
1420,2
1421,0
1422,1
1423,1
1424,5
1425,1
1426,0
1427,2
1428,1
1429,1
1430,1
1431,1
1432,1
1433,1
1434,0
1435,2
1436,1
1437,3
1438,0
1439,1
1440,2
1441,1
1442,3
1443,0
1444,0
1445,0
1446,1
1447,4
1448,2
1449,1
1450,1
1451,0
1452,1
1453,2
1454,3
1455,3
1456,1
1457,1
1458,2
1459,2
1460,1
1461,1
1462,1
1463,0
1464,0
1465,0
1466,0
1467,1
1468,2
1469,3
1470,2
1471,2
1472,2
1473,2
1474,1
1475,3
1476,2
1477,1
1478,0
1479,2
1480,1
1481,3
1482,1
1483,1
1484,1
1485,1
1486,0
1487,0
1488,0
1489,1
1490,4
1491,1
1492,1
1493,0
1494,2
1495,2
1496,3
1497,1
1498,3
1499,2
1500,2
1501,2
1502,1
1503,1
1504,0
1505,1
1506,0
1507,1
1508,1
1509,1
1510,2
1511,1
1512,1
1513,1
1514,1
1515,0
1516,0
1517,1
1518,2
1519,0
1520,1
1521,1
1522,2
1523,2
1524,0
1525,0
1526,1
1527,1
1528,1
1529,0
1530,1
1531,2
1532,0
1533,1
1534,2
1535,1
1536,0
1537,1
1538,1
1539,1
1540,1
1541,1
1542,2
1543,1
1544,0
1545,2
1546,0
1547,2
1548,1
1549,2
1550,0
1551,0
1552,1
1553,1
1554,0
1555,4
1556,1
1557,0
1558,0
1559,1
1560,2
1561,0
1562,2
1563,1
1564,0
1565,3
1566,1
1567,1
1568,0
1569,0
1570,1
1571,3
1572,3
1573,2
1574,2
1575,1
1576,1
1577,1
1578,1
1579,0
1580,3
1581,1
1582,1
1583,3
1584,0
1585,3
1586,0
1587,1
1588,1
1589,2
1590,0
1591,1
1592,1
1593,0
1594,2
1595,1
1596,1
1597,0
1598,3
1599,2
1600,1
1601,1
1602,2
1603,3
1604,2
1605,0
1606,2
1607,0
1608,4
1609,2
1610,1
1611,1
1612,3
1613,1
1614,0
1615,2
1616,1
1617,0
1618,2
1619,1
1620,0
1621,1
1622,1
1623,1
1624,2
1625,0
1626,0
1627,2
1628,1
1629,1
1630,1
1631,1
1632,2
1633,1
1634,0
1635,1
1636,1
1637,3
1638,0
1639,1
1640,2
1641,1
1642,0
1643,0
1644,1
1645,1
1646,1
1647,1
1648,4
1649,0
1650,2
1651,1
1652,0
1653,2
1654,0
1655,2
1656,1
1657,1
1658,3
1659,1
1660,0
1661,0
1662,0
1663,1
1664,0
1665,1
1666,0
1667,0
1668,0
1669,1
1670,0
1671,0
1672,1
1673,5
1674,0
1675,1
1676,0
1677,0
1678,1
1679,1
1680,1
1681,1
1682,2
1683,1
1684,1
1685,1
1686,0
1687,1
1688,1
1689,1
1690,1
1691,1
1692,3
1693,1
1694,0
1695,0
1696,3
1697,2
1698,1
1699,0
1700,1
1701,2
1702,1
1703,2
1704,0
1705,1
1706,0
1707,3
1708,0
1709,1
1710,1
1711,0
1712,0
1713,1
1714,2
1715,1
1716,1
1717,3
1718,1
1719,0
1720,3
1721,3
1722,0
1723,2
1724,0
1725,1
1726,1
1727,0
1728,1
1729,1
1730,0
1731,0
1732,1
1733,3
1734,1
1735,0
1736,3
1737,1
1738,3
1739,3
1740,2
1741,1
1742,0
1743,0
1744,2
1745,1
1746,1
1747,0
1748,2
1749,1
1750,0
1751,2
1752,0
1753,3
1754,1
1755,1
1756,1
1757,0
1758,4
1759,0
1760,4
1761,0
1762,1
1763,0
1764,2
1765,2
1766,2
1767,1
1768,6
1769,3
1770,1
1771,1
1772,0
1773,3
1774,1
1775,2
1776,1
1777,0
1778,1
1779,1
1780,1
1781,3
1782,1
1783,1
1784,0
1785,0
1786,1
1787,1
1788,1
1789,0
1790,1
1791,0
1792,2
1793,0
1794,1
1795,1
1796,1
1797,2
1798,1
1799,1
1800,2
1801,1
1802,1
1803,2
1804,2
1805,0
1806,0
1807,5
1808,1
1809,2
1810,2
1811,2
1812,2
1813,2
1814,0
1815,2
1816,0
1817,2
1818,0
1819,1
1820,0
1821,1
1822,2
1823,2
1824,3
1825,1
1826,1
1827,1
1828,2
1829,1
1830,0
1831,2
1832,2
1833,0
1834,1
1835,1
1836,0
1837,2
1838,2
1839,1
1840,3
1841,1
1842,2
1843,0
1844,0
1845,1
1846,1
1847,0
1848,1
1849,0
1850,1
1851,1
1852,1
1853,0
1854,0
1855,0
1856,1
1857,1
1858,0
1859,0
1860,0
1861,1
1862,0
1863,1
1864,0
1865,5
1866,1
1867,1
1868,1
1869,1
1870,0
1871,1
1872,0
1873,3
1874,1
1875,1
1876,0
1877,1
1878,1
1879,1
1880,0
1881,4
1882,3
1883,2
1884,2
1885,0
1886,1
1887,1
1888,1
1889,0
1890,2
1891,3
1892,1
1893,1
1894,2
1895,1
1896,1
1897,0
1898,1
1899,3
1900,1
1901,3
1902,1
1903,2
1904,2
1905,0
1906,1
1907,2
1908,1
1909,1
1910,1
1911,0
1912,3
1913,3
1914,2
1915,1
1916,0
1917,1
1918,2
1919,1
1920,1
1921,0
1922,1
1923,1
1924,2
1925,1
1926,1
1927,0
1928,2
1929,2
1930,2
1931,1
1932,1
1933,0
1934,0
1935,1
1936,1
1937,2
1938,2
1939,2
1940,1
1941,2
1942,1
1943,0
1944,2
1945,1
1946,1
1947,1
1948,2
1949,1
1950,1
1951,0
1952,2
1953,1
1954,0
1955,2
1956,2
1957,2
1958,2
