0,4.0
1,170.0
2,5.0
3,537.0
4,76.0
5,32.0
6,4.0
7,170.0
8,46.0
9,22.0
10,1.0
11,1.0
12,10.0
13,3.0
14,6.0
15,
16,2.0
17,8.0
18,
19,79.0
20,15.0
21,
22,6.0
23,36.0
24,1.0
25,
26,10.0
27,91.0
28,3.0
29,21.0
30,23.0
31,32.0
32,36.0
33,6.0
34,79.0
35,2.0
36,159.0
37,
38,76.0
39,10.0
40,155.0
41,7.0
42,1.0
43,11.0
44,
45,2.0
46,17.0
47,39.0
48,2.0
49,
50,79.0
51,97.0
52,36.0
53,6.0
54,24.0
55,16.0
56,64.0
57,74.0
58,1.0
59,15.0
60,
61,1.0
62,3.0
63,91.0
64,1.0
65,7.0
66,1.0
67,1.0
68,44.0
69,2.0
70,
71,79.0
72,1.0
73,63.0
74,38.0
75,3.0
76,1.0
77,9.0
78,
79,6.0
80,36.0
81,2.0
82,2.0
83,4.0
84,1.0
85,
86,5.0
87,
88,1.0
89,5.0
90,25.0
91,
92,24.0
93,21.0
94,
95,
96,5.0
97,
98,16.0
99,
100,303.0
101,537.0
102,13.0
103,2.0
104,3.0
105,4.0
106,27.0
107,2.0
108,14.0
109,79.0
110,
111,6.0
112,17.0
113,47.0
114,5.0
115,4.0
116,90.0
117,13.0
118,25.0
119,76.0
120,79.0
121,31.0
122,4.0
123,4.0
124,2.0
125,1.0
126,2.0
127,493.0
128,2.0
129,125.0
130,22.0
131,11.0
132,1.0
133,15.0
134,8.0
135,15.0
136,16.0
137,
138,47.0
139,33.0
140,4.0
141,4.0
142,12.0
143,3.0
144,32.0
145,493.0
146,97.0
147,1.0
148,
149,4.0
150,50.0
151,90.0
152,74.0
153,2.0
154,2.0
155,58.0
156,34.0
157,10.0
158,79.0
159,
160,125.0
161,2.0
162,
163,8.0
164,493.0
165,
166,111.0
167,4.0
168,19.0
169,9.0
170,2.0
171,9.0
172,10.0
173,3.0
174,3.0
175,76.0
176,33.0
177,79.0
178,3.0
179,5.0
180,4.0
181,3.0
182,66.0
183,170.0
184,1.0
185,28.0
186,3.0
187,17.0
188,6.0
189,11.0
190,
191,27.0
192,1.0
193,97.0
194,19.0
195,45.0
196,36.0
197,
198,1.0
199,195.0
200,2.0
201,1.0
202,3.0
203,
204,8.0
205,36.0
206,2.0
207,6.0
208,25.0
209,4.0
210,
211,9.0
212,2.0
213,1.0
214,1.0
215,2.0
216,111.0
217,1.0
218,3.0
219,155.0
220,3.0
221,
222,3.0
223,6.0
224,58.0
225,64.0
226,1.0
227,14.0
228,60.0
229,
230,6.0
231,
232,27.0
233,1.0
234,1.0
235,3.0
236,12.0
237,1.0
238,10.0
239,38.0
240,5.0
241,8.0
242,1.0
243,23.0
244,
245,73.0
246,3.0
247,27.0
248,6.0
249,21.0
250,155.0
251,
252,10.0
253,10.0
254,21.0
255,
256,3.0
257,111.0
258,303.0
259,36.0
260,10.0
261,57.0
262,18.0
263,
264,195.0
265,5.0
266,13.0
267,2.0
268,10.0
269,
270,3.0
271,
272,4.0
273,2.0
274,1.0
275,
276,
277,
278,40.0
279,63.0
280,
281,5.0
282,1.0
283,4.0
284,2.0
285,3.0
286,2.0
287,493.0
288,1.0
289,90.0
290,1.0
291,9.0
292,45.0
293,1.0
294,1.0
295,1.0
296,2.0
297,1.0
298,79.0
299,79.0
300,2.0
301,36.0
302,
303,41.0
304,76.0
305,
306,1.0
307,
308,59.0
309,33.0
310,6.0
311,493.0
312,
313,4.0
314,1.0
315,5.0
316,19.0
317,1.0
318,13.0
319,3.0
320,1.0
321,6.0
322,537.0
323,31.0
324,4.0
325,2.0
326,1.0
327,
328,33.0
329,2.0
330,1.0
331,79.0
332,91.0
333,3.0
334,9.0
335,2.0
336,27.0
337,111.0
338,
339,1.0
340,6.0
341,1.0
342,3.0
343,155.0
344,
345,44.0
346,5.0
347,21.0
348,3.0
349,2.0
350,73.0
351,3.0
352,1.0
353,3.0
354,12.0
355,64.0
356,
357,
358,1.0
359,
360,13.0
361,13.0
362,3.0
363,5.0
364,
365,3.0
366,1.0
367,38.0
368,91.0
369,24.0
370,79.0
371,10.0
372,58.0
373,1.0
374,1.0
375,1.0
376,1.0
377,
378,19.0
379,2.0
380,1.0
381,
382,79.0
383,38.0
384,2.0
385,25.0
386,1.0
387,5.0
388,
389,21.0
390,
391,14.0
392,1.0
393,7.0
394,
395,79.0
396,
397,19.0
398,
399,1.0
400,11.0
401,68.0
402,8.0
403,32.0
404,23.0
405,170.0
406,18.0
407,9.0
408,
409,79.0
410,2.0
411,16.0
412,79.0
413,3.0
414,
415,79.0
416,111.0
417,
418,68.0
419,537.0
420,1.0
421,2.0
422,1.0
423,111.0
424,6.0
425,73.0
426,6.0
427,1.0
428,6.0
429,79.0
430,6.0
431,1.0
432,111.0
433,79.0
434,111.0
435,170.0
436,303.0
437,36.0
438,493.0
439,5.0
440,2.0
441,2.0
442,3.0
443,23.0
444,1.0
445,19.0
446,1.0
447,59.0
448,58.0
449,8.0
450,1.0
451,
452,16.0
453,40.0
454,79.0
455,58.0
456,24.0
457,1.0
458,8.0
459,4.0
460,11.0
461,2.0
462,41.0
463,3.0
464,60.0
465,159.0
466,3.0
467,2.0
468,111.0
469,
470,3.0
471,
472,33.0
473,3.0
474,8.0
475,2.0
476,
477,493.0
478,2.0
479,
480,43.0
481,
482,4.0
483,17.0
484,1.0
485,4.0
486,1.0
487,3.0
488,36.0
489,6.0
490,7.0
491,6.0
492,10.0
493,18.0
494,5.0
495,43.0
496,14.0
497,60.0
498,13.0
499,58.0
500,1.0
501,6.0
502,3.0
503,19.0
504,
505,6.0
506,7.0
507,64.0
508,10.0
509,155.0
510,
511,
512,3.0
513,1.0
514,13.0
515,64.0
516,79.0
517,159.0
518,58.0
519,4.0
520,5.0
521,4.0
522,16.0
523,
524,1.0
525,7.0
526,25.0
527,2.0
528,79.0
529,2.0
530,9.0
531,3.0
532,3.0
533,5.0
534,
535,
536,
537,
538,
539,14.0
540,13.0
541,6.0
542,493.0
543,
544,16.0
545,25.0
546,44.0
547,3.0
548,
549,3.0
550,3.0
551,86.0
552,56.0
553,33.0
554,19.0
555,2.0
556,2.0
557,9.0
558,90.0
559,9.0
560,
561,1.0
562,28.0
563,10.0
564,63.0
565,10.0
566,25.0
567,2.0
568,1.0
569,
570,5.0
571,13.0
572,3.0
573,4.0
574,79.0
575,90.0
576,15.0
577,16.0
578,3.0
579,5.0
580,155.0
581,6.0
582,36.0
583,90.0
584,9.0
585,4.0
586,155.0
587,3.0
588,79.0
589,3.0
590,47.0
591,2.0
592,1.0
593,42.0
594,2.0
595,12.0
596,10.0
597,14.0
598,1.0
599,13.0
600,5.0
601,
602,21.0
603,40.0
604,63.0
605,35.0
606,1.0
607,2.0
608,13.0
609,4.0
610,186.0
611,
612,15.0
613,11.0
614,58.0
615,7.0
616,170.0
617,9.0
618,
619,74.0
620,
621,2.0
622,90.0
623,16.0
624,
625,7.0
626,3.0
627,5.0
628,44.0
629,74.0
630,79.0
631,16.0
632,
633,1.0
634,21.0
635,3.0
636,26.0
637,19.0
638,50.0
639,90.0
640,2.0
641,79.0
642,79.0
643,3.0
644,74.0
645,3.0
646,16.0
647,
648,28.0
649,8.0
650,11.0
651,13.0
652,4.0
653,1.0
654,56.0
655,
656,
657,16.0
658,111.0
659,2.0
660,79.0
661,18.0
662,5.0
663,3.0
664,19.0
665,44.0
666,5.0
667,5.0
668,3.0
669,1.0
670,76.0
671,155.0
672,7.0
673,
674,4.0
675,
676,9.0
677,7.0
678,
679,42.0
680,4.0
681,3.0
682,34.0
683,15.0
684,10.0
685,
686,
687,31.0
688,19.0
689,23.0
690,4.0
691,21.0
692,3.0
693,3.0
694,4.0
695,1.0
696,22.0
697,1.0
698,78.0
699,17.0
700,1.0
701,25.0
702,10.0
703,1.0
704,145.0
705,1.0
706,13.0
707,125.0
708,
709,13.0
710,4.0
711,
712,
713,34.0
714,8.0
715,2.0
716,111.0
717,1.0
718,59.0
719,18.0
720,2.0
721,3.0
722,2.0
723,
724,2.0
725,4.0
726,258.0
727,97.0
728,2.0
729,4.0
730,6.0
731,34.0
732,18.0
733,11.0
734,1.0
735,3.0
736,34.0
737,3.0
738,7.0
739,16.0
740,26.0
741,36.0
742,79.0
743,
744,
745,16.0
746,4.0
747,2.0
748,79.0
749,6.0
750,44.0
751,36.0
752,
753,
754,44.0
755,38.0
756,1.0
757,37.0
758,40.0
759,3.0
760,2.0
761,33.0
762,
763,6.0
764,21.0
765,5.0
766,40.0
767,8.0
768,
769,1.0
770,
771,3.0
772,6.0
773,2.0
774,3.0
775,32.0
776,1.0
777,
778,9.0
779,2.0
780,25.0
781,1.0
782,8.0
783,90.0
784,8.0
785,58.0
786,3.0
787,5.0
788,1.0
789,32.0
790,10.0
791,8.0
792,21.0
793,2.0
794,19.0
795,62.0
796,
797,1.0
798,15.0
799,32.0
800,9.0
801,4.0
802,493.0
803,13.0
804,12.0
805,
806,79.0
807,5.0
808,3.0
809,3.0
810,195.0
811,
812,6.0
813,
814,23.0
815,44.0
816,2.0
817,3.0
818,
819,
820,1.0
821,4.0
822,43.0
823,
824,1.0
825,3.0
826,111.0
827,40.0
828,
829,2.0
830,40.0
831,1.0
832,7.0
833,19.0
834,33.0
835,1.0
836,24.0
837,
838,34.0
839,
840,3.0
841,5.0
842,12.0
843,
844,12.0
845,12.0
846,4.0
847,3.0
848,111.0
849,1.0
850,79.0
851,10.0
852,44.0
853,2.0
854,
855,24.0
856,1.0
857,
858,11.0
859,44.0
860,5.0
861,
862,1.0
863,1.0
864,2.0
865,58.0
866,5.0
867,4.0
868,41.0
869,90.0
870,13.0
871,1.0
872,9.0
873,2.0
874,7.0
875,
876,
877,111.0
878,3.0
879,1.0
880,
881,47.0
882,16.0
883,44.0
884,8.0
885,13.0
886,23.0
887,159.0
888,3.0
889,3.0
890,10.0
891,5.0
892,2.0
893,5.0
894,
895,79.0
896,
897,1.0
898,15.0
899,11.0
900,
901,91.0
902,
903,79.0
904,79.0
905,1.0
906,19.0
907,19.0
908,37.0
909,186.0
910,
911,20.0
912,2.0
913,5.0
914,493.0
915,10.0
916,2.0
917,44.0
918,32.0
919,493.0
920,11.0
921,2.0
922,537.0
923,32.0
924,38.0
925,7.0
926,5.0
927,8.0
928,12.0
929,41.0
930,19.0
931,31.0
932,
933,
934,3.0
935,5.0
936,11.0
937,5.0
938,2.0
939,10.0
940,
941,
942,6.0
943,31.0
944,24.0
945,46.0
946,86.0
947,170.0
948,
949,2.0
950,36.0
951,79.0
952,4.0
953,36.0
954,2.0
955,1.0
956,44.0
957,
958,8.0
959,1.0
960,493.0
961,2.0
962,7.0
963,79.0
964,9.0
965,8.0
966,24.0
967,2.0
968,2.0
969,79.0
970,9.0
971,
972,3.0
973,493.0
974,2.0
975,4.0
976,111.0
977,1.0
978,
979,14.0
980,33.0
981,118.0
982,59.0
983,1.0
984,34.0
985,7.0
986,
987,8.0
988,4.0
989,4.0
990,43.0
991,3.0
992,90.0
993,
994,2.0
995,1.0
996,159.0
997,8.0
998,111.0
999,170.0
1000,
1001,90.0
1002,1.0
1003,2.0
1004,493.0
1005,40.0
1006,4.0
1007,1.0
1008,258.0
1009,1.0
1010,7.0
1011,11.0
1012,97.0
1013,16.0
1014,12.0
1015,
1016,33.0
1017,1.0
1018,41.0
1019,2.0
1020,6.0
1021,4.0
1022,58.0
1023,3.0
1024,36.0
1025,159.0
1026,5.0
1027,2.0
1028,1.0
1029,36.0
1030,10.0
1031,7.0
1032,8.0
1033,90.0
1034,2.0
1035,
1036,493.0
1037,
1038,1.0
1039,12.0
1040,22.0
1041,5.0
1042,14.0
1043,26.0
1044,1.0
1045,3.0
1046,23.0
1047,1.0
1048,1.0
1049,
1050,27.0
1051,
1052,44.0
1053,97.0
1054,79.0
1055,4.0
1056,24.0
1057,
1058,24.0
1059,118.0
1060,31.0
1061,3.0
1062,15.0
1063,13.0
1064,86.0
1065,7.0
1066,9.0
1067,44.0
1068,6.0
1069,155.0
1070,4.0
1071,1.0
1072,
1073,3.0
1074,36.0
1075,5.0
1076,12.0
1077,1.0
1078,31.0
1079,58.0
1080,31.0
1081,2.0
1082,3.0
1083,111.0
1084,19.0
1085,125.0
1086,1.0
1087,6.0
1088,43.0
1089,3.0
1090,4.0
1091,47.0
1092,
1093,111.0
1094,3.0
1095,21.0
1096,90.0
1097,57.0
1098,159.0
1099,1.0
1100,14.0
1101,1.0
1102,
1103,1.0
1104,3.0
1105,111.0
1106,13.0
1107,155.0
1108,1.0
1109,31.0
1110,10.0
1111,43.0
1112,2.0
1113,3.0
1114,2.0
1115,1.0
1116,19.0
1117,
1118,9.0
1119,2.0
1120,4.0
1121,1.0
1122,9.0
1123,27.0
1124,1.0
1125,1.0
1126,38.0
1127,47.0
1128,2.0
1129,9.0
1130,78.0
1131,
1132,
1133,
1134,79.0
1135,5.0
1136,58.0
1137,5.0
1138,79.0
1139,
1140,8.0
1141,10.0
1142,2.0
1143,3.0
1144,16.0
1145,91.0
1146,76.0
1147,13.0
1148,63.0
1149,11.0
1150,2.0
1151,1.0
1152,1.0
1153,1.0
1154,32.0
1155,11.0
1156,6.0
1157,66.0
1158,79.0
1159,2.0
1160,50.0
1161,45.0
1162,44.0
1163,10.0
1164,111.0
1165,493.0
1166,79.0
1167,
1168,125.0
1169,4.0
1170,1.0
1171,1.0
1172,79.0
1173,5.0
1174,
1175,16.0
1176,1.0
1177,1.0
1178,1.0
1179,5.0
1180,15.0
1181,8.0
1182,58.0
1183,3.0
1184,10.0
1185,57.0
1186,38.0
1187,24.0
1188,2.0
1189,
1190,15.0
1191,90.0
1192,125.0
1193,17.0
1194,1.0
1195,18.0
1196,2.0
1197,31.0
1198,
1199,1.0
1200,1.0
1201,
1202,25.0
1203,57.0
1204,
1205,
1206,43.0
1207,25.0
1208,14.0
1209,19.0
1210,16.0
1211,68.0
1212,111.0
1213,39.0
1214,13.0
1215,14.0
1216,90.0
1217,19.0
1218,21.0
1219,10.0
1220,
1221,36.0
1222,
1223,21.0
1224,90.0
1225,44.0
1226,58.0
1227,303.0
1228,23.0
1229,19.0
1230,86.0
1231,36.0
1232,13.0
1233,3.0
1234,1.0
1235,1.0
1236,19.0
1237,
1238,12.0
1239,24.0
1240,1.0
1241,4.0
1242,64.0
1243,10.0
1244,3.0
1245,
1246,
1247,16.0
1248,
1249,25.0
1250,170.0
1251,1.0
1252,1.0
1253,
1254,76.0
1255,79.0
1256,79.0
1257,19.0
1258,5.0
1259,5.0
1260,3.0
1261,19.0
1262,4.0
1263,4.0
1264,
1265,1.0
1266,11.0
1267,23.0
1268,39.0
1269,3.0
1270,111.0
1271,2.0
1272,
1273,33.0
1274,
1275,23.0
1276,4.0
1277,1.0
1278,4.0
1279,12.0
1280,1.0
1281,
1282,43.0
1283,3.0
1284,5.0
1285,
1286,1.0
1287,91.0
1288,10.0
1289,2.0
1290,10.0
1291,43.0
1292,1.0
1293,21.0
1294,3.0
1295,6.0
1296,15.0
1297,3.0
1298,8.0
1299,
1300,323.0
1301,
1302,1.0
1303,1.0
1304,47.0
1305,11.0
1306,23.0
1307,
1308,24.0
1309,
1310,23.0
1311,63.0
1312,1.0
1313,1.0
1314,
1315,90.0
1316,11.0
1317,12.0
1318,19.0
1319,6.0
1320,6.0
1321,4.0
1322,3.0
1323,8.0
1324,34.0
1325,25.0
1326,4.0
1327,1.0
1328,9.0
1329,79.0
1330,1.0
1331,1.0
1332,3.0
1333,24.0
1334,
1335,34.0
1336,1.0
1337,17.0
1338,10.0
1339,3.0
1340,7.0
1341,8.0
1342,24.0
1343,10.0
1344,6.0
1345,
1346,12.0
1347,7.0
1348,
1349,1.0
1350,1.0
1351,32.0
1352,3.0
1353,8.0
1354,21.0
1355,
1356,
1357,34.0
1358,2.0
1359,23.0
1360,3.0
1361,9.0
1362,37.0
1363,3.0
1364,58.0
1365,15.0
1366,14.0
1367,3.0
1368,
1369,155.0
1370,91.0
1371,58.0
1372,16.0
1373,19.0
1374,10.0
1375,
1376,2.0
1377,16.0
1378,195.0
1379,76.0
1380,26.0
1381,36.0
1382,24.0
1383,44.0
1384,3.0
1385,4.0
1386,12.0
1387,6.0
1388,13.0
1389,25.0
1390,19.0
1391,58.0
1392,170.0
1393,26.0
1394,
1395,
1396,1.0
1397,3.0
1398,8.0
1399,2.0
1400,1.0
1401,27.0
1402,79.0
1403,3.0
1404,40.0
1405,39.0
1406,16.0
1407,2.0
1408,1.0
1409,38.0
1410,64.0
1411,
1412,493.0
1413,
1414,3.0
1415,42.0
1416,13.0
1417,6.0
1418,43.0
1419,6.0
1420,10.0
1421,1.0
1422,74.0
1423,
1424,16.0
1425,79.0
1426,79.0
1427,1.0
1428,8.0
1429,9.0
1430,76.0
1431,59.0
1432,34.0
1433,34.0
1434,38.0
1435,79.0
1436,6.0
1437,4.0
1438,38.0
1439,58.0
1440,170.0
1441,
1442,118.0
1443,7.0
1444,
1445,1.0
1446,8.0
1447,15.0
1448,36.0
1449,47.0
1450,
1451,1.0
1452,
1453,44.0
1454,3.0
1455,5.0
1456,44.0
1457,42.0
1458,1.0
1459,11.0
1460,36.0
1461,43.0
1462,6.0
1463,5.0
1464,1.0
1465,155.0
1466,170.0
1467,22.0
1468,5.0
1469,19.0
1470,27.0
1471,44.0
1472,2.0
1473,
1474,8.0
1475,36.0
1476,
1477,2.0
1478,3.0
1479,10.0
1480,1.0
1481,8.0
1482,4.0
1483,91.0
1484,
1485,
1486,97.0
1487,5.0
1488,3.0
1489,90.0
1490,
1491,19.0
1492,63.0
1493,111.0
1494,2.0
1495,3.0
1496,2.0
1497,18.0
1498,14.0
1499,3.0
1500,1.0
1501,2.0
1502,2.0
1503,4.0
1504,17.0
1505,1.0
1506,8.0
1507,111.0
1508,16.0
1509,34.0
1510,1.0
1511,
1512,90.0
1513,1.0
1514,2.0
1515,15.0
1516,
1517,7.0
1518,3.0
1519,37.0
1520,11.0
1521,39.0
1522,5.0
1523,
1524,3.0
1525,40.0
1526,10.0
1527,43.0
1528,
1529,8.0
1530,21.0
1531,26.0
1532,3.0
1533,3.0
1534,11.0
1535,1.0
1536,1.0
1537,23.0
1538,25.0
1539,1.0
1540,5.0
1541,7.0
1542,8.0
1543,16.0
1544,10.0
1545,
1546,
1547,1.0
1548,3.0
1549,43.0
1550,78.0
1551,6.0
1552,6.0
1553,90.0
1554,34.0
1555,27.0
1556,64.0
1557,
1558,155.0
1559,3.0
1560,14.0
1561,8.0
1562,15.0
1563,64.0
1564,17.0
1565,1.0
1566,2.0
1567,
1568,1.0
1569,38.0
1570,1.0
1571,16.0
1572,4.0
1573,16.0
1574,5.0
1575,1.0
1576,8.0
1577,29.0
1578,90.0
1579,145.0
1580,28.0
1581,1.0
1582,18.0
1583,32.0
1584,111.0
1585,9.0
1586,6.0
1587,5.0
1588,23.0
1589,1.0
1590,4.0
1591,2.0
1592,
1593,37.0
1594,24.0
1595,
1596,
1597,1.0
1598,3.0
1599,90.0
1600,22.0
1601,23.0
1602,10.0
1603,12.0
1604,195.0
1605,2.0
1606,15.0
1607,1.0
1608,249.0
1609,2.0
1610,21.0
1611,1.0
1612,3.0
1613,90.0
1614,1.0
1615,90.0
1616,24.0
1617,76.0
1618,24.0
1619,155.0
1620,26.0
1621,8.0
1622,2.0
1623,303.0
1624,88.0
1625,3.0
1626,6.0
1627,
1628,6.0
1629,47.0
1630,3.0
1631,39.0
1632,90.0
1633,10.0
1634,170.0
1635,1.0
1636,8.0
1637,1.0
1638,
1639,7.0
1640,3.0
1641,12.0
1642,19.0
1643,125.0
1644,58.0
1645,303.0
1646,1.0
1647,1.0
1648,15.0
1649,18.0
1650,6.0
1651,323.0
1652,
1653,7.0
1654,25.0
1655,58.0
1656,5.0
1657,537.0
1658,14.0
1659,79.0
1660,
1661,46.0
1662,111.0
1663,3.0
1664,5.0
1665,2.0
1666,
1667,45.0
1668,2.0
1669,493.0
1670,19.0
1671,27.0
1672,64.0
1673,3.0
1674,4.0
1675,493.0
1676,
1677,
1678,18.0
1679,21.0
1680,170.0
1681,18.0
1682,43.0
1683,42.0
1684,
1685,2.0
1686,1.0
1687,159.0
1688,4.0
1689,9.0
1690,19.0
1691,21.0
1692,27.0
1693,97.0
1694,31.0
1695,323.0
1696,23.0
1697,2.0
1698,1.0
1699,15.0
1700,56.0
1701,35.0
1702,33.0
1703,
1704,10.0
1705,26.0
1706,
1707,12.0
1708,8.0
1709,3.0
1710,33.0
1711,42.0
1712,2.0
1713,18.0
1714,66.0
1715,159.0
1716,2.0
1717,90.0
1718,3.0
1719,1.0
1720,91.0
1721,
1722,24.0
1723,6.0
1724,41.0
1725,64.0
1726,1.0
1727,
1728,18.0
1729,5.0
1730,6.0
1731,
1732,4.0
1733,2.0
1734,58.0
1735,13.0
1736,4.0
1737,2.0
1738,2.0
1739,12.0
1740,3.0
1741,44.0
1742,8.0
1743,5.0
1744,3.0
1745,159.0
1746,5.0
1747,6.0
1748,10.0
1749,42.0
1750,21.0
1751,
1752,4.0
1753,4.0
1754,195.0
1755,
1756,27.0
1757,
1758,13.0
1759,
1760,4.0
1761,4.0
1762,64.0
1763,
1764,35.0
1765,303.0
1766,13.0
1767,1.0
1768,
1769,1.0
1770,79.0
1771,18.0
1772,2.0
1773,1.0
1774,41.0
1775,1.0
1776,1.0
1777,2.0
1778,32.0
1779,6.0
1780,86.0
1781,58.0
1782,26.0
1783,50.0
1784,40.0
1785,31.0
1786,
1787,1.0
1788,3.0
1789,145.0
1790,2.0
1791,23.0
1792,
1793,
1794,10.0
1795,2.0
1796,2.0
1797,1.0
1798,2.0
1799,97.0
1800,3.0
1801,79.0
1802,4.0
1803,8.0
1804,6.0
1805,2.0
1806,8.0
1807,34.0
1808,4.0
1809,57.0
1810,79.0
1811,66.0
1812,16.0
1813,3.0
1814,2.0
1815,3.0
1816,
1817,4.0
1818,21.0
1819,1.0
1820,
1821,
1822,16.0
1823,3.0
1824,1.0
1825,537.0
1826,4.0
1827,1.0
1828,14.0
1829,1.0
1830,26.0
1831,
1832,
1833,
1834,
1835,25.0
1836,4.0
1837,90.0
1838,16.0
1839,13.0
1840,14.0
1841,
1842,32.0
1843,
1844,
1845,4.0
1846,3.0
1847,15.0
1848,
1849,16.0
1850,4.0
1851,2.0
1852,2.0
1853,111.0
1854,7.0
1855,1.0
1856,
1857,58.0
1858,1.0
1859,25.0
1860,2.0
1861,1.0
1862,2.0
1863,1.0
1864,8.0
1865,18.0
1866,
1867,11.0
1868,2.0
1869,86.0
1870,3.0
1871,3.0
1872,
1873,16.0
1874,125.0
1875,159.0
1876,
1877,38.0
1878,5.0
1879,22.0
1880,
1881,7.0
1882,
1883,3.0
1884,50.0
1885,24.0
1886,90.0
1887,8.0
1888,
1889,1.0
1890,1.0
1891,91.0
1892,13.0
1893,3.0
1894,159.0
1895,3.0
1896,10.0
1897,258.0
1898,2.0
1899,493.0
1900,
1901,4.0
1902,16.0
1903,6.0
1904,2.0
1905,31.0
1906,21.0
1907,7.0
1908,4.0
1909,
1910,1.0
1911,
1912,
1913,2.0
1914,3.0
1915,3.0
1916,20.0
1917,66.0
1918,4.0
1919,13.0
1920,170.0
1921,14.0
1922,9.0
1923,493.0
1924,11.0
1925,6.0
1926,2.0
1927,74.0
1928,7.0
1929,5.0
1930,13.0
1931,78.0
1932,
1933,10.0
1934,
1935,3.0
1936,3.0
1937,5.0
1938,2.0
1939,258.0
1940,3.0
1941,1.0
1942,3.0
1943,155.0
1944,91.0
1945,
1946,1.0
1947,2.0
1948,21.0
1949,155.0
1950,
1951,5.0
1952,7.0
1953,90.0
1954,6.0
1955,2.0
1956,493.0
1957,
1958,5.0
