0,2
1,4
2,1
3,2
4,2
5,7
6,2
7,1
8,2
9,2
10,2
11,9
12,1
13,7
14,3
15,3
16,4
17,2
18,7
19,4
20,5
21,1
22,3
23,5
24,5
25,4
26,2
27,3
28,5
29,2
30,5
31,4
32,3
33,2
34,2
35,3
36,2
37,2
38,2
39,1
40,2
41,3
42,5
43,4
44,4
45,2
46,1
47,3
48,1
49,2
50,4
51,3
52,4
53,4
54,9
55,6
56,4
57,5
58,2
59,2
60,6
61,2
62,2
63,9
64,5
65,1
66,3
67,2
68,8
69,2
70,1
71,5
72,2
73,2
74,4
75,4
76,2
77,4
78,1
79,2
80,4
81,6
82,4
83,4
84,3
85,3
86,6
87,1
88,5
89,1
90,2
91,3
92,9
93,2
94,2
95,6
96,1
97,4
98,2
99,2
100,7
101,1
102,2
103,1
104,2
105,1
106,5
107,5
108,4
109,4
110,7
111,3
112,1
113,1
114,5
115,3
116,4
117,2
118,2
119,3
120,3
121,2
122,3
123,6
124,7
125,2
126,3
127,1
128,5
129,1
130,2
131,1
132,2
133,2
134,3
135,5
136,3
137,5
138,3
139,2
140,3
141,3
142,3
143,6
144,4
145,2
146,1
147,2
148,7
149,2
150,1
151,2
152,5
153,2
154,4
155,2
156,3
157,1
158,2
159,3
160,4
161,1
162,3
163,1
164,5
165,2
166,2
167,1
168,6
169,5
170,4
171,1
172,2
173,5
174,3
175,1
176,6
177,2
178,3
179,4
180,5
181,5
182,1
183,1
184,1
185,2
186,3
187,1
188,2
189,1
190,4
191,5
192,2
193,3
194,1
195,1
196,8
197,2
198,4
199,6
200,3
201,7
202,4
203,3
204,4
205,2
206,1
207,3
208,2
209,3
210,5
211,3
212,1
213,3
214,5
215,1
216,4
217,1
218,5
219,2
220,3
221,6
222,2
223,1
224,3
225,1
226,4
227,2
228,3
229,2
230,3
231,2
232,3
233,6
234,6
235,3
236,3
237,3
238,3
239,3
240,1
241,3
242,4
243,6
244,2
245,5
246,4
247,2
248,1
249,4
250,3
251,1
252,2
253,2
254,3
255,4
256,4
257,5
258,1
259,2
260,1
261,1
262,2
263,2
264,6
265,1
266,1
267,4
268,1
269,4
270,3
271,4
272,2
273,6
274,3
275,1
276,3
277,3
278,2
279,3
280,5
281,1
282,3
283,6
284,3
285,3
286,3
287,2
288,4
289,4
290,9
291,3
292,4
293,2
294,4
295,1
296,3
297,1
298,3
299,5
300,4
301,3
302,2
303,2
304,2
305,2
306,9
307,7
308,3
309,4
310,2
311,1
312,3
313,3
314,3
315,6
316,5
317,1
318,3
319,8
320,2
321,2
322,2
323,2
324,3
325,1
326,1
327,4
328,2
329,3
330,2
331,2
332,4
333,1
334,4
335,2
336,5
337,4
338,4
339,2
340,5
341,2
342,1
343,2
344,3
345,2
346,6
347,2
348,1
349,3
350,3
351,2
352,2
353,3
354,6
355,6
356,6
357,5
358,4
359,2
360,3
361,1
362,3
363,4
364,5
365,2
366,4
367,5
368,4
369,2
370,2
371,5
372,1
373,2
374,1
375,9
376,6
377,6
378,4
379,1
380,4
381,3
382,2
383,4
384,4
385,5
386,4
387,2
388,6
389,7
390,5
391,4
392,2
393,2
394,6
395,4
396,8
397,2
398,2
399,4
400,5
401,1
402,1
403,4
404,1
405,1
406,1
407,1
408,2
409,5
410,2
411,3
412,4
413,3
414,4
415,2
416,3
417,2
418,4
419,2
420,4
421,4
422,1
423,3
424,8
425,1
426,1
427,2
428,3
429,2
430,2
431,4
432,2
433,4
434,4
435,3
436,2
437,2
438,2
439,2
440,1
441,3
442,3
443,5
444,2
445,1
446,1
447,2
448,4
449,1
450,6
451,1
452,6
453,1
454,2
455,3
456,7
457,2
458,4
459,2
460,5
461,3
462,6
463,5
464,3
465,2
466,2
467,3
468,2
469,4
470,4
471,4
472,6
473,5
474,2
475,1
476,2
477,1
478,2
479,4
480,7
481,5
482,1
483,4
484,3
485,4
486,6
487,2
488,3
489,5
490,1
491,3
492,2
493,6
494,2
495,4
496,5
497,3
498,3
499,2
500,4
501,2
502,4
503,1
504,2
505,2
506,2
507,6
508,3
509,2
510,3
511,2
512,5
513,2
514,3
515,4
516,4
517,1
518,2
519,3
520,4
521,3
522,5
523,1
524,2
525,1
526,4
527,4
528,3
529,2
530,6
531,4
532,2
533,6
534,7
535,4
536,2
537,3
538,4
539,2
540,3
541,2
542,2
543,1
544,5
545,4
546,1
547,2
548,3
549,3
550,5
551,4
552,5
553,3
554,1
555,2
556,2
557,4
558,2
559,6
560,2
561,5
562,4
563,5
564,3
565,1
566,6
567,1
568,2
569,7
570,3
571,3
572,4
573,2
574,5
575,4
576,2
577,2
578,6
579,4
580,3
581,4
582,2
583,1
584,3
585,2
586,2
587,4
588,4
589,1
590,3
591,1
592,2
593,4
594,3
595,1
596,1
597,6
598,5
599,3
600,1
601,3
602,1
603,1
604,2
605,2
606,2
607,2
608,3
609,2
610,3
611,3
612,3
613,2
614,5
615,2
616,2
617,1
618,5
619,4
620,5
621,3
622,4
623,2
624,3
625,2
626,3
627,2
628,4
629,4
630,2
631,2
632,2
633,2
634,5
635,4
636,4
637,6
638,1
639,2
640,2
641,2
642,3
643,3
644,5
645,4
646,5
647,3
648,4
649,5
650,3
651,3
652,2
653,1
654,4
655,2
656,3
657,6
658,3
659,3
660,4
661,6
662,2
663,6
664,6
665,3
666,1
667,5
668,2
669,3
670,3
671,4
672,2
673,3
674,6
675,2
676,7
677,2
678,1
679,1
680,3
681,2
682,8
683,3
684,2
685,2
686,4
687,1
688,6
689,1
690,1
691,7
692,4
693,3
694,3
695,1
696,1
697,4
698,3
699,1
700,3
701,2
702,1
703,4
704,4
705,2
706,3
707,1
708,1
709,1
710,3
711,4
712,3
713,8
714,1
715,4
716,2
717,2
718,3
719,2
720,2
721,1
722,2
723,4
724,4
725,1
726,3
727,3
728,1
729,3
730,3
731,1
732,2
733,1
734,3
735,4
736,3
737,2
738,3
739,2
740,3
741,2
742,5
743,4
744,1
745,6
746,1
747,3
748,1
749,6
750,3
751,4
752,3
753,4
754,3
755,4
756,3
757,4
758,3
759,2
760,3
761,3
762,9
763,4
764,1
765,4
766,3
767,6
768,1
769,5
770,8
771,1
772,2
773,3
774,5
775,4
776,5
777,1
778,6
779,3
780,3
781,3
782,1
783,2
784,4
785,3
786,3
787,6
788,3
789,1
790,2
791,1
792,3
793,2
794,1
795,6
796,3
797,2
798,2
799,3
800,2
801,3
802,4
803,1
804,3
805,3
806,4
807,5
808,2
809,2
810,6
811,3
812,4
813,1
814,3
815,2
816,1
817,6
818,2
819,1
820,2
821,3
822,1
823,4
824,2
825,4
826,1
827,2
828,4
829,2
830,1
831,3
832,4
833,2
834,2
835,2
836,9
837,2
838,2
839,2
840,2
841,4
842,4
843,6
844,3
845,4
846,1
847,2
848,1
849,2
850,4
851,2
852,8
853,2
854,3
855,9
856,2
857,4
858,4
859,4
860,4
861,3
862,5
863,5
864,4
865,2
866,4
867,3
868,2
869,2
870,2
871,4
872,3
873,4
874,4
875,2
876,3
877,2
878,5
879,3
880,4
881,3
882,3
883,2
884,2
885,2
886,1
887,1
888,3
889,8
890,1
891,5
892,4
893,4
894,5
895,2
896,2
897,2
898,2
899,4
900,2
901,4
902,2
903,5
904,2
905,4
906,4
907,2
908,2
909,3
910,7
911,5
912,2
913,1
914,3
915,1
916,3
917,3
918,5
919,4
920,1
921,5
922,2
923,3
924,3
925,1
926,2
927,3
928,3
929,2
930,2
931,2
932,7
933,6
934,2
935,1
936,1
937,6
938,3
939,1
940,3
941,4
942,4
943,2
944,6
945,2
946,3
947,3
948,6
949,1
950,3
951,5
952,2
953,2
954,1
955,1
956,3
957,3
958,2
959,2
960,1
961,4
962,6
963,2
964,3
965,1
966,1
967,3
968,4
969,2
970,5
971,5
972,3
973,2
974,3
975,3
976,4
977,3
978,3
979,3
980,1
981,2
982,3
983,1
984,3
985,1
986,2
987,1
988,2
989,2
990,1
991,3
992,2
993,1
994,4
995,9
996,1
997,4
998,2
999,1
1000,2
1001,4
1002,3
1003,2
1004,3
1005,3
1006,7
1007,9
1008,3
1009,2
1010,1
1011,2
1012,1
1013,2
1014,3
1015,1
1016,5
1017,3
1018,2
1019,3
1020,3
1021,3
1022,1
1023,2
1024,3
1025,1
1026,2
1027,2
1028,2
1029,1
1030,1
1031,6
1032,2
1033,1
1034,3
1035,2
1036,5
1037,1
1038,3
1039,4
1040,4
1041,3
1042,2
1043,3
1044,1
1045,3
1046,8
1047,3
1048,3
1049,1
1050,4
1051,4
1052,1
1053,1
1054,3
1055,1
1056,2
1057,4
1058,2
1059,2
1060,1
1061,1
1062,2
1063,3
1064,1
1065,4
1066,1
1067,1
1068,2
1069,2
1070,5
1071,2
1072,3
1073,4
1074,1
1075,3
1076,5
1077,6
1078,2
1079,4
1080,1
1081,2
1082,2
1083,2
1084,2
1085,3
1086,2
1087,3
1088,1
1089,4
1090,3
1091,5
1092,7
1093,1
1094,4
1095,5
1096,1
1097,1
1098,2
1099,3
1100,2
1101,3
1102,1
1103,3
1104,3
1105,4
1106,4
1107,2
1108,2
1109,1
1110,4
1111,1
1112,1
1113,1
1114,5
1115,6
1116,3
1117,2
1118,2
1119,2
1120,2
1121,1
1122,1
1123,1
1124,3
1125,3
1126,2
1127,1
1128,2
1129,2
1130,3
1131,3
1132,2
1133,2
1134,5
1135,5
1136,3
1137,3
1138,3
1139,6
1140,1
1141,1
1142,3
1143,3
1144,3
1145,3
1146,2
1147,3
1148,2
1149,5
1150,2
1151,2
1152,2
1153,1
1154,3
1155,4
1156,2
1157,3
1158,2
1159,2
1160,2
1161,4
1162,6
1163,2
1164,4
1165,4
1166,2
1167,6
1168,2
1169,3
1170,2
1171,3
1172,3
1173,1
1174,3
1175,1
1176,3
1177,4
1178,3
1179,2
1180,3
1181,2
1182,3
1183,4
1184,4
1185,1
1186,2
1187,9
1188,5
1189,4
1190,4
1191,1
1192,3
1193,1
1194,2
1195,6
1196,3
1197,1
1198,1
1199,1
1200,3
1201,3
1202,2
1203,1
1204,1
1205,2
1206,3
1207,2
1208,3
1209,2
1210,1
1211,1
1212,2
1213,3
1214,3
1215,1
1216,2
1217,4
1218,1
1219,2
1220,3
1221,5
1222,2
1223,4
1224,4
1225,3
1226,2
1227,2
1228,8
1229,2
1230,4
1231,2
1232,3
1233,2
1234,3
1235,3
1236,2
1237,4
1238,3
1239,9
1240,3
1241,3
1242,4
1243,2
1244,5
1245,4
1246,2
1247,3
1248,2
1249,6
1250,4
1251,4
1252,2
1253,5
1254,3
1255,4
1256,2
1257,2
1258,4
1259,2
1260,3
1261,4
1262,3
1263,3
1264,2
1265,9
1266,2
1267,1
1268,3
1269,4
1270,3
1271,1
1272,3
1273,7
1274,5
1275,5
1276,2
1277,3
1278,3
1279,3
1280,7
1281,3
1282,1
1283,4
1284,3
1285,1
1286,3
1287,9
1288,2
1289,3
1290,2
1291,3
1292,1
1293,2
1294,3
1295,2
1296,5
1297,3
1298,1
1299,3
1300,3
1301,2
1302,2
1303,4
1304,1
1305,4
1306,2
1307,1
1308,8
1309,4
1310,8
1311,2
1312,2
1313,2
1314,3
1315,8
1316,2
1317,1
1318,2
1319,2
1320,2
1321,3
1322,8
1323,3
1324,5
1325,3
1326,1
1327,2
1328,5
1329,5
1330,2
1331,4
1332,8
1333,8
1334,1
1335,3
1336,2
1337,4
1338,1
1339,3
1340,6
1341,4
1342,9
1343,2
1344,4
1345,3
1346,3
1347,1
1348,3
1349,4
1350,3
1351,3
1352,4
1353,1
1354,1
1355,8
1356,6
1357,3
1358,2
1359,3
1360,8
1361,5
1362,2
1363,3
1364,1
1365,2
1366,5
1367,2
1368,1
1369,3
1370,9
1371,1
1372,3
1373,4
1374,2
1375,7
1376,3
1377,2
1378,6
1379,1
1380,2
1381,3
1382,6
1383,3
1384,3
1385,2
1386,4
1387,3
1388,4
1389,3
1390,2
1391,1
1392,1
1393,4
1394,3
1395,1
1396,3
1397,4
1398,1
1399,4
1400,6
1401,3
1402,2
1403,2
1404,1
1405,3
1406,1
1407,4
1408,2
1409,3
1410,4
1411,2
1412,6
1413,3
1414,4
1415,4
1416,3
1417,3
1418,1
1419,5
1420,1
1421,4
1422,2
1423,2
1424,3
1425,2
1426,2
1427,1
1428,1
1429,3
1430,1
1431,3
1432,3
1433,3
1434,4
1435,4
1436,2
1437,3
1438,2
1439,2
1440,4
1441,4
1442,2
1443,5
1444,6
1445,3
1446,2
1447,9
1448,5
1449,3
1450,3
1451,2
1452,3
1453,8
1454,2
1455,4
1456,6
1457,4
1458,2
1459,4
1460,2
1461,7
1462,2
1463,3
1464,3
1465,2
1466,3
1467,1
1468,2
1469,2
1470,4
1471,4
1472,1
1473,4
1474,5
1475,9
1476,4
1477,2
1478,3
1479,2
1480,2
1481,1
1482,1
1483,3
1484,1
1485,4
1486,3
1487,3
1488,3
1489,4
1490,4
1491,2
1492,2
1493,2
1494,3
1495,3
1496,4
1497,6
1498,5
1499,1
1500,2
1501,6
1502,7
1503,2
1504,3
1505,2
1506,4
1507,4
1508,2
1509,3
1510,2
1511,1
1512,4
1513,7
1514,2
1515,1
1516,3
1517,2
1518,8
1519,2
1520,1
1521,3
1522,5
1523,4
1524,3
1525,3
1526,3
1527,1
1528,3
1529,1
1530,5
1531,4
1532,5
1533,2
1534,2
1535,2
1536,4
1537,3
1538,4
1539,9
1540,3
1541,5
1542,1
1543,6
1544,3
1545,6
1546,2
1547,2
1548,3
1549,1
1550,2
1551,2
1552,1
1553,2
1554,8
1555,2
1556,4
1557,7
1558,2
1559,2
1560,1
1561,2
1562,4
1563,4
1564,3
1565,1
1566,3
1567,2
1568,2
1569,2
1570,2
1571,6
1572,2
1573,4
1574,6
1575,4
1576,1
1577,1
1578,1
1579,3
1580,5
1581,4
1582,6
1583,4
1584,3
1585,3
1586,3
1587,1
1588,3
1589,6
1590,3
1591,2
1592,2
1593,2
1594,1
1595,2
1596,3
1597,4
1598,4
1599,4
1600,2
1601,5
1602,1
1603,3
1604,6
1605,2
1606,1
1607,3
1608,6
1609,2
1610,2
1611,2
1612,4
1613,8
1614,4
1615,8
1616,2
1617,3
1618,2
1619,2
1620,3
1621,3
1622,6
1623,2
1624,5
1625,3
1626,6
1627,2
1628,2
1629,1
1630,4
1631,1
1632,4
1633,1
1634,4
1635,9
1636,2
1637,8
1638,3
1639,2
1640,2
1641,3
1642,4
1643,7
1644,2
1645,2
1646,3
1647,2
1648,6
1649,2
1650,1
1651,1
1652,5
1653,1
1654,2
1655,1
1656,2
1657,2
1658,2
1659,3
1660,1
1661,2
1662,2
1663,3
1664,2
1665,1
1666,1
1667,1
1668,6
1669,1
1670,2
1671,2
1672,4
1673,4
1674,3
1675,2
1676,1
1677,2
1678,6
1679,2
1680,1
1681,5
1682,1
1683,4
1684,4
1685,2
1686,2
1687,2
1688,1
1689,1
1690,2
1691,1
1692,1
1693,3
1694,2
1695,3
1696,1
1697,1
1698,3
1699,3
1700,3
1701,1
1702,6
1703,2
1704,1
1705,3
1706,2
1707,8
1708,3
1709,4
1710,7
1711,2
1712,3
1713,2
1714,3
1715,2
1716,4
1717,5
1718,4
1719,3
1720,4
1721,2
1722,9
1723,3
1724,2
1725,1
1726,2
1727,3
1728,6
1729,2
1730,2
1731,1
1732,5
1733,2
1734,5
1735,4
1736,1
1737,3
1738,5
1739,3
1740,4
1741,1
1742,4
1743,4
1744,3
1745,5
1746,2
1747,3
1748,1
1749,4
1750,2
1751,1
1752,3
1753,3
1754,6
1755,3
1756,4
1757,3
1758,2
1759,1
1760,2
1761,6
1762,1
1763,3
1764,1
1765,1
1766,1
1767,2
1768,2
1769,1
1770,4
1771,2
1772,1
1773,4
1774,2
1775,9
1776,2
1777,1
1778,3
1779,3
1780,4
1781,1
1782,2
1783,1
1784,1
1785,2
1786,2
1787,3
1788,5
1789,4
1790,6
1791,1
1792,2
1793,2
1794,1
1795,9
1796,1
1797,4
1798,2
1799,4
1800,1
1801,2
1802,3
1803,1
1804,3
1805,1
1806,4
1807,1
1808,2
1809,1
1810,3
1811,6
1812,3
1813,1
1814,3
1815,4
1816,1
1817,2
1818,1
1819,3
1820,2
1821,6
1822,6
1823,2
1824,1
1825,4
1826,5
1827,2
1828,4
1829,1
1830,3
1831,5
1832,1
1833,2
1834,2
1835,3
1836,1
1837,4
1838,6
1839,3
1840,2
1841,3
1842,1
1843,1
1844,6
1845,1
1846,2
1847,2
1848,4
1849,2
1850,3
1851,4
1852,1
1853,3
1854,1
1855,2
1856,2
1857,3
1858,2
1859,2
1860,1
1861,5
1862,2
1863,1
1864,4
1865,2
1866,2
1867,4
1868,4
1869,4
1870,1
1871,1
1872,1
1873,1
1874,2
1875,2
1876,1
1877,2
1878,6
1879,1
1880,2
1881,1
1882,1
1883,7
1884,2
1885,2
1886,1
1887,2
1888,7
1889,2
1890,2
1891,3
1892,2
1893,3
1894,4
1895,2
1896,2
1897,4
1898,6
1899,4
1900,3
1901,7
1902,1
1903,2
1904,3
1905,2
1906,2
1907,5
1908,1
1909,2
1910,2
1911,2
1912,3
1913,5
1914,3
1915,3
1916,1
1917,3
1918,3
1919,1
1920,3
1921,2
1922,2
1923,2
1924,1
1925,2
1926,3
1927,2
1928,1
1929,3
1930,3
1931,2
1932,2
1933,3
1934,3
1935,1
1936,2
1937,2
1938,3
1939,2
1940,4
1941,8
1942,3
1943,2
1944,3
1945,1
1946,1
1947,2
1948,5
1949,2
1950,3
1951,4
1952,4
1953,4
1954,6
1955,1
1956,3
1957,3
1958,3
