0,195.0
1,137.0
2,267.0
3,195.0
4,177.0
5,211.0
6,129.0
7,229.0
8,108.0
9,159.0
10,90.0
11,232.0
12,92.0
13,224.0
14,270.0
15,62.0
16,203.0
17,118.0
18,283.0
19,85.0
20,69.0
21,136.0
22,121.0
23,215.0
24,108.0
25,52.0
26,187.0
27,248.0
28,261.0
29,24.0
30,238.0
31,116.0
32,243.0
33,65.0
34,142.0
35,48.0
36,62.0
37,104.0
38,244.0
39,237.0
40,228.0
41,162.0
42,77.0
43,152.0
44,122.0
45,152.0
46,119.0
47,267.0
48,26.0
49,45.0
50,198.0
51,45.0
52,156.0
53,232.0
54,155.0
55,94.0
56,67.0
57,144.0
58,233.0
59,101.0
60,80.0
61,168.0
62,187.0
63,115.0
64,101.0
65,184.0
66,275.0
67,116.0
68,172.0
69,125.0
70,49.0
71,267.0
72,94.0
73,30.0
74,41.0
75,137.0
76,237.0
77,255.0
78,91.0
79,189.0
80,225.0
81,112.0
82,99.0
83,91.0
84,180.0
85,164.0
86,211.0
87,141.0
88,97.0
89,157.0
90,3.0
91,143.0
92,172.0
93,61.0
94,146.0
95,302.0
96,90.0
97,121.0
98,223.0
99,26.0
100,213.0
101,223.0
102,181.0
103,60.0
104,113.0
105,140.0
106,92.0
107,222.0
108,224.0
109,162.0
110,247.0
111,129.0
112,19.0
113,43.0
114,120.0
115,79.0
116,50.0
117,84.0
118,252.0
119,130.0
120,146.0
121,216.0
122,139.0
123,224.0
124,72.0
125,86.0
126,215.0
127,98.0
128,63.0
129,303.0
130,
131,168.0
132,242.0
133,203.0
134,275.0
135,254.0
136,147.0
137,219.0
138,221.0
139,242.0
140,164.0
141,222.0
142,132.0
143,245.0
144,247.0
145,90.0
146,39.0
147,224.0
148,271.0
149,180.0
150,268.0
151,94.0
152,47.0
153,214.0
154,245.0
155,121.0
156,90.0
157,243.0
158,134.0
159,261.0
160,175.0
161,209.0
162,45.0
163,81.0
164,62.0
165,99.0
166,76.0
167,189.0
168,243.0
169,118.0
170,108.0
171,176.0
172,29.0
173,219.0
174,217.0
175,225.0
176,263.0
177,236.0
178,223.0
179,160.0
180,243.0
181,183.0
182,16.0
183,279.0
184,235.0
185,171.0
186,256.0
187,243.0
188,43.0
189,263.0
190,171.0
191,96.0
192,116.0
193,247.0
194,274.0
195,150.0
196,118.0
197,246.0
198,30.0
199,174.0
200,82.0
201,73.0
202,141.0
203,139.0
204,286.0
205,40.0
206,104.0
207,100.0
208,199.0
209,161.0
210,255.0
211,128.0
212,219.0
213,129.0
214,257.0
215,266.0
216,226.0
217,136.0
218,162.0
219,47.0
220,243.0
221,256.0
222,163.0
223,186.0
224,90.0
225,32.0
226,216.0
227,163.0
228,156.0
229,34.0
230,166.0
231,147.0
232,85.0
233,231.0
234,232.0
235,124.0
236,212.0
237,287.0
238,85.0
239,131.0
240,279.0
241,100.0
242,230.0
243,122.0
244,84.0
245,46.0
246,93.0
247,99.0
248,200.0
249,231.0
250,59.0
251,77.0
252,137.0
253,176.0
254,244.0
255,237.0
256,111.0
257,96.0
258,272.0
259,141.0
260,68.0
261,109.0
262,126.0
263,245.0
264,171.0
265,154.0
266,50.0
267,194.0
268,74.0
269,362.0
270,473.0
271,100.0
272,268.0
273,188.0
274,71.0
275,178.0
276,80.0
277,120.0
278,137.0
279,231.0
280,65.0
281,571.0
282,142.0
283,85.0
284,157.0
285,143.0
286,247.0
287,158.0
288,260.0
289,237.0
290,146.0
291,236.0
292,124.0
293,195.0
294,290.0
295,202.0
296,238.0
297,251.0
298,87.0
299,120.0
300,274.0
301,311.0
302,262.0
303,200.0
304,224.0
305,118.0
306,73.0
307,191.0
308,232.0
309,52.0
310,68.0
311,203.0
312,43.0
313,91.0
314,102.0
315,159.0
316,62.0
317,193.0
318,290.0
319,57.0
320,181.0
321,48.0
322,217.0
323,178.0
324,221.0
325,222.0
326,184.0
327,183.0
328,38.0
329,217.0
330,219.0
331,86.0
332,169.0
333,149.0
334,142.0
335,115.0
336,170.0
337,140.0
338,67.0
339,234.0
340,110.0
341,260.0
342,215.0
343,123.0
344,252.0
345,62.0
346,240.0
347,18.0
348,122.0
349,92.0
350,149.0
351,101.0
352,75.0
353,146.0
354,152.0
355,281.0
356,178.0
357,158.0
358,264.0
359,119.0
360,121.0
361,179.0
362,147.0
363,215.0
364,271.0
365,97.0
366,165.0
367,279.0
368,199.0
369,82.0
370,67.0
371,134.0
372,81.0
373,130.0
374,64.0
375,225.0
376,116.0
377,164.0
378,245.0
379,65.0
380,108.0
381,104.0
382,313.0
383,76.0
384,194.0
385,169.0
386,179.0
387,172.0
388,235.0
389,107.0
390,42.0
391,215.0
392,60.0
393,161.0
394,127.0
395,231.0
396,40.0
397,175.0
398,31.0
399,225.0
400,223.0
401,114.0
402,205.0
403,66.0
404,305.0
405,124.0
406,149.0
407,187.0
408,226.0
409,229.0
410,61.0
411,41.0
412,69.0
413,131.0
414,203.0
415,214.0
416,239.0
417,89.0
418,48.0
419,238.0
420,70.0
421,63.0
422,250.0
423,239.0
424,80.0
425,160.0
426,210.0
427,37.0
428,287.0
429,119.0
430,163.0
431,211.0
432,46.0
433,137.0
434,195.0
435,138.0
436,242.0
437,97.0
438,193.0
439,139.0
440,138.0
441,188.0
442,224.0
443,99.0
444,219.0
445,270.0
446,80.0
447,53.0
448,112.0
449,146.0
450,171.0
451,98.0
452,245.0
453,289.0
454,281.0
455,211.0
456,269.0
457,233.0
458,299.0
459,117.0
460,128.0
461,205.0
462,235.0
463,168.0
464,161.0
465,71.0
466,135.0
467,190.0
468,89.0
469,82.0
470,267.0
471,155.0
472,259.0
473,167.0
474,67.0
475,76.0
476,67.0
477,125.0
478,76.0
479,129.0
480,261.0
481,279.0
482,246.0
483,114.0
484,64.0
485,207.0
486,137.0
487,257.0
488,145.0
489,93.0
490,244.0
491,125.0
492,133.0
493,178.0
494,211.0
495,62.0
496,151.0
497,149.0
498,124.0
499,144.0
500,288.0
501,97.0
502,255.0
503,222.0
504,322.0
505,269.0
506,275.0
507,211.0
508,194.0
509,202.0
510,128.0
511,255.0
512,113.0
513,238.0
514,248.0
515,175.0
516,63.0
517,227.0
518,216.0
519,224.0
520,218.0
521,247.0
522,128.0
523,104.0
524,143.0
525,178.0
526,46.0
527,237.0
528,237.0
529,54.0
530,137.0
531,187.0
532,89.0
533,85.0
534,75.0
535,221.0
536,318.0
537,117.0
538,78.0
539,261.0
540,200.0
541,97.0
542,222.0
543,155.0
544,229.0
545,262.0
546,223.0
547,252.0
548,243.0
549,104.0
550,51.0
551,174.0
552,249.0
553,18.0
554,143.0
555,235.0
556,196.0
557,190.0
558,184.0
559,80.0
560,186.0
561,270.0
562,141.0
563,201.0
564,220.0
565,202.0
566,245.0
567,133.0
568,71.0
569,175.0
570,201.0
571,110.0
572,150.0
573,60.0
574,130.0
575,102.0
576,244.0
577,238.0
578,159.0
579,180.0
580,249.0
581,191.0
582,234.0
583,246.0
584,285.0
585,106.0
586,222.0
587,95.0
588,180.0
589,105.0
590,49.0
591,136.0
592,19.0
593,208.0
594,210.0
595,242.0
596,206.0
597,227.0
598,195.0
599,159.0
600,173.0
601,101.0
602,141.0
603,78.0
604,61.0
605,52.0
606,204.0
607,238.0
608,141.0
609,205.0
610,203.0
611,192.0
612,146.0
613,154.0
614,222.0
615,94.0
616,199.0
617,195.0
618,164.0
619,237.0
620,72.0
621,204.0
622,73.0
623,106.0
624,123.0
625,223.0
626,220.0
627,182.0
628,111.0
629,247.0
630,229.0
631,263.0
632,66.0
633,141.0
634,244.0
635,182.0
636,188.0
637,59.0
638,73.0
639,179.0
640,37.0
641,51.0
642,135.0
643,155.0
644,187.0
645,231.0
646,44.0
647,218.0
648,146.0
649,135.0
650,93.0
651,176.0
652,97.0
653,127.0
654,198.0
655,243.0
656,164.0
657,233.0
658,255.0
659,276.0
660,161.0
661,130.0
662,267.0
663,107.0
664,287.0
665,213.0
666,257.0
667,155.0
668,61.0
669,223.0
670,146.0
671,98.0
672,70.0
673,23.0
674,237.0
675,132.0
676,72.0
677,69.0
678,226.0
679,292.0
680,241.0
681,250.0
682,232.0
683,166.0
684,183.0
685,7.0
686,100.0
687,251.0
688,188.0
689,242.0
690,81.0
691,143.0
692,234.0
693,265.0
694,172.0
695,119.0
696,111.0
697,170.0
698,133.0
699,247.0
700,202.0
701,112.0
702,46.0
703,130.0
704,214.0
705,55.0
706,144.0
707,240.0
708,227.0
709,247.0
710,60.0
711,156.0
712,176.0
713,221.0
714,74.0
715,62.0
716,258.0
717,118.0
718,152.0
719,222.0
720,23.0
721,253.0
722,234.0
723,139.0
724,199.0
725,197.0
726,49.0
727,192.0
728,251.0
729,77.0
730,123.0
731,47.0
732,137.0
733,255.0
734,196.0
735,96.0
736,269.0
737,145.0
738,240.0
739,74.0
740,58.0
741,213.0
742,143.0
743,149.0
744,270.0
745,48.0
746,176.0
747,147.0
748,275.0
749,236.0
750,162.0
751,117.0
752,154.0
753,75.0
754,107.0
755,92.0
756,183.0
757,108.0
758,119.0
759,145.0
760,177.0
761,188.0
762,214.0
763,168.0
764,62.0
765,229.0
766,228.0
767,142.0
768,170.0
769,107.0
770,185.0
771,254.0
772,248.0
773,241.0
774,113.0
775,265.0
776,188.0
777,100.0
778,227.0
779,250.0
780,238.0
781,159.0
782,168.0
783,250.0
784,221.0
785,191.0
786,93.0
787,184.0
788,117.0
789,256.0
790,74.0
791,34.0
792,127.0
793,222.0
794,233.0
795,245.0
796,49.0
797,148.0
798,135.0
799,179.0
800,206.0
801,251.0
802,266.0
803,161.0
804,183.0
805,67.0
806,189.0
807,210.0
808,228.0
809,236.0
810,265.0
811,118.0
812,175.0
813,218.0
814,92.0
815,213.0
816,153.0
817,224.0
818,157.0
819,99.0
820,102.0
821,221.0
822,101.0
823,201.0
824,107.0
825,171.0
826,106.0
827,106.0
828,283.0
829,135.0
830,182.0
831,108.0
832,25.0
833,716.0
834,167.0
835,217.0
836,70.0
837,130.0
838,199.0
839,203.0
840,260.0
841,161.0
842,180.0
843,233.0
844,234.0
845,203.0
846,41.0
847,297.0
848,118.0
849,557.0
850,202.0
851,93.0
852,192.0
853,223.0
854,600.0
855,439.0
856,172.0
857,92.0
858,100.0
859,191.0
860,136.0
861,120.0
862,162.0
863,291.0
864,99.0
865,147.0
866,114.0
867,132.0
868,283.0
869,230.0
870,228.0
871,191.0
872,178.0
873,31.0
874,245.0
875,125.0
876,137.0
877,96.0
878,208.0
879,67.0
880,259.0
881,204.0
882,148.0
883,212.0
884,85.0
885,221.0
886,36.0
887,61.0
888,94.0
889,85.0
890,128.0
891,232.0
892,189.0
893,175.0
894,238.0
895,136.0
896,252.0
897,203.0
898,75.0
899,181.0
900,34.0
901,112.0
902,151.0
903,216.0
904,236.0
905,154.0
906,76.0
907,158.0
908,108.0
909,281.0
910,149.0
911,223.0
912,121.0
913,163.0
914,210.0
915,247.0
916,103.0
917,39.0
918,172.0
919,278.0
920,87.0
921,253.0
922,117.0
923,169.0
924,114.0
925,222.0
926,168.0
927,187.0
928,150.0
929,203.0
930,252.0
931,245.0
932,202.0
933,261.0
934,186.0
935,94.0
936,75.0
937,88.0
938,127.0
939,85.0
940,177.0
941,96.0
942,205.0
943,233.0
944,193.0
945,210.0
946,184.0
947,252.0
948,192.0
949,132.0
950,118.0
951,231.0
952,115.0
953,204.0
954,176.0
955,64.0
956,114.0
957,230.0
958,200.0
959,33.0
960,272.0
961,54.0
962,123.0
963,126.0
964,69.0
965,35.0
966,35.0
967,127.0
968,209.0
969,225.0
970,104.0
971,11.0
972,120.0
973,275.0
974,233.0
975,143.0
976,133.0
977,236.0
978,112.0
979,307.0
980,85.0
981,232.0
982,185.0
983,43.0
984,236.0
985,224.0
986,74.0
987,270.0
988,107.0
989,252.0
990,232.0
991,256.0
992,124.0
993,261.0
994,83.0
995,152.0
996,146.0
997,217.0
998,189.0
999,40.0
1000,48.0
1001,198.0
1002,186.0
1003,37.0
1004,276.0
1005,280.0
1006,175.0
1007,271.0
1008,119.0
1009,58.0
1010,184.0
1011,33.0
1012,68.0
1013,231.0
1014,194.0
1015,258.0
1016,96.0
1017,85.0
1018,96.0
1019,101.0
1020,28.0
1021,225.0
1022,229.0
1023,95.0
1024,83.0
1025,205.0
1026,173.0
1027,99.0
1028,172.0
1029,215.0
1030,227.0
1031,36.0
1032,159.0
1033,105.0
1034,198.0
1035,215.0
1036,83.0
1037,160.0
1038,132.0
1039,165.0
1040,122.0
1041,116.0
1042,135.0
1043,
1044,167.0
1045,68.0
1046,56.0
1047,107.0
1048,229.0
1049,226.0
1050,84.0
1051,190.0
1052,125.0
1053,128.0
1054,85.0
1055,292.0
1056,126.0
1057,259.0
1058,106.0
1059,57.0
1060,17.0
1061,130.0
1062,131.0
1063,118.0
1064,302.0
1065,55.0
1066,88.0
1067,126.0
1068,130.0
1069,89.0
1070,208.0
1071,223.0
1072,288.0
1073,231.0
1074,70.0
1075,150.0
1076,68.0
1077,207.0
1078,271.0
1079,71.0
1080,255.0
1081,250.0
1082,247.0
1083,124.0
1084,185.0
1085,140.0
1086,194.0
1087,59.0
1088,101.0
1089,172.0
1090,122.0
1091,48.0
1092,106.0
1093,68.0
1094,26.0
1095,285.0
1096,85.0
1097,134.0
1098,79.0
1099,145.0
1100,209.0
1101,138.0
1102,98.0
1103,134.0
1104,130.0
1105,220.0
1106,266.0
1107,169.0
1108,221.0
1109,23.0
1110,199.0
1111,176.0
1112,236.0
1113,126.0
1114,232.0
1115,42.0
1116,202.0
1117,31.0
1118,159.0
1119,79.0
1120,62.0
1121,200.0
1122,272.0
1123,182.0
1124,222.0
1125,77.0
1126,73.0
1127,17.0
1128,80.0
1129,140.0
1130,209.0
1131,102.0
1132,175.0
1133,38.0
1134,95.0
1135,250.0
1136,28.0
1137,210.0
1138,63.0
1139,199.0
1140,212.0
1141,163.0
1142,74.0
1143,208.0
1144,107.0
1145,213.0
1146,24.0
1147,207.0
1148,91.0
1149,238.0
1150,107.0
1151,168.0
1152,28.0
1153,155.0
1154,199.0
1155,228.0
1156,190.0
1157,203.0
1158,93.0
1159,119.0
1160,222.0
1161,267.0
1162,117.0
1163,187.0
1164,110.0
1165,79.0
1166,74.0
1167,94.0
1168,98.0
1169,99.0
1170,186.0
1171,89.0
1172,195.0
1173,176.0
1174,264.0
1175,38.0
1176,248.0
1177,217.0
1178,125.0
1179,147.0
1180,31.0
1181,146.0
1182,264.0
1183,240.0
1184,99.0
1185,43.0
1186,184.0
1187,141.0
1188,78.0
1189,83.0
1190,225.0
1191,237.0
1192,35.0
1193,93.0
1194,267.0
1195,96.0
1196,99.0
1197,159.0
1198,73.0
1199,225.0
1200,214.0
1201,143.0
1202,83.0
1203,159.0
1204,263.0
1205,273.0
1206,107.0
1207,272.0
1208,30.0
1209,200.0
1210,245.0
1211,268.0
1212,218.0
1213,258.0
1214,185.0
1215,274.0
1216,253.0
1217,279.0
1218,10.0
1219,269.0
1220,71.0
1221,84.0
1222,201.0
1223,129.0
1224,250.0
1225,121.0
1226,228.0
1227,191.0
1228,76.0
1229,140.0
1230,175.0
1231,215.0
1232,102.0
1233,85.0
1234,201.0
1235,219.0
1236,77.0
1237,89.0
1238,90.0
1239,232.0
1240,54.0
1241,50.0
1242,151.0
1243,150.0
1244,136.0
1245,254.0
1246,110.0
1247,26.0
1248,268.0
1249,207.0
1250,14.0
1251,227.0
1252,124.0
1253,221.0
1254,180.0
1255,231.0
1256,232.0
1257,57.0
1258,116.0
1259,271.0
1260,249.0
1261,112.0
1262,168.0
1263,208.0
1264,135.0
1265,249.0
1266,234.0
1267,288.0
1268,77.0
1269,243.0
1270,177.0
1271,159.0
1272,197.0
1273,241.0
1274,265.0
1275,114.0
1276,175.0
1277,193.0
1278,120.0
1279,270.0
1280,276.0
1281,211.0
1282,192.0
1283,143.0
1284,106.0
1285,37.0
1286,174.0
1287,96.0
1288,193.0
1289,146.0
1290,185.0
1291,252.0
1292,146.0
1293,147.0
1294,262.0
1295,246.0
1296,159.0
1297,276.0
1298,195.0
1299,154.0
1300,44.0
1301,201.0
1302,187.0
1303,245.0
1304,139.0
1305,179.0
1306,53.0
1307,192.0
1308,244.0
1309,67.0
1310,168.0
1311,216.0
1312,193.0
1313,138.0
1314,261.0
1315,92.0
1316,84.0
1317,265.0
1318,272.0
1319,122.0
1320,187.0
1321,32.0
1322,243.0
1323,225.0
1324,160.0
1325,181.0
1326,98.0
1327,172.0
1328,157.0
1329,77.0
1330,149.0
1331,226.0
1332,264.0
1333,163.0
1334,62.0
1335,691.0
1336,259.0
1337,284.0
1338,98.0
1339,243.0
1340,89.0
1341,173.0
1342,282.0
1343,237.0
1344,619.0
1345,752.0
1346,262.0
1347,271.0
1348,227.0
1349,150.0
1350,187.0
1351,225.0
1352,206.0
1353,202.0
1354,108.0
1355,46.0
1356,263.0
1357,256.0
1358,86.0
1359,294.0
1360,127.0
1361,190.0
1362,147.0
1363,260.0
1364,96.0
1365,229.0
1366,264.0
1367,274.0
1368,258.0
1369,188.0
1370,136.0
1371,232.0
1372,207.0
1373,251.0
1374,199.0
1375,226.0
1376,156.0
1377,198.0
1378,225.0
1379,245.0
1380,259.0
1381,46.0
1382,191.0
1383,200.0
1384,273.0
1385,21.0
1386,96.0
1387,44.0
1388,150.0
1389,157.0
1390,175.0
1391,201.0
1392,155.0
1393,129.0
1394,183.0
1395,248.0
1396,107.0
1397,92.0
1398,143.0
1399,125.0
1400,112.0
1401,180.0
1402,208.0
1403,325.0
1404,298.0
1405,55.0
1406,83.0
1407,148.0
1408,81.0
1409,149.0
1410,110.0
1411,107.0
1412,176.0
1413,143.0
1414,274.0
1415,95.0
1416,133.0
1417,228.0
1418,209.0
1419,149.0
1420,167.0
1421,111.0
1422,72.0
1423,194.0
1424,89.0
1425,105.0
1426,137.0
1427,92.0
1428,100.0
1429,218.0
1430,20.0
1431,190.0
1432,117.0
1433,161.0
1434,204.0
1435,134.0
1436,223.0
1437,208.0
1438,140.0
1439,106.0
1440,270.0
1441,44.0
1442,225.0
1443,76.0
1444,160.0
1445,196.0
1446,233.0
1447,177.0
1448,95.0
1449,235.0
1450,181.0
1451,121.0
1452,234.0
1453,238.0
1454,55.0
1455,258.0
1456,63.0
1457,140.0
1458,114.0
1459,25.0
1460,59.0
1461,40.0
1462,263.0
1463,131.0
1464,138.0
1465,89.0
1466,160.0
1467,190.0
1468,67.0
1469,226.0
1470,269.0
1471,204.0
1472,104.0
1473,173.0
1474,191.0
1475,38.0
1476,105.0
1477,198.0
1478,67.0
1479,216.0
1480,118.0
1481,108.0
1482,117.0
1483,119.0
1484,195.0
1485,212.0
1486,115.0
1487,174.0
1488,191.0
1489,247.0
1490,125.0
1491,95.0
1492,176.0
1493,197.0
1494,216.0
1495,140.0
1496,222.0
1497,134.0
1498,143.0
1499,198.0
1500,84.0
1501,216.0
1502,262.0
1503,79.0
1504,185.0
1505,85.0
1506,195.0
1507,183.0
1508,129.0
1509,290.0
1510,195.0
1511,247.0
1512,255.0
1513,175.0
1514,270.0
1515,73.0
1516,228.0
1517,129.0
1518,272.0
1519,120.0
1520,151.0
1521,295.0
1522,253.0
1523,208.0
1524,171.0
1525,107.0
1526,140.0
1527,167.0
1528,181.0
1529,243.0
1530,170.0
1531,135.0
1532,152.0
1533,84.0
1534,96.0
1535,222.0
1536,199.0
1537,299.0
1538,84.0
1539,176.0
1540,222.0
1541,195.0
1542,181.0
1543,63.0
1544,26.0
1545,116.0
1546,143.0
1547,99.0
1548,61.0
1549,219.0
1550,289.0
1551,229.0
1552,210.0
1553,231.0
1554,79.0
1555,155.0
1556,167.0
1557,157.0
1558,116.0
1559,115.0
1560,200.0
1561,212.0
1562,64.0
1563,114.0
1564,34.0
1565,126.0
1566,112.0
1567,92.0
1568,231.0
1569,158.0
1570,153.0
1571,185.0
1572,75.0
1573,226.0
1574,243.0
1575,198.0
1576,265.0
1577,143.0
1578,271.0
1579,152.0
1580,200.0
1581,118.0
1582,295.0
1583,121.0
1584,286.0
1585,250.0
1586,131.0
1587,252.0
1588,201.0
1589,282.0
1590,301.0
1591,190.0
1592,249.0
1593,110.0
1594,168.0
1595,201.0
1596,145.0
1597,97.0
1598,160.0
1599,86.0
1600,90.0
1601,243.0
1602,81.0
1603,114.0
1604,174.0
1605,249.0
1606,210.0
1607,79.0
1608,30.0
1609,118.0
1610,71.0
1611,69.0
1612,224.0
1613,116.0
1614,116.0
1615,182.0
1616,87.0
1617,11.0
1618,222.0
1619,96.0
1620,66.0
1621,173.0
1622,134.0
1623,239.0
1624,146.0
1625,225.0
1626,133.0
1627,172.0
1628,64.0
1629,89.0
1630,120.0
1631,82.0
1632,66.0
1633,131.0
1634,109.0
1635,212.0
1636,85.0
1637,62.0
1638,154.0
1639,140.0
1640,111.0
1641,138.0
1642,179.0
1643,226.0
1644,47.0
1645,63.0
1646,251.0
1647,75.0
1648,138.0
1649,27.0
1650,157.0
1651,293.0
1652,177.0
1653,217.0
1654,94.0
1655,227.0
1656,198.0
1657,171.0
1658,233.0
1659,127.0
1660,29.0
1661,60.0
1662,242.0
1663,229.0
1664,164.0
1665,36.0
1666,154.0
1667,227.0
1668,210.0
1669,55.0
1670,155.0
1671,263.0
1672,78.0
1673,140.0
1674,196.0
1675,91.0
1676,89.0
1677,219.0
1678,36.0
1679,35.0
1680,100.0
1681,161.0
1682,198.0
1683,120.0
1684,215.0
1685,262.0
1686,150.0
1687,269.0
1688,259.0
1689,179.0
1690,116.0
1691,273.0
1692,281.0
1693,92.0
1694,175.0
1695,188.0
1696,98.0
1697,83.0
1698,214.0
1699,287.0
1700,210.0
1701,139.0
1702,108.0
1703,134.0
1704,255.0
1705,222.0
1706,191.0
1707,258.0
1708,196.0
1709,230.0
1710,171.0
1711,252.0
1712,192.0
1713,274.0
1714,259.0
1715,101.0
1716,166.0
1717,284.0
1718,182.0
1719,22.0
1720,161.0
1721,204.0
1722,201.0
1723,74.0
1724,144.0
1725,72.0
1726,58.0
1727,86.0
1728,249.0
1729,42.0
1730,121.0
1731,76.0
1732,139.0
1733,248.0
1734,152.0
1735,240.0
1736,179.0
1737,232.0
1738,248.0
1739,238.0
1740,119.0
1741,301.0
1742,91.0
1743,70.0
1744,119.0
1745,186.0
1746,173.0
1747,144.0
1748,146.0
1749,62.0
1750,233.0
1751,246.0
1752,276.0
1753,85.0
1754,223.0
1755,195.0
1756,236.0
1757,116.0
1758,64.0
1759,80.0
1760,230.0
1761,68.0
1762,150.0
1763,193.0
1764,243.0
1765,260.0
1766,259.0
1767,111.0
1768,32.0
1769,164.0
1770,82.0
1771,217.0
1772,75.0
1773,213.0
1774,243.0
1775,140.0
1776,273.0
1777,533.0
1778,121.0
1779,120.0
1780,99.0
1781,295.0
1782,186.0
1783,138.0
1784,26.0
1785,169.0
1786,198.0
1787,121.0
1788,138.0
1789,204.0
1790,124.0
1791,238.0
1792,126.0
1793,142.0
1794,294.0
1795,84.0
1796,225.0
1797,221.0
1798,260.0
1799,216.0
1800,94.0
1801,99.0
1802,236.0
1803,156.0
1804,99.0
1805,142.0
1806,214.0
1807,248.0
1808,60.0
1809,155.0
1810,175.0
1811,100.0
1812,103.0
1813,177.0
1814,171.0
1815,198.0
1816,127.0
1817,103.0
1818,245.0
1819,269.0
1820,251.0
1821,265.0
1822,257.0
1823,189.0
1824,32.0
1825,214.0
1826,69.0
1827,183.0
1828,258.0
1829,104.0
1830,288.0
1831,203.0
1832,211.0
1833,146.0
1834,274.0
1835,64.0
1836,136.0
1837,215.0
1838,47.0
1839,96.0
1840,113.0
1841,134.0
1842,240.0
1843,245.0
1844,90.0
1845,188.0
1846,239.0
1847,216.0
1848,274.0
1849,125.0
1850,217.0
1851,180.0
1852,254.0
1853,218.0
1854,196.0
1855,100.0
1856,144.0
1857,65.0
1858,232.0
1859,227.0
1860,76.0
1861,75.0
1862,278.0
1863,179.0
1864,229.0
1865,165.0
1866,75.0
1867,150.0
1868,229.0
1869,185.0
1870,38.0
1871,32.0
1872,171.0
1873,110.0
1874,90.0
1875,229.0
1876,323.0
1877,134.0
1878,85.0
1879,95.0
1880,130.0
1881,73.0
1882,161.0
1883,227.0
1884,267.0
1885,110.0
1886,151.0
1887,224.0
1888,230.0
1889,153.0
1890,134.0
1891,26.0
1892,258.0
1893,67.0
1894,64.0
1895,278.0
1896,189.0
1897,252.0
1898,163.0
1899,282.0
1900,288.0
1901,100.0
1902,165.0
1903,252.0
1904,217.0
1905,68.0
1906,276.0
1907,226.0
1908,63.0
1909,227.0
1910,120.0
1911,101.0
1912,210.0
1913,168.0
1914,225.0
1915,109.0
1916,241.0
1917,248.0
1918,167.0
1919,174.0
1920,257.0
1921,197.0
1922,284.0
1923,201.0
1924,234.0
1925,134.0
1926,229.0
1927,249.0
1928,276.0
1929,270.0
1930,134.0
1931,62.0
1932,152.0
1933,252.0
1934,41.0
1935,271.0
1936,190.0
1937,168.0
1938,88.0
1939,246.0
1940,115.0
1941,226.0
1942,111.0
1943,165.0
1944,268.0
1945,166.0
1946,220.0
1947,83.0
1948,219.0
1949,45.0
1950,30.0
1951,202.0
1952,92.0
1953,269.0
1954,14.0
1955,176.0
1956,281.0
1957,227.0
1958,233.0
