0,2373
1,670
2,879
3,833
4,5819
5,725
6,347
7,37
8,2436
9,3230
10,1277
11,1393
12,930
13,703
14,427
15,2286
16,5306
17,5625
18,136
19,38420
20,241
21,5698
22,2683
23,399
24,724
25,3303
26,5306
27,38420
28,260
29,772
30,5033
31,11408
32,824
33,3411
34,2805
35,8343
36,579
37,2592
38,16233
39,422
40,387
41,583
42,739
43,5306
44,249
45,5819
46,1466
47,5033
48,3086
49,4592
50,190
51,2351
52,5819
53,3299
54,3363
55,2592
56,910
57,5819
58,66
59,17350
60,216
61,5819
62,3411
63,10970
64,5177
65,1445
66,9046
67,1277
68,52
69,11408
70,59
71,1514
72,2683
73,2682
74,66
75,5819
76,772
77,725
78,816
79,1789
80,568
81,13141
82,424
83,246
84,853
85,663
86,419
87,10970
88,5819
89,5819
90,1969
91,1063
92,6
93,2683
94,38420
95,38420
96,5819
97,1734
98,543
99,38420
100,904
101,364
102,180
103,181
104,168
105,1728
106,67
107,1326
108,87
109,41
110,323
111,725
112,780
113,620
114,4385
115,350
116,8613
117,10042
118,1326
119,
120,3299
121,2279
122,25
123,131
124,1728
125,1328
126,56
127,1092
128,331
129,40
130,1328
131,46
132,339
133,10970
134,350
135,1326
136,878
137,2622
138,399
139,4883
140,432
141,62
142,5306
143,758
144,5306
145,1035
146,1035
147,1179
148,2592
149,1092
150,2573
151,8613
152,169
153,844
154,1994
155,1386
156,3152
157,5306
158,5306
159,1368
160,455
161,1825
162,10042
163,875
164,38420
165,106
166,3152
167,875
168,1994
169,1466
170,1132
171,234
172,10454
173,1277
174,174
175,38420
176,4883
177,1081
178,758
179,84
180,1514
181,316
182,746
183,652
184,1212
185,574
186,336
187,
188,10454
189,6274
190,141
191,180
192,6375
193,2098
194,535
195,1402
196,306
197,346
198,5000
199,811
200,570
201,593
202,54
203,284
204,628
205,126
206,968
207,221
208,620
209,145
210,1068
211,166
212,10454
213,540
214,378
215,258
216,130
217,270
218,15250
219,8523
220,221
221,377
222,270
223,385
224,1503
225,271
226,544
227,540
228,13141
229,10454
230,150
231,2497
232,1164
233,719
234,661
235,837
236,176
237,367
238,1082
239,5306
240,681
241,26
242,53
243,77
244,
245,942
246,1277
247,5000
248,377
249,382
250,3834
251,1789
252,3872
253,367
254,410
255,472
256,3834
257,180
258,875
259,930
260,377
261,9046
262,1705
263,785
264,221
265,622
266,261
267,71
268,258
269,9121
270,9121
271,879
272,1827
273,2182
274,823
275,2080
276,168
277,69
278,57
279,785
280,253
281,1378
282,337
283,362
284,472
285,1656
286,238
287,510
288,1393
289,372
290,510
291,193
292,593
293,1728
294,4883
295,1393
296,823
297,1713
298,618
299,1076
300,100
301,126
302,303
303,21
304,1168
305,14882
306,837
307,1310
308,4552
309,880
310,7219
311,216
312,837
313,2150
314,2555
315,388
316,345
317,634
318,118
319,1445
320,673
321,1041
322,359
323,239
324,4883
325,5625
326,809
327,1445
328,837
329,1402
330,1406
331,457
332,563
333,97
334,930
335,187
336,1826
337,378
338,292
339,471
340,187
341,13141
342,45
343,4464
344,5451
345,930
346,412
347,454
348,1628
349,580
350,536
351,5000
352,3710
353,125
354,26
355,369
356,142
357,200
358,1277
359,122
360,15250
361,1016
362,6375
363,139
364,360
365,10970
366,310
367,545
368,1179
369,834
370,930
371,470
372,2
373,441
374,2080
375,29
376,1277
377,554
378,554
379,218
380,2024
381,178
382,2047
383,6375
384,922
385,210
386,1357
387,110
388,554
389,44
390,270
391,242
392,5082
393,725
394,234
395,593
396,1415
397,727
398,113
399,861
400,17350
401,127
402,5625
403,5306
404,176
405,922
406,1526
407,5306
408,189
409,2592
410,744
411,3152
412,2683
413,252
414,744
415,1368
416,256
417,1790
418,22
419,675
420,27
421,449
422,4592
423,2786
424,1775
425,4552
426,470
427,1445
428,6274
429,1382
430,2135
431,460
432,13141
433,2468
434,817
435,158
436,29
437,5306
438,420
439,556
440,420
441,2592
442,1310
443,339
444,470
445,704
446,3604
447,4464
448,230
449,707
450,141
451,2351
452,2182
453,1193
454,
455,353
456,336
457,221
458,715
459,189
460,943
461,778
462,1633
463,198
464,16
465,624
466,1510
467,2622
468,569
469,2420
470,4464
471,5625
472,555
473,6375
474,597
475,97
476,2810
477,1351
478,218
479,85
480,1610
481,2371
482,180
483,2420
484,237
485,323
486,82
487,17
488,725
489,17350
490,8613
491,1491
492,1082
493,11022
494,234
495,218
496,7
497,918
498,1063
499,137
500,227
501,620
502,818
503,3620
504,432
505,23
506,2098
507,134
508,536
509,8
510,580
511,2769
512,2682
513,2729
514,6375
515,180
516,1825
517,5082
518,19790
519,377
520,568
521,404
522,55
523,304
524,758
525,201
526,10970
527,1322
528,542
529,680
530,294
531,2729
532,7
533,2002
534,26
535,3620
536,281
537,1610
538,127
539,2497
540,28
541,5177
542,117
543,440
544,568
545,2497
546,727
547,879
548,1063
549,603
550,2965
551,2683
552,88
553,38420
554,5000
555,981
556,619
557,234
558,142
559,7
560,276
561,
562,
563,2468
564,555
565,1257
566,3862
567,57
568,744
569,2497
570,22982
571,237
572,217
573,215
574,920
575,11408
576,76
577,568
578,96
579,316
580,2497
581,2592
582,543
583,246
584,2468
585,2805
586,2561
587,
588,5306
589,5625
590,618
591,357
592,2577
593,11408
594,353
595,668
596,159
597,38420
598,2592
599,3299
600,38420
601,933
602,259
603,96
604,1936
605,3604
606,4883
607,15250
608,1277
609,146
610,1472
611,3230
612,5819
613,
614,
615,3299
616,305
617,412
618,991
619,13149
620,10042
621,
622,910
623,2682
624,5819
625,94
626,4464
627,11209
628,5819
629,6274
630,649
631,94
632,1728
633,5306
634,622
635,17350
636,2299
637,504
638,939
639,411
640,103
641,3086
642,77
643,568
644,11408
645,381
646,18
647,43
648,14
649,5306
650,22
651,1063
652,383
653,3710
654,257
655,326
656,188
657,1106
658,5033
659,2299
660,2683
661,993
662,944
663,1277
664,16233
665,8613
666,508
667,5625
668,5819
669,5306
670,1069
671,289
672,3086
673,3086
674,534
675,5306
676,38420
677,3152
678,26
679,19790
680,5306
681,778
682,41
683,426
684,1728
685,5177
686,1728
687,16233
688,67
689,172
690,1386
691,5625
692,1328
693,4977
694,158
695,340
696,1046
697,1046
698,778
699,350
700,284
701,38420
702,33
703,1386
704,688
705,2682
706,3538
707,209
708,1
709,284
710,758
711,717
712,1790
713,557
714,5
715,1277
716,16
717,1526
718,9121
719,349
720,115
721,778
722,161
723,11408
724,758
725,2024
726,1936
727,529
728,5306
729,2592
730,875
731,10042
732,5819
733,124
734,2683
735,1728
736,206
737,2115
738,2115
739,303
740,2577
741,1864
742,1896
743,87
744,1326
745,216
746,92
747,861
748,639
749,233
750,5625
751,568
752,80
753,212
754,472
755,230
756,2497
757,968
758,481
759,2908
760,152
761,94
762,3387
763,460
764,601
765,213
766,1027
767,739
768,559
769,1382
770,544
771,260
772,378
773,727
774,1196
775,543
776,541
777,942
778,4883
779,1088
780,4883
781,312
782,2908
783,1063
784,6274
785,1119
786,419
787,3834
788,535
789,568
790,245
791,942
792,256
793,293
794,421
795,1680
796,1018
797,618
798,8523
799,479
800,6091
801,134
802,246
803,1022
804,175
805,1382
806,338
807,1118
808,168
809,412
810,4883
811,1713
812,2805
813,79
814,634
815,1242
816,326
817,586
818,412
819,744
820,1596
821,1584
822,5000
823,78
824,2931
825,1277
826,316
827,120
828,568
829,109
830,73
831,594
832,237
833,9121
834,120
835,2660
836,53
837,773
838,68
839,8
840,703
841,510
842,510
843,1728
844,639
845,510
846,1342
847,36
848,977
849,5625
850,2683
851,238
852,2592
853,2468
854,411
855,229
856,2683
857,446
858,227
859,364
860,2468
861,186
862,212
863,80
864,319
865,156
866,3620
867,40
868,24
869,2908
870,820
871,345
872,239
873,620
874,1665
875,333
876,172
877,10454
878,2660
879,381
880,2592
881,8613
882,103
883,326
884,2683
885,5463
886,21
887,10
888,1109
889,2468
890,820
891,758
892,365
893,8
894,653
895,930
896,3670
897,1827
898,114
899,400
900,62
901,1063
902,234
903,279
904,618
905,5745
906,2299
907,1713
908,170
909,691
910,490
911,427
912,127
913,11408
914,
915,2296
916,687
917,8343
918,55
919,2047
920,131
921,91
922,606
923,2805
924,1728
925,214
926,707
927,4741
928,2729
929,535
930,4253
931,1033
932,11022
933,356
934,470
935,1020
936,64
937,1081
938,195
939,438
940,624
941,236
942,253
943,
944,268
945,991
946,84
947,196
948,8
949,1342
950,2683
951,5625
952,280
953,2683
954,4385
955,1665
956,1826
957,817
958,2468
959,1022
960,5033
961,179
962,1022
963,1326
964,420
965,347
966,38420
967,5306
968,510
969,126
970,820
971,38420
972,5306
973,803
974,34
975,383
976,188
977,928
978,922
979,176
980,10983
981,38420
982,440
983,2683
984,2660
985,677
986,55
987,212
988,119
989,90
990,296
991,145
992,2182
993,2805
994,85
995,2420
996,107
997,6842
998,21
999,408
1000,1234
1001,8613
1002,115
1003,453
1004,12090
1005,6842
1006,504
1007,4883
1008,2497
1009,2683
1010,1382
1011,339
1012,329
1013,333
1014,98
1015,64
1016,295
1017,2683
1018,642
1019,19790
1020,4559
1021,11408
1022,1610
1023,151
1024,227
1025,1246
1026,9543
1027,785
1028,1728
1029,115
1030,257
1031,1087
1032,5625
1033,64
1034,195
1035,125
1036,2931
1037,279
1038,2182
1039,8613
1040,32
1041,10042
1042,1896
1043,442
1044,8613
1045,3045
1046,3262
1047,820
1048,5819
1049,529
1050,36631
1051,5177
1052,5082
1053,28
1054,1076
1055,5033
1056,572
1057,1443
1058,981
1059,2002
1060,71
1061,8613
1062,728
1063,2682
1064,198
1065,3604
1066,814
1067,2683
1068,3834
1069,5819
1070,351
1071,565
1072,1844
1073,615
1074,38420
1075,92
1076,675
1077,4134
1078,216
1079,35
1080,16
1081,320
1082,220
1083,281
1084,66
1085,281
1086,172
1087,744
1088,5082
1089,512
1090,540
1091,94
1092,9
1093,153
1094,570
1095,1499
1096,38420
1097,5177
1098,955
1099,125
1100,509
1101,17350
1102,1503
1103,619
1104,593
1105,108
1106,625
1107,101
1108,1142
1109,512
1110,4595
1111,4552
1112,
1113,292
1114,3363
1115,185
1116,35
1117,2351
1118,2683
1119,2683
1120,420
1121,82
1122,1393
1123,1063
1124,611
1125,559
1126,97
1127,15250
1128,5698
1129,593
1130,365
1131,529
1132,4464
1133,1342
1134,187
1135,412
1136,9046
1137,782
1138,1466
1139,4552
1140,542
1141,2592
1142,156
1143,5625
1144,1445
1145,1063
1146,5177
1147,853
1148,4908
1149,610
1150,3705
1151,11408
1152,17350
1153,1069
1154,725
1155,71
1156,5698
1157,4464
1158,1445
1159,8343
1160,8613
1161,52
1162,1728
1163,8613
1164,153
1165,38420
1166,910
1167,72
1168,10042
1169,5306
1170,2299
1171,
1172,5625
1173,5306
1174,1217
1175,2965
1176,864
1177,256
1178,420
1179,138
1180,139
1181,2660
1182,202
1183,1393
1184,394
1185,411
1186,15250
1187,360
1188,1277
1189,5819
1190,3264
1191,2908
1192,279
1193,10042
1194,5625
1195,5177
1196,49
1197,484
1198,411
1199,3
1200,5306
1201,44
1202,1277
1203,5306
1204,585
1205,246
1206,1825
1207,38420
1208,1825
1209,15
1210,1910
1211,127
1212,1994
1213,1046
1214,1008
1215,214
1216,853
1217,533
1218,122
1219,703
1220,1652
1221,370
1222,259
1223,1035
1224,629
1225,127
1226,363
1227,289
1228,629
1229,17350
1230,5306
1231,2683
1232,33
1233,3152
1234,8613
1235,581
1236,1273
1237,980
1238,38420
1239,11022
1240,5306
1241,223
1242,5819
1243,1417
1244,4872
1245,3834
1246,169
1247,1277
1248,1368
1249,15
1250,554
1251,62
1252,1386
1253,87
1254,93
1255,691
1256,1106
1257,52
1258,2497
1259,130
1260,814
1261,1081
1262,758
1263,336
1264,90
1265,2497
1266,101
1267,701
1268,773
1269,855
1270,10983
1271,31
1272,223
1273,783
1274,6274
1275,5000
1276,362
1277,1277
1278,593
1279,4883
1280,4883
1281,186
1282,1400
1283,264
1284,246
1285,3303
1286,1196
1287,45
1288,559
1289,1358
1290,5000
1291,159
1292,208
1293,36631
1294,377
1295,262
1296,5000
1297,249
1298,480
1299,304
1300,341
1301,16233
1302,1402
1303,2497
1304,3705
1305,1358
1306,1342
1307,279
1308,664
1309,412
1310,8613
1311,785
1312,1277
1313,1156
1314,432
1315,163
1316,345
1317,1321
1318,982
1319,256
1320,1910
1321,837
1322,3862
1323,1154
1324,11022
1325,727
1326,404
1327,568
1328,551
1329,687
1330,2958
1331,396
1332,189
1333,200
1334,196
1335,1656
1336,382
1337,3264
1338,1020
1339,5463
1340,10042
1341,826
1342,982
1343,1466
1344,306
1345,159
1346,210
1347,1713
1348,3588
1349,374
1350,428
1351,146
1352,249
1353,23
1354,2150
1355,100
1356,235
1357,13149
1358,219
1359,263
1360,666
1361,178
1362,817
1363,337
1364,8343
1365,2555
1366,3506
1367,16233
1368,175
1369,345
1370,24
1371,3538
1372,1168
1373,1406
1374,3588
1375,388
1376,2683
1377,412
1378,3387
1379,603
1380,144
1381,245
1382,122
1383,253
1384,1393
1385,100
1386,36
1387,2642
1388,5463
1389,204
1390,1154
1391,309
1392,5000
1393,362
1394,744
1395,483
1396,4741
1397,110
1398,5306
1399,24
1400,454
1401,8613
1402,2592
1403,9046
1404,246
1405,2002
1406,1466
1407,147
1408,624
1409,270
1410,758
1411,238
1412,1018
1413,7533
1414,412
1415,1728
1416,1063
1417,1473
1418,58
1419,928
1420,188
1421,618
1422,2420
1423,652
1424,303
1425,725
1426,200
1427,474
1428,1417
1429,1864
1430,3152
1431,1813
1432,581
1433,1526
1434,207
1435,2592
1436,1909
1437,892
1438,6
1439,983
1440,1257
1441,172
1442,2137
1443,7537
1444,3299
1445,5306
1446,16233
1447,8613
1448,568
1449,2078
1450,5306
1451,5306
1452,1864
1453,5033
1454,510
1455,119
1456,127
1457,50
1458,814
1459,607
1460,256
1461,3086
1462,71
1463,270
1464,3588
1465,101
1466,746
1467,84
1468,45
1469,165
1470,97
1471,618
1472,1445
1473,617
1474,568
1475,438
1476,205
1477,326
1478,117
1479,
1480,425
1481,460
1482,4552
1483,2286
1484,507
1485,40
1486,8343
1487,35
1488,190
1489,9
1490,282
1491,785
1492,6091
1493,185
1494,454
1495,2805
1496,4464
1497,501
1498,416
1499,4447
1500,326
1501,5463
1502,11022
1503,918
1504,107
1505,10983
1506,15250
1507,1068
1508,2286
1509,944
1510,565
1511,2729
1512,369
1513,3862
1514,86
1515,1192
1516,1610
1517,345
1518,117
1519,981
1520,5082
1521,22982
1522,4464
1523,555
1524,392
1525,5082
1526,6375
1527,1085
1528,5625
1529,134
1530,4078
1531,22982
1532,905
1533,409
1534,44
1535,521
1536,348
1537,11209
1538,3152
1539,429
1540,79
1541,1896
1542,152
1543,31
1544,512
1545,9046
1546,1217
1547,478
1548,955
1549,335
1550,1617
1551,2098
1552,618
1553,1351
1554,281
1555,1382
1556,533
1557,326
1558,200
1559,1445
1560,8613
1561,2299
1562,3862
1563,570
1564,62
1565,3230
1566,809
1567,418
1568,177
1569,2931
1570,969
1571,442
1572,377
1573,
1574,334
1575,1393
1576,346
1577,3620
1578,508
1579,10970
1580,1063
1581,48
1582,1713
1583,2683
1584,3538
1585,3411
1586,54
1587,5819
1588,2371
1589,112
1590,16364
1591,358
1592,6842
1593,5819
1594,217
1595,208
1596,274
1597,933
1598,9046
1599,3086
1600,3299
1601,2660
1602,996
1603,129
1604,819
1605,310
1606,1257
1607,5819
1608,739
1609,574
1610,10970
1611,22
1612,1402
1613,319
1614,76
1615,703
1616,1132
1617,2931
1618,196
1619,969
1620,2420
1621,1399
1622,3
1623,522
1624,424
1625,8
1626,969
1627,1680
1628,32
1629,151
1630,206
1631,64
1632,10042
1633,5819
1634,314
1635,13149
1636,5177
1637,3086
1638,1063
1639,38420
1640,816
1641,246
1642,816
1643,556
1644,4134
1645,360
1646,8613
1647,20
1648,4
1649,45
1650,3299
1651,172
1652,224
1653,284
1654,134
1655,629
1656,8
1657,1326
1658,772
1659,772
1660,1386
1661,4385
1662,929
1663,24
1664,1046
1665,61
1666,48
1667,1092
1668,1652
1669,3152
1670,49
1671,8
1672,1889
1673,373
1674,905
1675,339
1676,580
1677,95
1678,38420
1679,1779
1680,1775
1681,1386
1682,78
1683,254
1684,2805
1685,2769
1686,2683
1687,1864
1688,840
1689,
1690,1362
1691,11408
1692,461
1693,10042
1694,5306
1695,615
1696,270
1697,311
1698,2786
1699,1665
1700,350
1701,5819
1702,3862
1703,5306
1704,5698
1705,287
1706,221
1707,214
1708,4253
1709,4883
1710,11022
1711,238
1712,334
1713,4741
1714,570
1715,1037
1716,1464
1717,703
1718,510
1719,942
1720,1151
1721,595
1722,3045
1723,376
1724,379
1725,1503
1726,413
1727,45
1728,982
1729,111
1730,345
1731,231
1732,6091
1733,52
1734,4464
1735,
1736,821
1737,490
1738,4883
1739,4883
1740,624
1741,1207
1742,359
1743,920
1744,487
1745,9543
1746,377
1747,3045
1748,1156
1749,930
1750,209
1751,1020
1752,350
1753,78
1754,467
1755,1033
1756,5463
1757,14882
1758,316
1759,10970
1760,410
1761,163
1762,140
1763,374
1764,42
1765,1994
1766,350
1767,618
1768,374
1769,374
1770,64
1771,735
1772,137
1773,1393
1774,1063
1775,510
1776,1400
1777,684
1778,420
1779,183
1780,1936
1781,1713
1782,5000
1783,315
1784,499
1785,80
1786,227
1787,1154
1788,124
1789,3045
1790,266
1791,593
1792,1378
1793,218
1794,5698
1795,8065
1796,2622
1797,1445
1798,11209
1799,987
1800,333
1801,188
1802,101
1803,419
1804,649
1805,603
1806,670
1807,220
1808,372
1809,11408
1810,150
1811,740
1812,1827
1813,5463
1814,7537
1815,157
1816,451
1817,410
1818,3588
1819,150
1820,378
1821,1473
1822,1825
1823,360
1824,259
1825,207
1826,339
1827,422
1828,947
1829,744
1830,682
1831,186
1832,5000
1833,125
1834,5819
1835,4870
1836,652
1837,2296
1838,244
1839,142
1840,9046
1841,152
1842,427
1843,64
1844,10454
1845,8613
1846,704
1847,3363
1848,293
1849,1417
1850,171
1851,2577
1852,188
1853,2115
1854,188
1855,38420
1856,763
1857,5306
1858,4592
1859,1665
1860,1652
1861,136
1862,464
1863,2786
1864,1909
1865,4741
1866,59
1867,1157
1868,86
1869,5306
1870,311
1871,744
1872,7
1873,46
1874,272
1875,1417
1876,462
1877,202
1878,661
1879,5000
1880,14882
1881,374
1882,231
1883,8613
1884,704
1885,10042
1886,281
1887,652
1888,8613
1889,26
1890,1617
1891,569
1892,441
1893,525
1894,159
1895,352
1896,421
1897,4883
1898,5745
1899,816
1900,226
1901,428
1902,
1903,9
1904,26
1905,162
1906,9046
1907,8613
1908,2286
1909,19790
1910,884
1911,69
1912,821
1913,1596
1914,39
1915,474
1916,785
1917,440
1918,3834
1919,819
1920,58
1921,879
1922,529
1923,22982
1924,2182
1925,274
1926,2683
1927,49
1928,782
1929,681
1930,1131
1931,137
1932,997
1933,616
1934,156
1935,8613
1936,155
1937,375
1938,22
1939,440
1940,12
1941,8613
1942,118
1943,1217
1944,285
1945,5000
1946,4870
1947,138
1948,1499
1949,3604
1950,127
1951,164
1952,2286
1953,637
1954,744
1955,206
1956,350
1957,1844
1958,225
