0,6
1,3
2,3
3,2
4,7
5,8
6,4
7,7
8,5
9,5
10,4
11,7
12,3
13,1
14,6
15,1
16,3
17,1
18,3
19,2
20,2
21,0
22,3
23,3
24,4
25,2
26,1
27,2
28,3
29,0
30,5
31,2
32,7
33,3
34,3
35,0
36,1
37,5
38,5
39,5
40,3
41,2
42,2
43,4
44,2
45,3
46,2
47,3
48,1
49,0
50,7
51,1
52,4
53,2
54,2
55,1
56,2
57,2
58,6
59,1
60,0
61,3
62,2
63,5
64,4
65,2
66,10
67,3
68,5
69,1
70,2
71,10
72,2
73,3
74,4
75,2
76,5
77,9
78,3
79,3
80,9
81,3
82,3
83,2
84,6
85,2
86,2
87,2
88,3
89,1
90,0
91,1
92,4
93,3
94,6
95,3
96,3
97,1
98,3
99,0
100,2
101,5
102,2
103,4
104,1
105,3
106,1
107,3
108,2
109,4
110,5
111,3
112,0
113,1
114,2
115,3
116,3
117,2
118,6
119,0
120,1
121,2
122,2
123,4
124,3
125,4
126,3
127,0
128,1
129,6
130,0
131,5
132,3
133,3
134,3
135,8
136,2
137,4
138,4
139,2
140,3
141,2
142,3
143,2
144,3
145,4
146,2
147,5
148,3
149,2
150,4
151,4
152,4
153,3
154,2
155,6
156,4
157,1
158,4
159,11
160,3
161,6
162,2
163,3
164,1
165,6
166,2
167,1
168,2
169,5
170,4
171,4
172,3
173,1
174,9
175,4
176,2
177,7
178,2
179,4
180,4
181,5
182,0
183,3
184,6
185,7
186,3
187,6
188,2
189,4
190,5
191,2
192,2
193,3
194,2
195,3
196,3
197,5
198,0
199,2
200,1
201,3
202,2
203,3
204,1
205,1
206,5
207,1
208,2
209,2
210,11
211,1
212,5
213,4
214,1
215,2
216,4
217,7
218,3
219,2
220,4
221,2
222,8
223,5
224,2
225,0
226,0
227,1
228,4
229,2
230,3
231,3
232,1
233,5
234,6
235,4
236,6
237,0
238,3
239,9
240,4
241,4
242,5
243,3
244,2
245,0
246,0
247,1
248,3
249,3
250,2
251,1
252,5
253,5
254,6
255,3
256,4
257,2
258,3
259,2
260,1
261,5
262,2
263,3
264,5
265,3
266,1
267,2
268,2
269,10
270,5
271,5
272,3
273,6
274,1
275,1
276,4
277,4
278,5
279,6
280,3
281,5
282,1
283,5
284,2
285,4
286,2
287,2
288,6
289,6
290,5
291,2
292,5
293,3
294,5
295,8
296,6
297,4
298,3
299,1
300,3
301,6
302,5
303,3
304,5
305,4
306,2
307,5
308,2
309,0
310,3
311,5
312,0
313,2
314,4
315,5
316,0
317,2
318,5
319,2
320,1
321,0
322,3
323,4
324,3
325,2
326,5
327,2
328,2
329,5
330,6
331,5
332,4
333,4
334,1
335,4
336,8
337,8
338,7
339,3
340,4
341,4
342,3
343,4
344,8
345,0
346,5
347,1
348,4
349,5
350,2
351,3
352,2
353,2
354,7
355,8
356,5
357,5
358,4
359,3
360,2
361,3
362,5
363,3
364,4
365,4
366,4
367,3
368,2
369,2
370,1
371,1
372,3
373,5
374,0
375,2
376,5
377,1
378,3
379,1
380,2
381,1
382,2
383,3
384,4
385,6
386,2
387,6
388,3
389,2
390,0
391,4
392,4
393,4
394,2
395,3
396,0
397,3
398,3
399,0
400,2
401,1
402,4
403,5
404,5
405,2
406,6
407,4
408,4
409,6
410,1
411,1
412,4
413,4
414,4
415,4
416,1
417,1
418,0
419,10
420,4
421,0
422,1
423,3
424,2
425,3
426,3
427,1
428,7
429,3
430,4
431,3
432,1
433,4
434,4
435,2
436,4
437,3
438,1
439,4
440,3
441,2
442,5
443,0
444,7
445,3
446,4
447,2
448,1
449,3
450,1
451,2
452,3
453,5
454,6
455,7
456,6
457,7
458,2
459,6
460,4
461,1
462,5
463,2
464,5
465,3
466,4
467,2
468,3
469,4
470,4
471,4
472,5
473,0
474,1
475,1
476,4
477,1
478,2
479,3
480,3
481,5
482,3
483,3
484,4
485,4
486,2
487,4
488,5
489,2
490,5
491,3
492,2
493,4
494,1
495,1
496,5
497,2
498,1
499,3
500,6
501,2
502,5
503,3
504,6
505,5
506,5
507,6
508,4
509,5
510,3
511,0
512,2
513,9
514,2
515,2
516,2
517,1
518,0
519,5
520,4
521,2
522,3
523,1
524,3
525,4
526,2
527,0
528,2
529,1
530,3
531,7
532,1
533,1
534,1
535,3
536,5
537,2
538,2
539,10
540,2
541,3
542,3
543,3
544,3
545,6
546,2
547,2
548,5
549,0
550,1
551,3
552,6
553,2
554,2
555,1
556,4
557,4
558,5
559,2
560,4
561,4
562,2
563,6
564,7
565,2
566,6
567,3
568,1
569,3
570,4
571,5
572,4
573,2
574,3
575,4
576,7
577,5
578,4
579,1
580,3
581,6
582,8
583,1
584,1
585,2
586,4
587,1
588,2
589,5
590,4
591,5
592,0
593,4
594,3
595,7
596,2
597,3
598,5
599,2
600,4
601,0
602,3
603,3
604,2
605,1
606,3
607,5
608,3
609,6
610,3
611,2
612,4
613,4
614,6
615,1
616,3
617,2
618,3
619,1
620,3
621,7
622,1
623,2
624,1
625,4
626,2
627,6
628,4
629,3
630,3
631,4
632,1
633,5
634,4
635,1
636,5
637,1
638,3
639,6
640,0
641,1
642,4
643,5
644,4
645,4
646,2
647,5
648,5
649,2
650,3
651,3
652,2
653,4
654,3
655,4
656,1
657,6
658,3
659,3
660,3
661,3
662,4
663,3
664,5
665,2
666,4
667,1
668,2
669,2
670,1
671,4
672,1
673,1
674,7
675,1
676,6
677,0
678,4
679,5
680,3
681,4
682,5
683,3
684,2
685,0
686,5
687,3
688,3
689,1
690,0
691,2
692,3
693,0
694,3
695,3
696,3
697,3
698,5
699,6
700,5
701,3
702,3
703,3
704,3
705,2
706,2
707,3
708,4
709,4
710,0
711,0
712,2
713,10
714,5
715,2
716,6
717,2
718,7
719,1
720,0
721,5
722,8
723,2
724,4
725,2
726,1
727,2
728,4
729,0
730,5
731,2
732,4
733,3
734,3
735,6
736,4
737,1
738,3
739,1
740,0
741,5
742,4
743,5
744,2
745,0
746,5
747,2
748,7
749,7
750,1
751,2
752,4
753,1
754,2
755,3
756,6
757,2
758,2
759,4
760,1
761,5
762,3
763,1
764,1
765,4
766,4
767,2
768,2
769,2
770,4
771,4
772,3
773,3
774,5
775,4
776,1
777,2
778,2
779,6
780,2
781,3
782,4
783,3
784,3
785,5
786,3
787,2
788,5
789,2
790,2
791,1
792,2
793,6
794,4
795,3
796,1
797,5
798,2
799,2
800,4
801,5
802,2
803,0
804,3
805,1
806,7
807,5
808,4
809,3
810,4
811,3
812,4
813,5
814,1
815,5
816,2
817,3
818,1
819,5
820,8
821,5
822,2
823,1
824,3
825,1
826,6
827,3
828,6
829,1
830,3
831,4
832,0
833,10
834,3
835,2
836,3
837,3
838,4
839,6
840,4
841,2
842,3
843,11
844,4
845,3
846,3
847,2
848,1
849,7
850,6
851,2
852,3
853,6
854,3
855,4
856,4
857,1
858,1
859,5
860,4
861,2
862,2
863,1
864,3
865,4
866,2
867,3
868,2
869,1
870,5
871,1
872,2
873,0
874,1
875,1
876,3
877,4
878,4
879,2
880,2
881,2
882,7
883,4
884,1
885,4
886,0
887,0
888,2
889,2
890,8
891,3
892,3
893,2
894,4
895,2
896,4
897,3
898,3
899,4
900,0
901,3
902,5
903,3
904,3
905,5
906,2
907,2
908,1
909,8
910,3
911,7
912,5
913,3
914,5
915,4
916,4
917,2
918,5
919,2
920,4
921,6
922,3
923,5
924,4
925,3
926,4
927,7
928,1
929,4
930,1
931,3
932,5
933,6
934,2
935,3
936,4
937,3
938,2
939,1
940,4
941,7
942,7
943,7
944,5
945,2
946,2
947,5
948,4
949,3
950,2
951,4
952,0
953,5
954,1
955,1
956,4
957,4
958,4
959,1
960,9
961,3
962,1
963,2
964,0
965,3
966,1
967,3
968,4
969,4
970,2
971,1
972,3
973,2
974,5
975,9
976,4
977,5
978,2
979,4
980,2
981,2
982,3
983,1
984,2
985,4
986,3
987,2
988,2
989,6
990,4
991,6
992,5
993,2
994,2
995,3
996,2
997,3
998,2
999,0
1000,1
1001,3
1002,3
1003,1
1004,3
1005,1
1006,5
1007,3
1008,2
1009,2
1010,6
1011,1
1012,2
1013,4
1014,2
1015,5
1016,3
1017,0
1018,4
1019,1
1020,0
1021,2
1022,3
1023,1
1024,2
1025,3
1026,3
1027,3
1028,2
1029,6
1030,5
1031,1
1032,6
1033,3
1034,4
1035,6
1036,1
1037,2
1038,0
1039,2
1040,4
1041,3
1042,2
1043,0
1044,3
1045,2
1046,1
1047,2
1048,5
1049,3
1050,1
1051,4
1052,4
1053,7
1054,2
1055,4
1056,1
1057,1
1058,6
1059,0
1060,0
1061,2
1062,3
1063,2
1064,5
1065,0
1066,2
1067,2
1068,3
1069,2
1070,2
1071,2
1072,3
1073,4
1074,1
1075,7
1076,3
1077,4
1078,2
1079,4
1080,4
1081,2
1082,7
1083,0
1084,3
1085,5
1086,9
1087,0
1088,2
1089,1
1090,1
1091,3
1092,2
1093,1
1094,0
1095,3
1096,1
1097,5
1098,1
1099,1
1100,8
1101,0
1102,2
1103,1
1104,3
1105,2
1106,2
1107,4
1108,5
1109,1
1110,4
1111,1
1112,5
1113,1
1114,2
1115,0
1116,5
1117,1
1118,7
1119,1
1120,3
1121,4
1122,7
1123,4
1124,4
1125,1
1126,1
1127,2
1128,1
1129,3
1130,3
1131,3
1132,2
1133,4
1134,1
1135,4
1136,4
1137,6
1138,1
1139,4
1140,4
1141,3
1142,2
1143,4
1144,5
1145,0
1146,0
1147,3
1148,6
1149,5
1150,5
1151,1
1152,0
1153,2
1154,4
1155,3
1156,4
1157,6
1158,2
1159,1
1160,4
1161,14
1162,2
1163,2
1164,3
1165,3
1166,2
1167,5
1168,2
1169,1
1170,3
1171,4
1172,6
1173,3
1174,4
1175,0
1176,4
1177,3
1178,4
1179,3
1180,1
1181,4
1182,5
1183,3
1184,1
1185,1
1186,4
1187,1
1188,1
1189,2
1190,4
1191,4
1192,3
1193,6
1194,1
1195,1
1196,2
1197,5
1198,0
1199,7
1200,1
1201,5
1202,6
1203,1
1204,7
1205,4
1206,0
1207,4
1208,2
1209,6
1210,4
1211,4
1212,1
1213,2
1214,3
1215,4
1216,7
1217,5
1218,0
1219,3
1220,1
1221,8
1222,3
1223,4
1224,10
1225,1
1226,6
1227,5
1228,1
1229,4
1230,6
1231,5
1232,5
1233,2
1234,3
1235,5
1236,2
1237,4
1238,2
1239,1
1240,1
1241,3
1242,7
1243,4
1244,3
1245,5
1246,5
1247,2
1248,10
1249,6
1250,1
1251,4
1252,3
1253,6
1254,8
1255,2
1256,5
1257,2
1258,3
1259,2
1260,6
1261,4
1262,4
1263,4
1264,1
1265,5
1266,2
1267,9
1268,3
1269,4
1270,9
1271,2
1272,7
1273,7
1274,2
1275,3
1276,2
1277,2
1278,3
1279,6
1280,4
1281,2
1282,4
1283,2
1284,3
1285,0
1286,2
1287,4
1288,6
1289,3
1290,3
1291,6
1292,1
1293,1
1294,2
1295,2
1296,4
1297,4
1298,7
1299,5
1300,1
1301,3
1302,3
1303,2
1304,1
1305,8
1306,1
1307,3
1308,0
1309,3
1310,2
1311,6
1312,7
1313,5
1314,9
1315,2
1316,1
1317,3
1318,4
1319,2
1320,3
1321,1
1322,6
1323,7
1324,1
1325,1
1326,2
1327,1
1328,1
1329,1
1330,1
1331,6
1332,5
1333,3
1334,3
1335,9
1336,1
1337,6
1338,4
1339,6
1340,4
1341,5
1342,3
1343,6
1344,5
1345,3
1346,7
1347,4
1348,3
1349,2
1350,0
1351,2
1352,4
1353,4
1354,4
1355,0
1356,8
1357,1
1358,4
1359,1
1360,4
1361,2
1362,3
1363,3
1364,2
1365,6
1366,3
1367,3
1368,3
1369,6
1370,3
1371,2
1372,7
1373,3
1374,3
1375,3
1376,2
1377,3
1378,4
1379,5
1380,3
1381,0
1382,7
1383,4
1384,4
1385,0
1386,3
1387,0
1388,2
1389,4
1390,4
1391,1
1392,5
1393,4
1394,1
1395,2
1396,7
1397,3
1398,6
1399,5
1400,5
1401,1
1402,7
1403,2
1404,8
1405,1
1406,3
1407,4
1408,2
1409,5
1410,2
1411,2
1412,3
1413,5
1414,4
1415,2
1416,2
1417,4
1418,4
1419,5
1420,4
1421,3
1422,3
1423,5
1424,5
1425,8
1426,2
1427,4
1428,2
1429,4
1430,0
1431,4
1432,1
1433,4
1434,3
1435,3
1436,2
1437,6
1438,3
1439,5
1440,5
1441,1
1442,4
1443,0
1444,2
1445,4
1446,6
1447,1
1448,4
1449,6
1450,5
1451,3
1452,6
1453,2
1454,2
1455,3
1456,0
1457,2
1458,5
1459,0
1460,1
1461,0
1462,1
1463,0
1464,8
1465,2
1466,0
1467,1
1468,1
1469,6
1470,5
1471,6
1472,4
1473,3
1474,5
1475,0
1476,3
1477,5
1478,2
1479,1
1480,4
1481,5
1482,3
1483,2
1484,2
1485,3
1486,0
1487,1
1488,3
1489,4
1490,1
1491,3
1492,2
1493,3
1494,9
1495,5
1496,7
1497,4
1498,5
1499,3
1500,1
1501,7
1502,6
1503,4
1504,3
1505,4
1506,3
1507,6
1508,5
1509,6
1510,1
1511,6
1512,4
1513,3
1514,6
1515,2
1516,4
1517,3
1518,3
1519,1
1520,4
1521,6
1522,4
1523,1
1524,5
1525,3
1526,2
1527,3
1528,4
1529,4
1530,4
1531,4
1532,4
1533,2
1534,8
1535,2
1536,4
1537,1
1538,6
1539,1
1540,3
1541,1
1542,4
1543,1
1544,0
1545,4
1546,2
1547,3
1548,1
1549,10
1550,1
1551,4
1552,1
1553,5
1554,4
1555,3
1556,5
1557,3
1558,4
1559,5
1560,6
1561,4
1562,5
1563,5
1564,1
1565,1
1566,4
1567,1
1568,2
1569,1
1570,4
1571,5
1572,3
1573,3
1574,1
1575,4
1576,6
1577,4
1578,2
1579,3
1580,8
1581,2
1582,2
1583,4
1584,6
1585,7
1586,5
1587,4
1588,2
1589,6
1590,0
1591,5
1592,5
1593,1
1594,3
1595,2
1596,5
1597,2
1598,7
1599,1
1600,2
1601,5
1602,4
1603,4
1604,3
1605,3
1606,6
1607,7
1608,0
1609,7
1610,4
1611,0
1612,4
1613,1
1614,0
1615,1
1616,3
1617,0
1618,4
1619,1
1620,0
1621,4
1622,2
1623,4
1624,2
1625,5
1626,2
1627,5
1628,2
1629,5
1630,4
1631,1
1632,2
1633,2
1634,3
1635,2
1636,2
1637,1
1638,2
1639,5
1640,5
1641,2
1642,3
1643,3
1644,5
1645,1
1646,6
1647,3
1648,9
1649,0
1650,1
1651,4
1652,2
1653,2
1654,4
1655,5
1656,4
1657,1
1658,4
1659,5
1660,1
1661,3
1662,4
1663,2
1664,1
1665,4
1666,4
1667,5
1668,1
1669,3
1670,7
1671,7
1672,2
1673,5
1674,5
1675,6
1676,6
1677,1
1678,0
1679,2
1680,3
1681,9
1682,5
1683,4
1684,6
1685,1
1686,0
1687,4
1688,4
1689,3
1690,2
1691,4
1692,3
1693,4
1694,3
1695,3
1696,1
1697,5
1698,7
1699,5
1700,5
1701,5
1702,1
1703,1
1704,4
1705,6
1706,4
1707,3
1708,2
1709,4
1710,1
1711,2
1712,1
1713,5
1714,6
1715,6
1716,4
1717,4
1718,2
1719,0
1720,5
1721,8
1722,3
1723,2
1724,4
1725,3
1726,0
1727,2
1728,4
1729,0
1730,0
1731,2
1732,1
1733,4
1734,6
1735,3
1736,2
1737,5
1738,3
1739,6
1740,5
1741,6
1742,4
1743,2
1744,4
1745,4
1746,2
1747,1
1748,6
1749,2
1750,5
1751,5
1752,5
1753,3
1754,4
1755,4
1756,3
1757,3
1758,2
1759,6
1760,6
1761,3
1762,3
1763,3
1764,7
1765,7
1766,3
1767,4
1768,2
1769,3
1770,0
1771,3
1772,2
1773,5
1774,6
1775,3
1776,6
1777,5
1778,4
1779,3
1780,4
1781,4
1782,3
1783,0
1784,1
1785,5
1786,7
1787,1
1788,5
1789,1
1790,3
1791,2
1792,2
1793,4
1794,7
1795,4
1796,2
1797,4
1798,3
1799,5
1800,3
1801,1
1802,2
1803,2
1804,4
1805,2
1806,4
1807,2
1808,2
1809,4
1810,4
1811,0
1812,4
1813,5
1814,6
1815,6
1816,6
1817,2
1818,4
1819,6
1820,2
1821,6
1822,6
1823,7
1824,0
1825,2
1826,1
1827,7
1828,5
1829,3
1830,5
1831,2
1832,1
1833,3
1834,5
1835,2
1836,4
1837,3
1838,0
1839,0
1840,6
1841,4
1842,2
1843,3
1844,2
1845,5
1846,5
1847,4
1848,4
1849,4
1850,2
1851,2
1852,3
1853,5
1854,2
1855,0
1856,4
1857,0
1858,6
1859,4
1860,1
1861,1
1862,7
1863,6
1864,6
1865,6
1866,2
1867,1
1868,4
1869,6
1870,0
1871,2
1872,2
1873,2
1874,2
1875,5
1876,2
1877,4
1878,1
1879,6
1880,1
1881,5
1882,4
1883,1
1884,8
1885,2
1886,4
1887,4
1888,3
1889,5
1890,3
1891,0
1892,4
1893,2
1894,4
1895,7
1896,5
1897,0
1898,1
1899,2
1900,6
1901,4
1902,5
1903,8
1904,5
1905,2
1906,4
1907,1
1908,2
1909,2
1910,3
1911,0
1912,4
1913,5
1914,7
1915,6
1916,1
1917,4
1918,3
1919,3
1920,3
1921,4
1922,2
1923,3
1924,3
1925,5
1926,8
1927,5
1928,2
1929,2
1930,1
1931,4
1932,6
1933,3
1934,1
1935,7
1936,2
1937,8
1938,2
1939,8
1940,3
1941,4
1942,6
1943,2
1944,1
1945,4
1946,5
1947,0
1948,2
1949,2
1950,1
1951,1
1952,1
1953,4
1954,0
1955,6
1956,2
1957,3
1958,6
