0,5
1,2
2,5
3,6
4,6
5,2
6,1
7,4
8,3
9,4
10,2
11,1
12,2
13,4
14,3
15,0
16,1
17,2
18,7
19,2
20,1
21,1
22,2
23,6
24,4
25,2
26,5
27,1
28,4
29,0
30,5
31,2
32,2
33,2
34,1
35,0
36,1
37,0
38,8
39,9
40,2
41,2
42,2
43,4
44,1
45,4
46,1
47,1
48,0
49,0
50,5
51,1
52,3
53,0
54,3
55,1
56,0
57,1
58,2
59,1
60,1
61,2
62,2
63,3
64,1
65,3
66,5
67,2
68,6
69,1
70,1
71,6
72,0
73,2
74,4
75,2
76,2
77,2
78,0
79,6
80,1
81,2
82,3
83,1
84,4
85,0
86,5
87,1
88,2
89,2
90,0
91,1
92,3
93,0
94,4
95,3
96,3
97,2
98,0
99,0
100,6
101,0
102,1
103,2
104,3
105,1
106,1
107,2
108,1
109,1
110,3
111,0
112,0
113,0
114,0
115,2
116,1
117,0
118,0
119,0
120,1
121,0
122,1
123,0
124,1
125,3
126,2
127,1
128,1
129,7
130,0
131,4
132,0
133,4
134,3
135,4
136,2
137,3
138,6
139,5
140,4
141,7
142,1
143,6
144,1
145,0
146,1
147,3
148,2
149,2
150,5
151,1
152,2
153,3
154,3
155,2
156,1
157,1
158,0
159,6
160,1
161,3
162,2
163,1
164,1
165,6
166,1
167,0
168,4
169,0
170,3
171,2
172,1
173,2
174,5
175,4
176,3
177,5
178,3
179,4
180,7
181,3
182,0
183,5
184,5
185,4
186,3
187,5
188,1
189,6
190,4
191,3
192,4
193,6
194,8
195,3
196,2
197,3
198,0
199,10
200,2
201,4
202,1
203,3
204,7
205,0
206,4
207,4
208,3
209,7
210,2
211,4
212,6
213,3
214,5
215,3
216,5
217,2
218,4
219,1
220,2
221,4
222,2
223,5
224,3
225,0
226,3
227,3
228,2
229,1
230,4
231,2
232,4
233,4
234,5
235,4
236,8
237,3
238,2
239,4
240,3
241,2
242,4
243,0
244,1
245,1
246,2
247,3
248,6
249,2
250,1
251,1
252,6
253,4
254,2
255,3
256,4
257,0
258,2
259,2
260,2
261,1
262,9
263,5
264,3
265,3
266,1
267,6
268,3
269,7
270,3
271,6
272,1
273,2
274,2
275,1
276,2
277,2
278,3
279,3
280,3
281,6
282,2
283,5
284,5
285,4
286,6
287,6
288,5
289,3
290,2
291,2
292,5
293,1
294,3
295,6
296,3
297,3
298,2
299,1
300,2
301,4
302,5
303,4
304,7
305,4
306,3
307,7
308,1
309,0
310,3
311,3
312,0
313,1
314,2
315,4
316,0
317,6
318,3
319,2
320,3
321,0
322,4
323,3
324,5
325,0
326,0
327,0
328,3
329,3
330,6
331,3
332,9
333,6
334,1
335,3
336,5
337,4
338,3
339,4
340,1
341,6
342,4
343,4
344,5
345,0
346,6
347,0
348,3
349,4
350,1
351,1
352,2
353,4
354,5
355,3
356,9
357,4
358,1
359,1
360,7
361,9
362,6
363,3
364,6
365,2
366,4
367,4
368,6
369,2
370,3
371,2
372,3
373,0
374,0
375,3
376,1
377,0
378,2
379,1
380,1
381,4
382,2
383,3
384,0
385,8
386,1
387,4
388,5
389,4
390,0
391,5
392,1
393,2
394,1
395,2
396,0
397,0
398,3
399,2
400,4
401,1
402,3
403,2
404,6
405,0
406,3
407,1
408,3
409,1
410,1
411,0
412,1
413,4
414,2
415,1
416,1
417,1
418,1
419,7
420,3
421,0
422,1
423,5
424,0
425,6
426,2
427,1
428,6
429,2
430,2
431,4
432,2
433,6
434,4
435,4
436,3
437,2
438,1
439,5
440,0
441,3
442,6
443,0
444,6
445,6
446,6
447,2
448,4
449,3
450,6
451,5
452,2
453,5
454,8
455,9
456,5
457,3
458,3
459,3
460,3
461,6
462,6
463,5
464,2
465,4
466,4
467,0
468,2
469,4
470,6
471,3
472,1
473,1
474,1
475,1
476,5
477,1
478,2
479,5
480,3
481,5
482,3
483,5
484,4
485,6
486,4
487,3
488,3
489,6
490,4
491,3
492,1
493,3
494,3
495,0
496,6
497,5
498,1
499,4
500,9
501,3
502,1
503,7
504,2
505,7
506,2
507,6
508,7
509,4
510,2
511,3
512,4
513,7
514,4
515,1
516,2
517,6
518,2
519,10
520,3
521,7
522,1
523,1
524,4
525,4
526,3
527,5
528,5
529,0
530,5
531,5
532,2
533,3
534,2
535,3
536,9
537,2
538,4
539,10
540,8
541,2
542,7
543,4
544,4
545,5
546,7
547,6
548,6
549,2
550,2
551,3
552,6
553,1
554,2
555,7
556,3
557,4
558,4
559,3
560,4
561,3
562,2
563,0
564,6
565,6
566,4
567,3
568,2
569,5
570,3
571,4
572,3
573,2
574,0
575,4
576,3
577,0
578,3
579,3
580,6
581,4
582,6
583,2
584,1
585,1
586,4
587,1
588,1
589,2
590,2
591,0
592,0
593,1
594,4
595,4
596,2
597,2
598,2
599,1
600,3
601,1
602,4
603,1
604,2
605,1
606,8
607,3
608,2
609,3
610,1
611,1
612,2
613,1
614,6
615,2
616,3
617,0
618,4
619,1
620,2
621,5
622,1
623,1
624,0
625,2
626,0
627,4
628,2
629,3
630,3
631,0
632,0
633,2
634,2
635,1
636,8
637,0
638,3
639,3
640,0
641,1
642,2
643,6
644,2
645,3
646,1
647,1
648,4
649,0
650,3
651,2
652,1
653,3
654,2
655,2
656,2
657,0
658,10
659,8
660,1
661,2
662,1
663,2
664,2
665,1
666,4
667,1
668,1
669,1
670,3
671,5
672,0
673,0
674,0
675,1
676,2
677,0
678,2
679,8
680,4
681,3
682,0
683,1
684,3
685,0
686,0
687,3
688,2
689,0
690,2
691,1
692,0
693,4
694,3
695,2
696,0
697,1
698,5
699,4
700,3
701,3
702,4
703,2
704,5
705,2
706,4
707,1
708,0
709,1
710,1
711,1
712,2
713,2
714,2
715,4
716,0
717,0
718,3
719,1
720,0
721,6
722,5
723,3
724,3
725,3
726,0
727,1
728,1
729,1
730,2
731,1
732,2
733,0
734,1
735,3
736,6
737,1
738,2
739,0
740,1
741,1
742,4
743,3
744,1
745,0
746,2
747,0
748,3
749,5
750,1
751,4
752,6
753,1
754,3
755,3
756,4
757,1
758,2
759,2
760,1
761,6
762,5
763,8
764,0
765,3
766,5
767,7
768,2
769,2
770,8
771,3
772,3
773,6
774,3
775,2
776,3
777,0
778,4
779,6
780,7
781,1
782,3
783,8
784,4
785,8
786,1
787,7
788,2
789,0
790,2
791,0
792,4
793,2
794,5
795,8
796,1
797,2
798,3
799,2
800,4
801,6
802,4
803,3
804,6
805,1
806,7
807,3
808,4
809,4
810,6
811,2
812,3
813,5
814,4
815,5
816,2
817,4
818,3
819,5
820,3
821,5
822,3
823,2
824,2
825,2
826,3
827,6
828,5
829,2
830,4
831,2
832,0
833,4
834,3
835,4
836,0
837,2
838,4
839,3
840,4
841,3
842,6
843,6
844,5
845,5
846,0
847,3
848,5
849,2
850,5
851,2
852,2
853,10
854,4
855,8
856,5
857,1
858,2
859,1
860,0
861,1
862,2
863,5
864,4
865,0
866,1
867,3
868,2
869,5
870,2
871,1
872,3
873,0
874,4
875,2
876,3
877,2
878,3
879,1
880,1
881,2
882,5
883,2
884,1
885,4
886,1
887,0
888,4
889,2
890,7
891,3
892,2
893,5
894,5
895,3
896,5
897,6
898,4
899,3
900,0
901,3
902,2
903,4
904,7
905,3
906,2
907,5
908,4
909,10
910,4
911,4
912,5
913,3
914,4
915,3
916,1
917,3
918,2
919,3
920,4
921,8
922,2
923,2
924,3
925,5
926,3
927,8
928,2
929,4
930,4
931,5
932,4
933,6
934,1
935,2
936,3
937,1
938,1
939,1
940,3
941,3
942,5
943,4
944,2
945,3
946,2
947,5
948,0
949,1
950,1
951,1
952,3
953,3
954,0
955,0
956,0
957,3
958,2
959,1
960,3
961,2
962,1
963,1
964,1
965,1
966,1
967,3
968,3
969,1
970,2
971,0
972,1
973,2
974,4
975,5
976,2
977,3
978,1
979,2
980,1
981,7
982,0
983,0
984,2
985,5
986,1
987,4
988,1
989,5
990,3
991,2
992,6
993,1
994,1
995,4
996,6
997,2
998,4
999,0
1000,2
1001,2
1002,6
1003,2
1004,9
1005,2
1006,2
1007,7
1008,2
1009,3
1010,9
1011,0
1012,1
1013,2
1014,2
1015,5
1016,5
1017,1
1018,3
1019,2
1020,1
1021,2
1022,6
1023,4
1024,2
1025,3
1026,5
1027,1
1028,4
1029,4
1030,1
1031,1
1032,2
1033,3
1034,3
1035,4
1036,2
1037,0
1038,5
1039,4
1040,2
1041,4
1042,2
1043,0
1044,9
1045,2
1046,3
1047,3
1048,4
1049,8
1050,3
1051,4
1052,2
1053,3
1054,0
1055,7
1056,1
1057,7
1058,4
1059,2
1060,1
1061,1
1062,2
1063,3
1064,10
1065,0
1066,1
1067,1
1068,4
1069,1
1070,1
1071,2
1072,7
1073,2
1074,1
1075,4
1076,1
1077,7
1078,8
1079,2
1080,8
1081,7
1082,10
1083,1
1084,5
1085,4
1086,3
1087,2
1088,2
1089,4
1090,4
1091,3
1092,3
1093,3
1094,2
1095,3
1096,4
1097,3
1098,1
1099,4
1100,7
1101,1
1102,1
1103,1
1104,3
1105,8
1106,9
1107,4
1108,2
1109,1
1110,5
1111,2
1112,6
1113,6
1114,5
1115,0
1116,5
1117,1
1118,3
1119,1
1120,2
1121,8
1122,8
1123,3
1124,2
1125,1
1126,1
1127,0
1128,2
1129,1
1130,0
1131,2
1132,0
1133,2
1134,0
1135,3
1136,0
1137,4
1138,1
1139,1
1140,2
1141,5
1142,3
1143,1
1144,4
1145,1
1146,0
1147,5
1148,4
1149,1
1150,2
1151,1
1152,0
1153,5
1154,5
1155,1
1156,9
1157,7
1158,1
1159,1
1160,4
1161,3
1162,2
1163,1
1164,2
1165,2
1166,0
1167,5
1168,2
1169,1
1170,3
1171,1
1172,3
1173,1
1174,3
1175,0
1176,3
1177,3
1178,0
1179,2
1180,1
1181,2
1182,3
1183,4
1184,1
1185,2
1186,4
1187,1
1188,1
1189,0
1190,2
1191,2
1192,1
1193,3
1194,1
1195,1
1196,2
1197,3
1198,1
1199,2
1200,1
1201,2
1202,1
1203,1
1204,3
1205,2
1206,0
1207,3
1208,0
1209,5
1210,5
1211,2
1212,2
1213,1
1214,1
1215,3
1216,3
1217,3
1218,0
1219,0
1220,1
1221,0
1222,2
1223,0
1224,2
1225,3
1226,2
1227,0
1228,2
1229,3
1230,4
1231,0
1232,4
1233,0
1234,2
1235,5
1236,2
1237,2
1238,2
1239,1
1240,0
1241,3
1242,4
1243,3
1244,1
1245,2
1246,1
1247,2
1248,6
1249,2
1250,0
1251,2
1252,2
1253,4
1254,0
1255,6
1256,3
1257,3
1258,2
1259,5
1260,4
1261,5
1262,5
1263,1
1264,4
1265,5
1266,7
1267,9
1268,3
1269,6
1270,4
1271,3
1272,7
1273,4
1274,7
1275,2
1276,5
1277,4
1278,6
1279,5
1280,3
1281,1
1282,5
1283,2
1284,4
1285,0
1286,5
1287,5
1288,9
1289,4
1290,4
1291,3
1292,3
1293,2
1294,4
1295,3
1296,3
1297,2
1298,2
1299,8
1300,1
1301,7
1302,5
1303,5
1304,2
1305,3
1306,1
1307,3
1308,5
1309,4
1310,3
1311,5
1312,2
1313,5
1314,6
1315,1
1316,1
1317,5
1318,11
1319,5
1320,3
1321,0
1322,6
1323,11
1324,4
1325,7
1326,2
1327,0
1328,4
1329,2
1330,1
1331,3
1332,5
1333,1
1334,2
1335,6
1336,6
1337,2
1338,4
1339,5
1340,2
1341,4
1342,5
1343,6
1344,6
1345,2
1346,8
1347,6
1348,3
1349,6
1350,1
1351,2
1352,1
1353,5
1354,3
1355,0
1356,6
1357,5
1358,3
1359,11
1360,3
1361,3
1362,3
1363,8
1364,2
1365,8
1366,5
1367,5
1368,6
1369,1
1370,1
1371,1
1372,4
1373,5
1374,3
1375,3
1376,6
1377,2
1378,4
1379,4
1380,6
1381,0
1382,7
1383,6
1384,6
1385,1
1386,2
1387,0
1388,2
1389,6
1390,2
1391,3
1392,5
1393,5
1394,2
1395,6
1396,4
1397,2
1398,5
1399,2
1400,3
1401,2
1402,4
1403,7
1404,6
1405,1
1406,2
1407,3
1408,2
1409,3
1410,1
1411,4
1412,7
1413,3
1414,4
1415,1
1416,4
1417,6
1418,2
1419,0
1420,1
1421,1
1422,3
1423,6
1424,2
1425,2
1426,3
1427,2
1428,2
1429,2
1430,0
1431,2
1432,1
1433,2
1434,2
1435,2
1436,5
1437,7
1438,2
1439,3
1440,7
1441,2
1442,2
1443,1
1444,2
1445,5
1446,4
1447,5
1448,0
1449,2
1450,3
1451,2
1452,4
1453,1
1454,3
1455,4
1456,0
1457,3
1458,5
1459,0
1460,4
1461,0
1462,5
1463,2
1464,7
1465,3
1466,4
1467,5
1468,2
1469,5
1470,9
1471,5
1472,2
1473,1
1474,4
1475,1
1476,5
1477,4
1478,1
1479,1
1480,4
1481,3
1482,2
1483,4
1484,2
1485,2
1486,4
1487,4
1488,3
1489,2
1490,2
1491,3
1492,5
1493,7
1494,8
1495,1
1496,5
1497,4
1498,6
1499,3
1500,5
1501,6
1502,6
1503,2
1504,3
1505,3
1506,4
1507,9
1508,4
1509,4
1510,6
1511,6
1512,6
1513,4
1514,3
1515,3
1516,3
1517,4
1518,5
1519,1
1520,4
1521,6
1522,4
1523,3
1524,3
1525,5
1526,7
1527,4
1528,3
1529,7
1530,6
1531,4
1532,3
1533,1
1534,2
1535,4
1536,3
1537,10
1538,1
1539,6
1540,3
1541,2
1542,7
1543,1
1544,0
1545,2
1546,1
1547,2
1548,1
1549,3
1550,6
1551,6
1552,5
1553,7
1554,3
1555,2
1556,4
1557,3
1558,6
1559,3
1560,4
1561,4
1562,5
1563,3
1564,1
1565,1
1566,1
1567,1
1568,3
1569,3
1570,6
1571,4
1572,1
1573,1
1574,2
1575,3
1576,0
1577,2
1578,2
1579,5
1580,2
1581,1
1582,5
1583,2
1584,3
1585,3
1586,3
1587,3
1588,4
1589,3
1590,1
1591,3
1592,4
1593,1
1594,5
1595,2
1596,0
1597,2
1598,4
1599,1
1600,2
1601,1
1602,1
1603,3
1604,3
1605,9
1606,2
1607,1
1608,0
1609,5
1610,2
1611,0
1612,3
1613,1
1614,0
1615,2
1616,5
1617,0
1618,8
1619,8
1620,1
1621,2
1622,0
1623,5
1624,2
1625,4
1626,5
1627,6
1628,1
1629,2
1630,0
1631,1
1632,1
1633,2
1634,2
1635,1
1636,1
1637,1
1638,0
1639,3
1640,3
1641,1
1642,0
1643,6
1644,3
1645,1
1646,3
1647,0
1648,6
1649,0
1650,1
1651,2
1652,2
1653,2
1654,3
1655,3
1656,1
1657,2
1658,5
1659,2
1660,0
1661,2
1662,1
1663,4
1664,2
1665,1
1666,3
1667,2
1668,2
1669,3
1670,0
1671,6
1672,2
1673,3
1674,4
1675,2
1676,2
1677,1
1678,0
1679,1
1680,1
1681,5
1682,1
1683,4
1684,0
1685,1
1686,1
1687,2
1688,5
1689,0
1690,1
1691,4
1692,4
1693,1
1694,2
1695,1
1696,1
1697,0
1698,4
1699,1
1700,3
1701,4
1702,1
1703,1
1704,7
1705,2
1706,3
1707,10
1708,4
1709,4
1710,3
1711,6
1712,4
1713,6
1714,5
1715,8
1716,5
1717,10
1718,3
1719,1
1720,6
1721,4
1722,4
1723,1
1724,1
1725,2
1726,3
1727,1
1728,5
1729,3
1730,1
1731,0
1732,3
1733,6
1734,7
1735,4
1736,3
1737,4
1738,2
1739,4
1740,3
1741,3
1742,2
1743,3
1744,4
1745,7
1746,2
1747,1
1748,1
1749,2
1750,2
1751,6
1752,10
1753,4
1754,6
1755,3
1756,4
1757,2
1758,1
1759,4
1760,3
1761,3
1762,3
1763,6
1764,8
1765,2
1766,6
1767,1
1768,1
1769,5
1770,5
1771,3
1772,1
1773,5
1774,4
1775,5
1776,1
1777,8
1778,0
1779,5
1780,6
1781,6
1782,4
1783,1
1784,0
1785,4
1786,5
1787,3
1788,2
1789,2
1790,4
1791,4
1792,5
1793,3
1794,5
1795,1
1796,6
1797,5
1798,5
1799,3
1800,3
1801,1
1802,3
1803,3
1804,1
1805,1
1806,2
1807,1
1808,2
1809,5
1810,3
1811,2
1812,1
1813,3
1814,3
1815,4
1816,3
1817,3
1818,5
1819,6
1820,4
1821,7
1822,4
1823,3
1824,0
1825,2
1826,1
1827,5
1828,10
1829,2
1830,5
1831,1
1832,2
1833,1
1834,6
1835,1
1836,2
1837,1
1838,0
1839,1
1840,4
1841,4
1842,9
1843,10
1844,3
1845,2
1846,9
1847,2
1848,4
1849,3
1850,5
1851,3
1852,0
1853,3
1854,2
1855,1
1856,6
1857,0
1858,5
1859,3
1860,1
1861,0
1862,6
1863,0
1864,4
1865,6
1866,1
1867,3
1868,0
1869,5
1870,0
1871,0
1872,1
1873,1
1874,2
1875,1
1876,9
1877,2
1878,4
1879,1
1880,4
1881,3
1882,4
1883,4
1884,7
1885,7
1886,5
1887,2
1888,0
1889,4
1890,4
1891,0
1892,6
1893,2
1894,2
1895,8
1896,8
1897,3
1898,3
1899,7
1900,7
1901,4
1902,2
1903,5
1904,5
1905,3
1906,7
1907,9
1908,2
1909,9
1910,2
1911,4
1912,5
1913,3
1914,7
1915,4
1916,8
1917,7
1918,3
1919,1
1920,5
1921,8
1922,7
1923,3
1924,7
1925,5
1926,8
1927,10
1928,2
1929,4
1930,1
1931,3
1932,5
1933,5
1934,0
1935,5
1936,7
1937,2
1938,2
1939,7
1940,3
1941,6
1942,3
1943,7
1944,8
1945,3
1946,7
1947,0
1948,3
1949,2
1950,1
1951,5
1952,4
1953,6
1954,0
1955,5
1956,4
1957,4
1958,4
