0,0
1,1
2,0
3,0
4,0
5,2
6,0
7,1
8,0
9,2
10,0
11,2
12,2
13,2
14,3
15,0
16,0
17,0
18,1
19,0
20,0
21,0
22,1
23,0
24,0
25,0
26,0
27,0
28,0
29,3
30,0
31,0
32,0
33,0
34,0
35,0
36,0
37,1
38,0
39,2
40,0
41,0
42,0
43,0
44,0
45,0
46,3
47,2
48,0
49,1
50,0
51,0
52,0
53,0
54,1
55,0
56,1
57,0
58,2
59,0
60,1
61,2
62,0
63,1
64,1
65,1
66,1
67,3
68,0
69,1
70,0
71,0
72,0
73,0
74,1
75,1
76,0
77,0
78,2
79,1
80,2
81,0
82,2
83,0
84,1
85,1
86,0
87,0
88,0
89,1
90,0
91,4
92,0
93,1
94,0
95,0
96,0
97,2
98,1
99,0
100,2
101,1
102,0
103,0
104,0
105,0
106,0
107,1
108,1
109,0
110,0
111,0
112,0
113,4
114,1
115,4
116,0
117,1
118,0
119,0
120,0
121,0
122,0
123,1
124,1
125,0
126,0
127,0
128,0
129,1
130,1
131,0
132,0
133,0
134,0
135,0
136,0
137,3
138,2
139,1
140,0
141,0
142,0
143,0
144,2
145,2
146,0
147,1
148,0
149,1
150,3
151,3
152,0
153,1
154,0
155,2
156,0
157,0
158,0
159,0
160,1
161,0
162,3
163,0
164,1
165,0
166,0
167,1
168,0
169,0
170,0
171,0
172,0
173,3
174,0
175,1
176,0
177,0
178,0
179,0
180,0
181,0
182,0
183,1
184,0
185,0
186,0
187,0
188,0
189,0
190,0
191,0
192,0
193,0
194,0
195,1
196,0
197,2
198,2
199,2
200,0
201,0
202,0
203,0
204,0
205,0
206,0
207,0
208,6
209,2
210,0
211,1
212,0
213,1
214,0
215,1
216,0
217,2
218,0
219,0
220,2
221,2
222,0
223,1
224,0
225,2
226,0
227,0
228,0
229,0
230,0
231,0
232,0
233,2
234,0
235,1
236,1
237,0
238,1
239,1
240,1
241,1
242,0
243,0
244,0
245,0
246,0
247,0
248,0
249,0
250,1
251,2
252,2
253,0
254,0
255,0
256,0
257,0
258,0
259,4
260,0
261,0
262,0
263,2
264,2
265,0
266,1
267,0
268,0
269,0
270,0
271,1
272,0
273,2
274,0
275,1
276,0
277,1
278,0
279,2
280,0
281,0
282,2
283,1
284,0
285,1
286,0
287,0
288,0
289,2
290,0
291,1
292,2
293,0
294,4
295,0
296,0
297,4
298,0
299,1
300,1
301,0
302,0
303,0
304,4
305,2
306,0
307,0
308,2
309,2
310,0
311,0
312,2
313,0
314,3
315,1
316,2
317,1
318,1
319,3
320,0
321,3
322,0
323,0
324,1
325,0
326,2
327,0
328,1
329,0
330,2
331,0
332,0
333,1
334,0
335,2
336,0
337,0
338,0
339,2
340,0
341,1
342,0
343,2
344,4
345,1
346,1
347,1
348,0
349,1
350,0
351,1
352,0
353,1
354,0
355,0
356,3
357,0
358,2
359,0
360,0
361,0
362,1
363,2
364,1
365,0
366,1
367,4
368,0
369,3
370,1
371,0
372,0
373,1
374,2
375,2
376,3
377,0
378,1
379,1
380,0
381,1
382,1
383,0
384,4
385,0
386,2
387,2
388,0
389,1
390,0
391,0
392,3
393,2
394,1
395,1
396,5
397,0
398,0
399,2
400,0
401,2
402,3
403,2
404,3
405,0
406,1
407,3
408,1
409,2
410,2
411,1
412,1
413,2
414,2
415,4
416,0
417,0
418,0
419,1
420,2
421,6
422,0
423,0
424,1
425,0
426,3
427,2
428,1
429,0
430,2
431,4
432,2
433,0
434,3
435,1
436,3
437,3
438,0
439,3
440,0
441,3
442,2
443,4
444,2
445,0
446,2
447,0
448,2
449,1
450,2
451,0
452,3
453,0
454,0
455,2
456,0
457,2
458,3
459,2
460,1
461,2
462,0
463,0
464,2
465,1
466,0
467,1
468,1
469,2
470,0
471,0
472,1
473,4
474,1
475,2
476,0
477,1
478,1
479,2
480,0
481,1
482,0
483,2
484,0
485,3
486,1
487,0
488,0
489,0
490,0
491,2
492,5
493,2
494,0
495,2
496,0
497,0
498,4
499,1
500,3
501,1
502,1
503,0
504,1
505,0
506,2
507,0
508,1
509,2
510,0
511,0
512,0
513,1
514,0
515,1
516,1
517,1
518,1
519,2
520,4
521,0
522,0
523,1
524,0
525,1
526,1
527,0
528,2
529,0
530,0
531,1
532,2
533,0
534,2
535,2
536,0
537,2
538,0
539,0
540,1
541,1
542,1
543,1
544,2
545,1
546,1
547,0
548,2
549,0
550,2
551,2
552,0
553,1
554,0
555,0
556,1
557,0
558,0
559,2
560,0
561,2
562,2
563,0
564,0
565,0
566,3
567,0
568,0
569,3
570,0
571,0
572,0
573,0
574,0
575,0
576,0
577,0
578,0
579,0
580,0
581,2
582,2
583,0
584,0
585,0
586,1
587,1
588,0
589,1
590,0
591,0
592,0
593,0
594,0
595,1
596,0
597,0
598,0
599,0
600,0
601,0
602,1
603,0
604,1
605,2
606,0
607,0
608,0
609,2
610,2
611,0
612,0
613,2
614,0
615,0
616,0
617,0
618,1
619,0
620,0
621,0
622,0
623,0
624,0
625,0
626,0
627,0
628,1
629,0
630,1
631,3
632,0
633,1
634,0
635,0
636,0
637,0
638,1
639,1
640,0
641,2
642,2
643,0
644,0
645,1
646,0
647,0
648,0
649,0
650,2
651,2
652,1
653,0
654,0
655,0
656,1
657,1
658,1
659,2
660,2
661,3
662,1
663,5
664,2
665,2
666,1
667,2
668,0
669,0
670,0
671,0
672,0
673,0
674,2
675,1
676,1
677,1
678,0
679,2
680,0
681,0
682,3
683,2
684,1
685,3
686,0
687,3
688,0
689,0
690,0
691,0
692,2
693,0
694,0
695,0
696,0
697,0
698,2
699,1
700,0
701,1
702,2
703,2
704,1
705,2
706,3
707,0
708,0
709,0
710,2
711,2
712,0
713,0
714,0
715,2
716,0
717,0
718,0
719,0
720,0
721,3
722,1
723,1
724,2
725,5
726,0
727,0
728,0
729,1
730,1
731,0
732,2
733,0
734,0
735,0
736,1
737,0
738,2
739,2
740,1
741,1
742,0
743,0
744,1
745,4
746,0
747,0
748,4
749,0
750,1
751,0
752,1
753,0
754,0
755,1
756,1
757,0
758,2
759,2
760,2
761,1
762,1
763,1
764,1
765,0
766,1
767,0
768,2
769,1
770,0
771,2
772,2
773,1
774,2
775,0
776,1
777,3
778,0
779,0
780,0
781,1
782,1
783,1
784,0
785,1
786,0
787,0
788,2
789,0
790,1
791,1
792,0
793,1
794,2
795,2
796,0
797,3
798,0
799,1
800,0
801,0
802,0
803,0
804,0
805,0
806,1
807,0
808,0
809,2
810,0
811,2
812,2
813,0
814,1
815,0
816,0
817,1
818,0
819,1
820,0
821,0
822,0
823,0
824,0
825,0
826,0
827,1
828,0
829,0
830,0
831,0
832,1
833,3
834,2
835,0
836,0
837,0
838,2
839,0
840,0
841,1
842,2
843,2
844,1
845,0
846,0
847,0
848,0
849,1
850,0
851,0
852,0
853,1
854,2
855,0
856,3
857,1
858,0
859,0
860,2
861,0
862,2
863,1
864,2
865,3
866,7
867,0
868,0
869,1
870,1
871,4
872,0
873,1
874,0
875,0
876,0
877,1
878,1
879,0
880,1
881,4
882,0
883,0
884,0
885,1
886,2
887,2
888,1
889,1
890,1
891,1
892,1
893,2
894,0
895,2
896,0
897,0
898,2
899,1
900,0
901,0
902,3
903,0
904,2
905,0
906,0
907,0
908,1
909,1
910,1
911,1
912,2
913,0
914,0
915,0
916,0
917,0
918,0
919,1
920,0
921,1
922,1
923,2
924,0
925,2
926,0
927,0
928,0
929,0
930,1
931,1
932,1
933,0
934,0
935,2
936,0
937,0
938,1
939,0
940,1
941,2
942,0
943,5
944,1
945,0
946,1
947,0
948,0
949,0
950,0
951,3
952,0
953,0
954,1
955,0
956,2
957,1
958,7
959,0
960,0
961,0
962,0
963,1
964,1
965,0
966,1
967,0
968,0
969,0
970,0
971,0
972,0
973,1
974,0
975,2
976,0
977,2
978,0
979,0
980,1
981,2
982,2
983,0
984,0
985,2
986,2
987,1
988,2
989,0
990,1
991,0
992,0
993,1
994,1
995,0
996,1
997,0
998,0
999,1
1000,0
1001,0
1002,0
1003,1
1004,0
1005,0
1006,0
1007,0
1008,1
1009,0
1010,1
1011,0
1012,1
1013,0
1014,0
1015,0
1016,0
1017,0
1018,2
1019,1
1020,0
1021,0
1022,0
1023,0
1024,1
1025,0
1026,3
1027,0
1028,0
1029,0
1030,0
1031,0
1032,1
1033,0
1034,1
1035,1
1036,0
1037,0
1038,0
1039,0
1040,0
1041,0
1042,0
1043,0
1044,0
1045,5
1046,1
1047,0
1048,0
1049,4
1050,0
1051,0
1052,0
1053,0
1054,0
1055,0
1056,0
1057,2
1058,0
1059,1
1060,0
1061,0
1062,0
1063,0
1064,0
1065,0
1066,0
1067,0
1068,0
1069,0
1070,1
1071,0
1072,0
1073,0
1074,0
1075,0
1076,0
1077,4
1078,0
1079,0
1080,2
1081,0
1082,3
1083,0
1084,1
1085,2
1086,0
1087,0
1088,0
1089,3
1090,0
1091,0
1092,1
1093,1
1094,0
1095,1
1096,0
1097,1
1098,2
1099,0
1100,0
1101,2
1102,0
1103,0
1104,0
1105,3
1106,0
1107,0
1108,1
1109,0
1110,0
1111,0
1112,1
1113,1
1114,0
1115,0
1116,0
1117,1
1118,0
1119,0
1120,0
1121,0
1122,0
1123,0
1124,1
1125,3
1126,0
1127,2
1128,0
1129,0
1130,0
1131,0
1132,0
1133,0
1134,3
1135,0
1136,0
1137,0
1138,0
1139,0
1140,1
1141,3
1142,1
1143,0
1144,0
1145,0
1146,1
1147,0
1148,2
1149,0
1150,3
1151,2
1152,0
1153,0
1154,1
1155,1
1156,1
1157,0
1158,0
1159,0
1160,0
1161,0
1162,0
1163,3
1164,0
1165,3
1166,0
1167,1
1168,1
1169,1
1170,0
1171,0
1172,0
1173,0
1174,1
1175,2
1176,1
1177,3
1178,2
1179,1
1180,0
1181,1
1182,1
1183,0
1184,0
1185,1
1186,0
1187,2
1188,0
1189,0
1190,0
1191,2
1192,0
1193,2
1194,1
1195,2
1196,2
1197,0
1198,1
1199,0
1200,1
1201,1
1202,0
1203,0
1204,0
1205,0
1206,1
1207,2
1208,2
1209,1
1210,1
1211,0
1212,1
1213,1
1214,0
1215,2
1216,1
1217,2
1218,1
1219,0
1220,2
1221,0
1222,0
1223,0
1224,0
1225,2
1226,1
1227,0
1228,3
1229,0
1230,0
1231,0
1232,1
1233,1
1234,0
1235,0
1236,0
1237,0
1238,3
1239,2
1240,2
1241,1
1242,1
1243,2
1244,3
1245,2
1246,0
1247,2
1248,0
1249,2
1250,0
1251,1
1252,0
1253,2
1254,2
1255,0
1256,0
1257,1
1258,0
1259,2
1260,0
1261,0
1262,1
1263,3
1264,0
1265,2
1266,2
1267,1
1268,2
1269,1
1270,0
1271,1
1272,3
1273,0
1274,0
1275,0
1276,2
1277,1
1278,1
1279,2
1280,1
1281,2
1282,1
1283,1
1284,1
1285,0
1286,1
1287,10
1288,0
1289,5
1290,0
1291,1
1292,3
1293,2
1294,1
1295,2
1296,0
1297,3
1298,1
1299,3
1300,2
1301,1
1302,0
1303,1
1304,2
1305,0
1306,0
1307,0
1308,1
1309,0
1310,1
1311,1
1312,1
1313,0
1314,2
1315,2
1316,0
1317,1
1318,3
1319,0
1320,1
1321,2
1322,3
1323,1
1324,1
1325,1
1326,2
1327,1
1328,0
1329,0
1330,0
1331,1
1332,0
1333,0
1334,0
1335,0
1336,3
1337,3
1338,0
1339,2
1340,0
1341,7
1342,2
1343,0
1344,1
1345,0
1346,1
1347,0
1348,0
1349,2
1350,2
1351,1
1352,1
1353,2
1354,2
1355,0
1356,1
1357,1
1358,1
1359,2
1360,0
1361,1
1362,3
1363,0
1364,2
1365,0
1366,0
1367,3
1368,1
1369,1
1370,1
1371,0
1372,3
1373,3
1374,0
1375,2
1376,0
1377,0
1378,1
1379,0
1380,1
1381,0
1382,1
1383,4
1384,1
1385,0
1386,0
1387,3
1388,0
1389,1
1390,1
1391,0
1392,1
1393,0
1394,0
1395,1
1396,2
1397,0
1398,1
1399,2
1400,1
1401,1
1402,1
1403,2
1404,0
1405,0
1406,0
1407,2
1408,0
1409,0
1410,2
1411,2
1412,1
1413,0
1414,1
1415,2
1416,1
1417,3
1418,3
1419,0
1420,1
1421,4
1422,2
1423,2
1424,2
1425,2
1426,0
1427,1
1428,0
1429,0
1430,1
1431,1
1432,2
1433,2
1434,1
1435,0
1436,0
1437,3
1438,0
1439,0
1440,0
1441,3
1442,1
1443,2
1444,0
1445,2
1446,0
1447,0
1448,0
1449,0
1450,0
1451,0
1452,0
1453,0
1454,0
1455,0
1456,0
1457,1
1458,0
1459,1
1460,1
1461,0
1462,0
1463,0
1464,4
1465,0
1466,0
1467,3
1468,0
1469,0
1470,0
1471,0
1472,3
1473,0
1474,2
1475,0
1476,2
1477,0
1478,1
1479,0
1480,0
1481,1
1482,0
1483,0
1484,0
1485,0
1486,0
1487,1
1488,0
1489,0
1490,0
1491,1
1492,2
1493,0
1494,1
1495,1
1496,0
1497,1
1498,1
1499,0
1500,0
1501,0
1502,0
1503,0
1504,2
1505,0
1506,3
1507,1
1508,2
1509,0
1510,1
1511,0
1512,1
1513,0
1514,0
1515,0
1516,1
1517,0
1518,0
1519,1
1520,0
1521,3
1522,0
1523,1
1524,0
1525,1
1526,1
1527,0
1528,0
1529,1
1530,0
1531,0
1532,1
1533,2
1534,0
1535,0
1536,0
1537,2
1538,2
1539,2
1540,2
1541,0
1542,0
1543,0
1544,1
1545,2
1546,0
1547,0
1548,3
1549,1
1550,0
1551,1
1552,0
1553,1
1554,1
1555,3
1556,0
1557,2
1558,0
1559,0
1560,3
1561,3
1562,2
1563,0
1564,0
1565,0
1566,3
1567,1
1568,1
1569,1
1570,1
1571,1
1572,2
1573,3
1574,2
1575,0
1576,2
1577,1
1578,2
1579,1
1580,2
1581,0
1582,2
1583,2
1584,1
1585,2
1586,0
1587,1
1588,0
1589,0
1590,0
1591,3
1592,0
1593,1
1594,0
1595,0
1596,0
1597,1
1598,3
1599,2
1600,1
1601,0
1602,1
1603,0
1604,0
1605,0
1606,0
1607,0
1608,0
1609,1
1610,0
1611,0
1612,0
1613,0
1614,2
1615,0
1616,0
1617,0
1618,0
1619,0
1620,0
1621,1
1622,1
1623,2
1624,1
1625,0
1626,0
1627,1
1628,0
1629,1
1630,0
1631,1
1632,0
1633,0
1634,0
1635,2
1636,1
1637,0
1638,0
1639,2
1640,0
1641,0
1642,2
1643,0
1644,0
1645,3
1646,1
1647,0
1648,1
1649,0
1650,0
1651,0
1652,1
1653,0
1654,1
1655,0
1656,3
1657,0
1658,0
1659,0
1660,0
1661,0
1662,0
1663,0
1664,1
1665,1
1666,0
1667,0
1668,1
1669,3
1670,0
1671,0
1672,1
1673,0
1674,1
1675,4
1676,0
1677,0
1678,0
1679,1
1680,0
1681,1
1682,0
1683,0
1684,0
1685,0
1686,0
1687,0
1688,0
1689,2
1690,1
1691,0
1692,1
1693,0
1694,1
1695,0
1696,1
1697,1
1698,0
1699,0
1700,1
1701,1
1702,1
1703,0
1704,0
1705,2
1706,0
1707,0
1708,2
1709,0
1710,0
1711,0
1712,2
1713,1
1714,3
1715,0
1716,1
1717,0
1718,0
1719,2
1720,2
1721,0
1722,0
1723,3
1724,1
1725,2
1726,0
1727,0
1728,0
1729,0
1730,2
1731,2
1732,1
1733,0
1734,3
1735,1
1736,4
1737,0
1738,2
1739,2
1740,6
1741,4
1742,2
1743,0
1744,0
1745,0
1746,0
1747,1
1748,0
1749,0
1750,0
1751,0
1752,1
1753,1
1754,1
1755,0
1756,3
1757,0
1758,0
1759,0
1760,0
1761,0
1762,1
1763,1
1764,3
1765,0
1766,1
1767,1
1768,0
1769,0
1770,0
1771,2
1772,2
1773,1
1774,0
1775,3
1776,1
1777,1
1778,0
1779,2
1780,1
1781,0
1782,0
1783,0
1784,0
1785,0
1786,0
1787,1
1788,1
1789,0
1790,1
1791,0
1792,0
1793,0
1794,0
1795,2
1796,0
1797,1
1798,0
1799,0
1800,0
1801,0
1802,1
1803,1
1804,0
1805,3
1806,1
1807,0
1808,0
1809,2
1810,1
1811,4
1812,2
1813,0
1814,1
1815,2
1816,0
1817,3
1818,0
1819,1
1820,0
1821,0
1822,0
1823,0
1824,2
1825,1
1826,0
1827,0
1828,1
1829,0
1830,2
1831,1
1832,1
1833,0
1834,0
1835,1
1836,0
1837,0
1838,0
1839,0
1840,0
1841,2
1842,0
1843,0
1844,3
1845,1
1846,4
1847,0
1848,2
1849,2
1850,0
1851,2
1852,0
1853,0
1854,0
1855,0
1856,2
1857,0
1858,0
1859,1
1860,0
1861,0
1862,0
1863,0
1864,0
1865,2
1866,0
1867,0
1868,0
1869,1
1870,3
1871,0
1872,0
1873,0
1874,0
1875,0
1876,0
1877,0
1878,0
1879,0
1880,1
1881,4
1882,1
1883,0
1884,0
1885,1
1886,0
1887,0
1888,0
1889,3
1890,1
1891,0
1892,0
1893,0
1894,0
1895,0
1896,1
1897,0
1898,0
1899,0
1900,0
1901,0
1902,1
1903,0
1904,0
1905,1
1906,0
1907,0
1908,1
1909,1
1910,0
1911,0
1912,1
1913,2
1914,0
1915,0
1916,0
1917,1
1918,1
1919,0
1920,0
1921,0
1922,0
1923,2
1924,0
1925,1
1926,0
1927,0
1928,1
1929,1
1930,0
1931,4
1932,0
1933,1
1934,0
1935,0
1936,0
1937,3
1938,1
1939,1
1940,0
1941,0
1942,1
1943,0
1944,0
1945,0
1946,0
1947,0
1948,0
1949,0
1950,1
1951,0
1952,0
1953,2
1954,2
1955,0
1956,0
1957,1
1958,0
1959,0
1960,0
1961,0
1962,0
1963,0
1964,0
1965,0
1966,0
1967,0
1968,0
1969,0
1970,0
1971,0
1972,1
1973,0
1974,0
1975,0
1976,1
1977,0
1978,0
1979,0
1980,0
1981,0
1982,0
1983,0
1984,1
1985,4
1986,0
1987,0
1988,1
1989,2
1990,0
1991,0
1992,1
1993,0
1994,0
1995,0
1996,0
1997,0
1998,0
1999,0
2000,0
2001,1
2002,0
2003,0
2004,2
2005,1
2006,0
2007,2
2008,0
2009,0
2010,2
2011,2
2012,0
2013,2
2014,4
2015,2
2016,0
2017,1
2018,0
2019,0
2020,1
2021,3
2022,0
2023,0
2024,1
2025,1
2026,1
2027,4
2028,0
2029,0
2030,0
2031,0
2032,0
2033,0
2034,1
2035,0
2036,0
2037,0
2038,0
2039,0
2040,4
2041,2
2042,2
2043,2
2044,1
2045,1
2046,2
2047,3
2048,2
2049,0
2050,1
2051,5
2052,0
2053,2
2054,1
2055,1
2056,1
2057,1
2058,0
2059,0
2060,0
2061,2
2062,0
2063,1
2064,0
2065,1
2066,3
2067,0
2068,1
2069,2
2070,0
2071,1
2072,0
2073,2
2074,0
2075,1
2076,0
2077,1
2078,3
2079,1
2080,0
2081,0
2082,2
2083,1
2084,5
2085,2
2086,2
2087,1
2088,1
2089,1
2090,2
2091,4
2092,3
2093,1
2094,0
2095,6
2096,5
2097,1
2098,1
2099,1
2100,2
2101,0
2102,1
2103,0
2104,1
2105,2
2106,2
2107,2
2108,2
2109,0
2110,1
2111,0
2112,0
2113,2
2114,0
2115,1
2116,0
2117,1
2118,2
2119,3
2120,0
2121,2
2122,5
2123,3
2124,0
2125,0
2126,1
2127,0
2128,1
2129,0
2130,1
2131,2
2132,2
2133,0
2134,0
2135,2
2136,1
2137,0
2138,2
2139,1
2140,1
2141,0
2142,2
2143,1
2144,0
2145,1
2146,0
2147,2
2148,3
2149,2
2150,0
2151,1
2152,6
2153,1
2154,0
2155,0
2156,2
2157,0
2158,1
2159,2
2160,3
2161,4
2162,0
2163,0
2164,0
2165,1
2166,0
2167,1
2168,1
2169,0
2170,0
2171,0
2172,3
2173,3
2174,2
2175,0
2176,1
2177,0
2178,0
2179,0
2180,0
2181,0
2182,0
2183,0
2184,2
2185,3
2186,0
2187,0
2188,2
2189,0
2190,2
2191,1
2192,2
2193,0
2194,1
2195,0
2196,0
2197,2
2198,0
2199,0
2200,0
2201,1
2202,2
2203,0
2204,0
2205,2
2206,0
2207,3
2208,0
2209,0
2210,0
2211,0
2212,1
2213,0
2214,2
2215,2
2216,1
2217,0
2218,1
2219,0
2220,0
2221,2
2222,4
2223,1
2224,1
2225,0
2226,0
2227,0
2228,0
2229,0
2230,0
2231,0
2232,0
2233,0
2234,3
2235,1
2236,0
2237,0
2238,3
2239,1
2240,0
2241,2
2242,1
2243,1
2244,1
2245,0
2246,1
2247,0
2248,0
2249,2
2250,0
2251,0
2252,2
2253,1
2254,3
2255,4
2256,0
2257,1
2258,0
2259,1
2260,0
2261,1
2262,0
2263,0
2264,1
2265,1
2266,0
2267,1
2268,2
2269,0
2270,2
2271,0
2272,1
2273,1
2274,1
2275,1
2276,2
2277,0
2278,2
2279,2
2280,2
2281,0
2282,2
2283,3
2284,1
2285,1
2286,1
2287,0
2288,1
2289,0
2290,1
2291,0
2292,1
2293,3
2294,2
2295,0
2296,0
2297,0
2298,2
2299,2
2300,2
2301,0
2302,1
2303,1
2304,0
2305,2
2306,2
2307,0
2308,0
2309,0
2310,0
2311,2
2312,3
2313,0
2314,0
2315,0
2316,0
2317,0
2318,1
2319,0
2320,0
2321,0
2322,0
2323,0
2324,0
2325,0
2326,0
2327,0
2328,0
2329,0
2330,0
2331,0
2332,1
2333,0
2334,3
2335,0
2336,0
2337,0
2338,1
2339,0
2340,3
2341,3
2342,1
2343,0
2344,2
2345,0
2346,1
2347,0
2348,0
2349,0
2350,0
2351,2
2352,0
2353,0
2354,0
2355,0
2356,1
2357,0
2358,0
2359,0
2360,0
2361,2
2362,0
2363,1
2364,2
2365,0
2366,0
2367,0
2368,1
2369,0
2370,0
2371,1
2372,1
2373,0
2374,3
2375,1
2376,2
2377,1
2378,0
2379,1
2380,3
2381,0
2382,0
2383,0
2384,1
2385,0
2386,0
2387,2
2388,1
2389,1
2390,1
2391,0
2392,0
2393,1
2394,2
2395,0
2396,2
2397,0
2398,0
2399,3
2400,2
2401,2
2402,0
2403,2
2404,2
2405,1
2406,0
2407,0
2408,1
2409,1
2410,0
2411,0
2412,0
2413,0
2414,2
2415,0
2416,0
2417,2
2418,3
2419,0
2420,1
2421,1
2422,2
2423,0
2424,1
2425,0
2426,3
2427,0
2428,1
2429,2
2430,0
2431,1
2432,3
2433,2
2434,2
2435,0
2436,0
2437,1
2438,3
2439,1
2440,2
2441,0
2442,1
2443,2
2444,0
2445,1
2446,0
2447,0
2448,1
2449,1
2450,1
2451,0
2452,2
2453,0
2454,0
2455,0
2456,1
2457,0
2458,0
2459,2
2460,1
2461,0
2462,1
2463,0
2464,0
2465,1
2466,3
2467,0
2468,0
2469,0
2470,2
2471,3
2472,0
2473,2
2474,0
2475,0
2476,1
2477,0
2478,2
2479,0
2480,0
2481,0
2482,1
2483,1
2484,1
2485,1
2486,2
2487,4
2488,0
2489,0
2490,0
2491,0
2492,0
2493,1
2494,1
2495,0
2496,1
2497,2
2498,0
2499,0
2500,0
2501,2
2502,1
2503,0
2504,1
2505,0
2506,1
2507,0
2508,0
2509,2
2510,0
2511,0
2512,0
2513,4
2514,0
2515,0
2516,1
2517,0
2518,0
2519,0
2520,0
2521,3
2522,1
2523,0
2524,2
2525,3
2526,0
2527,2
2528,1
2529,0
2530,2
2531,1
2532,0
2533,1
2534,0
2535,0
2536,1
2537,0
2538,0
2539,1
2540,0
2541,2
2542,0
2543,0
2544,0
2545,1
2546,2
2547,1
2548,1
2549,0
2550,2
2551,1
2552,2
2553,2
2554,0
2555,2
2556,0
2557,3
2558,1
2559,0
2560,0
2561,2
2562,0
2563,2
2564,2
2565,0
2566,0
2567,0
2568,1
2569,2
2570,1
2571,2
2572,0
2573,2
2574,0
2575,2
2576,1
2577,2
2578,0
2579,0
2580,0
2581,0
2582,0
2583,0
2584,1
2585,1
2586,2
2587,0
2588,0
2589,1
2590,0
2591,1
2592,0
2593,0
2594,3
2595,1
2596,1
2597,1
2598,0
2599,0
2600,4
2601,1
2602,2
2603,0
2604,1
2605,0
2606,1
2607,0
2608,2
2609,3
2610,0
2611,0
2612,2
2613,0
2614,1
2615,2
2616,2
2617,1
2618,1
2619,3
2620,0
2621,0
2622,0
2623,2
2624,0
2625,0
2626,0
2627,0
2628,0
2629,0
2630,2
2631,0
2632,0
2633,1
2634,0
2635,1
2636,0
2637,1
2638,0
2639,2
2640,0
2641,0
2642,2
2643,2
2644,0
2645,0
2646,0
2647,0
2648,1
2649,0
2650,0
2651,2
2652,0
2653,0
2654,1
2655,0
2656,1
2657,0
2658,0
2659,0
2660,2
2661,0
2662,1
2663,0
2664,1
2665,0
2666,0
2667,0
2668,0
2669,0
2670,0
2671,1
2672,0
2673,0
2674,0
2675,0
2676,0
2677,2
2678,0
2679,0
2680,0
2681,1
2682,0
2683,2
2684,0
2685,2
2686,1
2687,1
2688,1
2689,0
2690,0
2691,1
2692,3
2693,0
2694,0
2695,1
2696,0
2697,0
2698,1
2699,2
2700,0
2701,1
2702,0
2703,0
2704,0
2705,0
2706,0
2707,0
2708,1
2709,0
2710,1
2711,1
2712,0
2713,0
2714,0
2715,3
2716,2
2717,0
2718,0
2719,1
2720,0
2721,0
2722,0
2723,0
2724,3
2725,0
2726,0
2727,0
2728,0
2729,0
2730,0
2731,1
2732,0
2733,0
2734,0
2735,2
2736,0
2737,0
2738,3
2739,0
2740,0
2741,0
2742,0
2743,2
2744,0
2745,1
2746,0
2747,1
2748,0
2749,0
2750,0
2751,1
2752,0
2753,0
2754,0
2755,0
2756,1
2757,0
2758,0
2759,0
2760,2
2761,0
2762,0
2763,1
2764,0
2765,0
2766,0
2767,0
2768,0
2769,0
2770,1
2771,0
2772,0
2773,0
2774,1
2775,0
2776,0
2777,0
2778,0
2779,0
2780,0
2781,0
2782,0
2783,0
2784,0
2785,2
2786,0
2787,2
2788,0
2789,1
2790,0
2791,6
2792,0
2793,0
2794,0
2795,0
2796,1
2797,0
2798,0
2799,0
2800,1
2801,0
2802,0
2803,0
2804,0
2805,2
2806,0
2807,0
2808,3
2809,0
2810,0
2811,1
2812,2
2813,0
2814,1
2815,1
2816,0
2817,0
2818,0
2819,1
2820,0
2821,0
2822,0
2823,0
2824,0
2825,4
2826,0
2827,1
2828,0
2829,0
2830,0
2831,2
2832,0
2833,0
2834,1
2835,0
2836,0
2837,0
2838,0
2839,0
2840,0
2841,1
2842,0
2843,1
2844,1
2845,2
2846,0
2847,0
2848,0
2849,0
2850,1
2851,0
2852,4
2853,3
2854,2
2855,0
2856,0
2857,0
2858,1
2859,0
2860,0
2861,1
2862,1
2863,0
2864,4
2865,0
2866,0
2867,2
2868,2
2869,1
2870,0
2871,1
2872,1
2873,0
2874,2
2875,0
2876,0
2877,0
2878,1
2879,0
2880,2
2881,0
2882,2
2883,3
2884,0
2885,2
2886,0
2887,0
2888,0
2889,0
2890,1
2891,1
2892,0
2893,0
2894,1
2895,3
2896,0
2897,0
2898,3
2899,0
2900,0
2901,0
2902,2
2903,0
2904,2
2905,2
2906,2
2907,1
2908,1
2909,0
2910,0
2911,0
2912,0
2913,0
2914,2
2915,0
2916,0
2917,1
2918,0
2919,0
2920,0
2921,1
2922,2
2923,1
2924,1
2925,0
2926,1
2927,3
2928,0
2929,3
2930,1
2931,2
2932,1
2933,0
2934,1
2935,1
2936,2
2937,4
2938,2
2939,0
2940,0
2941,0
2942,3
2943,3
2944,1
2945,1
2946,0
2947,2
2948,2
2949,3
2950,1
2951,6
2952,3
2953,1
2954,2
2955,2
2956,3
2957,1
2958,2
2959,5
2960,3
2961,2
2962,0
2963,0
2964,10
2965,0
2966,1
2967,0
2968,1
2969,1
2970,0
2971,2
2972,3
2973,3
2974,0
2975,0
2976,1
2977,0
2978,1
2979,0
2980,2
2981,2
2982,0
2983,1
2984,0
2985,1
2986,3
2987,2
2988,0
2989,0
2990,1
2991,2
2992,1
2993,2
2994,0
2995,3
2996,0
2997,0
2998,1
2999,1
3000,2
3001,0
3002,2
3003,3
3004,2
3005,2
3006,0
3007,0
3008,2
3009,0
3010,1
3011,3
3012,1
3013,0
3014,2
3015,0
3016,1
3017,2
3018,1
3019,1
3020,4
3021,0
3022,1
3023,1
3024,2
3025,0
3026,0
3027,0
3028,2
3029,3
3030,2
3031,2
3032,1
3033,5
3034,0
3035,0
3036,2
3037,1
3038,2
3039,1
3040,1
3041,0
3042,3
3043,4
3044,0
3045,2
3046,0
3047,2
3048,0
3049,1
3050,0
3051,2
3052,0
3053,1
3054,0
3055,4
3056,1
3057,0
3058,2
3059,0
3060,1
3061,0
3062,1
3063,3
3064,3
3065,1
3066,0
3067,0
3068,2
3069,2
3070,0
3071,1
3072,2
3073,0
3074,2
3075,0
3076,1
3077,1
3078,0
3079,1
3080,2
3081,2
3082,0
3083,0
3084,0
3085,3
3086,0
3087,1
3088,1
3089,0
3090,2
3091,2
3092,1
3093,0
3094,0
3095,2
3096,0
3097,0
3098,3
3099,0
3100,0
3101,0
3102,0
3103,2
3104,3
3105,1
3106,0
3107,0
3108,0
3109,0
3110,0
3111,2
3112,1
3113,1
3114,2
3115,2
3116,0
3117,0
3118,0
3119,0
3120,1
3121,0
3122,0
3123,0
3124,0
3125,0
3126,1
3127,0
3128,1
3129,1
3130,0
3131,0
3132,1
3133,0
3134,0
3135,1
3136,2
3137,0
3138,0
3139,0
3140,0
3141,2
3142,0
3143,0
3144,1
3145,0
3146,0
3147,1
3148,2
3149,0
3150,0
3151,0
3152,1
3153,0
3154,0
3155,1
3156,0
3157,1
3158,0
3159,0
3160,1
3161,0
3162,2
3163,0
3164,0
3165,0
3166,0
3167,0
3168,0
3169,0
3170,0
3171,2
3172,0
3173,0
3174,0
3175,0
3176,1
3177,0
3178,0
3179,0
3180,0
3181,1
3182,1
3183,1
3184,0
3185,3
3186,1
3187,0
3188,2
3189,2
3190,2
3191,1
3192,0
3193,1
3194,2
3195,0
3196,1
3197,2
3198,0
3199,0
3200,2
3201,1
3202,1
3203,0
3204,1
3205,0
3206,1
3207,1
3208,0
3209,0
3210,0
3211,2
3212,0
3213,0
3214,0
3215,0
3216,2
3217,2
3218,0
3219,0
3220,0
3221,1
3222,0
3223,0
3224,1
3225,0
3226,0
3227,3
3228,0
3229,0
3230,0
3231,1
3232,1
3233,2
3234,0
3235,1
3236,0
3237,0
3238,1
3239,1
3240,0
3241,0
3242,1
3243,0
3244,0
3245,0
3246,0
3247,2
3248,1
3249,4
3250,1
3251,0
3252,3
3253,3
3254,0
3255,0
3256,3
3257,0
3258,4
3259,1
3260,0
3261,1
3262,0
3263,0
3264,1
3265,2
3266,0
3267,0
3268,0
3269,0
3270,1
3271,0
3272,0
3273,0
3274,2
3275,1
3276,1
3277,2
3278,0
3279,0
3280,1
3281,3
3282,1
3283,2
3284,0
3285,1
3286,0
3287,2
3288,0
3289,0
3290,1
3291,0
3292,0
3293,3
3294,0
3295,0
3296,1
3297,0
3298,0
3299,0
3300,0
3301,2
3302,0
3303,0
3304,2
3305,1
3306,0
3307,0
3308,1
3309,1
3310,0
3311,0
3312,1
3313,0
3314,4
3315,0
3316,1
3317,2
3318,0
3319,0
3320,0
3321,0
3322,0
3323,0
3324,2
3325,0
3326,1
3327,0
3328,0
3329,1
3330,0
3331,2
3332,0
3333,0
3334,0
3335,0
3336,1
3337,0
3338,1
3339,1
