0,0
1,2
2,1
3,0
4,0
5,2
6,2
7,1
8,2
9,2
10,3
11,2
12,2
13,5
14,1
15,1
16,2
17,1
18,1
19,1
20,1
21,0
22,1
23,3
24,0
25,1
26,0
27,1
28,2
29,1
30,1
31,1
32,2
33,1
34,2
35,1
36,2
37,2
38,0
39,2
40,1
41,2
42,0
43,2
44,3
45,0
46,2
47,1
48,1
49,1
50,1
51,2
52,1
53,0
54,1
55,2
56,1
57,0
58,2
59,1
60,4
61,0
62,0
63,1
64,3
65,2
66,1
67,4
68,1
69,1
70,1
71,0
72,1
73,1
74,1
75,0
76,1
77,5
78,1
79,1
80,0
81,2
82,1
83,0
84,1
85,2
86,1
87,2
88,0
89,0
90,1
91,1
92,2
93,1
94,2
95,0
96,1
97,4
98,4
99,1
100,1
101,3
102,1
103,0
104,0
105,2
106,1
107,4
108,0
109,1
110,1
111,0
112,1
113,1
114,1
115,0
116,1
117,1
118,1
119,0
120,0
121,1
122,0
123,0
124,1
125,0
126,1
127,0
128,0
129,0
130,0
131,6
132,0
133,2
134,1
135,2
136,0
137,1
138,1
139,2
140,3
141,0
142,2
143,2
144,1
145,1
146,1
147,1
148,3
149,0
150,2
151,2
152,1
153,1
154,1
155,2
156,1
157,1
158,1
159,1
160,1
161,3
162,1
163,1
164,1
165,0
166,1
167,0
168,1
169,3
170,1
171,1
172,1
173,2
174,1
175,1
176,1
177,1
178,2
179,0
180,0
181,2
182,2
183,1
184,1
185,0
186,2
187,0
188,2
189,1
190,5
191,1
192,1
193,5
194,0
195,2
196,2
197,1
198,1
199,0
200,4
201,2
202,0
203,0
204,1
205,3
206,1
207,0
208,3
209,1
210,3
211,0
212,2
213,2
214,0
215,2
216,0
217,1
218,1
219,1
220,3
221,1
222,2
223,1
224,3
225,0
226,0
227,2
228,1
229,1
230,1
231,3
232,0
233,2
234,0
235,2
236,4
237,1
238,2
239,2
240,1
241,0
242,2
243,1
244,0
245,0
246,2
247,1
248,1
249,2
250,1
251,0
252,1
253,5
254,4
255,1
256,1
257,1
258,1
259,1
260,0
261,2
262,0
263,4
264,1
265,1
266,2
267,0
268,2
269,6
270,1
271,2
272,0
273,2
274,4
275,3
276,2
277,2
278,3
279,5
280,1
281,1
282,2
283,7
284,1
285,0
286,1
287,3
288,2
289,2
290,3
291,3
292,2
293,4
294,4
295,2
296,3
297,3
298,2
299,3
300,1
301,4
302,1
303,2
304,2
305,2
306,3
307,1
308,0
309,1
310,2
311,2
312,3
313,1
314,2
315,5
316,2
317,2
318,3
319,1
320,2
321,1
322,3
323,1
324,3
325,1
326,0
327,2
328,5
329,3
330,0
331,1
332,4
333,2
334,1
335,1
336,2
337,2
338,2
339,1
340,1
341,1
342,1
343,2
344,2
345,1
346,4
347,1
348,1
349,2
350,1
351,0
352,0
353,3
354,0
355,1
356,3
357,1
358,3
359,3
360,0
361,1
362,2
363,1
364,0
365,2
366,3
367,1
368,0
369,3
370,3
371,1
372,1
373,0
374,1
375,1
376,2
377,1
378,1
379,4
380,1
381,1
382,2
383,1
384,0
385,1
386,1
387,1
388,0
389,0
390,2
391,0
392,1
393,2
394,1
395,1
396,0
397,1
398,2
399,0
400,1
401,0
402,1
403,2
404,2
405,3
406,0
407,1
408,3
409,3
410,0
411,1
412,2
413,0
414,1
415,1
416,1
417,1
418,0
419,1
420,1
421,1
422,1
423,1
424,2
425,0
426,3
427,1
428,1
429,1
430,1
431,1
432,2
433,2
434,1
435,2
436,0
437,2
438,1
439,1
440,1
441,2
442,2
443,0
444,2
445,2
446,3
447,2
448,3
449,1
450,2
451,2
452,0
453,2
454,0
455,1
456,3
457,2
458,2
459,4
460,1
461,0
462,1
463,1
464,3
465,1
466,0
467,1
468,1
469,1
470,1
471,3
472,2
473,3
474,1
475,0
476,1
477,3
478,3
479,0
480,0
481,1
482,1
483,1
484,3
485,1
486,2
487,3
488,6
489,1
490,1
491,0
492,2
493,2
494,0
495,1
496,0
497,1
498,2
499,2
500,1
501,1
502,0
503,1
504,2
505,0
506,3
507,0
508,2
509,0
510,1
511,0
512,2
513,3
514,2
515,2
516,1
517,1
518,1
519,0
520,0
521,1
522,0
523,3
524,2
525,3
526,1
527,3
528,1
529,2
530,0
531,1
532,2
533,0
534,0
535,3
536,1
537,0
538,0
539,3
540,2
541,4
542,2
543,1
544,0
545,1
546,2
547,0
548,2
549,1
550,1
551,1
552,0
553,2
554,1
555,1
556,0
557,1
558,0
559,0
560,1
561,0
562,0
563,2
564,3
565,1
566,1
567,3
568,1
569,2
570,1
571,1
572,0
573,1
574,1
575,1
576,4
577,0
578,1
579,2
580,3
581,2
582,4
583,1
584,2
585,2
586,5
587,0
588,1
589,2
590,1
591,2
592,1
593,1
594,2
595,1
596,1
597,2
598,3
599,0
600,1
601,1
602,2
603,1
604,3
605,1
606,1
607,1
608,2
609,1
610,1
611,1
612,0
613,0
614,0
615,0
616,0
617,2
618,3
619,1
620,1
621,0
622,1
623,1
624,0
625,2
626,1
627,0
628,0
629,1
630,2
631,1
632,2
633,1
634,1
635,0
636,4
637,2
638,1
639,3
640,8
641,1
642,2
643,0
644,1
645,0
646,0
647,0
648,0
649,1
650,0
651,3
652,2
653,3
654,1
655,1
656,2
657,3
658,0
659,1
660,1
661,2
662,1
663,1
664,1
665,1
666,1
667,2
668,1
669,1
670,0
671,1
672,1
673,1
674,3
675,2
676,1
677,1
678,2
679,1
680,1
681,1
682,0
683,0
684,1
685,1
686,2
687,1
688,0
689,1
690,0
691,1
692,0
693,0
694,2
695,0
696,0
697,1
698,3
699,1
700,0
701,0
702,0
703,0
704,1
705,1
706,1
707,0
708,0
709,0
710,5
711,0
712,1
713,4
714,0
715,2
716,0
717,0
718,1
719,1
720,2
721,2
722,0
723,0
724,3
725,1
726,1
727,0
728,1
729,0
730,1
731,1
732,0
733,1
734,2
735,3
736,0
737,0
738,1
739,1
740,0
741,0
742,1
743,4
744,1
745,1
746,0
747,0
748,1
749,2
750,0
751,1
752,0
753,0
754,0
755,0
756,1
757,1
758,0
759,4
760,0
761,2
762,1
763,0
764,0
765,1
766,1
767,0
768,4
769,2
770,1
771,0
772,2
773,0
774,1
775,3
776,0
777,0
778,2
779,2
780,2
781,1
782,2
783,0
784,2
785,1
786,0
787,0
788,1
789,1
790,0
791,2
792,2
793,2
794,3
795,1
796,3
797,2
798,0
799,1
800,0
801,3
802,0
803,0
804,1
805,2
806,1
807,0
808,0
809,4
810,3
811,2
812,3
813,4
814,3
815,1
816,3
817,1
818,1
819,2
820,1
821,0
822,2
823,1
824,1
825,3
826,1
827,2
828,1
829,0
830,2
831,3
832,2
833,3
834,1
835,2
836,1
837,2
838,11
839,6
840,0
841,1
842,2
843,3
844,2
845,2
846,2
847,1
848,1
849,2
850,1
851,2
852,2
853,1
854,3
855,0
856,3
857,2
858,4
859,2
860,1
861,0
862,0
863,0
864,1
865,1
866,1
867,3
868,4
869,2
870,1
871,7
872,0
873,0
874,1
875,2
876,0
877,3
878,2
879,0
880,1
881,2
882,0
883,0
884,2
885,4
886,3
887,1
888,1
889,2
890,1
891,4
892,3
893,0
894,1
895,2
896,1
897,2
898,0
899,0
900,0
901,2
902,1
903,1
904,2
905,1
906,1
907,3
908,1
909,3
910,2
911,2
912,1
913,1
914,0
915,1
916,3
917,1
918,0
919,3
920,2
921,2
922,2
923,2
924,3
925,2
926,1
927,3
928,3
929,1
930,0
931,0
932,1
933,2
934,3
935,2
936,1
937,4
938,1
939,3
940,2
941,0
942,2
943,0
944,0
945,0
946,0
947,1
948,1
949,1
950,4
951,1
952,1
953,3
954,1
955,0
956,0
957,1
958,2
959,1
960,1
961,1
962,1
963,1
964,1
965,1
966,1
967,0
968,3
969,0
970,2
971,2
972,1
973,3
974,0
975,4
976,2
977,1
978,1
979,1
980,1
981,2
982,1
983,2
984,1
985,2
986,0
987,2
988,2
989,1
990,0
991,0
992,3
993,2
994,1
995,0
996,0
997,2
998,3
999,1
1000,3
1001,0
1002,2
1003,3
1004,2
1005,0
1006,0
1007,3
1008,4
1009,2
1010,4
1011,2
1012,2
1013,2
1014,0
1015,2
1016,0
1017,0
1018,3
1019,0
1020,3
1021,3
1022,2
1023,1
1024,1
1025,1
1026,0
1027,2
1028,1
1029,1
1030,1
1031,1
1032,2
1033,1
1034,1
1035,3
1036,1
1037,0
1038,0
1039,1
1040,0
1041,2
1042,2
1043,2
1044,2
1045,0
1046,1
1047,2
1048,0
1049,0
1050,3
1051,2
1052,1
1053,0
1054,3
1055,0
1056,1
1057,1
1058,1
1059,2
1060,0
1061,2
1062,1
1063,1
1064,1
1065,4
1066,1
1067,1
1068,1
1069,0
1070,0
1071,2
1072,1
1073,1
1074,2
1075,1
1076,0
1077,1
1078,2
1079,4
1080,1
1081,1
1082,1
1083,0
1084,0
1085,1
1086,1
1087,0
1088,0
1089,3
1090,2
1091,1
1092,0
1093,0
1094,1
1095,0
1096,2
1097,1
1098,1
1099,3
1100,1
1101,1
1102,4
1103,0
1104,1
1105,0
1106,0
1107,2
1108,1
1109,1
1110,2
1111,0
1112,0
1113,0
1114,1
1115,3
1116,2
1117,1
1118,5
1119,1
1120,4
1121,3
1122,2
1123,4
1124,1
1125,1
1126,0
1127,1
1128,1
1129,1
1130,3
1131,1
1132,0
1133,2
1134,2
1135,4
1136,1
1137,1
1138,2
1139,0
1140,1
1141,3
1142,2
1143,0
1144,2
1145,0
1146,1
1147,0
1148,1
1149,2
1150,1
1151,1
1152,1
1153,1
1154,3
1155,1
1156,1
1157,0
1158,4
1159,1
1160,2
1161,5
1162,2
1163,4
1164,0
1165,2
1166,1
1167,0
1168,3
1169,2
1170,2
1171,0
1172,2
1173,1
1174,0
1175,1
1176,1
1177,1
1178,4
1179,2
1180,0
1181,1
1182,0
1183,2
1184,1
1185,1
1186,1
1187,1
1188,1
1189,0
1190,2
1191,4
1192,1
1193,1
1194,0
1195,1
1196,0
1197,0
1198,1
1199,0
1200,1
1201,0
1202,4
1203,2
1204,0
1205,1
1206,0
1207,1
1208,1
1209,0
1210,1
1211,1
1212,2
1213,0
1214,2
1215,0
1216,1
1217,2
1218,2
1219,1
1220,1
1221,1
1222,1
1223,1
1224,1
1225,1
1226,1
1227,0
1228,1
1229,1
1230,1
1231,3
1232,0
1233,1
1234,1
1235,1
1236,1
1237,0
1238,1
1239,1
1240,2
1241,1
1242,0
1243,0
1244,0
1245,1
1246,1
1247,0
1248,2
1249,6
1250,3
1251,0
1252,1
1253,1
1254,1
1255,1
1256,2
1257,1
1258,1
1259,1
1260,3
1261,3
1262,5
1263,3
1264,1
1265,1
1266,1
1267,1
1268,0
1269,2
1270,1
1271,1
1272,4
1273,1
1274,1
1275,1
1276,1
1277,3
1278,2
1279,2
1280,2
1281,2
1282,1
1283,2
1284,0
1285,2
1286,2
1287,2
1288,1
1289,1
1290,1
1291,3
1292,1
1293,1
1294,0
1295,3
1296,1
1297,2
1298,3
1299,2
1300,1
1301,1
1302,2
1303,0
1304,1
1305,1
1306,2
1307,0
1308,2
1309,1
1310,3
1311,5
1312,4
1313,6
1314,6
1315,2
1316,2
1317,3
1318,1
1319,2
1320,2
1321,3
1322,2
1323,2
1324,0
1325,2
1326,1
1327,2
1328,0
1329,1
1330,0
1331,2
1332,2
1333,2
1334,2
1335,0
1336,2
1337,1
1338,1
1339,4
1340,1
1341,1
1342,1
1343,2
1344,4
1345,0
1346,4
1347,3
1348,0
1349,1
1350,0
1351,1
1352,3
1353,4
1354,1
1355,0
1356,1
1357,1
1358,0
1359,0
1360,2
1361,0
1362,1
1363,3
1364,1
1365,2
1366,3
1367,0
1368,1
1369,3
1370,2
1371,2
1372,1
1373,2
1374,1
1375,1
1376,3
1377,4
1378,2
1379,1
1380,0
1381,1
1382,1
1383,1
1384,4
1385,0
1386,4
1387,0
1388,3
1389,2
1390,2
1391,0
1392,2
1393,3
1394,0
1395,2
1396,1
1397,1
1398,2
1399,0
1400,2
1401,1
1402,2
1403,1
1404,0
1405,1
1406,2
1407,1
1408,2
1409,2
1410,2
1411,0
1412,2
1413,3
1414,3
1415,3
1416,3
1417,1
1418,1
1419,0
1420,3
1421,0
1422,0
1423,0
1424,1
1425,2
1426,0
1427,0
1428,0
1429,0
1430,1
1431,1
1432,0
1433,1
1434,1
1435,4
1436,1
1437,3
1438,0
1439,2
1440,0
1441,0
1442,1
1443,0
1444,0
1445,1
1446,1
1447,0
1448,1
1449,2
1450,1
1451,0
1452,0
1453,1
1454,1
1455,4
1456,2
1457,0
1458,1
1459,1
1460,0
1461,1
1462,1
1463,0
1464,1
1465,1
1466,1
1467,1
1468,1
1469,2
1470,2
1471,1
1472,3
1473,4
1474,1
1475,2
1476,1
1477,1
1478,1
1479,0
1480,3
1481,1
1482,0
1483,2
1484,4
1485,0
1486,1
1487,3
1488,0
1489,2
1490,3
1491,3
1492,0
1493,2
1494,2
1495,3
1496,1
1497,0
1498,2
1499,2
1500,1
1501,3
1502,1
1503,1
1504,1
1505,2
1506,1
1507,0
1508,3
1509,2
1510,2
1511,4
1512,1
1513,1
1514,1
1515,0
1516,2
1517,0
1518,3
1519,1
1520,2
1521,2
1522,1
1523,3
1524,1
1525,0
1526,1
1527,1
1528,2
1529,0
1530,1
1531,1
1532,0
1533,1
1534,1
1535,2
1536,5
1537,0
1538,1
1539,2
1540,0
1541,4
1542,0
1543,2
1544,0
1545,2
1546,2
1547,1
1548,2
1549,1
1550,0
1551,3
1552,1
1553,3
1554,1
1555,2
1556,1
1557,0
1558,0
1559,2
1560,1
1561,2
1562,1
1563,3
1564,1
1565,1
1566,0
1567,1
1568,0
1569,1
1570,1
1571,2
1572,0
1573,0
1574,1
1575,1
1576,1
1577,2
1578,1
1579,2
1580,4
1581,1
1582,3
1583,3
1584,2
1585,1
1586,0
1587,0
1588,1
1589,1
1590,0
1591,3
1592,1
1593,0
1594,3
1595,0
1596,2
1597,1
1598,1
1599,1
1600,0
1601,1
1602,2
1603,1
1604,1
1605,2
1606,0
1607,1
1608,2
1609,1
1610,1
1611,0
1612,3
1613,1
1614,0
1615,2
1616,1
1617,0
1618,1
1619,2
1620,0
1621,0
1622,1
1623,1
1624,2
1625,1
1626,0
1627,2
1628,0
1629,3
1630,0
1631,0
1632,1
1633,0
1634,0
1635,2
1636,1
1637,1
1638,3
1639,1
1640,1
1641,1
1642,0
1643,0
1644,1
1645,1
1646,1
1647,1
1648,1
1649,0
1650,0
1651,2
1652,1
1653,0
1654,4
1655,1
1656,0
1657,1
1658,2
1659,1
1660,0
1661,1
1662,1
1663,1
1664,1
1665,0
1666,0
1667,0
1668,0
1669,1
1670,0
1671,0
1672,1
1673,1
1674,3
1675,0
1676,0
1677,1
1678,1
1679,1
1680,3
1681,0
1682,4
1683,0
1684,3
1685,2
1686,0
1687,0
1688,2
1689,0
1690,1
1691,1
1692,5
1693,1
1694,2
1695,0
1696,1
1697,0
1698,1
1699,1
1700,1
1701,0
1702,1
1703,2
1704,0
1705,1
1706,1
1707,3
1708,3
1709,2
1710,0
1711,0
1712,1
1713,1
1714,5
1715,1
1716,1
1717,3
1718,1
1719,0
1720,0
1721,1
1722,0
1723,3
1724,0
1725,3
1726,3
1727,0
1728,1
1729,1
1730,0
1731,1
1732,0
1733,4
1734,1
1735,0
1736,3
1737,3
1738,3
1739,3
1740,2
1741,1
1742,1
1743,1
1744,1
1745,0
1746,2
1747,1
1748,2
1749,2
1750,0
1751,4
1752,3
1753,2
1754,0
1755,2
1756,4
1757,2
1758,1
1759,0
1760,4
1761,3
1762,3
1763,6
1764,2
1765,3
1766,3
1767,3
1768,5
1769,3
1770,2
1771,1
1772,1
1773,3
1774,3
1775,2
1776,1
1777,0
1778,3
1779,2
1780,2
1781,4
1782,2
1783,3
1784,0
1785,2
1786,3
1787,1
1788,2
1789,1
1790,1
1791,2
1792,0
1793,2
1794,2
1795,5
1796,1
1797,3
1798,0
1799,3
1800,2
1801,5
1802,1
1803,3
1804,2
1805,2
1806,4
1807,4
1808,0
1809,2
1810,1
1811,1
1812,1
1813,3
1814,1
1815,1
1816,2
1817,3
1818,0
1819,2
1820,1
1821,1
1822,2
1823,1
1824,1
1825,1
1826,0
1827,0
1828,1
1829,2
1830,1
1831,1
1832,2
1833,0
1834,0
1835,0
1836,3
1837,2
1838,0
1839,0
1840,1
1841,0
1842,2
1843,2
1844,1
1845,1
1846,1
1847,1
1848,1
1849,0
1850,1
1851,1
1852,2
1853,2
1854,0
1855,0
1856,1
1857,1
1858,1
1859,2
1860,2
1861,0
1862,2
1863,2
1864,1
1865,3
1866,1
1867,1
1868,1
1869,3
1870,0
1871,0
1872,0
1873,1
1874,2
1875,0
1876,0
1877,1
1878,1
1879,1
1880,1
1881,3
1882,3
1883,2
1884,2
1885,2
1886,2
1887,1
1888,1
1889,1
1890,2
1891,1
1892,1
1893,1
1894,1
1895,1
1896,1
1897,0
1898,1
1899,1
1900,1
1901,0
1902,0
1903,4
1904,0
1905,1
1906,1
1907,2
1908,2
1909,1
1910,1
1911,1
1912,2
1913,4
1914,4
1915,1
1916,3
1917,2
1918,0
1919,1
1920,1
1921,1
1922,1
1923,1
1924,3
1925,2
1926,2
1927,0
1928,1
1929,1
1930,1
1931,2
1932,1
1933,0
1934,1
1935,1
1936,1
1937,2
1938,1
1939,3
1940,1
1941,2
1942,1
1943,0
1944,0
1945,1
1946,0
1947,1
1948,0
1949,1
1950,1
1951,3
1952,1
1953,2
1954,0
1955,3
1956,0
1957,2
1958,2
