0,26.0
1,37.0
2,41.0
3,41.0
4,96.0
5,40.0
6,39.0
7,37.0
8,56.0
9,81.0
10,38.0
11,71.0
12,37.0
13,61.0
14,33.0
15,39.0
16,25.0
17,72.0
18,27.0
19,104.0
20,73.0
21,37.0
22,50.0
23,25.0
24,64.0
25,27.0
26,25.0
27,104.0
28,37.0
29,41.0
30,38.0
31,44.0
32,68.0
33,47.0
34,26.0
35,
36,37.0
37,56.0
38,
39,62.0
40,31.0
41,63.0
42,32.0
43,25.0
44,54.0
45,96.0
46,48.0
47,38.0
48,33.0
49,15.0
50,3.0
51,
52,96.0
53,9.0
54,29.0
55,56.0
56,65.0
57,96.0
58,53.0
59,31.0
60,21.0
61,96.0
62,47.0
63,42.0
64,26.0
65,82.0
66,42.0
67,38.0
68,65.0
69,44.0
70,25.0
71,63.0
72,50.0
73,32.0
74,45.0
75,96.0
76,63.0
77,40.0
78,46.0
79,27.0
80,36.0
81,48.0
82,37.0
83,53.0
84,53.0
85,48.0
86,53.0
87,42.0
88,96.0
89,96.0
90,32.0
91,49.0
92,
93,50.0
94,104.0
95,104.0
96,96.0
97,125.0
98,149.0
99,104.0
100,28.0
101,49.0
102,65.0
103,54.0
104,36.0
105,12.0
106,44.0
107,22.0
108,33.0
109,117.0
110,37.0
111,40.0
112,53.0
113,
114,51.0
115,51.0
116,34.0
117,24.0
118,22.0
119,
120,9.0
121,35.0
122,41.0
123,48.0
124,12.0
125,63.0
126,39.0
127,49.0
128,27.0
129,68.0
130,63.0
131,37.0
132,44.0
133,42.0
134,45.0
135,22.0
136,30.0
137,41.0
138,25.0
139,48.0
140,51.0
141,51.0
142,25.0
143,33.0
144,25.0
145,31.0
146,31.0
147,30.0
148,56.0
149,49.0
150,43.0
151,34.0
152,21.0
153,84.0
154,45.0
155,37.0
156,67.0
157,25.0
158,25.0
159,33.0
160,49.0
161,15.0
162,24.0
163,69.0
164,104.0
165,37.0
166,67.0
167,69.0
168,45.0
169,48.0
170,51.0
171,27.0
172,69.0
173,38.0
174,48.0
175,104.0
176,48.0
177,48.0
178,33.0
179,
180,63.0
181,51.0
182,44.0
183,51.0
184,36.0
185,33.0
186,53.0
187,
188,69.0
189,44.0
190,21.0
191,25.0
192,114.0
193,45.0
194,48.0
195,37.0
196,36.0
197,77.0
198,
199,35.0
200,65.0
201,21.0
202,15.0
203,23.0
204,
205,67.0
206,34.0
207,30.0
208,40.0
209,63.0
210,66.0
211,48.0
212,69.0
213,52.0
214,34.0
215,50.0
216,36.0
217,35.0
218,93.0
219,54.0
220,35.0
221,31.0
222,35.0
223,38.0
224,92.0
225,
226,66.0
227,52.0
228,48.0
229,69.0
230,164.0
231,44.0
232,33.0
233,37.0
234,26.0
235,37.0
236,77.0
237,25.0
238,38.0
239,25.0
240,34.0
241,
242,40.0
243,4.0
244,
245,32.0
246,38.0
247,
248,41.0
249,41.0
250,50.0
251,27.0
252,52.0
253,25.0
254,43.0
255,39.0
256,50.0
257,47.0
258,69.0
259,37.0
260,31.0
261,42.0
262,47.0
263,73.0
264,41.0
265,45.0
266,37.0
267,
268,50.0
269,47.0
270,47.0
271,37.0
272,31.0
273,33.0
274,95.0
275,34.0
276,62.0
277,31.0
278,27.0
279,73.0
280,
281,37.0
282,114.0
283,30.0
284,29.0
285,49.0
286,34.0
287,43.0
288,71.0
289,44.0
290,43.0
291,34.0
292,21.0
293,12.0
294,48.0
295,71.0
296,95.0
297,31.0
298,32.0
299,33.0
300,116.0
301,67.0
302,42.0
303,
304,31.0
305,97.0
306,37.0
307,36.0
308,84.0
309,67.0
310,29.0
311,46.0
312,37.0
313,30.0
314,70.0
315,54.0
316,34.0
317,39.0
318,44.0
319,82.0
320,60.0
321,46.0
322,41.0
323,51.0
324,48.0
325,72.0
326,73.0
327,82.0
328,37.0
329,37.0
330,36.0
331,34.0
332,69.0
333,16.0
334,37.0
335,72.0
336,21.0
337,34.0
338,
339,50.0
340,72.0
341,48.0
342,25.0
343,42.0
344,40.0
345,37.0
346,32.0
347,38.0
348,46.0
349,40.0
350,47.0
351,
352,46.0
353,99.0
354,53.0
355,36.0
356,47.0
357,51.0
358,38.0
359,39.0
360,93.0
361,44.0
362,114.0
363,45.0
364,35.0
365,42.0
366,16.0
367,56.0
368,30.0
369,41.0
370,37.0
371,34.0
372,32.0
373,32.0
374,34.0
375,67.0
376,38.0
377,45.0
378,45.0
379,69.0
380,59.0
381,5.0
382,34.0
383,114.0
384,37.0
385,26.0
386,71.0
387,50.0
388,31.0
389,61.0
390,44.0
391,41.0
392,64.0
393,40.0
394,37.0
395,17.0
396,35.0
397,35.0
398,34.0
399,41.0
400,31.0
401,44.0
402,72.0
403,25.0
404,48.0
405,56.0
406,40.0
407,25.0
408,37.0
409,56.0
410,42.0
411,67.0
412,50.0
413,83.0
414,49.0
415,33.0
416,37.0
417,28.0
418,7.0
419,22.0
420,35.0
421,11.0
422,15.0
423,37.0
424,34.0
425,84.0
426,35.0
427,82.0
428,44.0
429,23.0
430,42.0
431,63.0
432,48.0
433,48.0
434,31.0
435,40.0
436,45.0
437,25.0
438,35.0
439,72.0
440,35.0
441,56.0
442,36.0
443,44.0
444,35.0
445,38.0
446,35.0
447,42.0
448,
449,48.0
450,30.0
451,
452,49.0
453,45.0
454,
455,65.0
456,53.0
457,35.0
458,38.0
459,111.0
460,34.0
461,84.0
462,37.0
463,41.0
464,31.0
465,39.0
466,26.0
467,41.0
468,26.0
469,49.0
470,42.0
471,72.0
472,38.0
473,114.0
474,65.0
475,63.0
476,35.0
477,48.0
478,32.0
479,35.0
480,69.0
481,35.0
482,14.0
483,49.0
484,25.0
485,41.0
486,21.0
487,
488,40.0
489,31.0
490,34.0
491,26.0
492,38.0
493,36.0
494,39.0
495,32.0
496,
497,53.0
498,49.0
499,31.0
500,50.0
501,4.0
502,41.0
503,37.0
504,50.0
505,23.0
506,45.0
507,40.0
508,47.0
509,37.0
510,40.0
511,22.0
512,32.0
513,37.0
514,114.0
515,48.0
516,15.0
517,64.0
518,41.0
519,34.0
520,36.0
521,35.0
522,62.0
523,95.0
524,33.0
525,49.0
526,42.0
527,34.0
528,69.0
529,41.0
530,75.0
531,37.0
532,22.0
533,44.0
534,51.0
535,37.0
536,42.0
537,69.0
538,40.0
539,44.0
540,37.0
541,26.0
542,39.0
543,44.0
544,36.0
545,44.0
546,35.0
547,41.0
548,49.0
549,25.0
550,43.0
551,50.0
552,109.0
553,104.0
554,
555,43.0
556,
557,27.0
558,47.0
559,28.0
560,83.0
561,
562,
563,48.0
564,38.0
565,25.0
566,55.0
567,51.0
568,35.0
569,44.0
570,35.0
571,25.0
572,41.0
573,50.0
574,21.0
575,44.0
576,66.0
577,36.0
578,39.0
579,51.0
580,44.0
581,56.0
582,149.0
583,45.0
584,48.0
585,26.0
586,46.0
587,
588,25.0
589,72.0
590,32.0
591,32.0
592,23.0
593,44.0
594,39.0
595,25.0
596,16.0
597,104.0
598,56.0
599,9.0
600,104.0
601,18.0
602,35.0
603,34.0
604,41.0
605,35.0
606,48.0
607,93.0
608,38.0
609,43.0
610,71.0
611,81.0
612,96.0
613,
614,
615,9.0
616,61.0
617,21.0
618,16.0
619,48.0
620,24.0
621,
622,65.0
623,32.0
624,96.0
625,37.0
626,42.0
627,39.0
628,96.0
629,44.0
630,48.0
631,37.0
632,12.0
633,25.0
634,45.0
635,31.0
636,8.0
637,37.0
638,37.0
639,57.0
640,30.0
641,33.0
642,36.0
643,36.0
644,44.0
645,6.0
646,
647,37.0
648,26.0
649,25.0
650,37.0
651,49.0
652,12.0
653,46.0
654,34.0
655,30.0
656,61.0
657,62.0
658,38.0
659,8.0
660,50.0
661,35.0
662,107.0
663,38.0
664,
665,34.0
666,56.0
667,72.0
668,96.0
669,25.0
670,41.0
671,33.0
672,33.0
673,33.0
674,30.0
675,25.0
676,104.0
677,67.0
678,31.0
679,41.0
680,25.0
681,48.0
682,56.0
683,35.0
684,12.0
685,26.0
686,12.0
687,
688,44.0
689,26.0
690,37.0
691,72.0
692,63.0
693,38.0
694,45.0
695,7.0
696,52.0
697,52.0
698,48.0
699,51.0
700,23.0
701,104.0
702,63.0
703,37.0
704,39.0
705,32.0
706,53.0
707,
708,22.0
709,23.0
710,33.0
711,
712,28.0
713,34.0
714,31.0
715,38.0
716,
717,40.0
718,47.0
719,55.0
720,32.0
721,48.0
722,
723,44.0
724,33.0
725,38.0
726,41.0
727,37.0
728,25.0
729,56.0
730,69.0
731,24.0
732,96.0
733,48.0
734,50.0
735,12.0
736,31.0
737,54.0
738,54.0
739,48.0
740,23.0
741,53.0
742,29.0
743,59.0
744,22.0
745,30.0
746,34.0
747,41.0
748,53.0
749,41.0
750,72.0
751,36.0
752,38.0
753,240.0
754,39.0
755,31.0
756,44.0
757,34.0
758,46.0
759,14.0
760,33.0
761,19.0
762,85.0
763,32.0
764,53.0
765,85.0
766,37.0
767,32.0
768,23.0
769,71.0
770,50.0
771,41.0
772,39.0
773,34.0
774,31.0
775,149.0
776,136.0
777,32.0
778,48.0
779,49.0
780,48.0
781,54.0
782,14.0
783,49.0
784,44.0
785,31.0
786,26.0
787,50.0
788,50.0
789,36.0
790,31.0
791,32.0
792,100.0
793,48.0
794,27.0
795,30.0
796,66.0
797,32.0
798,54.0
799,69.0
800,27.0
801,
802,45.0
803,24.0
804,37.0
805,71.0
806,33.0
807,37.0
808,42.0
809,21.0
810,48.0
811,31.0
812,26.0
813,32.0
814,39.0
815,37.0
816,23.0
817,15.0
818,21.0
819,35.0
820,36.0
821,32.0
822,
823,
824,37.0
825,38.0
826,31.0
827,28.0
828,36.0
829,30.0
830,36.0
831,47.0
832,25.0
833,47.0
834,37.0
835,
836,39.0
837,48.0
838,138.0
839,54.0
840,61.0
841,43.0
842,43.0
843,12.0
844,41.0
845,43.0
846,50.0
847,85.0
848,35.0
849,72.0
850,50.0
851,74.0
852,56.0
853,48.0
854,85.0
855,37.0
856,50.0
857,37.0
858,37.0
859,49.0
860,48.0
861,49.0
862,240.0
863,43.0
864,16.0
865,59.0
866,37.0
867,58.0
868,43.0
869,14.0
870,47.0
871,34.0
872,51.0
873,40.0
874,53.0
875,47.0
876,38.0
877,69.0
878,
879,34.0
880,56.0
881,34.0
882,34.0
883,23.0
884,50.0
885,31.0
886,32.0
887,35.0
888,118.0
889,48.0
890,47.0
891,33.0
892,153.0
893,70.0
894,48.0
895,37.0
896,31.0
897,31.0
898,54.0
899,41.0
900,54.0
901,49.0
902,27.0
903,18.0
904,32.0
905,35.0
906,8.0
907,31.0
908,37.0
909,6.0
910,37.0
911,33.0
912,37.0
913,44.0
914,
915,53.0
916,47.0
917,
918,24.0
919,34.0
920,39.0
921,36.0
922,44.0
923,26.0
924,12.0
925,25.0
926,48.0
927,56.0
928,37.0
929,43.0
930,72.0
931,59.0
932,36.0
933,32.0
934,34.0
935,35.0
936,31.0
937,48.0
938,54.0
939,17.0
940,39.0
941,33.0
942,40.0
943,
944,26.0
945,16.0
946,26.0
947,70.0
948,34.0
949,50.0
950,50.0
951,72.0
952,32.0
953,50.0
954,51.0
955,39.0
956,21.0
957,31.0
958,48.0
959,24.0
960,38.0
961,42.0
962,24.0
963,22.0
964,128.0
965,39.0
966,104.0
967,25.0
968,82.0
969,46.0
970,47.0
971,104.0
972,25.0
973,37.0
974,5.0
975,38.0
976,3.0
977,35.0
978,56.0
979,48.0
980,42.0
981,104.0
982,97.0
983,50.0
984,
985,73.0
986,34.0
987,37.0
988,98.0
989,31.0
990,47.0
991,177.0
992,49.0
993,26.0
994,40.0
995,49.0
996,30.0
997,34.0
998,70.0
999,48.0
1000,34.0
1001,34.0
1002,32.0
1003,34.0
1004,33.0
1005,34.0
1006,54.0
1007,48.0
1008,44.0
1009,50.0
1010,71.0
1011,30.0
1012,22.0
1013,47.0
1014,55.0
1015,37.0
1016,41.0
1017,50.0
1018,44.0
1019,41.0
1020,50.0
1021,44.0
1022,69.0
1023,51.0
1024,
1025,82.0
1026,73.0
1027,73.0
1028,12.0
1029,30.0
1030,31.0
1031,77.0
1032,72.0
1033,57.0
1034,51.0
1035,99.0
1036,37.0
1037,18.0
1038,49.0
1039,34.0
1040,107.0
1041,24.0
1042,29.0
1043,48.0
1044,34.0
1045,30.0
1046,36.0
1047,47.0
1048,96.0
1049,39.0
1050,37.0
1051,26.0
1052,64.0
1053,50.0
1054,33.0
1055,38.0
1056,54.0
1057,79.0
1058,43.0
1059,44.0
1060,36.0
1061,34.0
1062,53.0
1063,32.0
1064,
1065,35.0
1066,3.0
1067,50.0
1068,50.0
1069,96.0
1070,39.0
1071,72.0
1072,33.0
1073,43.0
1074,104.0
1075,88.0
1076,69.0
1077,37.0
1078,21.0
1079,45.0
1080,37.0
1081,103.0
1082,35.0
1083,50.0
1084,32.0
1085,50.0
1086,35.0
1087,35.0
1088,64.0
1089,60.0
1090,45.0
1091,111.0
1092,35.0
1093,27.0
1094,127.0
1095,46.0
1096,104.0
1097,26.0
1098,32.0
1099,37.0
1100,50.0
1101,31.0
1102,92.0
1103,
1104,17.0
1105,32.0
1106,48.0
1107,26.0
1108,41.0
1109,60.0
1110,15.0
1111,84.0
1112,
1113,73.0
1114,29.0
1115,53.0
1116,42.0
1117,
1118,50.0
1119,50.0
1120,128.0
1121,71.0
1122,71.0
1123,49.0
1124,41.0
1125,41.0
1126,14.0
1127,93.0
1128,37.0
1129,17.0
1130,153.0
1131,39.0
1132,42.0
1133,50.0
1134,58.0
1135,21.0
1136,42.0
1137,44.0
1138,48.0
1139,84.0
1140,69.0
1141,56.0
1142,13.0
1143,72.0
1144,82.0
1145,49.0
1146,26.0
1147,53.0
1148,51.0
1149,32.0
1150,36.0
1151,44.0
1152,31.0
1153,44.0
1154,40.0
1155,38.0
1156,37.0
1157,42.0
1158,82.0
1159,
1160,34.0
1161,41.0
1162,12.0
1163,34.0
1164,41.0
1165,104.0
1166,65.0
1167,37.0
1168,24.0
1169,25.0
1170,8.0
1171,
1172,72.0
1173,25.0
1174,28.0
1175,43.0
1176,65.0
1177,50.0
1178,128.0
1179,75.0
1180,30.0
1181,
1182,50.0
1183,71.0
1184,81.0
1185,57.0
1186,93.0
1187,41.0
1188,38.0
1189,96.0
1190,31.0
1191,14.0
1192,32.0
1193,24.0
1194,72.0
1195,26.0
1196,56.0
1197,72.0
1198,57.0
1199,
1200,25.0
1201,41.0
1202,38.0
1203,25.0
1204,41.0
1205,51.0
1206,15.0
1207,104.0
1208,15.0
1209,48.0
1210,47.0
1211,37.0
1212,45.0
1213,52.0
1214,37.0
1215,
1216,53.0
1217,53.0
1218,
1219,65.0
1220,41.0
1221,23.0
1222,42.0
1223,31.0
1224,32.0
1225,18.0
1226,47.0
1227,31.0
1228,32.0
1229,31.0
1230,25.0
1231,50.0
1232,53.0
1233,67.0
1234,34.0
1235,45.0
1236,35.0
1237,51.0
1238,104.0
1239,36.0
1240,25.0
1241,165.0
1242,96.0
1243,34.0
1244,50.0
1245,50.0
1246,21.0
1247,38.0
1248,33.0
1249,
1250,46.0
1251,65.0
1252,37.0
1253,59.0
1254,41.0
1255,40.0
1256,62.0
1257,27.0
1258,44.0
1259,51.0
1260,45.0
1261,48.0
1262,33.0
1263,53.0
1264,43.0
1265,44.0
1266,48.0
1267,45.0
1268,48.0
1269,51.0
1270,42.0
1271,34.0
1272,65.0
1273,54.0
1274,44.0
1275,
1276,4.0
1277,38.0
1278,21.0
1279,48.0
1280,48.0
1281,73.0
1282,36.0
1283,37.0
1284,74.0
1285,27.0
1286,31.0
1287,
1288,23.0
1289,34.0
1290,
1291,37.0
1292,41.0
1293,37.0
1294,31.0
1295,
1296,
1297,27.0
1298,34.0
1299,26.0
1300,26.0
1301,
1302,37.0
1303,44.0
1304,36.0
1305,34.0
1306,50.0
1307,13.0
1308,32.0
1309,30.0
1310,34.0
1311,73.0
1312,38.0
1313,53.0
1314,50.0
1315,
1316,35.0
1317,38.0
1318,39.0
1319,100.0
1320,47.0
1321,37.0
1322,55.0
1323,16.0
1324,36.0
1325,46.0
1326,35.0
1327,36.0
1328,45.0
1329,47.0
1330,41.0
1331,147.0
1332,
1333,23.0
1334,46.0
1335,49.0
1336,39.0
1337,31.0
1338,35.0
1339,31.0
1340,24.0
1341,37.0
1342,39.0
1343,48.0
1344,27.0
1345,84.0
1346,61.0
1347,31.0
1348,51.0
1349,35.0
1350,39.0
1351,33.0
1352,27.0
1353,63.0
1354,30.0
1355,99.0
1356,78.0
1357,48.0
1358,25.0
1359,136.0
1360,31.0
1361,
1362,31.0
1363,48.0
1364,
1365,70.0
1366,56.0
1367,
1368,37.0
1369,34.0
1370,64.0
1371,53.0
1372,31.0
1373,36.0
1374,51.0
1375,43.0
1376,50.0
1377,21.0
1378,85.0
1379,25.0
1380,56.0
1381,24.0
1382,40.0
1383,
1384,71.0
1385,99.0
1386,28.0
1387,39.0
1388,31.0
1389,
1390,16.0
1391,36.0
1392,
1393,30.0
1394,35.0
1395,33.0
1396,56.0
1397,35.0
1398,25.0
1399,37.0
1400,38.0
1401,34.0
1402,56.0
1403,42.0
1404,74.0
1405,44.0
1406,48.0
1407,45.0
1408,39.0
1409,33.0
1410,33.0
1411,74.0
1412,66.0
1413,74.0
1414,32.0
1415,12.0
1416,49.0
1417,63.0
1418,90.0
1419,35.0
1420,3.0
1421,45.0
1422,49.0
1423,26.0
1424,48.0
1425,40.0
1426,37.0
1427,45.0
1428,35.0
1429,53.0
1430,67.0
1431,41.0
1432,58.0
1433,40.0
1434,31.0
1435,56.0
1436,31.0
1437,65.0
1438,36.0
1439,54.0
1440,39.0
1441,38.0
1442,42.0
1443,72.0
1444,9.0
1445,25.0
1446,
1447,34.0
1448,36.0
1449,51.0
1450,25.0
1451,25.0
1452,53.0
1453,38.0
1454,43.0
1455,33.0
1456,18.0
1457,56.0
1458,3.0
1459,47.0
1460,48.0
1461,33.0
1462,37.0
1463,33.0
1464,51.0
1465,26.0
1466,44.0
1467,47.0
1468,39.0
1469,41.0
1470,65.0
1471,32.0
1472,82.0
1473,31.0
1474,36.0
1475,17.0
1476,35.0
1477,46.0
1478,80.0
1479,
1480,36.0
1481,40.0
1482,84.0
1483,39.0
1484,45.0
1485,30.0
1486,
1487,38.0
1488,3.0
1489,33.0
1490,14.0
1491,73.0
1492,27.0
1493,53.0
1494,38.0
1495,26.0
1496,42.0
1497,32.0
1498,45.0
1499,43.0
1500,30.0
1501,31.0
1502,36.0
1503,53.0
1504,51.0
1505,42.0
1506,93.0
1507,66.0
1508,39.0
1509,107.0
1510,82.0
1511,37.0
1512,36.0
1513,55.0
1514,56.0
1515,37.0
1516,69.0
1517,35.0
1518,63.0
1519,43.0
1520,64.0
1521,35.0
1522,42.0
1523,38.0
1524,50.0
1525,64.0
1526,114.0
1527,21.0
1528,72.0
1529,39.0
1530,39.0
1531,35.0
1532,72.0
1533,35.0
1534,25.0
1535,35.0
1536,7.0
1537,39.0
1538,67.0
1539,28.0
1540,43.0
1541,29.0
1542,33.0
1543,
1544,44.0
1545,42.0
1546,37.0
1547,64.0
1548,32.0
1549,25.0
1550,60.0
1551,45.0
1552,32.0
1553,48.0
1554,50.0
1555,71.0
1556,43.0
1557,30.0
1558,
1559,82.0
1560,34.0
1561,8.0
1562,55.0
1563,127.0
1564,32.0
1565,81.0
1566,73.0
1567,35.0
1568,47.0
1569,37.0
1570,37.0
1571,48.0
1572,68.0
1573,
1574,29.0
1575,71.0
1576,77.0
1577,37.0
1578,56.0
1579,42.0
1580,49.0
1581,41.0
1582,31.0
1583,50.0
1584,53.0
1585,47.0
1586,15.0
1587,96.0
1588,35.0
1589,65.0
1590,47.0
1591,73.0
1592,34.0
1593,96.0
1594,38.0
1595,48.0
1596,75.0
1597,18.0
1598,42.0
1599,33.0
1600,9.0
1601,
1602,63.0
1603,46.0
1604,50.0
1605,33.0
1606,38.0
1607,96.0
1608,46.0
1609,34.0
1610,42.0
1611,45.0
1612,37.0
1613,41.0
1614,38.0
1615,61.0
1616,51.0
1617,37.0
1618,48.0
1619,37.0
1620,49.0
1621,31.0
1622,64.0
1623,39.0
1624,37.0
1625,34.0
1626,37.0
1627,30.0
1628,32.0
1629,45.0
1630,42.0
1631,
1632,24.0
1633,96.0
1634,48.0
1635,48.0
1636,26.0
1637,33.0
1638,49.0
1639,104.0
1640,46.0
1641,51.0
1642,46.0
1643,41.0
1644,37.0
1645,41.0
1646,34.0
1647,4.0
1648,53.0
1649,32.0
1650,9.0
1651,26.0
1652,27.0
1653,23.0
1654,45.0
1655,66.0
1656,34.0
1657,22.0
1658,63.0
1659,63.0
1660,37.0
1661,51.0
1662,37.0
1663,35.0
1664,52.0
1665,33.0
1666,78.0
1667,49.0
1668,41.0
1669,67.0
1670,41.0
1671,23.0
1672,37.0
1673,35.0
1674,72.0
1675,44.0
1676,60.0
1677,39.0
1678,104.0
1679,43.0
1680,34.0
1681,37.0
1682,32.0
1683,44.0
1684,26.0
1685,22.0
1686,50.0
1687,53.0
1688,45.0
1689,
1690,34.0
1691,44.0
1692,30.0
1693,24.0
1694,25.0
1695,41.0
1696,65.0
1697,
1698,37.0
1699,39.0
1700,51.0
1701,96.0
1702,55.0
1703,25.0
1704,37.0
1705,50.0
1706,27.0
1707,25.0
1708,72.0
1709,48.0
1710,36.0
1711,74.0
1712,33.0
1713,56.0
1714,127.0
1715,75.0
1716,28.0
1717,61.0
1718,43.0
1719,32.0
1720,134.0
1721,35.0
1722,30.0
1723,51.0
1724,
1725,92.0
1726,57.0
1727,28.0
1728,39.0
1729,35.0
1730,34.0
1731,44.0
1732,27.0
1733,90.0
1734,42.0
1735,
1736,16.0
1737,37.0
1738,48.0
1739,48.0
1740,39.0
1741,31.0
1742,15.0
1743,21.0
1744,
1745,73.0
1746,41.0
1747,30.0
1748,53.0
1749,37.0
1750,75.0
1751,35.0
1752,37.0
1753,47.0
1754,30.0
1755,59.0
1756,31.0
1757,97.0
1758,31.0
1759,42.0
1760,43.0
1761,36.0
1762,35.0
1763,25.0
1764,73.0
1765,45.0
1766,37.0
1767,32.0
1768,25.0
1769,25.0
1770,5.0
1771,111.0
1772,32.0
1773,71.0
1774,49.0
1775,43.0
1776,36.0
1777,31.0
1778,128.0
1779,240.0
1780,41.0
1781,31.0
1782,
1783,123.0
1784,4.0
1785,51.0
1786,37.0
1787,16.0
1788,
1789,30.0
1790,21.0
1791,21.0
1792,37.0
1793,69.0
1794,37.0
1795,38.0
1796,41.0
1797,82.0
1798,39.0
1799,46.0
1800,47.0
1801,3.0
1802,38.0
1803,26.0
1804,48.0
1805,25.0
1806,37.0
1807,36.0
1808,65.0
1809,44.0
1810,37.0
1811,37.0
1812,31.0
1813,31.0
1814,72.0
1815,51.0
1816,71.0
1817,20.0
1818,51.0
1819,45.0
1820,39.0
1821,63.0
1822,15.0
1823,35.0
1824,44.0
1825,19.0
1826,44.0
1827,51.0
1828,39.0
1829,35.0
1830,48.0
1831,63.0
1832,
1833,53.0
1834,96.0
1835,50.0
1836,44.0
1837,53.0
1838,17.0
1839,47.0
1840,42.0
1841,37.0
1842,33.0
1843,31.0
1844,69.0
1845,34.0
1846,38.0
1847,29.0
1848,44.0
1849,34.0
1850,31.0
1851,23.0
1852,3.0
1853,54.0
1854,3.0
1855,104.0
1856,33.0
1857,25.0
1858,15.0
1859,39.0
1860,41.0
1861,29.0
1862,38.0
1863,37.0
1864,31.0
1865,56.0
1866,
1867,71.0
1868,115.0
1869,25.0
1870,
1871,42.0
1872,39.0
1873,39.0
1874,43.0
1875,35.0
1876,38.0
1877,31.0
1878,35.0
1879,
1880,97.0
1881,25.0
1882,35.0
1883,34.0
1884,38.0
1885,24.0
1886,50.0
1887,44.0
1888,34.0
1889,41.0
1890,60.0
1891,26.0
1892,47.0
1893,46.0
1894,35.0
1895,37.0
1896,46.0
1897,48.0
1898,35.0
1899,
1900,123.0
1901,34.0
1902,
1903,44.0
1904,35.0
1905,
1906,42.0
1907,34.0
1908,39.0
1909,41.0
1910,30.0
1911,28.0
1912,16.0
1913,36.0
1914,35.0
1915,63.0
1916,73.0
1917,44.0
1918,50.0
1919,50.0
1920,34.0
1921,37.0
1922,39.0
1923,35.0
1924,49.0
1925,45.0
1926,50.0
1927,47.0
1928,44.0
1929,34.0
1930,53.0
1931,31.0
1932,41.0
1933,32.0
1934,13.0
1935,34.0
1936,69.0
1937,49.0
1938,34.0
1939,44.0
1940,32.0
1941,34.0
1942,44.0
1943,37.0
1944,74.0
1945,
1946,50.0
1947,
1948,46.0
1949,35.0
1950,40.0
1951,72.0
1952,39.0
1953,76.0
1954,35.0
1955,47.0
1956,56.0
1957,33.0
1958,32.0
