0,200.0
1,200.0
2,200.0
3,200.0
4,197.0
5,200.0
6,200.0
7,200.0
8,187.0
9,200.0
10,199.0
11,200.0
12,200.0
13,200.0
14,200.0
15,200.0
16,199.0
17,199.0
18,196.0
19,200.0
20,
21,200.0
22,60.0
23,200.0
24,140.0
25,159.0
26,200.0
27,200.0
28,200.0
29,200.0
30,200.0
31,200.0
32,198.0
33,200.0
34,196.0
35,200.0
36,200.0
37,160.0
38,177.0
39,200.0
40,197.0
41,200.0
42,200.0
43,200.0
44,200.0
45,200.0
46,200.0
47,199.0
48,200.0
49,200.0
50,200.0
51,200.0
52,199.0
53,196.0
54,199.0
55,200.0
56,200.0
57,190.0
58,200.0
59,200.0
60,200.0
61,200.0
62,200.0
63,194.0
64,198.0
65,200.0
66,196.0
67,190.0
68,197.0
69,200.0
70,200.0
71,198.0
72,200.0
73,200.0
74,200.0
75,197.0
76,200.0
77,200.0
78,200.0
79,200.0
80,200.0
81,198.0
82,200.0
83,199.0
84,196.0
85,196.0
86,197.0
87,50.0
88,200.0
89,200.0
90,200.0
91,30.0
92,197.0
93,200.0
94,200.0
95,200.0
96,197.0
97,200.0
98,197.0
99,196.0
100,200.0
101,200.0
102,100.0
103,200.0
104,186.0
105,195.0
106,200.0
107,200.0
108,200.0
109,199.0
110,195.0
111,197.0
112,200.0
113,200.0
114,196.0
115,200.0
116,30.0
117,199.0
118,200.0
119,200.0
120,200.0
121,199.0
122,196.0
123,200.0
124,200.0
125,200.0
126,195.0
127,80.0
128,200.0
129,200.0
130,196.0
131,
132,196.0
133,200.0
134,196.0
135,200.0
136,200.0
137,200.0
138,200.0
139,200.0
140,149.0
141,197.0
142,197.0
143,200.0
144,199.0
145,20.0
146,200.0
147,200.0
148,200.0
149,197.0
150,197.0
151,200.0
152,200.0
153,200.0
154,199.0
155,200.0
156,200.0
157,199.0
158,200.0
159,200.0
160,200.0
161,89.0
162,200.0
163,200.0
164,200.0
165,110.0
166,198.0
167,200.0
168,200.0
169,167.0
170,200.0
171,200.0
172,200.0
173,200.0
174,200.0
175,200.0
176,200.0
177,200.0
178,200.0
179,200.0
180,200.0
181,
182,200.0
183,198.0
184,200.0
185,199.0
186,10.0
187,200.0
188,200.0
189,
190,200.0
191,200.0
192,10.0
193,196.0
194,196.0
195,200.0
196,199.0
197,200.0
198,200.0
199,199.0
200,200.0
201,200.0
202,199.0
203,189.0
204,200.0
205,200.0
206,200.0
207,200.0
208,30.0
209,200.0
210,199.0
211,200.0
212,200.0
213,200.0
214,160.0
215,198.0
216,200.0
217,199.0
218,200.0
219,200.0
220,200.0
221,200.0
222,111.0
223,196.0
224,200.0
225,200.0
226,196.0
227,199.0
228,198.0
229,200.0
230,199.0
231,200.0
232,200.0
233,200.0
234,199.0
235,200.0
236,200.0
237,130.0
238,200.0
239,200.0
240,200.0
241,200.0
242,200.0
243,195.0
244,196.0
245,196.0
246,199.0
247,199.0
248,200.0
249,198.0
250,198.0
251,198.0
252,200.0
253,200.0
254,200.0
255,160.0
256,195.0
257,197.0
258,200.0
259,200.0
260,200.0
261,199.0
262,197.0
263,200.0
264,200.0
265,200.0
266,200.0
267,160.0
268,197.0
269,200.0
270,200.0
271,199.0
272,200.0
273,200.0
274,200.0
275,88.0
276,200.0
277,200.0
278,200.0
279,200.0
280,189.0
281,200.0
282,200.0
283,200.0
284,200.0
285,200.0
286,200.0
287,200.0
288,200.0
289,200.0
290,
291,197.0
292,198.0
293,200.0
294,199.0
295,200.0
296,198.0
297,198.0
298,200.0
299,200.0
300,110.0
301,190.0
302,199.0
303,200.0
304,200.0
305,200.0
306,10.0
307,70.0
308,200.0
309,70.0
310,200.0
311,29.0
312,200.0
313,189.0
314,200.0
315,100.0
316,200.0
317,197.0
318,200.0
319,200.0
320,198.0
321,128.0
322,200.0
323,200.0
324,200.0
325,199.0
326,200.0
327,200.0
328,200.0
329,200.0
330,200.0
331,200.0
332,200.0
333,200.0
334,200.0
335,200.0
336,200.0
337,197.0
338,120.0
339,198.0
340,200.0
341,200.0
342,200.0
343,200.0
344,199.0
345,200.0
346,200.0
347,200.0
348,196.0
349,196.0
350,200.0
351,199.0
352,181.0
353,187.0
354,77.0
355,
356,200.0
357,200.0
358,200.0
359,199.0
360,198.0
361,199.0
362,200.0
363,200.0
364,200.0
365,200.0
366,130.0
367,200.0
368,200.0
369,199.0
370,200.0
371,200.0
372,198.0
373,199.0
374,188.0
375,200.0
376,80.0
377,200.0
378,199.0
379,200.0
380,30.0
381,200.0
382,196.0
383,200.0
384,200.0
385,200.0
386,200.0
387,200.0
388,199.0
389,193.0
390,79.0
391,
392,200.0
393,200.0
394,196.0
395,128.0
396,200.0
397,200.0
398,200.0
399,200.0
400,200.0
401,200.0
402,200.0
403,
404,200.0
405,199.0
406,199.0
407,200.0
408,30.0
409,190.0
410,196.0
411,110.0
412,76.0
413,200.0
414,96.0
415,200.0
416,80.0
417,200.0
418,
419,200.0
420,172.0
421,200.0
422,182.0
423,170.0
424,200.0
425,200.0
426,200.0
427,200.0
428,200.0
429,199.0
430,200.0
431,200.0
432,200.0
433,200.0
434,200.0
435,200.0
436,197.0
437,200.0
438,200.0
439,200.0
440,200.0
441,200.0
442,200.0
443,200.0
444,200.0
445,200.0
446,200.0
447,200.0
448,199.0
449,200.0
450,199.0
451,190.0
452,70.0
453,200.0
454,200.0
455,
456,200.0
457,200.0
458,40.0
459,200.0
460,198.0
461,200.0
462,200.0
463,199.0
464,200.0
465,197.0
466,200.0
467,200.0
468,200.0
469,200.0
470,200.0
471,200.0
472,200.0
473,200.0
474,200.0
475,200.0
476,200.0
477,200.0
478,200.0
479,200.0
480,197.0
481,200.0
482,200.0
483,200.0
484,200.0
485,200.0
486,200.0
487,200.0
488,200.0
489,198.0
490,200.0
491,197.0
492,200.0
493,200.0
494,200.0
495,200.0
496,200.0
497,200.0
498,200.0
499,200.0
500,200.0
501,200.0
502,200.0
503,70.0
504,200.0
505,200.0
506,198.0
507,200.0
508,195.0
509,185.0
510,200.0
511,200.0
512,70.0
513,200.0
514,200.0
515,200.0
516,75.0
517,200.0
518,200.0
519,200.0
520,200.0
521,200.0
522,200.0
523,200.0
524,200.0
525,199.0
526,200.0
527,200.0
528,186.0
529,30.0
530,200.0
531,199.0
532,200.0
533,200.0
534,196.0
535,200.0
536,196.0
537,184.0
538,200.0
539,200.0
540,198.0
541,160.0
542,200.0
543,200.0
544,200.0
545,189.0
546,200.0
547,200.0
548,200.0
549,198.0
550,200.0
551,199.0
552,200.0
553,200.0
554,199.0
555,38.0
556,199.0
557,200.0
558,196.0
559,200.0
560,200.0
561,200.0
562,200.0
563,196.0
564,199.0
565,199.0
566,50.0
567,200.0
568,140.0
569,199.0
570,198.0
571,200.0
572,200.0
573,200.0
574,120.0
575,200.0
576,200.0
577,200.0
578,200.0
579,200.0
580,200.0
581,200.0
582,200.0
583,196.0
584,117.0
585,200.0
586,200.0
587,200.0
588,190.0
589,197.0
590,200.0
591,200.0
592,200.0
593,200.0
594,200.0
595,60.0
596,200.0
597,200.0
598,200.0
599,140.0
600,10.0
601,200.0
602,196.0
603,200.0
604,199.0
605,200.0
606,200.0
607,198.0
608,196.0
609,198.0
610,200.0
611,196.0
612,195.0
613,200.0
614,196.0
615,199.0
616,197.0
617,200.0
618,199.0
619,200.0
620,200.0
621,20.0
622,200.0
623,181.0
624,60.0
625,200.0
626,199.0
627,200.0
628,200.0
629,199.0
630,200.0
631,200.0
632,197.0
633,200.0
634,200.0
635,200.0
636,200.0
637,200.0
638,200.0
639,199.0
640,200.0
641,200.0
642,90.0
643,200.0
644,10.0
645,196.0
646,200.0
647,110.0
648,200.0
649,110.0
650,200.0
651,198.0
652,200.0
653,199.0
654,198.0
655,200.0
656,200.0
657,200.0
658,37.0
659,200.0
660,199.0
661,200.0
662,199.0
663,111.0
664,200.0
665,200.0
666,200.0
667,130.0
668,198.0
669,200.0
670,110.0
671,200.0
672,200.0
673,200.0
674,200.0
675,200.0
676,150.0
677,200.0
678,196.0
679,200.0
680,
681,198.0
682,200.0
683,200.0
684,200.0
685,200.0
686,200.0
687,200.0
688,200.0
689,199.0
690,200.0
691,195.0
692,185.0
693,200.0
694,200.0
695,200.0
696,200.0
697,110.0
698,200.0
699,200.0
700,200.0
701,200.0
702,200.0
703,200.0
704,200.0
705,200.0
706,198.0
707,200.0
708,119.0
709,200.0
710,200.0
711,200.0
712,50.0
713,200.0
714,200.0
715,200.0
716,200.0
717,200.0
718,200.0
719,200.0
720,200.0
721,200.0
722,200.0
723,158.0
724,181.0
725,200.0
726,200.0
727,200.0
728,199.0
729,200.0
730,200.0
731,200.0
732,200.0
733,170.0
734,200.0
735,191.0
736,200.0
737,200.0
738,199.0
739,200.0
740,200.0
741,200.0
742,200.0
743,200.0
744,200.0
745,200.0
746,188.0
747,200.0
748,198.0
749,137.0
750,200.0
751,37.0
752,200.0
753,200.0
754,200.0
755,199.0
756,200.0
757,200.0
758,200.0
759,198.0
760,148.0
761,199.0
762,198.0
763,200.0
764,200.0
765,200.0
766,200.0
767,199.0
768,200.0
769,196.0
770,40.0
771,200.0
772,200.0
773,200.0
774,200.0
775,200.0
776,200.0
777,200.0
778,200.0
779,200.0
780,200.0
781,200.0
782,200.0
783,200.0
784,200.0
785,18.0
786,200.0
787,19.0
788,200.0
789,198.0
790,200.0
791,200.0
792,60.0
793,199.0
794,198.0
795,10.0
796,200.0
797,200.0
798,200.0
799,200.0
800,200.0
801,200.0
802,200.0
803,200.0
804,198.0
805,200.0
806,200.0
807,200.0
808,200.0
809,200.0
810,200.0
811,200.0
812,199.0
813,200.0
814,200.0
815,199.0
816,200.0
817,200.0
818,136.0
819,200.0
820,200.0
821,199.0
822,200.0
823,200.0
824,160.0
825,200.0
826,
827,200.0
828,200.0
829,10.0
830,
831,
832,199.0
833,200.0
834,200.0
835,195.0
836,200.0
837,200.0
838,199.0
839,200.0
840,199.0
841,200.0
842,150.0
843,200.0
844,198.0
845,200.0
846,200.0
847,50.0
848,200.0
849,200.0
850,200.0
851,200.0
852,10.0
853,200.0
854,200.0
855,200.0
856,90.0
857,200.0
858,200.0
859,199.0
860,200.0
861,199.0
862,198.0
863,200.0
864,200.0
865,200.0
866,90.0
867,200.0
868,200.0
869,199.0
870,199.0
871,200.0
872,200.0
873,200.0
874,
875,200.0
876,60.0
877,196.0
878,200.0
879,200.0
880,200.0
881,200.0
882,200.0
883,200.0
884,200.0
885,200.0
886,197.0
887,200.0
888,200.0
889,200.0
890,200.0
891,200.0
892,200.0
893,200.0
894,200.0
895,200.0
896,200.0
897,199.0
898,193.0
899,50.0
900,200.0
901,200.0
902,200.0
903,199.0
904,200.0
905,110.0
906,200.0
907,200.0
908,200.0
909,196.0
910,20.0
911,200.0
912,198.0
913,199.0
914,197.0
915,200.0
916,196.0
917,
918,
919,197.0
920,200.0
921,200.0
922,200.0
923,199.0
924,200.0
925,200.0
926,
927,199.0
928,199.0
929,197.0
930,200.0
931,200.0
932,200.0
933,200.0
934,200.0
935,200.0
936,197.0
937,200.0
938,199.0
939,196.0
940,200.0
941,200.0
942,196.0
943,200.0
944,200.0
945,200.0
946,196.0
947,200.0
948,200.0
949,80.0
950,70.0
951,200.0
952,200.0
953,200.0
954,200.0
955,200.0
956,200.0
957,200.0
958,189.0
959,198.0
960,199.0
961,200.0
962,200.0
963,199.0
964,200.0
965,200.0
966,200.0
967,197.0
968,200.0
969,
970,200.0
971,169.0
972,196.0
973,196.0
974,163.0
975,199.0
976,200.0
977,190.0
978,196.0
979,200.0
980,199.0
981,200.0
982,187.0
983,200.0
984,200.0
985,200.0
986,196.0
987,200.0
988,199.0
989,200.0
990,200.0
991,80.0
992,200.0
993,200.0
994,200.0
995,200.0
996,200.0
997,200.0
998,200.0
999,200.0
1000,200.0
1001,199.0
1002,200.0
1003,200.0
1004,200.0
1005,196.0
1006,200.0
1007,200.0
1008,197.0
1009,200.0
1010,200.0
1011,200.0
1012,196.0
1013,196.0
1014,196.0
1015,200.0
1016,198.0
1017,198.0
1018,200.0
1019,196.0
1020,200.0
1021,200.0
1022,200.0
1023,195.0
1024,118.0
1025,200.0
1026,200.0
1027,200.0
1028,196.0
1029,199.0
1030,20.0
1031,199.0
1032,200.0
1033,110.0
1034,200.0
1035,200.0
1036,200.0
1037,200.0
1038,200.0
1039,200.0
1040,75.0
1041,200.0
1042,199.0
1043,200.0
1044,200.0
1045,200.0
1046,200.0
1047,200.0
1048,200.0
1049,200.0
1050,30.0
1051,60.0
1052,200.0
1053,200.0
1054,200.0
1055,200.0
1056,196.0
1057,199.0
1058,200.0
1059,199.0
1060,200.0
1061,150.0
1062,200.0
1063,130.0
1064,200.0
1065,200.0
1066,
1067,200.0
1068,200.0
1069,200.0
1070,200.0
1071,199.0
1072,196.0
1073,199.0
1074,200.0
1075,
1076,150.0
1077,200.0
1078,199.0
1079,200.0
1080,200.0
1081,200.0
1082,200.0
1083,200.0
1084,198.0
1085,200.0
1086,196.0
1087,200.0
1088,10.0
1089,200.0
1090,60.0
1091,200.0
1092,199.0
1093,198.0
1094,200.0
1095,200.0
1096,200.0
1097,200.0
1098,199.0
1099,199.0
1100,200.0
1101,200.0
1102,199.0
1103,200.0
1104,200.0
1105,200.0
1106,200.0
1107,199.0
1108,196.0
1109,200.0
1110,130.0
1111,196.0
1112,200.0
1113,200.0
1114,195.0
1115,200.0
1116,200.0
1117,200.0
1118,200.0
1119,197.0
1120,200.0
1121,200.0
1122,164.0
1123,196.0
1124,200.0
1125,200.0
1126,110.0
1127,198.0
1128,200.0
1129,200.0
1130,200.0
1131,200.0
1132,200.0
1133,200.0
1134,169.0
1135,200.0
1136,186.0
1137,200.0
1138,200.0
1139,200.0
1140,200.0
1141,196.0
1142,200.0
1143,198.0
1144,197.0
1145,200.0
1146,199.0
1147,198.0
1148,200.0
1149,200.0
1150,199.0
1151,200.0
1152,19.0
1153,200.0
1154,195.0
1155,140.0
1156,200.0
1157,200.0
1158,90.0
1159,198.0
1160,191.0
1161,200.0
1162,200.0
1163,200.0
1164,200.0
1165,200.0
1166,70.0
1167,90.0
1168,200.0
1169,200.0
1170,197.0
1171,200.0
1172,200.0
1173,150.0
1174,110.0
1175,200.0
1176,200.0
1177,200.0
1178,200.0
1179,200.0
1180,200.0
1181,200.0
1182,200.0
1183,200.0
1184,200.0
1185,200.0
1186,200.0
1187,200.0
1188,200.0
1189,199.0
1190,200.0
1191,200.0
1192,200.0
1193,200.0
1194,200.0
1195,200.0
1196,200.0
1197,196.0
1198,200.0
1199,199.0
1200,200.0
1201,200.0
1202,200.0
1203,200.0
1204,198.0
1205,200.0
1206,200.0
1207,200.0
1208,197.0
1209,200.0
1210,200.0
1211,199.0
1212,200.0
1213,200.0
1214,200.0
1215,200.0
1216,200.0
1217,200.0
1218,200.0
1219,199.0
1220,200.0
1221,200.0
1222,200.0
1223,200.0
1224,200.0
1225,200.0
1226,200.0
1227,200.0
1228,40.0
1229,70.0
1230,200.0
1231,200.0
1232,200.0
1233,200.0
1234,200.0
1235,200.0
1236,200.0
1237,60.0
1238,200.0
1239,200.0
1240,199.0
1241,199.0
1242,187.0
1243,199.0
1244,30.0
1245,200.0
1246,200.0
1247,200.0
1248,200.0
1249,200.0
1250,200.0
1251,200.0
1252,200.0
1253,200.0
1254,200.0
1255,200.0
1256,200.0
1257,199.0
1258,198.0
1259,70.0
1260,200.0
1261,200.0
1262,199.0
1263,200.0
1264,78.0
1265,190.0
1266,200.0
1267,200.0
1268,200.0
1269,200.0
1270,30.0
1271,60.0
1272,200.0
1273,88.0
1274,199.0
1275,199.0
1276,200.0
1277,196.0
1278,128.0
1279,200.0
1280,200.0
1281,200.0
1282,50.0
1283,200.0
1284,199.0
1285,40.0
1286,200.0
1287,164.0
1288,119.0
1289,20.0
1290,200.0
1291,200.0
1292,200.0
1293,200.0
1294,200.0
1295,200.0
1296,200.0
1297,200.0
1298,200.0
1299,200.0
1300,100.0
1301,200.0
1302,60.0
1303,200.0
1304,200.0
1305,170.0
1306,50.0
1307,200.0
1308,200.0
1309,200.0
1310,200.0
1311,200.0
1312,20.0
1313,199.0
1314,200.0
1315,200.0
1316,186.0
1317,199.0
1318,200.0
1319,150.0
1320,200.0
1321,200.0
1322,200.0
1323,200.0
1324,200.0
1325,150.0
1326,200.0
1327,199.0
1328,190.0
1329,200.0
1330,200.0
1331,197.0
1332,90.0
1333,200.0
1334,198.0
1335,200.0
1336,10.0
1337,20.0
1338,200.0
1339,200.0
1340,200.0
1341,200.0
1342,200.0
1343,200.0
1344,200.0
1345,200.0
1346,200.0
1347,200.0
1348,184.0
1349,197.0
1350,199.0
1351,191.0
1352,200.0
1353,200.0
1354,200.0
1355,20.0
1356,200.0
1357,200.0
1358,200.0
1359,200.0
1360,190.0
1361,200.0
1362,200.0
1363,200.0
1364,60.0
1365,10.0
1366,200.0
1367,200.0
1368,199.0
1369,200.0
1370,196.0
1371,200.0
1372,200.0
1373,200.0
1374,200.0
1375,197.0
1376,
1377,200.0
1378,200.0
1379,200.0
1380,200.0
1381,10.0
1382,200.0
1383,200.0
1384,200.0
1385,200.0
1386,20.0
1387,199.0
1388,160.0
1389,200.0
1390,200.0
1391,196.0
1392,200.0
1393,200.0
1394,10.0
1395,200.0
1396,199.0
1397,189.0
1398,200.0
1399,200.0
1400,200.0
1401,200.0
1402,193.0
1403,200.0
1404,200.0
1405,
1406,200.0
1407,200.0
1408,200.0
1409,30.0
1410,186.0
1411,199.0
1412,198.0
1413,200.0
1414,90.0
1415,200.0
1416,199.0
1417,200.0
1418,200.0
1419,200.0
1420,199.0
1421,200.0
1422,200.0
1423,200.0
1424,200.0
1425,200.0
1426,200.0
1427,200.0
1428,180.0
1429,200.0
1430,200.0
1431,199.0
1432,200.0
1433,199.0
1434,200.0
1435,200.0
1436,194.0
1437,200.0
1438,200.0
1439,200.0
1440,196.0
1441,200.0
1442,200.0
1443,200.0
1444,198.0
1445,200.0
1446,200.0
1447,
1448,198.0
1449,194.0
1450,200.0
1451,120.0
1452,200.0
1453,194.0
1454,199.0
1455,200.0
1456,200.0
1457,196.0
1458,128.0
1459,200.0
1460,199.0
1461,
1462,200.0
1463,200.0
1464,200.0
1465,200.0
1466,200.0
1467,200.0
1468,200.0
1469,196.0
1470,200.0
1471,200.0
1472,200.0
1473,200.0
1474,199.0
1475,200.0
1476,200.0
1477,200.0
1478,196.0
1479,200.0
1480,200.0
1481,200.0
1482,200.0
1483,200.0
1484,200.0
1485,200.0
1486,200.0
1487,200.0
1488,196.0
1489,200.0
1490,196.0
1491,196.0
1492,198.0
1493,200.0
1494,200.0
1495,200.0
1496,196.0
1497,196.0
1498,199.0
1499,200.0
1500,200.0
1501,196.0
1502,200.0
1503,199.0
1504,197.0
1505,20.0
1506,200.0
1507,200.0
1508,200.0
1509,196.0
1510,197.0
1511,200.0
1512,200.0
1513,199.0
1514,200.0
1515,200.0
1516,200.0
1517,89.0
1518,200.0
1519,200.0
1520,200.0
1521,200.0
1522,200.0
1523,200.0
1524,199.0
1525,196.0
1526,200.0
1527,200.0
1528,
1529,119.0
1530,110.0
1531,196.0
1532,200.0
1533,200.0
1534,200.0
1535,190.0
1536,70.0
1537,199.0
1538,196.0
1539,80.0
1540,199.0
1541,
1542,200.0
1543,200.0
1544,200.0
1545,39.0
1546,194.0
1547,200.0
1548,200.0
1549,200.0
1550,200.0
1551,200.0
1552,200.0
1553,200.0
1554,70.0
1555,200.0
1556,
1557,200.0
1558,200.0
1559,200.0
1560,200.0
1561,198.0
1562,200.0
1563,200.0
1564,200.0
1565,198.0
1566,200.0
1567,200.0
1568,200.0
1569,200.0
1570,200.0
1571,196.0
1572,200.0
1573,200.0
1574,200.0
1575,10.0
1576,188.0
1577,194.0
1578,200.0
1579,200.0
1580,200.0
1581,200.0
1582,199.0
1583,200.0
1584,200.0
1585,200.0
1586,50.0
1587,194.0
1588,195.0
1589,200.0
1590,200.0
1591,200.0
1592,200.0
1593,200.0
1594,200.0
1595,200.0
1596,199.0
1597,200.0
1598,200.0
1599,181.0
1600,200.0
1601,40.0
1602,100.0
1603,200.0
1604,200.0
1605,200.0
1606,200.0
1607,200.0
1608,200.0
1609,200.0
1610,186.0
1611,200.0
1612,110.0
1613,170.0
1614,186.0
1615,200.0
1616,199.0
1617,200.0
1618,196.0
1619,200.0
1620,
1621,200.0
1622,200.0
1623,200.0
1624,200.0
1625,197.0
1626,199.0
1627,200.0
1628,200.0
1629,200.0
1630,195.0
1631,200.0
1632,197.0
1633,197.0
1634,199.0
1635,200.0
1636,200.0
1637,200.0
1638,10.0
1639,199.0
1640,200.0
1641,200.0
1642,200.0
1643,200.0
1644,200.0
1645,200.0
1646,200.0
1647,200.0
1648,200.0
1649,200.0
1650,199.0
1651,65.0
1652,200.0
1653,200.0
1654,199.0
1655,191.0
1656,199.0
1657,200.0
1658,200.0
1659,200.0
1660,200.0
1661,197.0
1662,198.0
1663,200.0
1664,160.0
1665,200.0
1666,200.0
1667,200.0
1668,200.0
1669,200.0
1670,197.0
1671,200.0
1672,200.0
1673,196.0
1674,30.0
1675,130.0
1676,199.0
1677,30.0
1678,200.0
1679,200.0
1680,200.0
1681,200.0
1682,200.0
1683,160.0
1684,200.0
1685,200.0
1686,200.0
1687,200.0
1688,200.0
1689,200.0
1690,200.0
1691,70.0
1692,193.0
1693,10.0
1694,199.0
1695,193.0
1696,200.0
1697,200.0
1698,200.0
1699,200.0
1700,200.0
1701,200.0
1702,200.0
1703,158.0
1704,200.0
1705,200.0
1706,200.0
1707,200.0
1708,82.0
1709,200.0
1710,200.0
1711,200.0
1712,200.0
1713,200.0
1714,200.0
1715,200.0
1716,200.0
1717,199.0
1718,200.0
1719,199.0
1720,105.0
1721,200.0
1722,200.0
1723,200.0
1724,80.0
1725,200.0
1726,199.0
1727,
1728,200.0
1729,200.0
1730,130.0
1731,190.0
1732,200.0
1733,200.0
1734,200.0
1735,200.0
1736,200.0
1737,195.0
1738,200.0
1739,200.0
1740,198.0
1741,199.0
1742,150.0
1743,200.0
1744,200.0
1745,200.0
1746,80.0
1747,200.0
1748,159.0
1749,196.0
1750,200.0
1751,200.0
1752,200.0
1753,200.0
1754,196.0
1755,199.0
1756,200.0
1757,197.0
1758,200.0
1759,200.0
1760,200.0
1761,200.0
1762,200.0
1763,200.0
1764,200.0
1765,196.0
1766,200.0
1767,200.0
1768,200.0
1769,199.0
1770,200.0
1771,200.0
1772,200.0
1773,200.0
1774,200.0
1775,199.0
1776,200.0
1777,197.0
1778,200.0
1779,200.0
1780,200.0
1781,199.0
1782,200.0
1783,200.0
1784,197.0
1785,200.0
1786,200.0
1787,200.0
1788,200.0
1789,200.0
1790,200.0
1791,200.0
1792,200.0
1793,200.0
1794,200.0
1795,200.0
1796,200.0
1797,200.0
1798,200.0
1799,40.0
1800,200.0
1801,196.0
1802,200.0
1803,200.0
1804,198.0
1805,197.0
1806,200.0
1807,200.0
1808,200.0
1809,200.0
1810,200.0
1811,119.0
1812,200.0
1813,200.0
1814,199.0
1815,200.0
1816,200.0
1817,200.0
1818,30.0
1819,200.0
1820,200.0
1821,199.0
1822,70.0
1823,200.0
1824,200.0
1825,200.0
1826,195.0
1827,200.0
1828,200.0
1829,199.0
1830,196.0
1831,200.0
1832,200.0
1833,
1834,197.0
1835,200.0
1836,200.0
1837,196.0
1838,200.0
1839,200.0
1840,199.0
1841,199.0
1842,199.0
1843,196.0
1844,200.0
1845,199.0
1846,200.0
1847,196.0
1848,200.0
1849,50.0
1850,60.0
1851,196.0
1852,199.0
1853,196.0
1854,179.0
1855,200.0
1856,200.0
1857,191.0
1858,200.0
1859,196.0
1860,199.0
1861,200.0
1862,200.0
1863,197.0
1864,200.0
1865,199.0
1866,197.0
1867,200.0
1868,197.0
1869,196.0
1870,200.0
1871,200.0
1872,200.0
1873,195.0
1874,200.0
1875,80.0
1876,200.0
1877,200.0
1878,199.0
1879,200.0
1880,200.0
1881,200.0
1882,196.0
1883,20.0
1884,160.0
1885,200.0
1886,
1887,196.0
1888,39.0
1889,200.0
1890,196.0
1891,199.0
1892,200.0
1893,198.0
1894,200.0
1895,198.0
1896,200.0
1897,89.0
1898,200.0
1899,200.0
1900,200.0
1901,90.0
1902,200.0
1903,200.0
1904,75.0
1905,200.0
1906,200.0
1907,200.0
1908,196.0
1909,197.0
1910,199.0
1911,200.0
1912,200.0
1913,200.0
1914,199.0
1915,200.0
1916,200.0
1917,196.0
1918,200.0
1919,200.0
1920,200.0
1921,200.0
1922,200.0
1923,200.0
1924,200.0
1925,200.0
1926,196.0
1927,199.0
1928,200.0
1929,200.0
1930,200.0
1931,200.0
1932,200.0
1933,200.0
1934,189.0
1935,199.0
1936,198.0
1937,200.0
1938,200.0
1939,130.0
1940,200.0
1941,200.0
1942,198.0
1943,200.0
1944,160.0
1945,200.0
1946,200.0
1947,198.0
1948,199.0
1949,200.0
1950,196.0
1951,200.0
1952,200.0
1953,200.0
1954,200.0
1955,200.0
1956,30.0
1957,200.0
1958,200.0
1959,196.0
1960,200.0
1961,195.0
1962,200.0
1963,200.0
1964,200.0
1965,200.0
1966,200.0
1967,200.0
1968,196.0
1969,200.0
1970,200.0
1971,200.0
1972,196.0
1973,200.0
1974,197.0
1975,200.0
1976,200.0
1977,197.0
1978,198.0
1979,200.0
1980,200.0
1981,130.0
1982,200.0
1983,200.0
1984,199.0
1985,
1986,200.0
1987,200.0
1988,196.0
1989,200.0
1990,198.0
1991,200.0
1992,200.0
1993,200.0
1994,169.0
1995,200.0
1996,200.0
1997,200.0
1998,200.0
1999,200.0
2000,196.0
2001,200.0
2002,200.0
2003,200.0
2004,199.0
2005,199.0
2006,181.0
2007,200.0
2008,198.0
2009,189.0
2010,200.0
2011,200.0
2012,200.0
2013,200.0
2014,200.0
2015,200.0
2016,188.0
2017,198.0
2018,191.0
2019,
2020,68.0
2021,200.0
2022,200.0
2023,200.0
2024,200.0
2025,200.0
2026,30.0
2027,199.0
2028,200.0
2029,200.0
2030,200.0
2031,30.0
2032,200.0
2033,10.0
2034,200.0
2035,199.0
2036,200.0
2037,200.0
2038,200.0
2039,199.0
2040,200.0
2041,200.0
2042,200.0
2043,200.0
2044,200.0
2045,200.0
2046,200.0
2047,200.0
2048,100.0
2049,200.0
2050,200.0
2051,200.0
2052,200.0
2053,200.0
2054,200.0
2055,200.0
2056,200.0
2057,50.0
2058,200.0
2059,200.0
2060,199.0
2061,140.0
2062,40.0
2063,200.0
2064,200.0
2065,200.0
2066,100.0
2067,199.0
2068,200.0
2069,200.0
2070,200.0
2071,199.0
2072,200.0
2073,200.0
2074,200.0
2075,200.0
2076,198.0
2077,200.0
2078,198.0
2079,200.0
2080,200.0
2081,200.0
2082,200.0
2083,200.0
2084,198.0
2085,158.0
2086,200.0
2087,200.0
2088,200.0
2089,200.0
2090,200.0
2091,200.0
2092,200.0
2093,200.0
2094,200.0
2095,200.0
2096,200.0
2097,191.0
2098,199.0
2099,200.0
2100,200.0
2101,200.0
2102,200.0
2103,199.0
2104,200.0
2105,197.0
2106,200.0
2107,200.0
2108,199.0
2109,200.0
2110,200.0
2111,200.0
2112,200.0
2113,198.0
2114,20.0
2115,130.0
2116,199.0
2117,200.0
2118,200.0
2119,200.0
2120,199.0
2121,188.0
2122,200.0
2123,200.0
2124,200.0
2125,200.0
2126,193.0
2127,200.0
2128,196.0
2129,200.0
2130,200.0
2131,200.0
2132,200.0
2133,199.0
2134,200.0
2135,200.0
2136,196.0
2137,200.0
2138,200.0
2139,60.0
2140,200.0
2141,170.0
2142,200.0
2143,200.0
2144,20.0
2145,196.0
2146,200.0
2147,200.0
2148,200.0
2149,200.0
2150,200.0
2151,200.0
2152,200.0
2153,200.0
2154,200.0
2155,200.0
2156,200.0
2157,199.0
2158,200.0
2159,200.0
2160,30.0
2161,200.0
2162,200.0
2163,200.0
2164,40.0
2165,200.0
2166,200.0
2167,200.0
2168,199.0
2169,199.0
2170,186.0
2171,196.0
2172,198.0
2173,200.0
2174,199.0
2175,190.0
2176,200.0
2177,186.0
2178,200.0
2179,200.0
2180,200.0
2181,200.0
2182,200.0
2183,160.0
2184,200.0
2185,20.0
2186,200.0
2187,200.0
2188,200.0
2189,191.0
2190,80.0
2191,200.0
2192,200.0
2193,200.0
2194,200.0
2195,200.0
2196,200.0
2197,200.0
2198,90.0
2199,200.0
2200,199.0
2201,200.0
2202,200.0
2203,198.0
2204,200.0
2205,200.0
2206,200.0
2207,200.0
2208,200.0
2209,192.0
2210,200.0
2211,200.0
2212,200.0
2213,200.0
2214,200.0
2215,186.0
2216,199.0
2217,200.0
2218,200.0
2219,200.0
2220,126.0
2221,200.0
2222,200.0
2223,200.0
2224,199.0
2225,200.0
2226,200.0
2227,80.0
2228,108.0
2229,200.0
2230,200.0
2231,200.0
2232,200.0
2233,80.0
2234,200.0
2235,200.0
2236,191.0
2237,200.0
2238,30.0
2239,200.0
2240,200.0
2241,200.0
2242,200.0
2243,75.0
2244,200.0
2245,198.0
2246,200.0
2247,9.0
2248,200.0
2249,200.0
2250,30.0
2251,200.0
2252,200.0
2253,199.0
2254,200.0
2255,200.0
2256,200.0
2257,200.0
2258,200.0
2259,200.0
2260,200.0
2261,200.0
2262,200.0
2263,190.0
2264,200.0
2265,196.0
2266,10.0
2267,200.0
2268,199.0
2269,200.0
2270,200.0
2271,199.0
2272,196.0
2273,200.0
2274,200.0
2275,200.0
2276,200.0
2277,193.0
2278,200.0
2279,200.0
2280,148.0
2281,200.0
2282,200.0
2283,200.0
2284,200.0
2285,200.0
2286,200.0
2287,194.0
2288,200.0
2289,200.0
2290,200.0
2291,200.0
2292,200.0
2293,200.0
2294,200.0
2295,200.0
2296,199.0
2297,200.0
2298,200.0
2299,200.0
2300,200.0
2301,200.0
2302,197.0
2303,200.0
2304,200.0
2305,200.0
2306,199.0
2307,196.0
2308,200.0
2309,20.0
2310,200.0
2311,200.0
2312,200.0
2313,199.0
2314,196.0
2315,200.0
2316,200.0
2317,200.0
2318,200.0
2319,196.0
2320,200.0
2321,199.0
2322,200.0
2323,200.0
2324,198.0
2325,200.0
2326,200.0
2327,200.0
2328,196.0
2329,200.0
2330,20.0
2331,195.0
2332,199.0
2333,198.0
2334,200.0
2335,196.0
2336,200.0
2337,200.0
2338,199.0
2339,100.0
2340,200.0
2341,200.0
2342,200.0
2343,200.0
2344,200.0
2345,
2346,200.0
2347,200.0
2348,200.0
2349,200.0
2350,200.0
2351,200.0
2352,110.0
2353,200.0
2354,200.0
2355,200.0
2356,196.0
2357,200.0
2358,200.0
2359,200.0
2360,200.0
2361,200.0
2362,188.0
2363,196.0
2364,200.0
2365,196.0
2366,196.0
2367,200.0
2368,199.0
2369,200.0
2370,200.0
2371,200.0
2372,200.0
2373,200.0
2374,70.0
2375,200.0
2376,130.0
2377,196.0
2378,20.0
2379,200.0
2380,199.0
2381,200.0
2382,193.0
2383,198.0
2384,200.0
2385,200.0
2386,200.0
2387,105.0
2388,200.0
2389,200.0
2390,85.0
2391,200.0
2392,200.0
2393,110.0
2394,70.0
2395,200.0
2396,197.0
2397,
2398,199.0
2399,200.0
2400,200.0
2401,200.0
2402,200.0
2403,200.0
2404,200.0
2405,200.0
2406,200.0
2407,200.0
2408,184.0
2409,200.0
2410,200.0
2411,110.0
2412,
2413,
2414,200.0
2415,200.0
2416,199.0
2417,199.0
2418,197.0
2419,200.0
2420,200.0
2421,200.0
2422,200.0
2423,200.0
2424,200.0
2425,
2426,200.0
2427,20.0
2428,200.0
2429,
2430,200.0
2431,20.0
2432,200.0
2433,200.0
2434,200.0
2435,200.0
2436,50.0
2437,130.0
2438,200.0
2439,194.0
2440,199.0
2441,200.0
2442,198.0
2443,200.0
2444,199.0
2445,200.0
2446,140.0
2447,189.0
2448,200.0
2449,198.0
2450,100.0
2451,200.0
2452,200.0
2453,200.0
2454,200.0
2455,182.0
2456,200.0
2457,200.0
2458,200.0
2459,199.0
2460,200.0
2461,199.0
2462,200.0
2463,
2464,200.0
2465,200.0
2466,200.0
2467,199.0
2468,200.0
2469,90.0
2470,199.0
2471,198.0
2472,37.0
2473,199.0
2474,60.0
2475,200.0
2476,200.0
2477,200.0
2478,200.0
2479,200.0
2480,200.0
2481,200.0
2482,200.0
2483,200.0
2484,200.0
2485,200.0
2486,200.0
2487,200.0
2488,200.0
2489,198.0
2490,200.0
2491,198.0
2492,200.0
2493,200.0
2494,200.0
2495,200.0
2496,200.0
2497,200.0
2498,20.0
2499,200.0
2500,200.0
2501,200.0
2502,200.0
2503,200.0
2504,200.0
2505,200.0
2506,200.0
2507,200.0
2508,199.0
2509,200.0
2510,40.0
2511,200.0
2512,19.0
2513,200.0
2514,200.0
2515,200.0
2516,200.0
2517,200.0
2518,200.0
2519,200.0
2520,200.0
2521,200.0
2522,200.0
2523,195.0
2524,200.0
2525,200.0
2526,50.0
2527,200.0
2528,200.0
2529,70.0
2530,184.0
2531,200.0
2532,200.0
2533,196.0
2534,200.0
2535,200.0
2536,200.0
2537,130.0
2538,200.0
2539,200.0
2540,198.0
2541,198.0
2542,199.0
2543,200.0
2544,200.0
2545,200.0
2546,200.0
2547,200.0
2548,200.0
2549,197.0
2550,198.0
2551,200.0
2552,200.0
2553,200.0
2554,200.0
2555,200.0
2556,200.0
2557,200.0
2558,80.0
2559,187.0
2560,
2561,130.0
2562,200.0
2563,190.0
2564,200.0
2565,200.0
2566,200.0
2567,60.0
2568,200.0
2569,197.0
2570,200.0
2571,199.0
2572,200.0
2573,200.0
2574,199.0
2575,200.0
2576,150.0
2577,200.0
2578,200.0
2579,10.0
2580,199.0
2581,200.0
2582,199.0
2583,200.0
2584,200.0
2585,200.0
2586,199.0
2587,200.0
2588,200.0
2589,187.0
2590,200.0
2591,200.0
2592,199.0
2593,200.0
2594,200.0
2595,200.0
2596,199.0
2597,200.0
2598,200.0
2599,
2600,200.0
2601,199.0
2602,150.0
2603,200.0
2604,200.0
2605,190.0
2606,200.0
2607,200.0
2608,200.0
2609,199.0
2610,200.0
2611,200.0
2612,197.0
2613,200.0
2614,126.0
2615,199.0
2616,200.0
2617,199.0
2618,200.0
2619,200.0
2620,199.0
2621,200.0
2622,200.0
2623,200.0
2624,200.0
2625,10.0
2626,197.0
2627,200.0
2628,94.0
2629,200.0
2630,200.0
2631,200.0
2632,200.0
2633,197.0
2634,197.0
2635,200.0
2636,200.0
2637,199.0
2638,199.0
2639,199.0
2640,200.0
2641,196.0
2642,198.0
2643,200.0
2644,196.0
2645,200.0
2646,200.0
2647,199.0
2648,200.0
2649,200.0
2650,200.0
2651,200.0
2652,200.0
2653,199.0
2654,197.0
2655,199.0
2656,200.0
2657,200.0
2658,200.0
2659,63.0
2660,200.0
2661,100.0
2662,200.0
2663,30.0
2664,200.0
2665,60.0
2666,200.0
2667,200.0
2668,200.0
2669,200.0
2670,60.0
2671,200.0
2672,200.0
2673,200.0
2674,200.0
2675,200.0
2676,
2677,200.0
2678,200.0
2679,
2680,200.0
2681,200.0
2682,10.0
2683,200.0
2684,199.0
2685,200.0
2686,200.0
2687,200.0
2688,200.0
2689,200.0
2690,10.0
2691,183.0
2692,196.0
2693,179.0
2694,200.0
2695,200.0
2696,200.0
2697,130.0
2698,200.0
2699,200.0
2700,198.0
2701,200.0
2702,100.0
2703,197.0
2704,200.0
2705,197.0
2706,200.0
2707,197.0
2708,200.0
2709,199.0
2710,200.0
2711,200.0
2712,197.0
2713,198.0
2714,200.0
2715,200.0
2716,199.0
2717,200.0
2718,200.0
2719,200.0
2720,200.0
2721,200.0
2722,196.0
2723,200.0
2724,200.0
2725,199.0
2726,200.0
2727,153.0
2728,123.0
2729,30.0
2730,200.0
2731,199.0
2732,198.0
2733,200.0
2734,150.0
2735,199.0
2736,180.0
2737,200.0
2738,198.0
2739,200.0
2740,75.0
2741,200.0
2742,83.0
2743,200.0
2744,200.0
2745,200.0
2746,150.0
2747,200.0
2748,200.0
2749,200.0
2750,200.0
2751,196.0
2752,200.0
2753,199.0
2754,199.0
2755,200.0
2756,200.0
2757,200.0
2758,200.0
2759,200.0
2760,200.0
2761,120.0
2762,49.0
2763,196.0
2764,200.0
2765,196.0
2766,199.0
2767,200.0
2768,200.0
2769,199.0
2770,199.0
2771,195.0
2772,110.0
2773,200.0
2774,200.0
2775,194.0
2776,200.0
2777,200.0
2778,
2779,200.0
2780,199.0
2781,199.0
2782,199.0
2783,193.0
2784,200.0
2785,200.0
2786,199.0
2787,200.0
2788,200.0
2789,200.0
2790,200.0
2791,30.0
2792,10.0
2793,197.0
2794,200.0
2795,199.0
2796,200.0
2797,200.0
2798,50.0
2799,200.0
2800,200.0
2801,200.0
2802,200.0
2803,200.0
2804,180.0
2805,200.0
2806,196.0
2807,200.0
2808,139.0
2809,200.0
2810,120.0
2811,196.0
2812,199.0
2813,200.0
2814,200.0
2815,200.0
2816,200.0
2817,200.0
2818,200.0
2819,200.0
2820,
2821,200.0
2822,200.0
2823,200.0
2824,200.0
2825,198.0
2826,200.0
2827,196.0
2828,198.0
2829,200.0
2830,190.0
2831,198.0
2832,200.0
2833,160.0
2834,196.0
2835,200.0
2836,197.0
2837,199.0
2838,200.0
2839,200.0
2840,200.0
2841,196.0
2842,200.0
2843,200.0
2844,199.0
2845,199.0
2846,181.0
2847,160.0
2848,200.0
2849,198.0
2850,75.0
2851,168.0
2852,200.0
2853,200.0
2854,200.0
2855,200.0
2856,200.0
2857,200.0
2858,200.0
2859,200.0
2860,197.0
2861,200.0
2862,196.0
2863,200.0
2864,200.0
2865,200.0
2866,200.0
2867,200.0
2868,200.0
2869,200.0
2870,200.0
2871,200.0
2872,200.0
2873,200.0
2874,199.0
2875,199.0
2876,200.0
2877,200.0
2878,50.0
2879,199.0
2880,200.0
2881,200.0
2882,200.0
2883,200.0
2884,200.0
2885,200.0
2886,200.0
2887,196.0
2888,200.0
2889,70.0
2890,200.0
2891,188.0
2892,200.0
2893,200.0
2894,200.0
2895,200.0
2896,200.0
2897,200.0
2898,133.0
2899,200.0
2900,
2901,200.0
2902,200.0
2903,198.0
2904,200.0
2905,200.0
2906,200.0
2907,200.0
2908,200.0
2909,200.0
2910,200.0
2911,200.0
2912,200.0
2913,200.0
2914,200.0
2915,200.0
2916,200.0
2917,198.0
2918,199.0
2919,200.0
2920,200.0
2921,200.0
2922,200.0
2923,200.0
2924,199.0
2925,198.0
2926,200.0
2927,200.0
2928,191.0
2929,200.0
2930,200.0
2931,200.0
2932,40.0
2933,200.0
2934,200.0
2935,199.0
2936,200.0
2937,200.0
2938,198.0
2939,78.0
2940,200.0
2941,200.0
2942,199.0
2943,70.0
2944,200.0
2945,196.0
2946,200.0
2947,200.0
2948,152.0
2949,200.0
2950,60.0
2951,200.0
2952,172.0
2953,191.0
2954,200.0
2955,200.0
2956,200.0
2957,80.0
2958,200.0
2959,200.0
2960,200.0
2961,139.0
2962,40.0
2963,200.0
2964,164.0
2965,189.0
2966,200.0
2967,200.0
2968,199.0
2969,200.0
2970,200.0
2971,200.0
2972,199.0
2973,200.0
2974,200.0
2975,200.0
2976,200.0
2977,200.0
2978,200.0
2979,200.0
2980,200.0
2981,200.0
2982,199.0
2983,152.0
2984,200.0
2985,200.0
2986,199.0
2987,200.0
2988,80.0
2989,200.0
2990,199.0
2991,200.0
2992,150.0
2993,200.0
2994,200.0
2995,200.0
2996,200.0
2997,200.0
2998,40.0
2999,199.0
3000,200.0
3001,200.0
3002,70.0
3003,20.0
3004,80.0
3005,200.0
3006,199.0
3007,200.0
3008,198.0
3009,200.0
3010,200.0
3011,200.0
3012,200.0
3013,200.0
3014,200.0
3015,200.0
3016,200.0
3017,200.0
3018,50.0
3019,200.0
3020,200.0
3021,200.0
3022,198.0
3023,80.0
3024,197.0
3025,200.0
3026,200.0
3027,200.0
3028,200.0
3029,200.0
3030,50.0
3031,50.0
3032,200.0
3033,200.0
3034,200.0
3035,200.0
3036,70.0
3037,199.0
3038,200.0
3039,199.0
3040,200.0
3041,200.0
3042,200.0
3043,200.0
3044,198.0
3045,200.0
3046,192.0
3047,197.0
3048,140.0
3049,200.0
3050,80.0
3051,199.0
3052,200.0
3053,200.0
3054,200.0
3055,200.0
3056,200.0
3057,199.0
3058,200.0
3059,20.0
3060,200.0
3061,200.0
3062,195.0
3063,200.0
3064,30.0
3065,200.0
3066,200.0
3067,168.0
3068,200.0
3069,198.0
3070,200.0
3071,70.0
3072,200.0
3073,200.0
3074,199.0
3075,200.0
3076,198.0
3077,200.0
3078,110.0
3079,80.0
3080,184.0
3081,200.0
3082,200.0
3083,199.0
3084,200.0
3085,200.0
3086,200.0
3087,198.0
3088,189.0
3089,200.0
3090,200.0
3091,200.0
3092,200.0
3093,200.0
3094,200.0
3095,199.0
3096,19.0
3097,196.0
3098,200.0
3099,197.0
3100,200.0
3101,200.0
3102,200.0
3103,200.0
3104,200.0
3105,200.0
3106,140.0
3107,200.0
3108,196.0
3109,194.0
3110,200.0
3111,200.0
3112,200.0
3113,80.0
3114,200.0
3115,197.0
3116,199.0
3117,200.0
3118,200.0
3119,197.0
3120,200.0
3121,196.0
3122,198.0
3123,200.0
3124,
3125,200.0
3126,200.0
3127,200.0
3128,200.0
3129,200.0
3130,197.0
3131,200.0
3132,200.0
3133,200.0
3134,200.0
3135,199.0
3136,200.0
3137,200.0
3138,
3139,197.0
3140,196.0
3141,160.0
3142,200.0
3143,199.0
3144,196.0
3145,
3146,200.0
3147,196.0
3148,199.0
3149,200.0
3150,197.0
3151,198.0
3152,199.0
3153,200.0
3154,200.0
3155,200.0
3156,60.0
3157,199.0
3158,200.0
3159,199.0
3160,200.0
3161,200.0
3162,200.0
3163,196.0
3164,199.0
3165,200.0
3166,199.0
3167,200.0
3168,200.0
3169,195.0
3170,80.0
3171,196.0
3172,190.0
3173,196.0
3174,
3175,160.0
3176,200.0
3177,200.0
3178,200.0
3179,198.0
3180,200.0
3181,200.0
3182,199.0
3183,200.0
3184,200.0
3185,199.0
3186,198.0
3187,193.0
3188,200.0
3189,188.0
3190,200.0
3191,200.0
3192,50.0
3193,200.0
3194,200.0
3195,199.0
3196,200.0
3197,200.0
3198,200.0
3199,200.0
3200,90.0
3201,200.0
3202,200.0
3203,110.0
3204,200.0
3205,200.0
3206,199.0
3207,140.0
3208,200.0
3209,198.0
3210,200.0
3211,199.0
3212,200.0
3213,200.0
3214,200.0
3215,200.0
3216,200.0
3217,
3218,200.0
3219,20.0
3220,200.0
3221,200.0
3222,200.0
3223,200.0
3224,200.0
3225,199.0
3226,
3227,
3228,50.0
3229,200.0
3230,200.0
3231,194.0
3232,110.0
3233,200.0
3234,196.0
3235,200.0
3236,140.0
3237,200.0
3238,200.0
3239,199.0
3240,200.0
3241,200.0
3242,200.0
3243,200.0
3244,200.0
3245,200.0
3246,78.0
3247,200.0
3248,200.0
3249,199.0
3250,200.0
3251,200.0
3252,200.0
3253,89.0
3254,199.0
3255,150.0
3256,200.0
3257,90.0
3258,200.0
3259,200.0
3260,200.0
3261,200.0
3262,200.0
3263,107.0
3264,200.0
3265,200.0
3266,197.0
3267,200.0
3268,200.0
3269,200.0
3270,200.0
3271,198.0
3272,200.0
3273,200.0
3274,196.0
3275,187.0
3276,198.0
3277,200.0
3278,198.0
3279,110.0
3280,200.0
3281,200.0
3282,200.0
3283,172.0
3284,200.0
3285,199.0
3286,199.0
3287,200.0
3288,200.0
3289,200.0
3290,199.0
3291,199.0
3292,195.0
3293,200.0
3294,195.0
3295,200.0
3296,200.0
3297,200.0
3298,200.0
3299,150.0
3300,30.0
3301,200.0
3302,200.0
3303,65.0
3304,200.0
3305,200.0
3306,186.0
3307,200.0
3308,200.0
3309,200.0
3310,80.0
3311,200.0
3312,200.0
3313,200.0
3314,200.0
3315,199.0
3316,200.0
3317,200.0
3318,200.0
3319,200.0
3320,200.0
3321,200.0
3322,199.0
3323,60.0
3324,200.0
3325,200.0
3326,200.0
3327,200.0
3328,199.0
3329,200.0
3330,200.0
3331,193.0
3332,200.0
3333,179.0
3334,200.0
3335,200.0
3336,200.0
3337,200.0
3338,200.0
3339,200.0
