0,100845
1,1008600
2,1015574
3,1015685
4,1016700
5,1020354
6,1026339
7,1027564
8,1032744
9,1032792
10,1034457
11,1037101
12,1038621
13,1039854
14,1041580
15,1050637
16,1053684
17,1061385
18,106560
19,1068136
20,1068332
21,1068721
22,1070644
23,107957
24,1100914
25,1103209
26,1106201
27,1106815
28,111973
29,1119837
30,1127280
31,1156967
32,1159440
33,1165353
34,1170123
35,1170358
36,1170926
37,1178780
38,11795
39,118745
40,1189507
41,1190808
42,119966
43,1214669
44,1215805
45,1216490
46,1216531
47,1216868
48,1219903
49,1222122
50,1222809
51,1223187
52,1223550
53,1225116
54,1227858
55,1227918
56,1230871
57,1237393
58,1237448
59,1238576
60,124340
61,1244221
62,1244709
63,1244729
64,1244758
65,1244979
66,124785
67,124831
68,1258438
69,1269997
70,1271177
71,1273448
72,1285692
73,1287470
74,1289426
75,1295158
76,1305613
77,1310336
78,1313587
79,131698
80,1323262
81,1331973
82,1332040
83,1347369
84,1348809
85,1354154
86,137846
87,1378609
88,1379805
89,1380387
90,1380683
91,1382646
92,1387408
93,1389378
94,1390259
95,1399987
96,1400318
97,1400993
98,1402436
99,1402511
100,140379
101,1407031
102,1407400
103,1410507
104,1411389
105,1419909
106,1420697
107,1421896
108,1424457
109,1424988
110,142507
111,1425144
112,1425882
113,1433382
114,1438535
115,1440609
116,1441081
117,1442634
118,1443530
119,1443761
120,1443822
121,1443893
122,1446074
123,1446277
124,1447916
125,1450194
126,1450818
127,1457680
128,1464136
129,1464282
130,1464883
131,1465605
132,1472674
133,1473496
134,1475017
135,1475068
136,1475088
137,149177
138,149305
139,149389
140,14950
141,14961
142,1496130
143,149919
144,1499451
145,1500420
146,1509551
147,151009
148,1518318
149,1519979
150,152127
151,1521530
152,1522239
153,15240
154,1525028
155,1527162
156,1530970
157,1531075
158,1533115
159,1544197
160,1547520
161,1553687
162,1555008
163,1555024
164,1555671
165,1555739
166,1556825
167,1567888
168,1571254
169,1582865
170,158918
171,1593372
172,1595118
173,1603386
174,1606517
175,1608250
176,169538
177,169919
178,173022
179,174274
180,175894
181,176706
182,176931
183,181934
184,182206
185,182234
186,185558
187,190670
188,190738
189,195815
190,196980
191,197889
192,212605
193,212705
194,216640
195,217901
196,219919
197,223383
198,226549
199,229759
200,233537
201,236002
202,237562
203,238485
204,23861
205,238702
206,245381
207,249152
208,250771
209,253407
210,253915
211,255870
212,261585
213,262407
214,267892
215,271287
216,271756
217,274119
218,27430
219,274543
220,276362
221,277695
222,277901
223,278305
224,278909
225,279723
226,28185
227,285513
228,285540
229,286092
230,286797
231,290085
232,290582
233,29227
234,29257
235,303906
236,304447
237,30690
238,315046
239,319523
240,319950
241,323383
242,323732
243,323800
244,323935
245,325099
246,329771
247,329999
248,330575
249,33741
250,337828
251,338078
252,34159
253,342655
254,343042
255,343879
256,344677
257,347554
258,351313
259,352476
260,354704
261,35732
262,35735
263,358348
264,359864
265,360746
266,365457
267,366195
268,370055
269,370617
270,370754
271,37080
272,37191
273,379810
274,380710
275,382289
276,382981
277,383294
278,384191
279,386024
280,386027
281,387651
282,389144
283,389265
284,390185
285,391213
286,391550
287,39211
288,39254
289,392752
290,39358
291,394863
292,39498
293,396537
294,399388
295,39971
296,400155
297,400830
298,402666
299,404682
300,405085
301,406228
302,483603
303,486834
304,488234
305,488760
306,489698
307,490387
308,490687
309,502956
310,503106
311,504579
312,506298
313,511270
314,511806
315,513631
316,513678
317,524316
318,528742
319,528847
320,530137
321,530164
322,532286
323,533059
324,53656
325,540320
326,548080
327,548461
328,548779
329,54935
330,54962
331,55211
332,557272
333,557898
334,559741
335,561566
336,564196
337,564415
338,564950
339,569515
340,569578
341,571376
342,57322
343,574307
344,575544
345,581367
346,583262
347,583841
348,589623
349,595179
350,59531
351,596142
352,597468
353,598216
354,598266
355,600024
356,600113
357,60061
358,602251
359,603986
360,61033
361,612345
362,612574
363,612741
364,613052
365,613333
366,615798
367,61706
368,61825
369,618390
370,620086
371,622155
372,623997
373,628122
374,628686
375,633467
376,633858
377,636845
378,637401
379,637524
380,640740
381,641668
382,642085
383,642596
384,643254
385,644173
386,644627
387,645808
388,647378
389,650507
390,65868
391,660598
392,66074
393,6614094
394,6620385
395,6624568
396,6628040
397,6636517
398,6644127
399,6644381
400,664973
401,6652476
402,6690063
403,6691103
404,6698145
405,6699115
406,6699164
407,6705207
408,6705577
409,6705646
410,6708310
411,6709588
412,6709663
413,6711728
414,6715960
415,6717395
416,6717973
417,6718626
418,6719304
419,6729520
420,6729603
421,6729795
422,6731820
423,6732950
424,6734613
425,673585
426,6736922
427,6739903
428,674186
429,6742055
430,6742735
431,6743273
432,6743587
433,6748339
434,675293
435,676908
436,6771824
437,6776285
438,6781628
439,678247
440,6788402
441,6793318
442,686837
443,687537
444,690961
445,691108
446,696980
447,714550
448,719764
449,72460
450,728241
451,728449
452,729706
453,72973
454,731474
455,74487
456,746929
457,747747
458,748732
459,750092
460,753152
461,75354
462,7544
463,754614
464,754908
465,757986
466,758546
467,76149
468,761587
469,762314
470,766528
471,767664
472,771121
473,784543
474,788773
475,789196
476,79184
477,792448
478,794800
479,795297
480,811815
481,813817
482,817656
483,817964
484,819160
485,819923
486,820850
487,823203
488,823599
489,824135
490,824397
491,832528
492,842687
493,84600
494,848440
495,848534
496,848644
497,850944
498,851925
499,854973
500,855176
501,856527
502,858856
503,86144
504,863187
505,868591
506,869108
507,869379
508,870131
509,870379
510,87542
511,876423
512,877967
513,894555
514,898627
515,904397
516,906769
517,908267
518,90888
519,91071
520,911558
521,917288
522,920932
523,926668
524,92818
525,930247
526,93672
527,93856
528,940971
529,94186
530,943426
531,943460
532,946077
533,946162
534,94751
535,948735
536,950606
537,951452
538,954008
539,959243
540,959406
541,960175
542,960780
543,961027
544,96345
545,965608
546,966097
547,970997
548,986839
549,98840
550,992985
551,995164
552,1006475
553,1007706
554,1012435
555,1014653
556,1019751
557,1022257
558,1025096
559,1025663
560,1025804
561,1028023
562,1028449
563,1028928
564,1030895
565,1039252
566,1044463
567,1047289
568,104794
569,105038
570,1052023
571,1052452
572,1053001
573,1059691
574,1062311
575,1069861
576,1069924
577,1072480
578,107353
579,107492
580,108052
581,1080999
582,108489
583,1091572
584,1094942
585,1100920
586,110476
587,1112229
588,1119538
589,1121934
590,1123511
591,1126208
592,1127194
593,1128391
594,113844
595,1152008
596,1152016
597,1154512
598,1157730
599,1158246
600,1162708
601,1163102
602,116315
603,1163407
604,1164193
605,1164252
606,116442
607,1165374
608,1176223
609,1179369
610,1179687
611,1184670
612,1184903
613,1195610
614,1196252
615,1199426
616,120221
617,1209112
618,1210643
619,1210906
620,1216602
621,1216973
622,1217694
623,1221519
624,1222235
625,1223287
626,1226888
627,122907
628,1230067
629,123065
630,1230669
631,1232154
632,1238776
633,1238827
634,1240001
635,1240084
636,124799
637,1251763
638,126082
639,1262580
640,1270194
641,1271191
642,1274072
643,1281867
644,128345
645,1290458
646,1292429
647,1294070
648,1295213
649,1296232
650,1302276
651,1306881
652,1309187
653,131665
654,1319044
655,1330029
656,1330085
657,1337139
658,134117
659,134183
660,1359036
661,1359833
662,1364771
663,1372290
664,1372297
665,1376772
666,1380050
667,1381050
668,1392602
669,1399890
670,1401759
671,140179
672,1401924
673,1402530
674,1403386
675,1404653
676,1408639
677,1412646
678,1413393
679,141405
680,1422117
681,1422129
682,1422797
683,1423247
684,1424294
685,1426148
686,1427163
687,1429075
688,1433005
689,1434126
690,1434255
691,1436975
692,1437180
693,14378
694,14379
695,1440190
696,1440534
697,1440585
698,1442505
699,1443382
700,1444995
701,1445610
702,1445639
703,1448544
704,1448857
705,1452096
706,1453479
707,1454618
708,1454999
709,1455270
710,145564
711,1455668
712,1461575
713,1461877
714,1466331
715,1474506
716,1479577
717,1479585
718,1483176
719,1483344
720,1484519
721,1485895
722,1488295
723,1497248
724,149922
725,150051
726,1505539
727,1507350
728,1518651
729,1529132
730,1541892
731,1543999
732,1544219
733,1545586
734,1549923
735,1550514
736,1552296
737,1553869
738,1554717
739,1556128
740,1556249
741,1567950
742,1568255
743,1568681
744,1568883
745,1569103
746,1569286
747,1571648
748,1571774
749,157754
750,1603842
751,169961
752,170328
753,170923
754,174121
755,174381
756,182204
757,193700
758,193767
759,200634
760,201812
761,202153
762,20264
763,2153
764,215456
765,216466
766,221376
767,222219
768,222855
769,223886
770,224178
771,22736
772,229861
773,235219
774,239493
775,242850
776,244920
777,247534
778,24862
779,249546
780,24982
781,252857
782,253223
783,253649
784,254119
785,25859
786,258922
787,259063
788,261109
789,261519
790,269188
791,273236
792,274547
793,277129
794,278206
795,28075
796,281751
797,281976
798,284505
799,288169
800,289420
801,30295
802,306833
803,310429
804,311266
805,311819
806,317880
807,318164
808,319714
809,320142
810,320302
811,321326
812,324415
813,324581
814,328926
815,331558
816,333133
817,333843
818,334677
819,33680
820,338508
821,338935
822,340369
823,343093
824,344835
825,354083
826,357363
827,36045
828,361903
829,365835
830,36646
831,36692
832,376817
833,380775
834,38078
835,383621
836,385057
837,388188
838,389786
839,390784
840,39151
841,39223
842,39238
843,392714
844,39290
845,39387
846,394369
847,397726
848,398322
849,398610
850,398860
851,399101
852,399521
853,399835
854,400166
855,400436
856,401597
857,404936
858,405501
859,406194
860,408119
861,42930
862,42957
863,43073
864,436115
865,45927
866,486518
867,488745
868,489802
869,491368
870,491810
871,492048
872,498091
873,498171
874,499733
875,501328
876,507992
877,508272
878,508296
879,508667
880,509859
881,511289
882,512741
883,515053
884,517275
885,528960
886,529795
887,530993
888,532577
889,538621
890,543315
891,544199
892,544923
893,548544
894,54939
895,551001
896,55161
897,55200
898,553178
899,559316
900,559830
901,559855
902,562809
903,564111
904,564949
905,566766
906,58011
907,581348
908,581391
909,58625
910,586969
911,587366
912,589267
913,590458
914,592377
915,593674
916,594261
917,597380
918,598187
919,599669
920,600220
921,602618
922,60316
923,603631
924,606462
925,606570
926,60771
927,610212
928,613167
929,614901
930,61548
931,616568
932,619507
933,619623
934,620365
935,623998
936,626155
937,626936
938,628252
939,628706
940,633201
941,634148
942,634208
943,640419
944,650255
945,650481
946,6612681
947,6612744
948,6623582
949,6625640
950,6634031
951,6635931
952,6640066
953,6640798
954,6643401
955,6649632
956,6658793
957,6672053
958,6674403
959,6674929
960,6692368
961,6694439
962,66945
963,6698061
964,6698566
965,6705676
966,6707616
967,6716766
968,6717265
969,6717577
970,6718480
971,6721396
972,6731803
973,6732940
974,6733551
975,6734524
976,6735172
977,6739946
978,6740324
979,6740327
980,6740822
981,674844
982,6751758
983,6761400
984,6766330
985,677126
986,678189
987,678705
988,690989
989,693418
990,695352
991,696590
992,699483
993,700097
994,702819
995,703410
996,707
997,71074
998,714969
999,718517
1000,722131
1001,727723
1002,728879
1003,731096
1004,735216
1005,74
1006,74136
1007,745031
1008,750237
1009,751523
1010,754768
1011,760185
1012,760666
1013,766266
1014,76955
1015,770461
1016,77169
1017,772012
1018,772240
1019,78579
1020,788946
1021,789211
1022,793978
1023,800071
1024,810355
1025,819554
1026,819804
1027,821859
1028,823450
1029,828291
1030,829353
1031,831160
1032,833258
1033,842571
1034,84436
1035,848926
1036,850688
1037,853238
1038,856492
1039,856691
1040,856728
1041,856942
1042,857961
1043,864225
1044,864424
1045,87735
1046,87998
1047,881949
1048,884290
1049,889265
1050,893545
1051,894734
1052,901902
1053,902187
1054,902886
1055,903794
1056,906390
1057,907332
1058,907378
1059,908539
1060,918160
1061,918245
1062,919258
1063,919657
1064,91989
1065,920497
1066,926586
1067,930177
1068,930553
1069,930622
1070,93496
1071,938343
1072,939282
1073,939412
1074,940021
1075,940654
1076,940660
1077,94195
1078,942052
1079,943163
1080,945177
1081,945620
1082,950065
1083,950447
1084,950495
1085,950528
1086,950752
1087,95105
1088,951254
1089,951289
1090,951330
1091,951426
1092,954107
1093,957248
1094,95928
1095,960823
1096,960902
1097,980470
1098,980737
1099,987551
1100,990555
1101,993917
1102,994177
1103,995334
1104,1001588
1105,100377
1106,1008
1107,1014295
1108,1014355
1109,1015425
1110,1025291
1111,1025493
1112,1026363
1113,1026800
1114,1027763
1115,1028792
1116,103119
1117,1031241
1118,1034569
1119,1034944
1120,1037691
1121,1038063
1122,1045316
1123,1045905
1124,1047560
1125,1048004
1126,1060974
1127,1061857
1128,107777
1129,1081419
1130,1100414
1131,1101954
1132,1114058
1133,111782
1134,1118008
1135,1120726
1136,1122173
1137,1122285
1138,1122516
1139,1123468
1140,1125953
1141,1126047
1142,1126785
1143,1127717
1144,1135570
1145,1158119
1146,1159090
1147,1163451
1148,1164134
1149,1168741
1150,1171794
1151,1179819
1152,1184278
1153,118630
1154,1187060
1155,1201374
1156,120558
1157,121792
1158,1223975
1159,1224189
1160,1226551
1161,1227640
1162,1236497
1163,1238249
1164,1244987
1165,1246108
1166,1246222
1167,1247215
1168,1258331
1169,1276986
1170,128217
1171,1284500
1172,1293223
1173,1294490
1174,1303702
1175,1305817
1176,1308847
1177,1312966
1178,1331035
1179,1333510
1180,1335703
1181,1345086
1182,1353134
1183,1356661
1184,136321
1185,1377894
1186,1380347
1187,1381513
1188,1386908
1189,1387570
1190,1387876
1191,1388488
1192,1392856
1193,1395437
1194,1399250
1195,1402291
1196,1405327
1197,1405839
1198,1407184
1199,1408307
1200,1412280
1201,1421721
1202,1423724
1203,1423815
1204,1423917
1205,1424601
1206,1425383
1207,1425574
1208,1425657
1209,1430262
1210,1430659
1211,1432219
1212,1432534
1213,1434930
1214,1436411
1215,1436740
1216,1438654
1217,1440631
1218,1443745
1219,1443764
1220,1452159
1221,1453292
1222,1456704
1223,1464649
1224,1471588
1225,147687
1226,1476954
1227,1483520
1228,1487835
1229,1493446
1230,1494467
1231,1498766
1232,1505806
1233,1519715
1234,1523424
1235,152377
1236,1529585
1237,1530262
1238,1532348
1239,1546404
1240,1546736
1241,1549280
1242,1550378
1243,1550687
1244,1551705
1245,1555259
1246,1555578
1247,1556061
1248,1556120
1249,1556807
1250,1568545
1251,1568738
1252,1568869
1253,1569235
1254,1572031
1255,157844
1256,1600296
1257,161426
1258,172789
1259,178460
1260,181946
1261,185138
1262,185500
1263,185511
1264,185600
1265,186519
1266,193998
1267,203975
1268,210701
1269,21496
1270,219031
1271,220749
1272,226299
1273,230021
1274,233847
1275,239360
1276,241454
1277,24978
1278,25020
1279,25022
1280,25539
1281,258534
1282,258588
1283,261123
1284,261492
1285,262996
1286,263282
1287,263713
1288,264675
1289,272182
1290,272719
1291,275833
1292,276022
1293,276802
1294,277856
1295,27941
1296,279807
1297,279840
1298,280280
1299,283022
1300,284369
1301,285849
1302,286205
1303,287031
1304,288522
1305,288617
1306,28983
1307,290861
1308,303351
1309,303855
1310,313072
1311,313637
1312,314732
1313,317266
1314,32062
1315,321793
1316,322153
1317,323045
1318,327130
1319,328035
1320,330453
1321,332929
1322,333825
1323,336967
1324,336994
1325,340253
1326,346824
1327,350920
1328,356241
1329,356763
1330,35861
1331,360335
1332,364820
1333,371252
1334,371754
1335,372955
1336,376158
1337,381871
1338,382046
1339,382760
1340,387809
1341,388057
1342,392894
1343,393508
1344,393717
1345,397673
1346,403102
1347,403804
1348,43951
1349,480070
1350,484577
1351,484615
1352,484730
1353,488467
1354,488619
1355,490631
1356,491428
1357,491652
1358,492807
1359,499198
1360,500036
1361,500648
1362,501322
1363,504030
1364,506813
1365,507193
1366,507930
1367,508515
1368,50958
1369,521306
1370,522420
1371,530305
1372,530520
1373,53416
1374,53532
1375,53661
1376,537338
1377,537938
1378,541016
1379,546802
1380,551372
1381,55402
1382,55601
1383,560455
1384,56229
1385,565591
1386,568790
1387,569977
1388,570200
1389,570725
1390,578429
1391,59929
1392,602345
1393,607448
1394,608440
1395,612066
1396,616277
1397,616524
1398,617286
1399,618466
1400,619002
1401,621977
1402,622370
1403,62456
1404,625300
1405,625683
1406,629290
1407,63222
1408,633250
1409,638684
1410,645153
1411,64554
1412,64884
1413,650397
1414,656562
1415,6629492
1416,662997
1417,663980
1418,6646549
1419,6648054
1420,6653462
1421,6672350
1422,6680376
1423,6683424
1424,6689322
1425,6689705
1426,6690220
1427,6698028
1428,6707975
1429,6716390
1430,6719474
1431,6721474
1432,6725711
1433,6728133
1434,6732701
1435,6733204
1436,6737802
1437,673982
1438,6740329
1439,6740670
1440,6743038
1441,6743675
1442,6744643
1443,6745119
1444,6746502
1445,6748810
1446,6753581
1447,675516
1448,6763913
1449,6765765
1450,6782864
1451,6783008
1452,6788284
1453,6790562
1454,68582
1455,690837
1456,691291
1457,692953
1458,693041
1459,694788
1460,694806
1461,696274
1462,699912
1463,700474
1464,71415
1465,71796
1466,723038
1467,724113
1468,72496
1469,725808
1470,726377
1471,726461
1472,731371
1473,73340
1474,748975
1475,753098
1476,755941
1477,757008
1478,758103
1479,759167
1480,762293
1481,76269
1482,762722
1483,763075
1484,76324
1485,769898
1486,770477
1487,773435
1488,790072
1489,791308
1490,792534
1491,793286
1492,795003
1493,798948
1494,799691
1495,802122
1496,812709
1497,820353
1498,820591
1499,821006
1500,829411
1501,830759
1502,83405
1503,835756
1504,83742
1505,839407
1506,843662
1507,85036
1508,852444
1509,856626
1510,857215
1511,857245
1512,857788
1513,868096
1514,871039
1515,87546
1516,876893
1517,877739
1518,878099
1519,882018
1520,887769
1521,889016
1522,893239
1523,895688
1524,896864
1525,902729
1526,903194
1527,905483
1528,911698
1529,921030
1530,92335
1531,925737
1532,938589
1533,943328
1534,945162
1535,945638
1536,949332
1537,95392
1538,959201
1539,959817
1540,960223
1541,961368
1542,96153
1543,965876
1544,97644
1545,978624
1546,979748
1547,980583
1548,980740
1549,988814
1550,991499
1551,994969
1552,996027
1553,100171
1554,1010147
1555,1010387
1556,102938
1557,103348
1558,1035774
1559,1036671
1560,1042877
1561,104299
1562,1044075
1563,1044158
1564,105095
1565,1060629
1566,1062987
1567,1070456
1568,107484
1569,10783
1570,10822
1571,1093894
1572,1102135
1573,1102654
1574,1111838
1575,1113330
1576,1122777
1577,112334
1578,1123881
1579,112477
1580,1129340
1581,1150059
1582,1152215
1583,1160657
1584,1160849
1585,1164433
1586,1178903
1587,1184735
1588,118831
1589,1199121
1590,1199456
1591,1201673
1592,120701
1593,1217829
1594,1218724
1595,1219158
1596,1225760
1597,1226544
1598,1227939
1599,1229034
1600,1231156
1601,1232118
1602,1232182
1603,1235864
1604,1236476
1605,123886
1606,1240179
1607,1244357
1608,1245724
1609,1246640
1610,1248374
1611,1251482
1612,125458
1613,12609
1614,1260908
1615,12623
1616,127104
1617,127566
1618,128192
1619,128372
1620,1286292
1621,1293657
1622,1301038
1623,130762
1624,1332824
1625,1338053
1626,13588
1627,136327
1628,1366387
1629,1373750
1630,1377879
1631,1378729
1632,1391284
1633,1394439
1634,1397841
1635,1398459
1636,1400392
1637,1401226
1638,1406192
1639,1406948
1640,1407624
1641,1408646
1642,1409003
1643,14120
1644,1413103
1645,1420783
1646,1423325
1647,1425454
1648,1425838
1649,1425869
1650,1426877
1651,1427189
1652,1428024
1653,1430070
1654,1431688
1655,1432272
1656,1433517
1657,1434306
1658,1435393
1659,1435568
1660,1436456
1661,1440045
1662,1441705
1663,1441854
1664,1442400
1665,1442729
1666,1443214
1667,1444458
1668,1449333
1669,1450947
1670,1451272
1671,1452850
1672,1454237
1673,1456731
1674,1457723
1675,1458242
1676,1460478
1677,1470555
1678,1473640
1679,1474258
1680,1494383
1681,1506138
1682,1506172
1683,1517055
1684,1522367
1685,1527365
1686,1529597
1687,1531161
1688,1531978
1689,1533093
1690,1533139
1691,1545949
1692,1549801
1693,1550390
1694,1551008
1695,1551954
1696,1552365
1697,1553074
1698,1554067
1699,1568627
1700,1568658
1701,1568751
1702,1568847
1703,1578869
1704,15889
1705,170359
1706,180036
1707,184038
1708,18558
1709,188315
1710,189385
1711,193498
1712,197486
1713,212044
1714,235781
1715,244804
1716,247633
1717,248874
1718,25227
1719,252815
1720,258994
1721,261514
1722,263823
1723,264072
1724,264112
1725,275378
1726,27586
1727,280210
1728,280884
1729,28155
1730,282518
1731,284160
1732,285291
1733,285338
1734,288923
1735,29226
1736,29424
1737,303460
1738,303536
1739,304461
1740,309716
1741,312362
1742,319579
1743,320024
1744,321021
1745,32969
1746,330565
1747,330605
1748,337771
1749,338945
1750,34213
1751,344219
1752,346188
1753,346618
1754,346947
1755,346971
1756,351653
1757,355238
1758,357528
1759,357754
1760,365337
1761,366185
1762,372596
1763,373214
1764,374448
1765,380362
1766,380593
1767,382129
1768,382291
1769,382408
1770,38271
1771,385333
1772,390449
1773,39200
1774,392443
1775,39246
1776,393221
1777,395272
1778,396027
1779,397817
1780,399872
1781,400103
1782,403483
1783,4803
1784,483893
1785,484692
1786,486507
1787,486692
1788,48955
1789,49143
1790,492006
1791,501848
1792,504094
1793,507378
1794,507908
1795,508070
1796,50831
1797,515462
1798,519219
1799,52656
1800,526744
1801,529746
1802,53778
1803,540249
1804,540381
1805,540466
1806,546980
1807,547382
1808,547922
1809,549136
1810,553177
1811,55722
1812,56206
1813,566461
1814,572563
1815,574382
1816,576455
1817,577574
1818,57855
1819,585425
1820,589151
1821,590906
1822,598175
1823,598377
1824,600616
1825,600698
1826,609421
1827,612712
1828,615530
1829,619724
1830,624121
1831,627520
1832,627573
1833,628124
1834,629361
1835,629729
1836,637342
1837,638248
1838,640919
1839,641347
1840,642100
1841,644631
1842,645626
1843,647377
1844,650837
1845,652842
1846,653630
1847,661479
1848,6627500
1849,6629857
1850,664505
1851,6647660
1852,6648646
1853,6649225
1854,6667909
1855,6700820
1856,6702253
1857,6703294
1858,6708194
1859,6710012
1860,6716885
1861,6718123
1862,6728129
1863,6729784
1864,6733141
1865,675757
1866,6765899
1867,677023
1868,6780374
1869,6786467
1870,6786626
1871,6786634
1872,678746
1873,678864
1874,6789935
1875,6790187
1876,680734
1877,685683
1878,68649
1879,691163
1880,694732
1881,696235
1882,69880
1883,702805
1884,715455
1885,718792
1886,720398
1887,731936
1888,743534
1889,749006
1890,761921
1891,762714
1892,76341
1893,76367
1894,764612
1895,76735
1896,76956
1897,77192
1898,790974
1899,791397
1900,792440
1901,794126
1902,794696
1903,794836
1904,799857
1905,810885
1906,811042
1907,811479
1908,820918
1909,82993
1910,834759
1911,834975
1912,83880
1913,848124
1914,848873
1915,849596
1916,852022
1917,864360
1918,867402
1919,867851
1920,8713
1921,8729
1922,877474
1923,903561
1924,905376
1925,905956
1926,907851
1927,908271
1928,911485
1929,91297
1930,918145
1931,919955
1932,937898
1933,93854
1934,943034
1935,944413
1936,945107
1937,945572
1938,945647
1939,948869
1940,949952
1941,950225
1942,951483
1943,954052
1944,9580
1945,960508
1946,960852
1947,961168
1948,961313
1949,965803
1950,965843
1951,970950
1952,979624
1953,980138
1954,98595
1955,986476
1956,987088
1957,989668
1958,993310
