0,1
1,7
2,3
3,1
4,2
5,1
6,3
7,1
8,3
9,4
10,7
11,2
12,3
13,2
14,2
15,6
16,5
17,6
18,6
19,1
20,2
21,2
22,5
23,3
24,3
25,3
26,4
27,3
28,8
29,2
30,4
31,2
32,2
33,2
34,2
35,2
36,2
37,1
38,3
39,1
40,2
41,1
42,6
43,4
44,3
45,2
46,3
47,2
48,4
49,2
50,5
51,2
52,3
53,2
54,6
55,3
56,3
57,3
58,1
59,4
60,2
61,4
62,3
63,2
64,3
65,2
66,4
67,2
68,4
69,2
70,1
71,2
72,3
73,4
74,4
75,3
76,5
77,2
78,2
79,4
80,1
81,3
82,3
83,1
84,2
85,1
86,4
87,3
88,2
89,1
90,1
91,4
92,1
93,4
94,4
95,3
96,4
97,4
98,4
99,5
100,1
101,6
102,1
103,2
104,3
105,1
106,2
107,3
108,4
109,1
110,5
111,1
112,3
113,1
114,5
115,1
116,2
117,1
118,1
119,1
120,2
121,1
122,2
123,4
124,2
125,3
126,2
127,1
128,3
129,2
130,3
131,4
132,2
133,2
134,2
135,1
136,3
137,7
138,2
139,6
140,2
141,2
142,3
143,3
144,1
145,1
146,3
147,5
148,4
149,3
150,5
151,3
152,2
153,5
154,2
155,1
156,2
157,2
158,2
159,3
160,1
161,3
162,2
163,3
164,7
165,6
166,3
167,3
168,3
169,1
170,3
171,7
172,1
173,4
174,1
175,1
176,6
177,6
178,4
179,3
180,3
181,6
182,2
183,3
184,5
185,2
186,4
187,3
188,2
189,5
190,3
191,4
192,3
193,3
194,4
195,7
196,1
197,4
198,7
199,2
200,2
201,8
202,6
203,4
204,4
205,2
206,2
207,1
208,4
209,3
210,3
211,1
212,8
213,6
214,5
215,2
216,4
217,5
218,7
219,9
220,5
221,1
222,2
223,3
224,3
225,2
226,3
227,6
228,5
229,3
230,7
231,4
232,5
233,1
234,5
235,4
236,2
237,1
238,4
239,3
240,2
241,4
242,5
243,5
244,1
245,4
246,4
247,3
248,1
249,2
250,1
251,2
252,3
253,3
254,2
255,2
256,4
257,1
258,3
259,3
260,4
261,1
262,2
263,4
264,2
265,3
266,1
267,4
268,2
269,1
270,2
271,3
272,6
273,2
274,3
275,3
276,2
277,2
278,2
279,5
280,5
281,2
282,1
283,7
284,1
285,2
286,1
287,9
288,4
289,2
290,4
291,3
292,4
293,5
294,5
295,7
296,4
297,2
298,1
299,2
300,2
301,4
302,2
303,3
304,5
305,2
306,3
307,3
308,3
309,2
310,2
311,3
312,2
313,3
314,1
315,2
316,2
317,2
318,1
319,6
320,4
321,1
322,1
323,2
324,6
325,6
326,2
327,1
328,5
329,5
330,5
331,4
332,1
333,1
334,3
335,2
336,2
337,1
338,2
339,2
340,3
341,2
342,4
343,1
344,2
345,2
346,3
347,2
348,2
349,5
350,1
351,4
352,2
353,2
354,3
355,6
356,3
357,5
358,1
359,1
360,1
361,2
362,1
363,2
364,1
365,4
366,2
367,5
368,6
369,3
370,3
371,1
372,2
373,2
374,3
375,3
376,2
377,2
378,1
379,6
380,2
381,4
382,6
383,9
384,2
385,3
386,4
387,2
388,4
389,4
390,4
391,3
392,3
393,9
394,2
395,4
396,2
397,1
398,1
399,1
400,2
401,1
402,2
403,3
404,3
405,1
406,1
407,5
408,3
409,7
410,4
411,4
412,2
413,3
414,5
415,2
416,1
417,1
418,3
419,1
420,1
421,5
422,2
423,4
424,3
425,2
426,3
427,4
428,5
429,1
430,4
431,1
432,3
433,1
434,2
435,3
436,3
437,5
438,1
439,2
440,1
441,3
442,4
443,1
444,1
445,2
446,3
447,1
448,3
449,6
450,1
451,1
452,3
453,3
454,6
455,7
456,1
457,3
458,4
459,2
460,4
461,3
462,1
463,2
464,3
465,2
466,2
467,2
468,1
469,2
470,2
471,4
472,2
473,8
474,3
475,3
476,2
477,2
478,6
479,2
480,2
481,2
482,5
483,2
484,3
485,6
486,3
487,4
488,3
489,4
490,2
491,5
492,2
493,2
494,2
495,3
496,5
497,5
498,1
499,2
500,2
501,8
502,4
503,7
504,3
505,5
506,4
507,3
508,4
509,2
510,3
511,3
512,2
513,4
514,7
515,2
516,4
517,1
518,3
519,3
520,3
521,3
522,4
523,6
524,2
525,5
526,3
527,3
528,2
529,2
530,2
531,7
532,8
533,3
534,4
535,1
536,3
537,2
538,5
539,6
540,2
541,3
542,4
543,2
544,4
545,1
546,2
547,2
548,3
549,5
550,2
551,8
552,8
553,6
554,1
555,3
556,3
557,4
558,5
559,2
560,1
561,2
562,1
563,3
564,4
565,4
566,2
567,1
568,6
569,3
570,2
571,3
572,5
573,2
574,2
575,2
576,2
577,4
578,7
579,4
580,1
581,3
582,2
583,3
584,1
585,2
586,6
587,3
588,2
589,4
590,1
591,1
592,2
593,2
594,4
595,2
596,1
597,3
598,4
599,2
600,1
601,1
602,5
603,1
604,3
605,4
606,5
607,2
608,3
609,1
610,3
611,4
612,3
613,5
614,4
615,1
616,6
617,3
618,1
619,4
620,4
621,8
622,3
623,1
624,1
625,3
626,4
627,3
628,4
629,1
630,8
631,4
632,4
633,2
634,6
635,2
636,3
637,1
638,4
639,4
640,3
641,5
642,2
643,6
644,4
645,2
646,3
647,2
648,3
649,2
650,2
651,1
652,1
653,2
654,1
655,4
656,1
657,4
658,1
659,2
660,2
661,2
662,1
663,5
664,3
665,2
666,3
667,7
668,5
669,4
670,2
671,1
672,3
673,2
674,5
675,3
676,4
677,1
678,3
679,1
680,2
681,7
682,4
683,2
684,1
685,2
686,2
687,3
688,1
689,3
690,2
691,3
692,2
693,5
694,5
695,1
696,1
697,2
698,4
699,2
700,3
701,3
702,1
703,2
704,1
705,1
706,1
707,2
708,1
709,1
710,4
711,1
712,1
713,2
714,1
715,4
716,2
717,2
718,1
719,8
720,2
721,4
722,3
723,1
724,4
725,2
726,3
727,3
728,2
729,4
730,1
731,3
732,3
733,3
734,2
735,2
736,1
737,6
738,7
739,3
740,3
741,3
742,5
743,2
744,2
745,6
746,2
747,1
748,1
749,2
750,1
751,3
752,5
753,4
754,2
755,4
756,5
757,6
758,5
759,3
760,3
761,4
762,2
763,6
764,3
765,3
766,5
767,8
768,2
769,3
770,4
771,3
772,7
773,4
774,3
775,8
776,2
777,5
778,2
779,6
780,7
781,4
782,2
783,2
784,3
785,7
786,2
787,4
788,1
789,2
790,4
791,2
792,2
793,5
794,6
795,2
796,3
797,5
798,3
799,3
800,4
801,5
802,1
803,4
804,3
805,2
806,4
807,2
808,7
809,2
810,3
811,1
812,1
813,2
814,5
815,1
816,3
817,2
818,3
819,3
820,2
821,2
822,1
823,4
824,3
825,1
826,1
827,2
828,3
829,6
830,3
831,2
832,8
833,2
834,6
835,1
836,5
837,3
838,1
839,4
840,2
841,5
842,3
843,3
844,3
845,3
846,2
847,2
848,1
849,1
850,4
851,2
852,3
853,2
854,3
855,1
856,1
857,3
858,5
859,2
860,5
861,1
862,4
863,5
864,1
865,7
866,1
867,1
868,1
869,3
870,6
871,2
872,3
873,3
874,2
875,4
876,4
877,2
878,3
879,2
880,5
881,5
882,3
883,4
884,5
885,4
886,1
887,3
888,2
889,2
890,5
891,2
892,5
893,5
894,6
895,3
896,3
897,3
898,3
899,3
900,1
901,5
902,1
903,3
904,1
905,1
906,4
907,2
908,1
909,4
910,1
911,1
912,1
913,4
914,3
915,3
916,2
917,3
918,2
919,3
920,8
921,3
922,5
923,2
924,3
925,3
926,5
927,3
928,3
929,1
930,6
931,1
932,1
933,1
934,5
935,1
936,4
937,4
938,2
939,2
940,4
941,3
942,4
943,6
944,1
945,2
946,9
947,3
948,2
949,3
950,2
951,2
952,2
953,3
954,3
955,4
956,1
957,2
958,5
959,2
960,4
961,2
962,4
963,4
964,4
965,3
966,4
967,2
968,5
969,3
970,2
971,1
972,4
973,4
974,2
975,5
976,5
977,6
978,4
979,3
980,2
981,2
982,3
983,4
984,1
985,4
986,2
987,4
988,2
989,1
990,4
991,2
992,3
993,2
994,3
995,4
996,7
997,6
998,3
999,6
1000,3
1001,1
1002,2
1003,2
1004,3
1005,5
1006,3
1007,5
1008,5
1009,5
1010,2
1011,2
1012,3
1013,4
1014,4
1015,5
1016,2
1017,5
1018,5
1019,2
1020,9
1021,5
1022,2
1023,2
1024,3
1025,3
1026,4
1027,2
1028,1
1029,4
1030,4
1031,2
1032,2
1033,3
1034,6
1035,3
1036,5
1037,4
1038,3
1039,2
1040,2
1041,2
1042,1
1043,1
1044,4
1045,6
1046,2
1047,3
1048,4
1049,3
1050,4
1051,5
1052,4
1053,2
1054,2
1055,3
1056,2
1057,1
1058,1
1059,1
1060,5
1061,4
1062,1
1063,1
1064,6
1065,6
1066,3
1067,4
1068,3
1069,2
1070,5
1071,3
1072,1
1073,3
1074,5
1075,5
1076,4
1077,3
1078,2
1079,4
1080,2
1081,3
1082,3
1083,2
1084,2
1085,3
1086,2
1087,2
1088,1
1089,2
1090,2
1091,3
1092,2
1093,2
1094,4
1095,1
1096,2
1097,1
1098,2
1099,5
1100,3
1101,3
1102,6
1103,4
1104,3
1105,3
1106,2
1107,3
1108,2
1109,2
1110,2
1111,2
1112,2
1113,1
1114,1
1115,1
1116,6
1117,2
1118,3
1119,2
1120,2
1121,1
1122,2
1123,1
1124,4
1125,1
1126,3
1127,2
1128,4
1129,4
1130,3
1131,1
1132,2
1133,4
1134,3
1135,2
1136,3
1137,1
1138,2
1139,4
1140,2
1141,4
1142,3
1143,2
1144,2
1145,4
1146,1
1147,1
1148,1
1149,3
1150,1
1151,3
1152,1
1153,5
1154,5
1155,2
1156,5
1157,4
1158,3
1159,3
1160,4
1161,3
1162,6
1163,1
1164,3
1165,6
1166,2
1167,4
1168,4
1169,2
1170,5
1171,2
1172,8
1173,3
1174,2
1175,1
1176,1
1177,2
1178,4
1179,3
1180,4
1181,1
1182,2
1183,1
1184,5
1185,3
1186,4
1187,3
1188,1
1189,4
1190,2
1191,4
1192,2
1193,3
1194,3
1195,1
1196,4
1197,3
1198,6
1199,2
1200,5
1201,3
1202,3
1203,4
1204,4
1205,2
1206,4
1207,2
1208,3
1209,1
1210,2
1211,2
1212,2
1213,5
1214,1
1215,1
1216,2
1217,1
1218,4
1219,2
1220,3
1221,2
1222,2
1223,2
1224,1
1225,3
1226,1
1227,9
1228,2
1229,2
1230,4
1231,2
1232,1
1233,3
1234,2
1235,4
1236,1
1237,5
1238,2
1239,2
1240,4
1241,2
1242,3
1243,2
1244,3
1245,5
1246,5
1247,3
1248,3
1249,7
1250,4
1251,4
1252,4
1253,2
1254,2
1255,5
1256,1
1257,3
1258,4
1259,2
1260,1
1261,5
1262,3
1263,5
1264,3
1265,3
1266,2
1267,1
1268,3
1269,6
1270,8
1271,3
1272,4
1273,7
1274,3
1275,1
1276,3
1277,4
1278,4
1279,2
1280,3
1281,2
1282,2
1283,4
1284,2
1285,3
1286,2
1287,4
1288,4
1289,4
1290,5
1291,2
1292,6
1293,3
1294,3
1295,2
1296,3
1297,2
1298,4
1299,1
1300,3
1301,1
1302,4
1303,2
1304,4
1305,4
1306,3
1307,5
1308,4
1309,2
1310,1
1311,2
1312,7
1313,2
1314,3
1315,3
1316,1
1317,5
1318,2
1319,6
1320,5
1321,4
1322,3
1323,1
1324,2
1325,2
1326,1
1327,1
1328,1
1329,2
1330,2
1331,2
1332,4
1333,5
1334,1
1335,2
1336,1
1337,3
1338,1
1339,6
1340,1
1341,6
1342,1
1343,4
1344,1
1345,1
1346,1
1347,1
1348,6
1349,2
1350,3
1351,4
1352,2
1353,4
1354,3
1355,1
1356,1
1357,2
1358,3
1359,6
1360,5
1361,1
1362,4
1363,3
1364,3
1365,2
1366,3
1367,2
1368,3
1369,1
1370,1
1371,1
1372,2
1373,8
1374,1
1375,7
1376,4
1377,3
1378,3
1379,4
1380,5
1381,3
1382,3
1383,2
1384,3
1385,2
1386,5
1387,2
1388,2
1389,2
1390,2
1391,4
1392,1
1393,2
1394,2
1395,4
1396,4
1397,3
1398,2
1399,4
1400,3
1401,1
1402,5
1403,4
1404,1
1405,1
1406,2
1407,4
1408,6
1409,2
1410,6
1411,4
1412,3
1413,6
1414,3
1415,6
1416,5
1417,4
1418,2
1419,2
1420,2
1421,7
1422,4
1423,3
1424,3
1425,5
1426,2
1427,3
1428,1
1429,2
1430,1
1431,5
1432,4
1433,1
1434,7
1435,3
1436,4
1437,6
1438,5
1439,1
1440,2
1441,2
1442,1
1443,1
1444,4
1445,2
1446,3
1447,2
1448,1
1449,3
1450,4
1451,2
1452,2
1453,4
1454,6
1455,2
1456,2
1457,2
1458,3
1459,2
1460,1
1461,2
1462,2
1463,1
1464,2
1465,4
1466,6
1467,2
1468,3
1469,2
1470,2
1471,3
1472,4
1473,4
1474,2
1475,3
1476,7
1477,1
1478,2
1479,3
1480,3
1481,3
1482,2
1483,3
1484,2
1485,2
1486,2
1487,2
1488,2
1489,3
1490,3
1491,5
1492,1
1493,4
1494,6
1495,5
1496,2
1497,1
1498,6
1499,5
1500,1
1501,4
1502,4
1503,4
1504,5
1505,2
1506,1
1507,5
1508,8
1509,5
1510,3
1511,4
1512,2
1513,4
1514,2
1515,4
1516,1
1517,4
1518,4
1519,1
1520,2
1521,5
1522,1
1523,2
1524,4
1525,3
1526,3
1527,1
1528,4
1529,1
1530,6
1531,7
1532,4
1533,2
1534,2
1535,1
1536,2
1537,6
1538,3
1539,1
1540,4
1541,1
1542,3
1543,3
1544,5
1545,1
1546,1
1547,5
1548,4
1549,4
1550,3
1551,3
1552,2
1553,3
1554,3
1555,3
1556,6
1557,2
1558,2
1559,2
1560,2
1561,4
1562,2
1563,3
1564,2
1565,1
1566,1
1567,2
1568,5
1569,3
1570,2
1571,2
1572,3
1573,2
1574,6
1575,1
1576,2
1577,5
1578,3
1579,3
1580,2
1581,2
1582,2
1583,2
1584,1
1585,2
1586,3
1587,4
1588,2
1589,3
1590,2
1591,3
1592,5
1593,3
1594,2
1595,4
1596,3
1597,3
1598,1
1599,3
1600,1
1601,4
1602,1
1603,2
1604,5
1605,6
1606,4
1607,2
1608,6
1609,2
1610,7
1611,4
1612,9
1613,7
1614,1
1615,5
1616,3
1617,1
1618,1
1619,4
1620,2
1621,4
1622,2
1623,2
1624,2
1625,2
1626,2
1627,6
1628,2
1629,2
1630,1
1631,2
1632,1
1633,4
1634,4
1635,4
1636,7
1637,5
1638,3
1639,6
1640,1
1641,1
1642,5
1643,4
1644,1
1645,2
1646,1
1647,3
1648,4
1649,2
1650,1
1651,3
1652,2
1653,2
1654,1
1655,2
1656,3
1657,2
1658,3
1659,2
1660,2
1661,1
1662,1
1663,3
1664,3
1665,5
1666,3
1667,3
1668,3
1669,2
1670,1
1671,2
1672,2
1673,3
1674,4
1675,1
1676,2
1677,3
1678,2
1679,1
1680,2
1681,3
1682,4
1683,3
1684,3
1685,3
1686,1
1687,4
1688,1
1689,3
1690,1
1691,7
1692,1
1693,4
1694,3
1695,6
1696,6
1697,1
1698,2
1699,3
1700,2
1701,3
1702,2
1703,2
1704,1
1705,9
1706,1
1707,1
1708,2
1709,5
1710,5
1711,3
1712,4
1713,7
1714,5
1715,5
1716,6
1717,7
1718,7
1719,2
1720,6
1721,4
1722,1
1723,2
1724,4
1725,3
1726,7
1727,2
1728,5
1729,1
1730,1
1731,3
1732,2
1733,2
1734,6
1735,3
1736,5
1737,4
1738,6
1739,4
1740,4
1741,2
1742,4
1743,3
1744,2
1745,3
1746,4
1747,4
1748,3
1749,4
1750,6
1751,1
1752,2
1753,4
1754,4
1755,1
1756,3
1757,1
1758,3
1759,3
1760,3
1761,2
1762,1
1763,1
1764,1
1765,3
1766,3
1767,2
1768,3
1769,2
1770,5
1771,1
1772,1
1773,3
1774,3
1775,3
1776,2
1777,6
1778,1
1779,1
1780,3
1781,2
1782,1
1783,3
1784,2
1785,2
1786,2
1787,2
1788,3
1789,2
1790,2
1791,2
1792,2
1793,2
1794,2
1795,2
1796,4
1797,5
1798,4
1799,4
1800,1
1801,3
1802,3
1803,3
1804,2
1805,2
1806,3
1807,4
1808,3
1809,3
1810,2
1811,7
1812,6
1813,4
1814,3
1815,1
1816,4
1817,2
1818,5
1819,1
1820,1
1821,1
1822,1
1823,2
1824,2
1825,1
1826,2
1827,3
1828,2
1829,1
1830,7
1831,3
1832,1
1833,2
1834,2
1835,2
1836,3
1837,2
1838,3
1839,3
1840,3
1841,3
1842,5
1843,3
1844,2
1845,1
1846,5
1847,3
1848,1
1849,1
1850,2
1851,3
1852,1
1853,1
1854,2
1855,5
1856,7
1857,1
1858,3
1859,2
1860,3
1861,2
1862,3
1863,2
1864,2
1865,1
1866,3
1867,2
1868,2
1869,4
1870,3
1871,2
1872,3
1873,2
1874,2
1875,2
1876,3
1877,1
1878,6
1879,2
1880,1
1881,2
1882,7
1883,8
1884,3
1885,2
1886,3
1887,3
1888,4
1889,3
1890,2
1891,2
1892,4
1893,9
1894,1
1895,6
1896,3
1897,11
1898,5
1899,2
1900,2
1901,3
1902,2
1903,2
1904,3
1905,4
1906,3
1907,5
1908,2
1909,6
1910,3
1911,3
1912,9
1913,1
1914,5
1915,4
1916,2
1917,5
1918,8
1919,5
1920,4
1921,6
1922,1
1923,6
1924,8
1925,1
1926,8
1927,2
1928,4
1929,4
1930,4
1931,3
1932,2
1933,3
1934,1
1935,4
1936,3
1937,3
1938,1
1939,8
1940,2
1941,6
1942,2
1943,2
1944,2
1945,2
1946,1
1947,2
1948,2
1949,2
1950,2
1951,1
1952,7
1953,6
1954,1
1955,3
1956,3
1957,8
1958,4
