0,1168
1,1713
2,58
3,3710
4,817
5,568
6,4464
7,404
8,1510
9,159
10,238
11,204
12,3299
13,2371
14,94
15,920
16,323
17,1322
18,2497
19,5306
20,1326
21,365
22,5082
23,2286
24,744
25,2683
26,6375
27,2965
28,593
29,2420
30,1936
31,29
32,673
33,189
34,410
35,5306
36,981
37,10970
38,510
39,556
40,399
41,10042
42,1022
43,334
44,820
45,10042
46,347
47,1417
48,947
49,811
50,5625
51,470
52,385
53,3862
54,3588
55,85
56,52
57,2805
58,746
59,1680
60,744
61,703
62,345
63,64
64,377
65,3303
66,910
67,470
68,126
69,3862
70,1046
71,823
72,1076
73,15250
74,303
75,457
76,782
77,670
78,1610
79,3872
80,4883
81,8
82,892
83,270
84,803
85,5819
86,2555
87,879
88,388
89,35
90,1826
91,408
92,1326
93,4870
94,207
95,11022
96,1827
97,5306
98,1825
99,217
100,111
101,348
102,119
103,137
104,817
105,185
106,284
107,4464
108,284
109,5625
110,10970
111,568
112,817
113,2592
114,2805
115,2592
116,124
117,2497
118,5306
119,5000
120,82
121,1277
122,2150
123,4883
124,62
125,1445
126,2497
127,175
128,593
129,
130,62
131,5819
132,399
133,4253
134,5819
135,2299
136,2683
137,5819
138,6274
139,304
140,4552
141,370
142,1503
143,274
144,76
145,922
146,17350
147,428
148,12
149,2682
150,432
151,451
152,94
153,152
154,253
155,2468
156,780
157,44
158,969
159,5082
160,4464
161,274
162,9543
163,955
164,1402
165,377
166,
167,4883
168,682
169,5306
170,819
171,703
172,5177
173,428
174,6091
175,861
176,853
177,64
178,1713
179,8343
180,1789
181,2622
182,208
183,168
184,6842
185,432
186,9046
187,2296
188,1358
189,345
190,1844
191,715
192,1610
193,237
194,1037
195,188
196,773
197,5306
198,478
199,1393
200,1088
201,1445
202,4870
203,1035
204,10454
205,618
206,1310
207,108
208,2002
209,6274
210,126
211,570
212,
213,5306
214,381
215,2682
216,5819
217,306
218,1063
219,38420
220,97
221,188
222,1342
223,462
224,499
225,4253
226,12090
227,8613
228,1936
229,586
230,319
231,1277
232,5625
233,10970
234,202
235,3834
236,440
237,3262
238,955
239,411
240,1393
241,1081
242,652
243,929
244,5033
245,1526
246,84
247,412
248,1445
249,2286
250,314
251,32
252,540
253,920
254,1936
255,2592
256,2371
257,214
258,281
259,5625
260,2098
261,1705
262,26
263,257
264,2660
265,504
266,362
267,127
268,38420
269,80
270,122
271,55
272,581
273,411
274,5819
275,229
276,2642
277,
278,1081
279,337
280,158
281,1
282,1378
283,555
284,704
285,930
286,245
287,728
288,739
289,3620
290,225
291,320
292,10454
293,942
294,818
295,583
296,725
297,4385
298,559
299,1909
300,1827
301,6375
302,14882
303,837
304,236
305,7
306,3538
307,1092
308,186
309,5819
310,5000
311,24
312,357
313,3
314,331
315,176
316,2080
317,670
318,239
319,684
320,15250
321,38420
322,1728
323,421
324,5819
325,36
326,260
327,5306
328,146
329,5463
330,353
331,8
332,5306
333,33
334,1018
335,412
336,568
337,2683
338,5082
339,221
340,628
341,2299
342,183
343,993
344,383
345,533
346,3152
347,474
348,3086
349,326
350,744
351,2683
352,234
353,409
354,367
355,125
356,930
357,2660
358,259
359,1382
360,5177
361,372
362,816
363,512
364,109
365,79
366,1277
367,326
368,1131
369,292
370,618
371,127
372,316
373,1728
374,910
375,1473
376,1277
377,5306
378,4559
379,2682
380,11408
381,13141
382,8065
383,101
384,1154
385,5819
386,1020
387,8343
388,1207
389,26
390,45
391,270
392,1132
393,616
394,2078
395,5177
396,66
397,412
398,541
399,1713
400,1464
401,2931
402,540
403,244
404,353
405,1035
406,45
407,
408,350
409,2660
410,701
411,16233
412,438
413,875
414,739
415,238
416,3152
417,5306
418,649
419,574
420,172
421,54
422,49
423,31
424,360
425,115
426,606
427,201
428,8613
429,270
430,1277
431,345
432,200
433,377
434,758
435,3862
436,556
437,615
438,1277
439,1192
440,235
441,1063
442,11022
443,38420
444,2286
445,5000
446,2683
447,2931
448,2908
449,8
450,837
451,758
452,207
453,484
454,5819
455,16233
456,634
457,
458,542
459,97
460,48
461,5306
462,5819
463,6
464,833
465,681
466,820
467,429
468,1328
469,3387
470,1728
471,565
472,1445
473,483
474,9121
475,145
476,315
477,1277
478,559
479,740
480,221
481,10454
482,5698
483,3303
484,1081
485,10042
486,3834
487,772
488,139
489,918
490,664
491,8613
492,639
493,64
494,8613
495,1082
496,136
497,593
498,2047
499,97
500,1277
501,311
502,53
503,6375
504,296
505,2660
506,704
507,285
508,137
509,555
510,127
511,145
512,66
513,422
514,346
515,178
516,1257
517,137
518,663
519,62
520,41
521,570
522,455
523,5625
524,387
525,10983
526,2683
527,84
528,987
529,1022
530,425
531,270
532,110
533,593
534,5000
535,42
536,11408
537,13149
538,279
539,3363
540,169
541,1400
542,97
543,156
544,48
545,783
546,40
547,88
548,996
549,1106
550,933
551,1063
552,186
553,4741
554,622
555,1393
556,420
557,510
558,4552
559,150
560,4595
561,309
562,350
563,13149
564,95
565,246
566,725
567,254
568,1789
569,131
570,49
571,106
572,180
573,
574,559
575,9
576,200
577,4464
578,8343
579,38420
580,1277
581,675
582,412
583,2729
584,5306
585,3411
586,158
587,6
588,56
589,544
590,259
591,142
592,5177
593,1273
594,16
595,563
596,420
597,187
598,8613
599,8523
600,8343
601,270
602,910
603,534
604,3705
605,40
606,4908
607,9121
608,289
609,52
610,1154
611,16233
612,3045
613,93
614,223
615,2683
616,816
617,1142
618,2965
619,5082
620,71
621,2024
622,323
623,555
624,234
625,620
626,10970
627,118
628,32
629,166
630,5000
631,983
632,837
633,
634,246
635,629
636,362
637,28
638,3086
639,59
640,13149
641,5306
642,3834
643,481
644,3834
645,8343
646,2769
647,4552
648,159
649,2592
650,233
651,127
652,2115
653,180
654,816
655,1277
656,1889
657,603
658,3086
659,122
660,67
661,5819
662,1466
663,335
664,535
665,209
666,536
667,246
668,252
669,3152
670,607
671,10042
672,156
673,3152
674,1466
675,367
676,3045
677,212
678,442
679,918
680,218
681,339
682,374
683,943
684,333
685,38420
686,5625
687,11022
688,1063
689,593
690,10970
691,1514
692,2468
693,44
694,2592
695,440
696,1896
697,413
698,2931
699,276
700,5082
701,383
702,195
703,21
704,703
705,758
706,703
707,5033
708,140
709,1466
710,3862
711,216
712,237
713,15
714,5000
715,677
716,652
717,618
718,29
719,1466
720,10970
721,3230
722,1596
723,180
724,6375
725,71
726,22
727,4552
728,234
729,378
730,1321
731,1896
732,15
733,262
734,1035
735,84
736,141
737,717
738,758
739,101
740,1713
741,4464
742,5
743,1018
744,2373
745,268
746,176
747,1728
748,1399
749,5306
750,2683
751,359
752,540
753,17350
754,26
755,1020
756,287
757,3299
758,904
759,2420
760,981
761,115
762,1728
763,580
764,377
765,
766,15250
767,9046
768,14882
769,10983
770,77
771,2468
772,2786
773,1790
774,5819
775,127
776,362
777,727
778,69
779,61
780,675
781,1362
782,6091
783,739
784,3152
785,4883
786,5451
787,1246
788,1157
789,
790,193
791,1728
792,1257
793,5698
794,460
795,2561
796,2592
797,4883
798,24
799,8613
800,3230
801,1357
802,2497
803,2931
804,725
805,16
806,349
807,1368
808,73
809,246
810,3086
811,316
812,339
813,611
814,5000
815,3862
816,5177
817,3411
818,1813
819,
820,725
821,11408
822,1864
823,178
824,144
825,820
826,1196
827,5033
828,8613
829,855
830,392
831,1680
832,510
833,5306
834,3152
835,2622
836,82
837,2683
838,2296
839,1406
840,1277
841,238
842,4464
843,8
844,270
845,78
846,703
847,1212
848,474
849,210
850,216
851,5463
852,2279
853,1082
854,2577
855,66
856,928
857,5819
858,107
859,1393
860,625
861,6842
862,
863,22
864,2286
865,543
866,202
867,223
868,126
869,162
870,334
871,279
872,17
873,110
874,9543
875,5000
876,2683
877,572
878,134
879,618
880,16233
881,76
882,470
883,
884,440
885,785
886,4883
887,5698
888,2682
889,206
890,8613
891,2769
892,5177
893,115
894,1151
895,661
896,834
897,3264
898,554
899,245
900,238
901,593
902,20
903,969
904,969
905,38420
906,8
907,8613
908,5698
909,510
910,8613
911,294
912,11408
913,529
914,16364
915,461
916,258
917,43
918,10983
919,581
920,38420
921,113
922,1328
923,10
924,4
925,8
926,543
927,565
928,38420
929,826
930,5625
931,19790
932,5819
933,1109
934,691
935,38420
936,1665
937,758
938,1063
939,376
940,982
941,172
942,87
943,2908
944,624
945,100
946,80
947,326
948,1417
949,2286
950,8613
951,4592
952,861
953,879
954,1827
955,4592
956,619
957,9046
958,3086
959,533
960,216
961,930
962,5819
963,619
964,1041
965,2497
966,120
967,5306
968,188
969,3299
970,1402
971,303
972,242
973,1825
974,5819
975,190
976,634
977,373
978,1775
979,878
980,23
981,512
982,880
983,9046
984,2592
985,446
986,2805
987,1063
988,3045
989,5463
990,5625
991,
992,311
993,666
994,227
995,316
996,10042
997,464
998,340
999,10454
1000,1584
1001,501
1002,1896
1003,5625
1004,303
1005,205
1006,5306
1007,479
1008,508
1009,188
1010,253
1011,8613
1012,814
1013,568
1014,1665
1015,24
1016,427
1017,1393
1018,1016
1019,152
1020,2805
1021,1179
1022,86
1023,3538
1024,487
1025,289
1026,510
1027,292
1028,227
1029,504
1030,1164
1031,22982
1032,67
1033,4592
1034,11209
1035,543
1036,377
1037,21
1038,1217
1039,1351
1040,1154
1041,1825
1042,130
1043,637
1044,2683
1045,5033
1046,57
1047,103
1048,782
1049,186
1050,2002
1051,306
1052,864
1053,1728
1054,4385
1055,237
1056,284
1057,7533
1058,521
1059,16
1060,570
1061,127
1062,419
1063,1402
1064,124
1065,814
1066,35
1067,350
1068,5306
1069,176
1070,10970
1071,2182
1072,5306
1073,2299
1074,1393
1075,1445
1076,1393
1077,280
1078,412
1079,922
1080,220
1081,763
1082,71
1083,22982
1084,8613
1085,196
1086,26
1087,13141
1088,346
1089,5306
1090,1063
1091,1277
1092,253
1093,545
1094,1473
1095,163
1096,2150
1097,17350
1098,2573
1099,460
1100,3363
1101,688
1102,360
1103,5306
1104,394
1105,24
1106,38420
1107,1027
1108,5745
1109,212
1110,1994
1111,620
1112,281
1113,3620
1114,2810
1115,1342
1116,5306
1117,34
1118,98
1119,15250
1120,568
1121,151
1122,5625
1123,374
1124,6375
1125,4883
1126,45
1127,15250
1128,844
1129,5306
1130,5000
1131,5000
1132,1046
1133,175
1134,221
1135,585
1136,597
1137,168
1138,5000
1139,853
1140,46
1141,22
1142,
1143,1417
1144,744
1145,345
1146,404
1147,1217
1148,1068
1149,419
1150,460
1151,338
1152,38420
1153,1277
1154,1063
1155,2683
1156,44
1157,1499
1158,85
1159,59
1160,150
1161,778
1162,4385
1163,227
1164,2683
1165,129
1166,80
1167,209
1168,510
1169,52
1170,1179
1171,554
1172,153
1173,1665
1174,284
1175,2115
1176,642
1177,3299
1178,1790
1179,707
1180,819
1181,1063
1182,4464
1183,382
1184,4883
1185,125
1186,79
1187,509
1188,101
1189,10042
1190,1069
1191,2098
1192,704
1193,2497
1194,279
1195,200
1196,153
1197,4741
1198,4741
1199,2351
1200,778
1201,100
1202,875
1203,2351
1204,5819
1205,5082
1206,1400
1207,2805
1208,25
1209,6091
1210,36631
1211,360
1212,1994
1213,1132
1214,130
1215,263
1216,1909
1217,840
1218,5463
1219,1046
1220,2182
1221,246
1222,10042
1223,1415
1224,360
1225,5306
1226,2592
1227,152
1228,339
1229,161
1230,507
1231,2683
1232,653
1233,146
1234,905
1235,1728
1236,22
1237,744
1238,198
1239,2592
1240,215
1241,281
1242,378
1243,652
1244,214
1245,9046
1246,1386
1247,1466
1248,2908
1249,10042
1250,147
1251,508
1252,329
1253,427
1254,1514
1255,624
1256,365
1257,617
1258,490
1259,234
1260,151
1261,1775
1262,1020
1263,1310
1264,38420
1265,122
1266,785
1267,661
1268,618
1269,2468
1270,2436
1271,1656
1272,180
1273,1022
1274,930
1275,219
1276,333
1277,38420
1278,316
1279,150
1280,198
1281,68
1282,5033
1283,1326
1284,418
1285,38420
1286,1008
1287,424
1288,593
1289,2729
1290,5306
1291,379
1292,169
1293,139
1294,1119
1295,33
1296,2182
1297,2137
1298,419
1299,5463
1300,4872
1301,188
1302,94
1303,38420
1304,134
1305,1217
1306,180
1307,52
1308,529
1309,944
1310,411
1311,2024
1312,358
1313,3152
1314,411
1315,256
1316,785
1317,3834
1318,11022
1319,879
1320,2047
1321,11408
1322,256
1323,172
1324,1864
1325,
1326,1156
1327,823
1328,9121
1329,189
1330,234
1331,218
1332,55
1333,159
1334,8
1335,2468
1336,156
1337,258
1338,939
1339,381
1340,1092
1341,125
1342,58
1343,5819
1344,134
1345,231
1346,1068
1347,7537
1348,2683
1349,6274
1350,310
1351,375
1352,326
1353,982
1354,107
1355,2729
1356,2
1357,2592
1358,2786
1359,758
1360,96
1361,9046
1362,21
1363,1728
1364,5463
1365,580
1366,772
1367,396
1368,87
1369,378
1370,1033
1371,8613
1372,4447
1373,15250
1374,5625
1375,2420
1376,1106
1377,339
1378,6842
1379,339
1380,351
1381,2660
1382,568
1383,256
1384,1386
1385,3588
1386,773
1387,
1388,1503
1389,92
1390,410
1391,40
1392,57
1393,281
1394,2135
1395,210
1396,
1397,54
1398,1076
1399,310
1400,72
1401,472
1402,1033
1403,2555
1404,3230
1405,
1406,568
1407,1610
1408,441
1409,5306
1410,196
1411,2805
1412,8613
1413,170
1414,31
1415,165
1416,216
1417,187
1418,350
1419,86
1420,467
1421,422
1422,980
1423,649
1424,603
1425,610
1426,326
1427,412
1428,624
1429,11209
1430,1242
1431,14
1432,5819
1433,172
1434,119
1435,5625
1436,378
1437,218
1438,3604
1439,195
1440,2299
1441,256
1442,5819
1443,3710
1444,1386
1445,4134
1446,8613
1447,16233
1448,1386
1449,78
1450,471
1451,78
1452,824
1453,1826
1454,551
1455,187
1456,510
1457,410
1458,3670
1459,1342
1460,230
1461,2420
1462,5306
1463,249
1464,3387
1465,356
1466,7219
1467,472
1468,2729
1469,1728
1470,1118
1471,991
1472,372
1473,36631
1474,4552
1475,125
1476,369
1477,11022
1478,50
1479,2577
1480,2497
1481,620
1482,3604
1483,1728
1484,388
1485,8613
1486,10042
1487,1085
1488,1844
1489,38420
1490,454
1491,535
1492,38420
1493,333
1494,1368
1495,3363
1496,3588
1497,168
1498,542
1499,181
1500,7
1501,535
1502,3620
1503,134
1504,2420
1505,46
1506,442
1507,5625
1508,1652
1509,1326
1510,2683
1511,554
1512,412
1513,8523
1514,568
1515,707
1516,312
1517,1063
1518,341
1519,2497
1520,997
1521,11022
1522,1665
1523,157
1524,2682
1525,618
1526,424
1527,369
1528,544
1529,345
1530,13141
1531,981
1532,2958
1533,2468
1534,1069
1535,103
1536,1406
1537,412
1538,942
1539,17350
1540,7537
1541,681
1542,624
1543,179
1544,352
1545,1368
1546,212
1547,5177
1548,1864
1549,336
1550,8613
1551,744
1552,421
1553,603
1554,1499
1555,6274
1556,224
1557,11408
1558,213
1559,510
1560,1728
1561,1328
1562,3620
1563,17350
1564,820
1565,364
1566,884
1567,420
1568,23
1569,4883
1570,11408
1571,1652
1572,618
1573,1713
1574,2683
1575,3604
1576,11408
1577,359
1578,1196
1579,38420
1580,6274
1581,377
1582,3086
1583,138
1584,363
1585,875
1586,1472
1587,1358
1588,1382
1589,1610
1590,38420
1591,490
1592,177
1593,26
1594,1969
1595,1825
1596,5819
1597,5306
1598,35
1599,117
1600,18
1601,2908
1602,4883
1603,90
1604,5306
1605,62
1606,260
1607,9046
1608,19790
1609,3506
1610,719
1611,2805
1612,11408
1613,259
1614,17350
1615,3538
1616,594
1617,724
1618,279
1619,1257
1620,1779
1621,687
1622,2080
1623,172
1624,9
1625,725
1626,1825
1627,725
1628,36
1629,785
1630,138
1631,1402
1632,118
1633,16233
1634,557
1635,5625
1636,45
1637,480
1638,922
1639,5000
1640,554
1641,206
1642,5819
1643,4134
1644,1156
1645,420
1646,282
1647,536
1648,735
1649,453
1650,64
1651,10042
1652,136
1653,239
1654,293
1655,185
1656,1351
1657,2592
1658,1491
1659,374
1660,2351
1661,2786
1662,77
1663,1378
1664,725
1665,114
1666,3045
1667,41
1668,930
1669,1656
1670,441
1671,3588
1672,1063
1673,5306
1674,3152
1675,933
1676,416
1677,159
1678,2182
1679,930
1680,2592
1681,7
1682,853
1683,529
1684,22982
1685,837
1686,100
1687,8613
1688,142
1689,221
1690,230
1691,1734
1692,778
1693,337
1694,4464
1695,1168
1696,1046
1697,758
1698,1713
1699,2683
1700,39
1701,127
1702,1277
1703,2683
1704,1994
1705,326
1706,71
1707,38420
1708,92
1709,568
1710,22982
1711,1342
1712,991
1713,38420
1714,11408
1715,809
1716,618
1717,420
1718,8613
1719,246
1720,45
1721,3299
1722,1526
1723,1326
1724,112
1725,17350
1726,374
1727,1382
1728,574
1729,814
1730,1063
1731,4883
1732,727
1733,141
1734,1445
1735,454
1736,449
1737,10454
1738,1445
1739,53
1740,261
1741,1596
1742,96
1743,272
1744,281
1745,5033
1746,377
1747,1382
1748,1326
1749,4883
1750,1910
1751,220
1752,5306
1753,2299
1754,785
1755,3299
1756,1417
1757,1092
1758,336
1759,26
1760,569
1761,4883
1762,196
1763,525
1764,94
1765,256
1766,3411
1767,304
1768,4078
1769,809
1770,155
1771,2497
1772,1277
1773,2683
1774,942
1775,188
1776,271
1777,227
1778,101
1779,568
1780,928
1781,90
1782,19790
1783,579
1784,1628
1785,2182
1786,171
1787,37
1788,1382
1789,568
1790,19790
1791,1864
1792,1386
1793,744
1794,744
1795,440
1796,977
1797,837
1798,117
1799,266
1800,1652
1801,778
1802,629
1803,1087
1804,1617
1805,2468
1806,241
1807,930
1808,38420
1809,246
1810,4741
1811,2497
1812,350
1813,295
1814,1193
1815,257
1816,5698
1817,785
1818,5819
1819,816
1820,601
1821,1386
1822,190
1823,968
1824,427
1825,1633
1826,982
1827,2115
1828,1526
1829,91
1830,454
1831,64
1832,131
1833,5000
1834,746
1835,10454
1836,512
1837,1443
1838,11209
1839,680
1840,200
1841,629
1842,3
1843,189
1844,55
1845,470
1846,226
1847,1445
1848,6375
1849,744
1850,432
1851,968
1852,14882
1853,1234
1854,510
1855,49
1856,875
1857,249
1858,336
1859,2622
1860,1994
1861,420
1862,2683
1863,8613
1864,772
1865,580
1866,9121
1867,3264
1868,438
1869,221
1870,217
1871,727
1872,620
1873,214
1874,319
1875,5625
1876,821
1877,727
1878,5306
1879,4464
1880,69
1881,9046
1882,347
1883,691
1884,2592
1885,364
1886,305
1887,350
1888,879
1889,10042
1890,142
1891,3604
1892,249
1893,382
1894,2002
1895,772
1896,28
1897,3086
1898,5177
1899,64
1900,9
1901,120
1902,652
1903,569
1904,3834
1905,4883
1906,11408
1907,570
1908,164
1909,5745
1910,163
1911,206
1912,374
1913,2577
1914,208
1915,942
1916,687
1917,905
1918,522
1919,529
1920,615
1921,4883
1922,2683
1923,758
1924,27
1925,944
1926,4977
1927,8613
1928,117
1929,350
1930,218
1931,821
1932,3299
1933,2098
1934,595
1935,1445
1936,2683
1937,293
1938,345
1939,668
1940,426
1941,472
1942,7
1943,5306
1944,231
1945,13141
1946,1393
1947,264
1948,87
1949,8613
1950,639
1951,10970
1952,1503
1953,1910
1954,622
1955,3705
1956,400
1957,174
1958,1617
