0,11942
1,10264
2,14042
3,3996
4,12494
5,2302
6,7712
7,453
8,11382
9,8336
10,384
11,18490
12,18918
13,4394
14,8587
15,78
16,3772
17,394
18,18974
19,418
20,5923
21,9136
22,3183
23,4196
24,19043
25,38528
26,6582
27,7342
28,273
29,1594
30,22570
31,425
32,530
33,22537
34,4062
35,1243
36,5515
37,4721
38,408
39,1981
40,3040
41,39410
42,127
43,7933
44,2306
45,5065
46,124
47,19752
48,26793
49,568
50,474
51,1086
52,10762
53,6587
54,2514
55,866
56,15335
57,17424
58,34254
59,57618
60,19043
61,43
62,4062
63,1
64,6267
65,985
66,23228
67,92
68,21934
69,837
70,12940
71,1673
72,17424
73,48
74,50
75,13160
76,14042
77,4774
78,246
79,15830
80,2616
81,23228
82,5515
83,2899
84,6587
85,1524
86,3099
87,99
88,17424
89,2091
90,21934
91,6394
92,5515
93,275
94,12943
95,189
96,8336
97,2422
98,1201
99,6363
100,732
101,322
102,249
103,6363
104,752
105,937
106,10787
107,31068
108,1979
109,646
110,13016
111,443
112,33517
113,3476
114,57618
115,23409
116,1515
117,2951
118,17116
119,241
120,1594
121,23228
122,7732
123,1940
124,1290
125,1084
126,422
127,225
128,38528
129,4196
130,10245
131,17116
132,276
133,376
134,7844
135,17116
136,19043
137,19043
138,7472
139,12494
140,3923
141,26793
142,12595
143,3227
144,273
145,34173
146,8336
147,2151
148,15335
149,908
150,406
151,31068
152,2469
153,7933
154,95
155,3053
156,354
157,2951
158,1252
159,1163
160,3227
161,718
162,2384
163,4196
164,7472
165,466
166,156
167,16419
168,5626
169,2439
170,8862
171,23409
172,
173,15830
174,2065
175,841
176,1109
177,39410
178,1154
179,42
180,786
181,5923
182,1683
183,577
184,22570
185,6899
186,11426
187,155
188,918
189,319
190,420
191,1680
192,9069
193,4557
194,1913
195,18974
196,19043
197,122
198,4990
199,565
200,1751
201,4365
202,3227
203,4672
204,1265
205,1159
206,23228
207,3263
208,1463
209,13016
210,4740
211,776
212,4940
213,5429
214,260
215,390
216,1
217,2223
218,2133
219,2323
220,3181
221,135
222,8862
223,423
224,24325
225,52685
226,7869
227,416
228,3322
229,980
230,1701
231,3361
232,246
233,144927
234,1259
235,1776
236,362
237,2207
238,1535
239,4394
240,123
241,4652
242,22537
243,3856
244,784
245,3476
246,931
247,5036
248,1002
249,564
250,8336
251,1054
252,4033
253,12494
254,42
255,17424
256,14750
257,7869
258,497
259,806
260,16052
261,5553
262,12373
263,1201
264,8065
265,10264
266,8587
267,8065
268,19043
269,5064
270,1351
271,144927
272,182
273,909
274,34173
275,12595
276,2415
277,4672
278,2151
279,604
280,700
281,38528
282,31068
283,17424
284,33517
285,1940
286,2308
287,256
288,76
289,13160
290,678
291,834
292,1055
293,39411
294,16052
295,12373
296,5991
297,16052
298,3811
299,12595
300,6587
301,312
302,917
303,156
304,17424
305,23228
306,692
307,1487
308,7869
309,7481
310,6710
311,4859
312,2955
313,1620
314,342
315,9678
316,19043
317,2820
318,5
319,24325
320,121
321,7509
322,6646
323,42
324,3214
325,1918
326,2738
327,6036
328,520
329,528
330,6357
331,14750
332,13016
333,4743
334,16670
335,32
336,21934
337,17424
338,807
339,20991
340,18974
341,1084
342,2136
343,2770
344,2938
345,152
346,3762
347,20991
348,1717
349,34173
350,8587
351,276
352,16668
353,20991
354,144927
355,4940
356,405
357,11665
358,23228
359,12940
360,21440
361,5515
362,24325
363,195
364,860
365,995
366,567
367,37220
368,34173
369,73
370,17116
371,5395
372,441
373,34173
374,1816
375,13016
376,16106
377,21934
378,865
379,3232
380,762
381,706
382,117
383,4016
384,2083
385,218
386,3232
387,442
388,329
389,57618
390,34173
391,4526
392,72
393,55
394,17424
395,14545
396,2701
397,13246
398,530
399,692
400,13246
401,7295
402,2526
403,21934
404,10386
405,7869
406,1628
407,7247
408,34173
409,12940
410,2330
411,972
412,34254
413,1312
414,10245
415,2422
416,79
417,3460
418,39411
419,531
420,327
421,23228
422,7472
423,8333
424,13160
425,262
426,1340
427,34173
428,635
429,52685
430,7869
431,39411
432,4265
433,6585
434,6190
435,16668
436,2195
437,571
438,1671
439,604
440,716
441,2193
442,22537
443,27
444,7064
445,7859
446,264
447,778
448,34173
449,15830
450,22570
451,
452,15335
453,14750
454,8587
455,239
456,202
457,26793
458,21934
459,3398
460,7380
461,2055
462,34173
463,4940
464,1375
465,14043
466,4859
467,13016
468,2616
469,1576
470,7836
471,11382
472,6587
473,2301
474,1024
475,26793
476,8336
477,6190
478,2902
479,3598
480,5475
481,8049
482,1553
483,4284
484,5572
485,26793
486,144927
487,2951
488,21934
489,201
490,2948
491,3047
492,6394
493,3183
494,13078
495,2938
496,1620
497,2083
498,2527
499,2758
500,121
501,1940
502,624
503,19043
504,2951
505,26793
506,23409
507,19043
508,5571
509,17116
510,3377
511,1238
512,1959
513,2360
514,19043
515,14750
516,23409
517,3227
518,13016
519,211
520,13160
521,1141
522,9431
523,1979
524,1114
525,14042
526,1321
527,8437
528,5928
529,1245
530,824
531,1386
532,7693
533,21440
534,959
535,23409
536,144927
537,17424
538,692
539,3580
540,8250
541,3214
542,3476
543,5382
544,134
545,2065
546,34173
547,692
548,189
549,106
550,288
551,34173
552,15830
553,6899
554,2601
555,2585
556,3814
557,37206
558,310
559,6142
560,2919
561,5438
562,12499
563,3038
564,510
565,5626
566,4408
567,34173
568,31068
569,3322
570,1592
571,21934
572,34173
573,178
574,10787
575,39410
576,2087
577,5659
578,6374
579,2885
580,6357
581,1532
582,2730
583,4740
584,1344
585,16670
586,3183
587,17424
588,23228
589,13387
590,23228
591,888
592,698
593,3227
594,4394
595,1713
596,341
597,8336
598,2938
599,1727
600,841
601,4016
602,359
603,149
604,10787
605,5515
606,343
607,841
608,1958
609,5064
610,555
611,4265
612,39411
613,423
614,
615,16419
616,926
617,15830
618,660
619,34173
620,1028
621,3996
622,1501
623,4196
624,359
625,125
626,144927
627,4740
628,109
629,912
630,23228
631,21537
632,74
633,1347
634,362
635,10883
636,37206
637,557
638,191
639,842
640,113
641,69
642,23228
643,1152
644,1239
645,1259
646,842
647,21257
648,34
649,3183
650,144927
651,11942
652,1387
653,15335
654,17424
655,2616
656,7693
657,665
658,3476
659,5659
660,8336
661,57618
662,23409
663,1387
664,572
665,7380
666,4196
667,1106
668,2938
669,4672
670,5572
671,22570
672,869
673,1386
674,31068
675,4008
676,3232
677,995
678,17424
679,3414
680,563
681,1167
682,19043
683,94
684,9230
685,289
686,1172
687,309
688,10787
689,23409
690,48
691,4048
692,37206
693,22537
694,1851
695,10264
696,24325
697,2365
698,5768
699,379
700,14750
701,912
702,129
703,249
704,78
705,2200
706,1537
707,328
708,6337
709,18774
710,1324
711,97
712,1889
713,1243
714,2571
715,7869
716,2974
717,157
718,19043
719,112
720,26793
721,1290
722,2756
723,1442
724,6899
725,6154
726,23409
727,1181
728,5475
729,6899
730,244
731,797
732,4196
733,1172
734,5572
735,2083
736,17116
737,19043
738,11382
739,5382
740,34173
741,26793
742,1422
743,11382
744,9230
745,34173
746,109
747,2272
748,23228
749,3035
750,144927
751,13160
752,1239
753,1815
754,1148
755,10560
756,85
757,6357
758,163
759,
760,810
761,37206
762,34173
763,1394
764,2076
765,675
766,144927
767,12465
768,15830
769,829
770,430
771,11665
772,5382
773,22537
774,6453
775,4048
776,13078
777,5395
778,1472
779,1201
780,3360
781,2635
782,2469
783,2695
784,1290
785,81
786,10883
787,144927
788,2100
789,7380
790,1061
791,813
792,3811
793,2308
794,144927
795,5553
796,21934
797,1487
798,3981
799,23479
800,6241
801,29
802,2955
803,3811
804,144927
805,312
806,14545
807,4284
808,16746
809,2616
810,22570
811,5553
812,31068
813,3814
814,2216
815,16668
816,2224
817,299
818,1879
819,31068
820,6267
821,2091
822,26793
823,1324
824,2308
825,23479
826,301
827,6646
828,401
829,6710
830,39411
831,359
832,39410
833,2398
834,8587
835,4740
836,26793
837,22537
838,55
839,270
840,408
841,13246
842,1766
843,766
844,330
845,8336
846,899
847,5572
848,627
849,45
850,6646
851,16670
852,711
853,12352
854,6899
855,17424
856,9932
857,144927
858,678
859,34173
860,4953
861,636
862,1394
863,2256
864,2207
865,1109
866,7933
867,2540
868,7467
869,607
870,22537
871,5731
872,13016
873,34173
874,255
875,898
876,3367
877,16106
878,15335
879,142
880,2055
881,349
882,1631
883,265
884,2443
885,2091
886,3232
887,8587
888,33517
889,20991
890,766
891,5928
892,931
893,22570
894,806
895,2641
896,5382
897,4284
898,33517
899,1344
900,23228
901,2514
902,1815
903,52685
904,15335
905,3414
906,239
907,37220
908,2872
909,909
910,37220
911,401
912,932
913,23479
914,21934
915,2290
916,57618
917,23409
918,39411
919,1610
920,4557
921,24
922,9431
923,1192
924,5987
925,13387
926,816
927,423
928,22537
929,834
930,849
931,31068
932,37206
933,7869
934,1172
935,2601
936,6714
937,79
938,249
939,3414
940,1324
941,4990
942,3299
943,3037
944,126
945,7085
946,664
947,17424
948,1741
949,7732
950,283
951,17116
952,390
953,1121
954,537
955,2738
956,975
957,679
958,4196
959,17424
960,637
961,590
962,1791
963,270
964,34173
965,16670
966,1075
967,16746
968,5065
969,144927
970,26793
971,4774
972,13160
973,1167
974,144927
975,383
976,592
977,451
978,77
979,8650
980,917
981,4953
982,22537
983,1075
984,2602
985,248
986,15335
987,10708
988,3102
989,16052
990,18918
991,2886
992,23228
993,5769
994,148
995,14999
996,23409
997,74
998,48
999,1547
1000,2514
1001,3856
1002,611
1003,12940
1004,4325
1005,1431
1006,21934
1007,12465
1008,16746
1009,762
1010,2938
1011,1169
1012,33517
1013,178
1014,37206
1015,2193
1016,13246
1017,447
1018,2209
1019,6899
1020,16746
1021,3214
1022,12595
1023,121
1024,4394
1025,14043
1026,13246
1027,779
1028,947
1029,1541
1030,15830
1031,17424
1032,3158
1033,386
1034,2061
1035,
1036,771
1037,1997
1038,11942
1039,26793
1040,9144
1041,52685
1042,21934
1043,13246
1044,1173
1045,5492
1046,1027
1047,106
1048,3377
1049,672
1050,1028
1051,33517
1052,908
1053,13246
1054,26793
1055,16670
1056,1840
1057,7869
1058,144927
1059,816
1060,1448
1061,438
1062,20
1063,6587
1064,34254
1065,2231
1066,1169
1067,52685
1068,4196
1069,1692
1070,21537
1071,34173
1072,26793
1073,383
1074,17116
1075,2951
1076,33517
1077,314
1078,6710
1079,21934
1080,1773
1081,2004
1082,778
1083,409
1084,316
1085,9230
1086,2021
1087,5923
1088,15335
1089,20991
1090,4239
1091,1026
1092,2165
1093,5073
1094,17116
1095,1013
1096,767
1097,4428
1098,1259
1099,2231
1100,8650
1101,69
1102,18774
1103,9230
1104,3981
1105,1572
1106,7625
1107,12940
1108,1532
1109,5553
1110,351
1111,2867
1112,10230
1113,8336
1114,56
1115,19043
1116,52685
1117,3151
1118,671
1119,39411
1120,4016
1121,34173
1122,13078
1123,10104
1124,5269
1125,5395
1126,37206
1127,11382
1128,4743
1129,23228
1130,215
1131,256
1132,1118
1133,144927
1134,19043
1135,16668
1136,13078
1137,18774
1138,641
1139,1286
1140,1981
1141,8336
1142,88
1143,1439
1144,864
1145,14750
1146,
1147,435
1148,3996
1149,2285
1150,9136
1151,34173
1152,16419
1153,19043
1154,1717
1155,1142
1156,320
1157,572
1158,34254
1159,7342
1160,1537
1161,716
1162,1505
1163,20991
1164,26793
1165,8336
1166,23228
1167,98
1168,144927
1169,1106
1170,1440
1171,235
1172,7918
1173,636
1174,8333
1175,7869
1176,2651
1177,1375
1178,1086
1179,413
1180,13016
1181,1478
1182,3654
1183,1643
1184,1940
1185,860
1186,8587
1187,34173
1188,12465
1189,2384
1190,3999
1191,7693
1192,2231
1193,815
1194,16670
1195,3157
1196,1192
1197,7869
1198,294
1199,9678
1200,23228
1201,11665
1202,18490
1203,154
1204,1442
1205,301
1206,6036
1207,3230
1208,2174
1209,13016
1210,4060
1211,23228
1212,9069
1213,667
1214,10104
1215,1979
1216,5036
1217,9136
1218,2542
1219,10245
1220,6587
1221,3856
1222,1260
1223,945
1224,6710
1225,745
1226,19043
1227,315
1228,34173
1229,597
1230,21934
1231,1455
1232,7467
1233,2579
1234,2290
1235,5515
1236,23228
1237,698
1238,1717
1239,7869
1240,1020
1241,37206
1242,4408
1243,1115
1244,23228
1245,146
1246,350
1247,2978
1248,8587
1249,302
1250,3598
1251,2826
1252,494
1253,31068
1254,772
1255,1323
1256,9965
1257,22537
1258,14750
1259,21934
1260,2579
1261,2951
1262,3811
1263,
1264,1434
1265,23228
1266,19043
1267,1084
1268,1238
1269,37206
1270,865
1271,898
1272,15335
1273,388
1274,1363
1275,15830
1276,4344
1277,5567
1278,14999
1279,3133
1280,5382
1281,235
1282,7869
1283,5126
1284,5553
1285,1096
1286,936
1287,33517
1288,1756
1289,865
1290,2202
1291,11464
1292,13160
1293,2602
1294,56
1295,7049
1296,14042
1297,52685
1298,23228
1299,5626
1300,1572
1301,7295
1302,4065
1303,17424
1304,8336
1305,286
1306,10264
1307,16746
1308,4196
1309,16670
1310,13016
1311,1959
1312,34173
1313,6337
1314,14750
1315,799
1316,
1317,666
1318,909
1319,3084
1320,1920
1321,3232
1322,37206
1323,23228
1324,144927
1325,4743
1326,1277
1327,2193
1328,271
1329,48
1330,4953
1331,312
1332,355
1333,22537
1334,14043
1335,6587
1336,398
1337,19043
1338,38528
1339,15830
1340,356
1341,5626
1342,3183
1343,46
1344,640
1345,2091
1346,399
1347,17116
1348,4940
1349,860
1350,406
1351,5567
1352,220
1353,13246
1354,1345
1355,144927
1356,13078
1357,121
1358,2899
1359,23228
1360,1510
1361,3598
1362,632
1363,23228
1364,4021
1365,698
1366,1766
1367,8250
1368,5515
1369,144927
1370,807
1371,59
1372,64
1373,2542
1374,56
1375,388
1376,8742
1377,
1378,39411
1379,7869
1380,2283
1381,6714
1382,10560
1383,3232
1384,7869
1385,3265
1386,9230
1387,22570
1388,7869
1389,11942
1390,4652
1391,334
1392,18918
1393,531
1394,3232
1395,6899
1396,12465
1397,37206
1398,1873
1399,3745
1400,13387
1401,344
1402,1959
1403,16668
1404,2136
1405,917
1406,34173
1407,5928
1408,1535
1409,5515
1410,239
1411,1390
1412,
1413,788
1414,57618
1415,2701
1416,138
1417,7933
1418,931
1419,1115
1420,16746
1421,11942
1422,2083
1423,3598
1424,9136
1425,7732
1426,146
1427,749
1428,
1429,5065
1430,411
1431,3358
1432,3811
1433,1448
1434,2283
1435,286
1436,2847
1437,2094
1438,8650
1439,12465
1440,16052
1441,5923
1442,8336
1443,1366
1444,338
1445,24325
1446,7295
1447,4859
1448,4774
1449,12943
1450,3598
1451,23228
1452,22537
1453,1198
1454,8336
1455,13508
1456,6587
1457,19043
1458,3923
1459,888
1460,31068
1461,23228
1462,294
1463,24325
1464,1949
1465,4196
1466,1610
1467,2469
1468,1340
1469,16668
1470,611
1471,3035
1472,9804
1473,342
1474,26151
1475,
1476,2422
1477,2091
1478,6337
1479,4743
1480,4325
1481,806
1482,34173
1483,318
1484,1838
1485,116
1486,2120
1487,1547
1488,799
1489,11013
1490,17116
1491,
1492,279
1493,1234
1494,18774
1495,1
1496,11382
1497,3377
1498,16419
1499,78
1500,558
1501,8250
1502,34254
1503,577
1504,7869
1505,23409
1506,4990
1507,13078
1508,
1509,2083
1510,7159
1511,4740
1512,24325
1513,144927
1514,16668
1515,4953
1516,1969
1517,16419
1518,20
1519,2485
1520,26793
1521,22537
1522,1013
1523,26793
1524,531
1525,1673
1526,1417
1527,7045
1528,13016
1529,4145
1530,17116
1531,14750
1532,801
1533,34254
1534,7869
1535,8587
1536,23228
1537,8972
1538,636
1539,31068
1540,2199
1541,1062
1542,3977
1543,2899
1544,144927
1545,3037
1546,143
1547,1440
1548,105
1549,2938
1550,1925
1551,8862
1552,2956
1553,26793
1554,161
1555,19752
1556,13016
1557,1061
1558,7732
1559,4284
1560,12465
1561,1133
1562,4325
1563,5572
1564,8336
1565,206
1566,590
1567,754
1568,3361
1569,5553
1570,3230
1571,39411
1572,1252
1573,21537
1574,22570
1575,10118
1576,
1577,1979
1578,13246
1579,
1580,4145
1581,1518
1582,6587
1583,1673
1584,10883
1585,517
1586,1386
1587,243
1588,211
1589,244
1590,10230
1591,2898
1592,13246
1593,6357
1594,268
1595,5923
1596,383
1597,7387
1598,12943
1599,720
1600,39411
1601,303
1602,15830
1603,4721
1604,11464
1605,10264
1606,1219
1607,14750
1608,14999
1609,24325
1610,18774
1611,23228
1612,2961
1613,7869
1614,6899
1615,6714
1616,144927
1617,9493
1618,9069
1619,34173
1620,13246
1621,6209
1622,10883
1623,517
1624,11464
1625,5651
1626,5626
1627,24325
1628,2961
1629,3214
1630,7064
1631,1192
1632,16153
1633,3227
1634,7859
1635,16052
1636,144927
1637,125
1638,165
1639,34173
1640,967
1641,5567
1642,2398
1643,2290
1644,2585
1645,22537
1646,1219
1647,2819
1648,34254
1649,3377
1650,31068
1651,4517
1652,115
1653,8333
1654,34173
1655,22570
1656,14750
1657,449
1658,5036
1659,5515
1660,13160
1661,3360
1662,1239
1663,3
1664,22537
1665,672
1666,31068
1667,2616
1668,972
1669,18974
1670,2231
1671,42
1672,219
1673,9965
1674,
1675,535
1676,8587
1677,
1678,696
1679,144927
1680,2886
1681,1041
1682,3977
1683,116
1684,3183
1685,592
1686,20991
1687,5991
1688,33517
1689,126
1690,140
1691,39411
1692,834
1693,3227
1694,1173
1695,488
1696,515
1697,7712
1698,144927
1699,2867
1700,308
1701,6337
1702,2239
1703,10104
1704,19043
1705,493
1706,3214
1707,15335
1708,9136
1709,4526
1710,531
1711,11426
1712,12465
1713,83
1714,114
1715,1889
1716,3981
1717,311
1718,34173
1719,34173
1720,22537
1721,1129
1722,57618
1723,1673
1724,1680
1725,1023
1726,23228
1727,569
1728,8587
1729,4672
1730,22537
1731,12943
1732,1417
1733,688
1734,34173
1735,17424
1736,144927
1737,438
1738,2083
1739,12494
1740,1751
1741,10230
1742,5553
1743,23228
1744,582
1745,254
1746,364
1747,2231
1748,5928
1749,52685
1750,3100
1751,1436
1752,537
1753,14043
1754,1069
1755,862
1756,144927
1757,5382
1758,10264
1759,4284
1760,21934
1761,2083
1762,18974
1763,3414
1764,38528
1765,2350
1766,1201
1767,79
1768,12943
1769,360
1770,3923
1771,260
1772,984
1773,10245
1774,235
1775,23409
1776,31068
1777,980
1778,4008
1779,568
1780,125
1781,1502
1782,275
1783,1006
1784,14750
1785,3814
1786,1121
1787,2101
1788,575
1789,22570
1790,4016
1791,2819
1792,787
1793,806
1794,5572
1795,144927
1796,22537
1797,9431
1798,1290
1799,6646
1800,716
1801,5651
1802,295
1803,2961
1804,5706
1805,248
1806,609
1807,7085
1808,
1809,1152
1810,493
1811,5923
1812,1478
1813,661
1814,806
1815,1013
1816,34173
1817,666
1818,629
1819,7869
1820,7693
1821,107
1822,4313
1823,5395
1824,334
1825,22537
1826,152
1827,7693
1828,784
1829,10292
1830,1417
1831,3814
1832,1912
1833,8862
1834,21934
1835,2951
1836,914
1837,23409
1838,16052
1839,33517
1840,21934
1841,3811
1842,2004
1843,20991
1844,187
1845,621
1846,1028
1847,13078
1848,3814
1849,1144
1850,4179
1851,33517
1852,14042
1853,11464
1854,2439
1855,133
1856,16668
1857,672
1858,13246
1859,11382
1860,637
1861,
1862,13246
1863,3582
1864,14043
1865,2876
1866,7295
1867,15335
1868,4990
1869,787
1870,77
1871,4990
1872,849
1873,14750
1874,1388
1875,7869
1876,5553
1877,4880
1878,839
1879,1701
1880,12373
1881,7869
1882,8336
1883,314
1884,4179
1885,3414
1886,6714
1887,39411
1888,1300
1889,2819
1890,1607
1891,494
1892,19043
1893,2336
1894,1006
1895,3385
1896,10230
1897,50
1898,3214
1899,34173
1900,1252
1901,156
1902,34173
1903,1368
1904,7693
1905,4871
1906,417
1907,731
1908,1936
1909,12
1910,5382
1911,5395
1912,34173
1913,1417
1914,416
1915,16746
1916,457
1917,7869
1918,14750
1919,33517
1920,33517
1921,11464
1922,13508
1923,26793
1924,235
1925,250
1926,75
1927,22537
1928,2616
1929,34173
1930,4325
1931,4062
1932,34173
1933,2091
1934,34173
1935,517
1936,31068
1937,931
1938,5429
1939,16668
1940,3443
1941,1592
1942,1297
1943,302
1944,636
1945,12499
1946,5364
1947,17116
1948,4196
1949,355
1950,14999
1951,4557
1952,10264
1953,755
1954,129
1955,3227
1956,5923
1957,824
1958,23228
1959,5928
1960,6899
1961,24325
1962,1940
1963,307
1964,22537
1965,5515
1966,4033
1967,2955
1968,10560
1969,39411
1970,2692
1971,407
1972,57618
1973,877
1974,4321
1975,34173
1976,3099
1977,34173
1978,331
1979,34173
1980,493
1981,4284
1982,10883
1983,5065
1984,4325
1985,4497
1986,1434
1987,8333
1988,626
1989,9965
1990,181
1991,2635
1992,14042
1993,677
1994,34173
1995,632
1996,
1997,2648
1998,5956
1999,519
2000,529
2001,34173
2002,2968
2003,1026
2004,15335
2005,22537
2006,144927
2007,7732
2008,10264
2009,34173
2010,2100
2011,7461
2012,5438
2013,8336
2014,22537
2015,22537
2016,1312
2017,1192
2018,1838
2019,1723
2020,24325
2021,2308
2022,39410
2023,23479
2024,9965
2025,837
2026,914
2027,23228
2028,1854
2029,681
2030,13246
2031,37220
2032,34173
2033,2956
2034,34173
2035,5382
2036,26793
2037,25
2038,1598
2039,726
2040,1544
2041,877
2042,14750
2043,2290
2044,3084
2045,716
2046,
2047,43
2048,22570
2049,12943
2050,16668
2051,2256
2052,1279
2053,17116
2054,150
2055,5677
2056,10787
2057,2968
2058,1436
2059,1538
2060,5515
2061,2951
2062,1515
2063,829
2064,172
2065,26151
2066,5515
2067,2215
2068,17116
2069,20991
2070,1713
2071,19
2072,24325
2073,5382
2074,260
2075,3676
2076,26793
2077,13246
2078,34254
2079,1683
2080,2579
2081,5991
2082,9997
2083,5198
2084,416
2085,6357
2086,726
2087,
2088,445
2089,23228
2090,16419
2091,7933
2092,1351
2093,1741
2094,971
2095,695
2096,246
2097,643
2098,2384
2099,726
2100,2365
2101,1097
2102,3227
2103,6357
2104,2021
2105,4008
2106,917
2107,21934
2108,34173
2109,2951
2110,37206
2111,34173
2112,1594
2113,22537
2114,786
2115,1620
2116,4620
2117,5592
2118,21
2119,7380
2120,17424
2121,34173
2122,144927
2123,13078
2124,3811
2125,1773
2126,3385
2127,7342
2128,3259
2129,3146
2130,37220
2131,4859
2132,3227
2133,4940
2134,3814
2135,7693
2136,681
2137,17424
2138,11382
2139,34173
2140,5036
2141,7844
2142,331
2143,1487
2144,1802
2145,18974
2146,13078
2147,16106
2148,1456
2149,1388
2150,1199
2151,1717
2152,12494
2153,11464
2154,13246
2155,21934
2156,7693
2157,918
2158,32
2159,21934
2160,2651
2161,33517
2162,7295
2163,4456
2164,475
2165,5659
2166,17116
2167,2231
2168,3040
2169,101
2170,7693
2171,20991
2172,11665
2173,3955
2174,3582
2175,4179
2176,14750
2177,5382
2178,34173
2179,7869
2180,9705
2181,37220
2182,709
2183,6646
2184,52685
2185,330
2186,34173
2187,24325
2188,3814
2189,1243
2190,1654
2191,965
2192,13078
2193,13387
2194,15830
2195,14545
2196,2951
2197,481
2198,1751
2199,13016
2200,770
2201,37
2202,2692
2203,230
2204,230
2205,125
2206,1979
2207,1361
2208,386
2209,17424
2210,4940
2211,
2212,7159
2213,246
2214,1477
2215,21934
2216,
2217,3856
2218,4777
2219,5571
2220,825
2221,2793
2222,1518
2223,8333
2224,10560
2225,1913
2226,78
2227,1154
2228,39410
2229,1442
2230,22537
2231,81
2232,562
2233,26793
2234,147
2235,9493
2236,1324
2237,144927
2238,5064
2239,2651
2240,268
2241,695
2242,2136
2243,2312
2244,3214
2245,1879
2246,1041
2247,1448
2248,11942
2249,17116
2250,1403
2251,14750
2252,351
2253,16052
2254,3981
2255,1920
2256,1282
2257,88
2258,6710
2259,34173
2260,1717
2261,196
2262,13016
2263,17116
2264,23228
2265,1012
2266,17116
2267,94
2268,4313
2269,3772
2270,2602
2271,799
2272,376
2273,16419
2274,1386
2275,17116
2276,6714
2277,6357
2278,6357
2279,3414
2280,1017
2281,34254
2282,9804
2283,20
2284,6899
2285,8336
2286,4062
2287,6899
2288,126
2289,72
2290,9230
2291,1169
2292,6582
2293,244
2294,2271
2295,493
2296,1279
2297,5956
2298,6587
2299,34173
2300,893
2301,1297
2302,3230
2303,
2304,597
2305,6899
2306,17424
2307,5036
2308,141
2309,33517
2310,17655
2311,1020
2312,1150
2313,21537
2314,914
2315,
2316,9230
2317,329
2318,557
2319,7380
2320,18774
2321,2701
2322,16106
2323,7933
2324,26793
2325,19043
2326,616
2327,23228
2328,945
2329,4321
2330,3232
2331,6899
2332,12499
2333,14750
2334,1631
2335,10883
2336,8333
2337,2635
2338,1324
2339,2958
2340,5706
2341,2898
2342,316
2343,6710
2344,10118
2345,2527
2346,19752
2347,517
2348,312
2349,5395
2350,535
2351,2847
2352,37206
2353,1028
2354,144927
2355,1838
2356,1572
2357,10
2358,411
2359,408
2360,34173
2361,1448
2362,23409
2363,1528
2364,6587
2365,156
2366,1252
2367,2422
2368,1957
2369,6899
2370,2826
2371,1387
2372,18974
2373,2961
2374,4283
2375,17116
2376,480
2377,11665
2378,60
2379,1101
2380,2012
2381,681
2382,687
2383,5567
2384,11665
2385,2695
2386,12
2387,17116
2388,3582
2389,13078
2390,873
2391,6646
2392,243
2393,3996
2394,8336
2395,101
2396,3053
2397,17424
2398,33517
2399,1794
2400,8587
2401,5382
2402,2308
2403,22537
2404,16668
2405,1532
2406,2540
2407,551
2408,603
2409,3158
2410,10
2411,4145
2412,10386
2413,2231
2414,1946
2415,8650
2416,635
2417,14042
2418,5553
2419,716
2420,16106
2421,653
2422,34173
2423,26793
2424,23228
2425,6357
2426,1173
2427,3923
2428,3280
2429,1290
2430,17116
2431,1723
2432,912
2433,14750
2434,31068
2435,362
2436,17116
2437,10708
2438,6190
2439,34173
2440,497
2441,6585
2442,2847
2443,1713
2444,465
2445,52685
2446,144927
2447,1324
2448,6096
2449,5768
2450,4672
2451,2065
2452,12465
2453,2159
2454,34173
2455,992
2456,383
2457,157
2458,8650
2459,85
2460,11464
2461,5553
2462,7869
2463,8336
2464,5515
2465,21934
2466,13078
2467,15335
2468,338
2469,3676
2470,5567
2471,66
2472,4033
2473,4540
2474,34173
2475,16106
2476,6154
2477,1172
2478,1273
2479,715
2480,11382
2481,31068
2482,5567
2483,6905
2484,3996
2485,6899
2486,1692
2487,379
2488,12499
2489,128
2490,3158
2491,11665
2492,37206
2493,3856
2494,34173
2495,5991
2496,1496
2497,
2498,22570
2499,3066
2500,15335
2501,9069
2502,312
2503,22537
2504,2239
2505,11382
2506,3040
2507,11464
2508,6899
2509,2527
2510,2898
2511,1386
2512,11
2513,11665
2514,33517
2515,6710
2516,2422
2517,756
2518,13078
2519,33
2520,23228
2521,13508
2522,1940
2523,17424
2524,92
2525,31
2526,16670
2527,218
2528,38528
2529,425
2530,128
2531,580
2532,4864
2533,351
2534,1269
2535,39411
2536,20991
2537,1101
2538,155
2539,26793
2540,8042
2541,196
2542,4672
2543,2847
2544,168
2545,276
2546,7380
2547,21
2548,22537
2549,4953
2550,9678
2551,14043
2552,9069
2553,4859
2554,1478
2555,745
2556,2377
2557,5553
2558,16668
2559,34
2560,9069
2561,72
2562,16668
2563,21
2564,4284
2565,391
2566,841
2567,519
2568,43
2569,7732
2570,936
2571,24325
2572,835
2573,14042
2574,4953
2575,3037
2576,1312
2577,319
2578,4065
2579,217
2580,13016
2581,1434
2582,355
2583,1815
2584,17116
2585,17116
2586,17116
2587,26793
2588,15830
2589,435
2590,23228
2591,144927
2592,17116
2593,1106
2594,8587
2595,1115
2596,10
2597,34254
2598,23409
2599,3443
2600,173
2601,2847
2602,19043
2603,15830
2604,6899
2605,1351
2606,4196
2607,21537
2608,3227
2609,2330
2610,34173
2611,79
2612,1404
2613,1062
2614,4777
2615,144927
2616,1889
2617,3084
2618,23228
2619,6002
2620,23228
2621,841
2622,5991
2623,314
2624,465
2625,255
2626,7295
2627,4179
2628,113
2629,26793
2630,1680
2631,17424
2632,1477
2633,824
2634,1723
2635,3232
2636,6899
2637,7509
2638,2849
2639,34254
2640,3183
2641,1108
2642,3506
2643,1925
2644,19043
2645,9965
2646,5395
2647,5572
2648,13078
2649,13078
2650,419
2651,37206
2652,22537
2653,9678
2654,26793
2655,8049
2656,5065
2657,161
2658,8336
2659,17116
2660,2091
2661,16153
2662,6905
2663,7295
2664,7693
2665,1938
2666,41
2667,17116
2668,5651
2669,1173
2670,1553
2671,2290
2672,1936
2673,837
2674,10230
2675,3582
2676,5515
2677,2587
2678,1816
2679,351
2680,1620
2681,11464
2682,37206
2683,406
2684,38528
2685,1780
2686,604
2687,2956
2688,6587
2689,26151
2690,18774
2691,2239
2692,1727
2693,
2694,21440
2695,13246
2696,26793
2697,136
2698,188
2699,1671
2700,3214
2701,10386
2702,16670
2703,7295
2704,157
2705,1219
2706,2439
2707,10104
2708,3053
2709,3377
2710,7625
2711,3923
2712,2231
2713,17116
2714,922
2715,5553
2716,1026
2717,26793
2718,37
2719,249
2720,17424
2721,7693
2722,4456
2723,2585
2724,1109
2725,3814
2726,12494
2727,6899
2728,1115
2729,597
2730,290
2731,34173
2732,22969
2733,2961
2734,1959
2735,7693
2736,1773
2737,17116
2738,22570
2739,34173
2740,23409
2741,1607
2742,1282
2743,1773
2744,4859
2745,5571
2746,6371
2747,370
2748,6267
2749,1773
2750,119
2751,1169
2752,35
2753,558
2754,21934
2755,10762
2756,6587
2757,3654
2758,4313
2759,21934
2760,313
2761,1152
2762,221
2763,6714
2764,2651
2765,496
2766,16668
2767,841
2768,3322
2769,6190
2770,34254
2771,135
2772,1808
2773,144927
2774,2951
2775,980
2776,1290
2777,19752
2778,868
2779,2956
2780,3039
2781,1380
2782,759
2783,34254
2784,1959
2785,2336
2786,14750
2787,1074
2788,4284
2789,1448
2790,2035
2791,34173
2792,7481
2793,604
2794,9965
2795,3227
2796,1723
2797,9965
2798,8587
2799,2012
2800,15661
2801,16052
2802,153
2803,23228
2804,34173
2805,14042
2806,5923
2807,10787
2808,2076
2809,155
2810,6646
2811,235
2812,13246
2813,21537
2814,7869
2815,3811
2816,6710
2817,6374
2818,2061
2819,1909
2820,353
2821,1717
2822,1727
2823,124
2824,9136
2825,2174
2826,1925
2827,4313
2828,144927
2829,1925
2830,6899
2831,5515
2832,1531
2833,1913
2834,84
2835,4526
2836,34173
2837,544
2838,13246
2839,17116
2840,29
2841,4215
2842,16106
2843,727
2844,16668
2845,12940
2846,52685
2847,6363
2848,22537
2849,2136
2850,971
2851,14042
2852,6209
2853,21934
2854,408
2855,9678
2856,6585
2857,21934
2858,582
2859,756
2860,6190
2861,10708
2862,6394
2863,5572
2864,301
2865,2326
2866,15335
2867,2555
2868,545
2869,1472
2870,5065
2871,26793
2872,13016
2873,454
2874,34173
2875,12465
2876,4062
2877,3654
2878,33517
2879,1535
2880,3183
2881,57618
2882,526
2883,1572
2884,1849
2885,17116
2886,4394
2887,1386
2888,7503
2889,14545
2890,14750
2891,26793
2892,1106
2893,16668
2894,187
2895,1403
2896,3654
2897,1940
2898,113
2899,111
2900,1073
2901,21537
2902,39411
2903,3214
2904,5198
2905,34173
2906,1610
2907,21934
2908,210
2909,175
2910,19043
2911,154
2912,7
2913,12352
2914,136
2915,1613
2916,8336
2917,407
2918,2209
2919,2451
2920,1500
2921,766
2922,7933
2923,1279
2924,5382
2925,2756
2926,771
2927,11942
2928,991
2929,2187
2930,161
2931,3183
2932,3157
2933,2867
2934,10386
2935,7625
2936,9705
2937,16153
2938,18774
2939,23228
2940,23228
2941,3214
2942,615
2943,2100
2944,17424
2945,678
2946,632
2947,356
2948,2596
2949,17116
2950,
2951,2955
2952,6363
2953,5567
2954,9136
2955,816
2956,3856
2957,13160
2958,311
2959,3214
2960,3322
2961,23479
2962,3099
2963,919
2964,9069
2965,909
2966,9705
2967,34173
2968,835
2969,16115
2970,7869
2971,3174
2972,5429
2973,766
2974,1106
2975,932
2976,273
2977,17116
2978,2285
2979,7625
2980,22570
2981,404
2982,609
2983,7869
2984,87
2985,4859
2986,816
2987,2738
2988,2635
2989,2256
2990,4215
2991,877
2992,8333
2993,17116
2994,52685
2995,290
2996,3265
2997,6899
2998,8587
2999,44
3000,6337
3001,1051
3002,18774
3003,230
3004,8650
3005,5819
3006,18974
3007,42
3008,362
3009,365
3010,867
3011,1
3012,1957
3013,24325
3014,626
3015,31068
3016,307
3017,21934
3018,6582
3019,1010
3020,9965
3021,5769
3022,237
3023,3214
3024,705
3025,547
3026,16052
3027,4350
3028,12499
3029,5475
3030,226
3031,1631
3032,1449
3033,4940
3034,532
3035,13246
3036,1959
3037,7295
3038,84
3039,6582
3040,14545
3041,3414
3042,14750
3043,248
3044,3772
3045,2271
3046,47
3047,1556
3048,144927
3049,1794
3050,145
3051,841
3052,2312
3053,43
3054,8336
3055,898
3056,557
3057,34173
3058,1114
3059,5659
3060,5572
3061,2825
3062,2819
3063,34173
3064,7693
3065,1582
3066,268
3067,16153
3068,144927
3069,52685
3070,5759
3071,15335
3072,5651
3073,3981
3074,6582
3075,1607
3076,343
3077,754
3078,10118
3079,1838
3080,4179
3081,7453
3082,365
3083,34173
3084,322
3085,408
3086,472
3087,
3088,34173
3089,4130
3090,18490
3091,13160
3092,3310
3093,16052
3094,17116
3095,6096
3096,1013
3097,1318
3098,19752
3099,16153
3100,5923
3101,9965
3102,8333
3103,637
3104,34173
3105,3232
3106,14750
3107,11382
3108,860
3109,144927
3110,21440
3111,859
3112,8336
3113,6582
3114,34173
3115,52685
3116,125
3117,34173
3118,7467
3119,3146
3120,841
3121,1913
3122,37206
3123,6646
3124,20991
3125,19043
3126,819
3127,5269
3128,272
3129,636
3130,2849
3131,5269
3132,
3133,250
3134,379
3135,711
3136,6529
3137,19043
3138,6357
3139,464
3140,550
3141,11665
3142,2961
3143,220
3144,16670
3145,26151
3146,1920
3147,1592
3148,3856
3149,390
3150,12494
3151,33517
3152,909
3153,4284
3154,1628
3155,7453
3156,7295
3157,614
3158,1308
3159,201
3160,1515
3161,1079
3162,3151
3163,18774
3164,12373
3165,264
3166,7247
3167,7869
3168,554
3169,7836
3170,13078
3171,611
3172,17424
3173,17116
3174,19043
3175,39
3176,4953
3177,3084
3178,2813
3179,1531
3180,28
3181,294
3182,57618
3183,767
3184,7380
3185,880
3186,717
3187,1601
3188,18774
3189,983
3190,236
3191,4526
3192,5438
3193,1172
3194,90
3195,3214
3196,22537
3197,4743
3198,31068
3199,6209
3200,2793
3201,8042
3202,5382
3203,1979
3204,264
3205,16668
3206,6710
3207,20991
3208,318
3209,16746
3210,4265
3211,15335
3212,95
3213,1909
3214,4740
3215,1847
3216,815
3217,664
3218,23228
3219,52685
3220,57618
3221,1173
3222,1995
3223,137
3224,2847
3225,2312
3226,1600
3227,4021
3228,480
3229,6899
3230,1302
3231,1368
3232,21934
3233,23228
3234,5515
3235,711
3236,33517
3237,6337
3238,9932
3239,290
3240,5438
3241,2485
3242,1318
3243,34173
3244,9932
3245,3977
3246,17116
3247,22570
3248,3214
3249,215
3250,1244
3251,1439
3252,4940
3253,438
3254,7064
3255,7625
3256,1620
3257,125
3258,1473
3259,1696
3260,87
3261,5515
3262,507
3263,17116
3264,2231
3265,34254
3266,2076
3267,194
3268,18490
3269,1028
3270,8336
3271,1006
3272,31068
3273,378
3274,1239
3275,2415
3276,256
3277,2849
3278,497
3279,7045
3280,1121
3281,554
3282,84
3283,23228
3284,635
3285,1654
3286,14750
3287,
3288,570
3289,1535
3290,8336
3291,5571
3292,3310
3293,3232
3294,1013
3295,144927
3296,818
3297,1173
3298,464
3299,757
3300,2849
3301,21934
3302,17116
3303,10870
3304,4196
3305,17116
3306,34173
3307,33517
3308,309
3309,411
3310,178
3311,881
3312,175
3313,23228
3314,14750
3315,2885
3316,3035
3317,8862
3318,1589
3319,985
3320,7064
3321,21934
3322,314
3323,24325
3324,144927
3325,15830
3326,3133
3327,2665
3328,1013
3329,2701
3330,383
3331,10386
3332,24325
3333,975
3334,20991
3335,2701
3336,2365
3337,2127
3338,1938
3339,21934
