0,774896
1,14303318
2,23609
3,28801096
4,3009148
5,1997882
6,25344802
7,1356348
8,1835597
9,160687
10,680767
11,121389
12,6086887
13,12793807
14,226346
15,2867902
16,869588
17,2183073
18,13574505
19,23996936
20,4786778
21,672192
22,58247291
23,6246878
24,5860478
25,28385884
26,34042379
27,22004229
28,1980863
29,5654745
30,5509089
31,7330
32,1871228
33,424371
34,429733
35,23996936
36,2689979
37,96339072
38,1296302
39,459066
40,585872
41,54997184
42,4003718
43,363537
44,5226334
45,54997184
46,883504
47,2254145
48,1844310
49,1536483
50,33668915
51,1032184
52,315131
53,9741944
54,19281829
55,84413
56,81282
57,6528225
58,2240752
59,5817414
60,1335081
61,1375673
62,541720
63,83936
64,384595
65,35121095
66,4115309
67,945881
68,78338
69,9741944
70,3581207
71,2657942
72,1590535
73,19585280
74,457229
75,424854
76,2833002
77,1867044
78,3009814
79,286365
80,24872980
81,16629
82,1596472
83,327242
84,3320936
85,93821039
86,1219774
87,1892055
88,152665
89,18315
90,8089106
91,671186
92,4786778
93,30033991
94,159537
95,145114464
96,5759140
97,23996936
98,7735813
99,671724
100,177202
101,627802
102,211170
103,551465
104,3009148
105,327509
106,236252
107,25344802
108,236252
109,33668915
110,96339072
111,1997882
112,3009148
113,17807397
114,6528225
115,17807397
116,246196
117,13574505
118,23996936
119,58924275
120,93480
121,9730494
122,5028533
123,24872980
124,32777
125,7734960
126,13574505
127,87920
128,1007171
129,
130,257757
131,93821039
132,585872
133,4355456
134,93821039
135,12732078
136,28385884
137,93821039
138,40562982
139,506986
140,35169223
141,1130675
142,10598679
143,391982
144,109891
145,1911344
146,327059582
147,730621
148,37710
149,17203974
150,755810
151,980760
152,226346
153,129951
154,711484
155,3932137
156,2727900
157,46624
158,1019041
159,58247291
160,25344802
161,413341
162,31749225
163,976675
164,10187176
165,862415
166,
167,24872980
168,634887
169,23996936
170,4204947
171,1375673
172,66506589
173,950028
174,31402902
175,4178839
176,2877915
177,126699
178,14303318
179,66165427
180,9477503
181,426666
182,102309
183,761729
184,11323502
185,755810
186,132030717
187,10748512
188,3015055
189,541720
190,4335510
191,745304
192,3009814
193,1597606
194,2229423
195,499660
196,601922
197,23996936
198,694571
199,3825616
200,2807977
201,7734960
202,30033991
203,9172795
204,177466560
205,1892566
206,3207630
207,158883
208,8164779
209,40562982
210,188440
211,3580709
212,
213,23996936
214,407075
215,17203974
216,93821039
217,309212
218,7297552
219,532064951
220,209521
221,499660
222,3711546
223,1141023
224,1514500
225,4355456
226,21375538
227,51233351
228,5509089
229,1919407
230,978215
231,9730494
232,33668915
233,96339072
234,265080
235,17638006
236,669999
237,34898240
238,976675
239,1490987
240,3825616
241,2479627
242,635606
243,2787031
244,72598923
245,2726936
246,64525
247,433553
248,7734960
249,6246878
250,287242
251,68053
252,1799448
253,2867902
254,5509089
255,17807397
256,12793807
257,455111
258,599463
259,33668915
260,5128314
261,2931252
262,94644
263,229753
264,6390103
265,1524483
266,406421
267,130117
268,532064951
269,42052
270,112043
271,68517
272,1379944
273,1490987
274,93821039
275,936106
276,10526650
277,
278,2479627
279,1427221
280,187758
281,1428
282,2137720
283,2453651
284,1008831
285,1634767
286,406937
287,1682332
288,5518098
289,49911474
290,249630
291,589515
292,177466560
293,4451047
294,2613061
295,592612
296,1798869
297,18096298
298,2114178
299,4272720
300,5759140
301,34042379
302,9671441
303,2727638
304,172280
305,13964
306,8531715
307,6278901
308,167831
309,93821039
310,58924275
311,54998
312,547284
313,11189
314,1533613
315,364961
316,7610742
317,1867044
318,424572
319,1995497
320,19585280
321,532064951
322,6230693
323,396427
324,93821039
325,54780
326,107824
327,23996936
328,572904
329,4619961
330,713505
331,22150
332,23996936
333,71700
334,2393172
335,1004462
336,1997882
337,28385884
338,58247291
339,482546
340,764035
341,12732078
342,762684
343,3662766
344,914841
345,955056
346,19803208
347,389280
348,18555109
349,426884
350,5860478
351,28385884
352,373122
353,860793
354,294121
355,95583
356,1634767
357,6390103
358,485608
359,5900505
360,66506589
361,414718
362,2386840
363,1542551
364,118304
365,173951
366,9730494
367,474695
368,1235164
369,635602
370,3423459
371,115986
372,528330
373,6230693
374,4115309
375,4766645
376,9730494
377,23996936
378,22357255
379,17203974
380,103687075
381,137351056
382,2165767
383,57895
384,1653075
385,93821039
386,2737945
387,66165427
388,2520110
389,300891
390,19888
391,265189
392,1239226
393,481175
394,19334377
395,66506589
396,80025
397,1004462
398,450611
399,14303318
400,5913349
401,16960185
402,1685879
403,970132
404,307793
405,9172795
406,36095
407,
408,965573
409,6390103
410,1450937
411,13624857
412,192556
413,2705713
414,5518098
415,430575
416,19824361
417,23996936
418,2062585
419,577393
420,210446
421,72204
422,45714
423,16054
424,482238
425,197386
426,1978637
427,310708
428,51233351
429,473333
430,9730494
431,1587094
432,425023
433,434846
434,3127895
435,9741944
436,699200
437,944042
438,9730494
439,6044678
440,205191
441,7297552
442,145114464
443,532064951
444,6246878
445,58924275
446,28385884
447,16960185
448,15419638
449,7166
450,2727638
451,3127895
452,299792
453,1331074
454,93821039
455,13624857
456,703268
457,
458,1583121
459,319939
460,113785
461,23996936
462,93821039
463,11160
464,1875024
465,938437
466,5226334
467,564467
468,5324567
469,2178731
470,6230693
471,418600
472,7734960
473,916686
474,2578104
475,80892
476,921541
477,9730494
478,1060761
479,351841
480,107180
481,177466560
482,31003998
483,35121095
484,2479627
485,54997184
486,17638006
487,1823812
488,163829
489,3355981
490,1526458
491,51233351
492,1069671
493,52673
494,51233351
495,3191237
496,101174
497,1980863
498,16900883
499,182621
500,9730494
501,532309
502,111673
503,34042379
504,378399
505,6390103
506,1008831
507,507309
508,398276
509,2453651
510,287816
511,259049
512,107292
513,270584
514,644574
515,428741
516,2833150
517,398276
518,1402544
519,84819
520,65147
521,3580709
522,1294491
523,33668915
524,911967
525,96340863
526,28385884
527,154401
528,2221647
529,4003718
530,784648
531,286030
532,70799
533,1007171
534,58924275
535,43195
536,103687075
537,137351463
538,465757
539,18431790
540,588032
541,5795728
542,112453
543,363508
544,179080
545,1574287
546,81061
547,108573
548,1966155
549,6656488
550,2471059
551,7297552
552,235691
553,27414136
554,1553139
555,3825616
556,3787635
557,1296302
558,35169223
559,153586
560,21422277
561,441476
562,785826
563,137351463
564,210766
565,265094
566,1798869
567,528388
568,9477503
569,438885
570,71140
571,204518
572,303986
573,
574,1060761
575,16024
576,298963
577,25344802
578,66165427
579,532064951
580,9730494
581,4088060
582,1231117
583,17570793
584,23996936
585,44603611
586,104250
587,36296
588,104457
589,424129
590,198800
591,259319
592,66506589
593,4672690
594,39669
595,1735029
596,3787635
597,352909
598,51233351
599,143281597
600,66165427
601,327242
602,4115309
603,1361372
604,72631213
605,52652
606,56061335
607,2578104
608,476364
609,68878
610,1653075
611,13624857
612,19987963
613,148256
614,135049
615,28385884
616,2386840
617,6304159
618,22004229
619,58247291
620,132326
621,8438670
622,398512
623,2453651
624,136190
625,1594937
626,96339072
627,216935
628,100441
629,136893
630,58924275
631,16302506
632,2727638
633,
634,265094
635,1884382
636,406421
637,28553
638,18555109
639,74855
640,137351463
641,23996936
642,17638006
643,967952
644,17638006
645,66165427
646,9268487
647,35169223
648,383197
649,17807397
650,376555
651,203785
652,8351520
653,263740
654,1397946
655,9730494
656,5861395
657,1159817
658,18555109
659,114409
660,156589
661,93821039
662,2708617
663,322884
664,815117
665,173519
666,1599106
667,585974
668,384253
669,19803208
670,1966363
671,54997184
672,363508
673,19824361
674,2708617
675,294121
676,19987963
677,336612
678,1354142
679,3355981
680,336393
681,856475
682,831334
683,852759
684,833448
685,532064951
686,33668915
687,145114464
688,7297552
689,1007171
690,96339072
691,3324639
692,3932137
693,58378
694,17807397
695,669999
696,4209686
697,499763
698,16960185
699,561550
700,58247291
701,183691
702,387287
703,35010
704,1375673
705,3127895
706,948017
707,72598923
708,331124
709,2708617
710,9741944
711,300877
712,1597606
713,15591
714,58924275
715,1412577
716,680152
717,1120322
718,43637
719,2708617
720,96339072
721,17663397
722,6009901
723,231315
724,34042379
725,89333
726,113368
727,35169223
728,373122
729,771388
730,1151767
731,4209686
732,33306
733,202183
734,9172795
735,80053
736,212363
737,1439563
738,3127895
739,77160
740,14303318
741,25344802
742,14088
743,2393172
744,3522129
745,344619
746,316913
747,6230693
748,5490191
749,23996936
750,28385884
751,263030
752,1799448
753,327059582
754,21471
755,2737945
756,186583
757,6086887
758,1097016
759,5654745
760,2689979
761,129001
762,6230693
763,528883
764,594684
765,
766,19585280
767,132030717
768,9671441
769,96340863
770,122465
771,3932137
772,15252691
773,22265171
774,93821039
775,130117
776,446445
777,1659205
778,42207
779,253507
780,1287047
781,3864675
782,31402902
783,2154161
784,19803208
785,24872980
786,5575262
787,1164322
788,3058445
789,
790,326286
791,6230693
792,2974639
793,31003998
794,369792
795,8943887
796,17807397
797,24872980
798,42894
799,51233351
800,17663397
801,3068882
802,13574505
803,16960185
804,1798869
805,44684
806,518155
807,10983902
808,32706
809,585974
810,18555109
811,321216
812,730188
813,1495008
814,58924275
815,9741944
816,66506589
817,44603611
818,19576234
819,
820,1798869
821,103687075
822,6821013
823,345623
824,203483
825,5226334
826,5230507
827,72598923
828,51233351
829,1553880
830,2757845
831,5817414
832,1296302
833,23996936
834,19824361
835,426666
836,78398
837,28385884
838,10748512
839,2275143
840,9730494
841,430575
842,25344802
843,9578
844,473333
845,58814
846,1375673
847,2919747
848,778523
849,341782
850,200352
851,4619961
852,5414588
853,3191237
854,10539635
855,49673
856,6344399
857,93821039
858,83713
859,3825616
860,579814
861,11323502
862,
863,8442
864,6246878
865,661809
866,333128
867,1235544
868,188440
869,579151
870,806385
871,780344
872,22269
873,103789
874,31749225
875,58924275
876,28385884
877,2440118
878,163159
879,3423459
880,13624857
881,94999
882,945881
883,
884,669999
885,1845400
886,24872980
887,31003998
888,17203974
889,407829
890,51233351
891,9268487
892,66506589
893,172491
894,2757057
895,618583
896,2853160
897,21649648
898,1351471
899,234995
900,430575
901,1007171
902,36092
903,1019041
904,1019041
905,532064951
906,10299
907,51233351
908,31003998
909,1296302
910,51233351
911,670766
912,103687075
913,1246519
914,40427370
915,2116156
916,150403
917,77173
918,96340863
919,1945999
920,532064951
921,265259
922,5324567
923,15118
924,18569
925,14044
926,661809
927,834250
928,532064951
929,703806
930,33668915
931,34317525
932,93821039
933,1883991
934,904446
935,532064951
936,1359783
937,3127895
938,7297552
939,440615
940,3260621
941,81756
942,199776
943,15419638
944,1287878
945,119828
946,81291
947,426884
948,5958254
949,6246878
950,51233351
951,21421458
952,4178839
953,1892055
954,5759140
955,21421458
956,1607761
957,132030717
958,18555109
959,1082103
960,200352
961,1634767
962,93821039
963,1607761
964,1931894
965,13574505
966,101776
967,23996936
968,499660
969,6086887
970,10187176
971,563258
972,317490
973,7735813
974,93821039
975,279972
976,703268
977,1064218
978,3448426
979,2165475
980,21737
981,1542551
982,1803829
983,132030717
984,17807397
985,1941114
986,6528225
987,7297552
988,19987963
989,4619961
990,33668915
991,
992,532309
993,1557783
994,275504
995,528330
996,54997184
997,770495
998,887778
999,177466560
1000,5235375
1001,107859
1002,4209686
1003,33668915
1004,563258
1005,167060
1006,23996936
1007,454791
1008,814574
1009,336606
1010,711484
1011,51233351
1012,2034597
1013,1997882
1014,6694824
1015,35186
1016,445752
1017,3825616
1018,1486227
1019,129951
1020,6528225
1021,2878430
1022,102518
1023,8531715
1024,594852
1025,845979
1026,1296302
1027,374751
1028,327990
1029,376088
1030,7237045
1031,9060727
1032,92621
1033,21421458
1034,53547851
1035,661809
1036,594684
1037,24384
1038,2010658
1039,4785543
1040,1653075
1041,7735813
1042,78456
1043,640179
1044,28385884
1045,72598923
1046,88226
1047,231896
1048,2833002
1049,204600
1050,8164779
1051,14003823
1052,1801589
1053,6230693
1054,18096298
1055,1597606
1056,291060
1057,415371
1058,672882
1059,20802
1060,3580709
1061,77616
1062,1032049
1063,10187176
1064,92463
1065,2899020
1066,189730
1067,631841
1068,23996936
1069,364961
1070,96339072
1071,7546554
1072,23996936
1073,12732078
1074,3825616
1075,7734960
1076,3825616
1077,579432
1078,1231117
1079,1911344
1080,424506
1081,4892567
1082,27661
1083,9060727
1084,51233351
1085,241209
1086,48303
1087,137351056
1088,644574
1089,23996936
1090,7297552
1091,9730494
1092,406674
1093,364665
1094,4766645
1095,191941
1096,5028533
1097,327059582
1098,16791185
1099,427930
1100,18431790
1101,1448363
1102,860217
1103,23996936
1104,567700
1105,27779
1106,532064951
1107,3142367
1108,63592770
1109,420483
1110,1818655
1111,1418114
1112,422134
1113,49911474
1114,8853749
1115,3711546
1116,23996936
1117,73904
1118,101839
1119,19585280
1120,1997833
1121,430175
1122,33668915
1123,1057623
1124,34042379
1125,24872980
1126,93055
1127,19585280
1128,666186
1129,23996936
1130,58924275
1131,58924275
1132,3581207
1133,358167
1134,134997
1135,1677914
1136,1117406
1137,145223
1138,58924275
1139,2877915
1140,39432
1141,104312
1142,
1143,2254145
1144,5860478
1145,1587094
1146,1356348
1147,3809615
1148,11170565
1149,646753
1150,943612
1151,550903
1152,532064951
1153,9730494
1154,7297552
1155,28385884
1156,486340
1157,4637037
1158,62831
1159,295820
1160,227897
1161,1415735
1162,18096298
1163,150497
1164,28385884
1165,323335
1166,100241
1167,1080160
1168,1296302
1169,39027
1170,2878430
1171,1185650
1172,480653
1173,6694824
1174,236252
1175,8351520
1176,1539139
1177,6086887
1178,22265171
1179,1062213
1180,4204947
1181,7297552
1182,25344802
1183,303570
1184,24872980
1185,164321
1186,108334
1187,1696346
1188,329013
1189,54997184
1190,5833634
1191,5128314
1192,1008831
1193,13574505
1194,315229
1195,160732
1196,286420
1197,27414136
1198,27414136
1199,4205549
1200,2446639
1201,115162
1202,2705713
1203,4205549
1204,93821039
1205,58247291
1206,5795728
1207,6528225
1208,48432
1209,31402902
1210,69807918
1211,860217
1212,1818655
1213,1239226
1214,138201
1215,383796
1216,4272720
1217,2246473
1218,4619961
1219,3581207
1220,7546554
1221,495311
1222,54997184
1223,2252603
1224,482238
1225,23996936
1226,17807397
1227,126938
1228,856475
1229,244346
1230,2559712
1231,28385884
1232,534521
1233,139360
1234,3048641
1235,6230693
1236,18626
1237,5860478
1238,550820
1239,17807397
1240,1372838
1241,599463
1242,269349
1243,680152
1244,455111
1245,132030717
1246,7711881
1247,2708617
1248,15419638
1249,54997184
1250,97522
1251,814574
1252,984592
1253,445752
1254,3324639
1255,1287878
1256,672192
1257,724187
1258,793354
1259,373122
1260,212276
1261,3448426
1262,2737945
1263,3207630
1264,532064951
1265,276820
1266,1845400
1267,320130
1268,3423459
1269,3932137
1270,10910681
1271,3357110
1272,444469
1273,4003718
1274,1634767
1275,249619
1276,833448
1277,532064951
1278,321216
1279,176137
1280,138561
1281,70014
1282,72598923
1283,4786778
1284,861363
1285,532064951
1286,1972907
1287,1300431
1288,1980863
1289,17570793
1290,23996936
1291,300728
1292,588032
1293,278971
1294,2612228
1295,58742
1296,7546554
1297,6586355
1298,1032049
1299,4619961
1300,30034417
1301,499660
1302,101449
1303,532064951
1304,403945
1305,3809615
1306,254492
1307,146713
1308,875062
1309,1822073
1310,2042428
1311,8815803
1312,948351
1313,19803208
1314,1490987
1315,223480
1316,1845400
1317,17638006
1318,145114464
1319,1480984
1320,16900883
1321,103687075
1322,161717
1323,250717
1324,6821013
1325,
1326,5744117
1327,2657942
1328,2578104
1329,84258
1330,446327
1331,814832
1332,64507
1333,169571
1334,14343
1335,3932137
1336,172469
1337,150403
1338,5460407
1339,1045881
1340,6278901
1341,124180
1342,92714
1343,93821039
1344,123115
1345,201006
1346,11170565
1347,78913606
1348,28385884
1349,40562982
1350,336715
1351,441264
1352,1123644
1353,3260621
1354,190688
1355,17570793
1356,5258
1357,17807397
1358,15252691
1359,3127895
1360,359766
1361,132030717
1362,31349
1363,6230693
1364,4619961
1365,528883
1366,2746286
1367,819301
1368,149551
1369,771388
1370,2162812
1371,51233351
1372,3886679
1373,19585280
1374,33668915
1375,5654745
1376,6656488
1377,856475
1378,11323502
1379,856475
1380,412575
1381,6390103
1382,1997882
1383,161717
1384,7711881
1385,19281829
1386,601922
1387,
1388,10598679
1389,104201
1390,429733
1391,64475
1392,121565
1393,599463
1394,6576843
1395,501289
1396,
1397,72204
1398,1590535
1399,408703
1400,159268
1401,577824
1402,2162812
1403,1219774
1404,17663397
1405,
1406,1997833
1407,3009814
1408,638509
1409,23996936
1410,353531
1411,6528225
1412,51233351
1413,107428
1414,9306
1415,204910
1416,396746
1417,1066445
1418,785826
1419,110220
1420,1524431
1421,656603
1422,2718756
1423,2062585
1424,1159817
1425,917364
1426,825681
1427,1231117
1428,1287878
1429,53547851
1430,2535888
1431,36339
1432,93821039
1433,253221
1434,175672
1435,33668915
1436,269349
1437,814832
1438,9435795
1439,107119
1440,12732078
1441,211995
1442,93821039
1443,28801096
1444,7711881
1445,42910278
1446,51233351
1447,13624857
1448,7711881
1449,184294
1450,313947
1451,62197
1452,1534255
1453,8089106
1454,1001431
1455,352909
1456,469462
1457,829433
1458,14769549
1459,3711546
1460,428362
1461,5654745
1462,23996936
1463,318356
1464,2178731
1465,484059
1466,34942061
1467,909546
1468,17570793
1469,6230693
1470,3806466
1471,2604594
1472,720917
1473,69807918
1474,35169223
1475,164321
1476,645816
1477,145114464
1478,76339
1479,10539635
1480,13574505
1481,1418114
1482,9435795
1483,6230693
1484,529981
1485,51233351
1486,54997184
1487,2284145
1488,4335510
1489,532064951
1490,946679
1491,556055
1492,532064951
1493,833448
1494,10983902
1495,18431790
1496,19281829
1497,351562
1498,1583121
1499,596981
1500,18479
1501,1556899
1502,49911474
1503,89194
1504,5654745
1505,58521
1506,1354142
1507,33668915
1508,3529266
1509,4786778
1510,28385884
1511,1611886
1512,1231117
1513,143281597
1514,1997833
1515,1062213
1516,283750
1517,7297552
1518,612748
1519,13574505
1520,3580699
1521,145114464
1522,6694824
1523,164475
1524,17203974
1525,3423459
1526,1300431
1527,645816
1528,535930
1529,541720
1530,137351056
1531,2689979
1532,1789444
1533,3932137
1534,30750093
1535,232582
1536,2275143
1537,1231117
1538,4451047
1539,327059582
1540,78913606
1541,938437
1542,1287878
1543,66898
1544,383236
1545,10983902
1546,420483
1547,66506589
1548,6821013
1549,464549
1550,51233351
1551,5860478
1552,666031
1553,1159817
1554,4637037
1555,40562982
1556,551427
1557,103687075
1558,169752
1559,1296302
1560,6230693
1561,5324567
1562,49911474
1563,327059582
1564,5226334
1565,1242065
1566,1641566
1567,3787635
1568,19103
1569,24872980
1570,103687075
1571,3529266
1572,1892566
1573,14303318
1574,28385884
1575,9435795
1576,103687075
1577,551061
1578,5230507
1579,532064951
1580,40562982
1581,434846
1582,18555109
1583,272099
1584,372663
1585,2705713
1586,3833364
1587,3015055
1588,5900505
1589,3009814
1590,532064951
1591,793354
1592,133087
1593,24792
1594,5705696
1595,7735813
1596,93821039
1597,23996936
1598,32800
1599,129020
1600,57856
1601,15419638
1602,24872980
1603,148835
1604,23996936
1605,41437
1606,129744
1607,132030717
1608,34317525
1609,1205653
1610,1089164
1611,6528225
1612,103687075
1613,381617
1614,327059582
1615,8531715
1616,737289
1617,1772431
1618,465757
1619,2313078
1620,7078968
1621,735205
1622,7610742
1623,253221
1624,16313
1625,1798869
1626,7735813
1627,1798869
1628,67402
1629,1845400
1630,305076
1631,10187176
1632,305585
1633,13624857
1634,931487
1635,33668915
1636,21050
1637,836297
1638,2309219
1639,58924275
1640,1185650
1641,197175
1642,93821039
1643,42910278
1644,5744117
1645,3787635
1646,457765
1647,1599106
1648,2018906
1649,737219
1650,35085
1651,54997184
1652,117719
1653,424572
1654,649262
1655,327509
1656,4785543
1657,17807397
1658,1049953
1659,1057623
1660,4205549
1661,15252691
1662,125746
1663,2137720
1664,1798869
1665,127732
1666,19987963
1667,116178
1668,1634767
1669,3357110
1670,425947
1671,19281829
1672,7297552
1673,23996936
1674,19824361
1675,2471059
1676,426167
1677,337446
1678,7546554
1679,1634767
1680,17807397
1681,23907
1682,2877915
1683,875062
1684,9060727
1685,2727638
1686,119828
1687,51233351
1688,259319
1689,482546
1690,192851
1691,14854418
1692,2446639
1693,893026
1694,25344802
1695,774896
1696,3581207
1697,3127895
1698,14303318
1699,28385884
1700,51395
1701,287816
1702,9730494
1703,28385884
1704,1818655
1705,1123644
1706,65034
1707,532064951
1708,160316
1709,1997882
1710,9060727
1711,3711546
1712,2604594
1713,532064951
1714,103687075
1715,1558847
1716,3423459
1717,261834
1718,51233351
1719,507618
1720,89478
1721,6086887
1722,2726936
1723,4786778
1724,58042
1725,327059582
1726,1057623
1727,5900505
1728,665703
1729,2034597
1730,7297552
1731,24872980
1732,1659205
1733,175984
1734,7734960
1735,946679
1736,193890
1737,177466560
1738,7734960
1739,53319
1740,412228
1741,6009901
1742,65668
1743,189024
1744,599463
1745,72598923
1746,594684
1747,3291115
1748,4786778
1749,24872980
1750,8198852
1751,362941
1752,23996936
1753,12732078
1754,1845400
1755,6086887
1756,5958254
1757,6278901
1758,464549
1759,23246
1760,1278519
1761,24872980
1762,141881
1763,524654
1764,175113
1765,587085
1766,44603611
1767,280625
1768,19106526
1769,1558847
1770,291966
1771,13574505
1772,9730494
1773,28385884
1774,4451047
1775,499660
1776,449168
1777,275504
1778,57895
1779,1997882
1780,6344399
1781,62303
1782,34317525
1783,1395625
1784,6888849
1785,8593016
1786,261579
1787,39782
1788,5900505
1789,1997882
1790,34317525
1791,6821013
1792,7711881
1793,4493280
1794,1335081
1795,1295480
1796,233803
1797,2727638
1798,250472
1799,247812
1800,3529266
1801,2446639
1802,1884382
1803,2894150
1804,4639419
1805,3932137
1806,561971
1807,1634767
1808,532064951
1809,495311
1810,27414136
1811,13574505
1812,785826
1813,414109
1814,322118
1815,520373
1816,31003998
1817,1845400
1818,93821039
1819,2386840
1820,881927
1821,7711881
1822,279972
1823,1238985
1824,445752
1825,5701392
1826,3260621
1827,8351520
1828,2726936
1829,79184
1830,946679
1831,74935
1832,190555
1833,58924275
1834,2240752
1835,177466560
1836,1502514
1837,1135168
1838,53547851
1839,1403424
1840,227819
1841,2474109
1842,15178
1843,212036
1844,48670
1845,1032184
1846,430973
1847,7734960
1848,34042379
1849,5860478
1850,681622
1851,1238985
1852,9671441
1853,4549231
1854,1296302
1855,115929
1856,2705713
1857,318356
1858,464549
1859,426666
1860,1818655
1861,261834
1862,28385884
1863,51233351
1864,2746286
1865,1190527
1866,2578104
1867,21649648
1868,192556
1869,133867
1870,395290
1871,2990115
1872,1063670
1873,552734
1874,362884
1875,33668915
1876,2223367
1877,1837443
1878,23996936
1879,25344802
1880,77770
1881,132030717
1882,883504
1883,1080426
1884,17807397
1885,1242065
1886,320644
1887,269115
1888,1480984
1889,54997184
1890,259319
1891,9435795
1892,123795
1893,475920
1894,8164779
1895,2746286
1896,41082
1897,18555109
1898,66506589
1899,46350
1900,7771
1901,124912
1902,1220431
1903,1278519
1904,17638006
1905,24872980
1906,103687075
1907,1142122
1908,379596
1909,63592770
1910,307739
1911,281945
1912,1057623
1913,10539635
1914,285425
1915,4451047
1916,735205
1917,3048641
1918,844254
1919,875062
1920,1688846
1921,24872980
1922,28385884
1923,3127895
1924,37628
1925,1822073
1926,32236994
1927,51233351
1928,154495
1929,269115
1930,336393
1931,2223367
1932,6086887
1933,5128314
1934,738406
1935,7734960
1936,28385884
1937,494180
1938,541720
1939,1506090
1940,974093
1941,577824
1942,11023
1943,23996936
1944,262385
1945,137351056
1946,3825616
1947,478837
1948,199776
1949,51233351
1950,1929422
1951,96339072
1952,10598679
1953,8198852
1954,1553139
1955,72631213
1956,471568
1957,288172
1958,4639419
