0,756.0
1,1546.0
2,535.0
3,91.0
4,393.0
5,146.0
6,621.0
7,16.0
8,1206.0
9,389.0
10,148.0
11,1123.0
12,1000.0
13,210.0
14,740.0
15,447.0
16,234.0
17,152.0
18,1177.0
19,156.0
20,343.0
21,1065.0
22,121.0
23,131.0
24,1425.0
25,986.0
26,112.0
27,269.0
28,31.0
29,572.0
30,1207.0
31,167.0
32,162.0
33,1245.0
34,354.0
35,77.0
36,653.0
37,734.0
38,172.0
39,32.0
40,68.0
41,1674.0
42,428.0
43,1123.0
44,74.0
45,1040.0
46,516.0
47,562.0
48,1400.0
49,158.0
50,148.0
51,390.0
52,438.0
53,646.0
54,84.0
55,178.0
56,1301.0
57,1887.0
58,1428.0
59,1389.0
60,1425.0
61,148.0
62,354.0
63,154.0
64,18.0
65,60.0
66,1480.0
67,154.0
68,619.0
69,71.0
70,485.0
71,150.0
72,1887.0
73,150.0
74,150.0
75,601.0
76,535.0
77,156.0
78,148.0
79,1238.0
80,426.0
81,1480.0
82,653.0
83,223.0
84,646.0
85,76.0
86,356.0
87,158.0
88,1887.0
89,329.0
90,619.0
91,701.0
92,653.0
93,154.0
94,526.0
95,156.0
96,389.0
97,94.0
98,110.0
99,1417.0
100,156.0
101,225.0
102,168.0
103,1417.0
104,362.0
105,152.0
106,841.0
107,866.0
108,229.0
109,19.0
110,1310.0
111,209.0
112,1330.0
113,95.0
114,1389.0
115,630.0
116,28.0
117,520.0
118,1491.0
119,16.0
120,572.0
121,1480.0
122,1077.0
123,67.0
124,198.0
125,77.0
126,111.0
127,148.0
128,986.0
129,131.0
130,819.0
131,1491.0
132,158.0
133,154.0
134,1403.0
135,1491.0
136,1425.0
137,1425.0
138,394.0
139,393.0
140,20.0
141,1400.0
142,511.0
143,193.0
144,154.0
145,1794.0
146,389.0
147,106.0
148,1301.0
149,152.0
150,678.0
151,866.0
152,543.0
153,1123.0
154,468.0
155,286.0
156,158.0
157,520.0
158,160.0
159,77.0
160,557.0
161,154.0
162,606.0
163,131.0
164,394.0
165,254.0
166,148.0
167,244.0
168,778.0
169,143.0
170,1838.0
171,630.0
172,
173,1238.0
174,474.0
175,154.0
176,150.0
177,1674.0
178,154.0
179,148.0
180,39.0
181,343.0
182,499.0
183,348.0
184,1207.0
185,693.0
186,231.0
187,158.0
188,42.0
189,150.0
190,200.0
191,176.0
192,460.0
193,108.0
194,231.0
195,1177.0
196,1425.0
197,373.0
198,648.0
199,154.0
200,184.0
201,296.0
202,193.0
203,263.0
204,23.0
205,267.0
206,1480.0
207,244.0
208,171.0
209,1310.0
210,401.0
211,105.0
212,591.0
213,1234.0
214,148.0
215,113.0
216,150.0
217,277.0
218,323.0
219,186.0
220,528.0
221,432.0
222,1838.0
223,150.0
224,531.0
225,1320.0
226,784.0
227,163.0
228,837.0
229,100.0
230,102.0
231,747.0
232,313.0
233,2286.0
234,444.0
235,187.0
236,212.0
237,44.0
238,152.0
239,210.0
240,152.0
241,199.0
242,1245.0
243,415.0
244,579.0
245,95.0
246,223.0
247,936.0
248,207.0
249,152.0
250,389.0
251,187.0
252,293.0
253,393.0
254,225.0
255,1887.0
256,1055.0
257,784.0
258,152.0
259,148.0
260,1202.0
261,1486.0
262,1420.0
263,351.0
264,265.0
265,1546.0
266,740.0
267,265.0
268,1425.0
269,160.0
270,77.0
271,2286.0
272,150.0
273,33.0
274,1794.0
275,511.0
276,322.0
277,263.0
278,106.0
279,803.0
280,136.0
281,986.0
282,866.0
283,1887.0
284,1330.0
285,67.0
286,112.0
287,1227.0
288,154.0
289,601.0
290,150.0
291,77.0
292,141.0
293,1674.0
294,1202.0
295,1420.0
296,917.0
297,1202.0
298,355.0
299,511.0
300,646.0
301,103.0
302,113.0
303,152.0
304,1887.0
305,1480.0
306,66.0
307,331.0
308,784.0
309,394.0
310,878.0
311,77.0
312,724.0
313,322.0
314,218.0
315,1321.0
316,1425.0
317,190.0
318,158.0
319,531.0
320,154.0
321,836.0
322,1078.0
323,154.0
324,316.0
325,24.0
326,662.0
327,979.0
328,148.0
329,52.0
330,25.0
331,1055.0
332,1310.0
333,234.0
334,1103.0
335,154.0
336,619.0
337,1887.0
338,152.0
339,1005.0
340,1177.0
341,77.0
342,208.0
343,139.0
344,30.0
345,292.0
346,919.0
347,1005.0
348,232.0
349,1794.0
350,740.0
351,473.0
352,837.0
353,1005.0
354,2286.0
355,591.0
356,150.0
357,1111.0
358,1480.0
359,485.0
360,828.0
361,653.0
362,531.0
363,158.0
364,202.0
365,154.0
366,156.0
367,856.0
368,1794.0
369,152.0
370,1491.0
371,234.0
372,72.0
373,1794.0
374,83.0
375,1310.0
376,793.0
377,619.0
378,213.0
379,280.0
380,150.0
381,156.0
382,156.0
383,395.0
384,77.0
385,156.0
386,280.0
387,156.0
388,156.0
389,1389.0
390,1794.0
391,1040.0
392,160.0
393,148.0
394,1887.0
395,254.0
396,1002.0
397,1381.0
398,162.0
399,66.0
400,1381.0
401,409.0
402,608.0
403,619.0
404,70.0
405,784.0
406,100.0
407,77.0
408,1794.0
409,485.0
410,812.0
411,423.0
412,1428.0
413,35.0
414,819.0
415,94.0
416,256.0
417,114.0
418,1674.0
419,156.0
420,152.0
421,1480.0
422,394.0
423,789.0
424,601.0
425,344.0
426,369.0
427,1794.0
428,373.0
429,1320.0
430,784.0
431,1674.0
432,1214.0
433,305.0
434,519.0
435,837.0
436,294.0
437,160.0
438,238.0
439,152.0
440,148.0
441,42.0
442,1245.0
443,154.0
444,1478.0
445,416.0
446,77.0
447,429.0
448,1794.0
449,1238.0
450,1207.0
451,
452,1301.0
453,1055.0
454,740.0
455,1209.0
456,209.0
457,1400.0
458,619.0
459,61.0
460,361.0
461,432.0
462,1794.0
463,591.0
464,330.0
465,535.0
466,77.0
467,1310.0
468,426.0
469,577.0
470,1403.0
471,1206.0
472,646.0
473,178.0
474,115.0
475,1400.0
476,389.0
477,519.0
478,313.0
479,356.0
480,452.0
481,385.0
482,39.0
483,159.0
484,98.0
485,1400.0
486,2286.0
487,520.0
488,619.0
489,79.0
490,344.0
491,273.0
492,701.0
493,121.0
494,1281.0
495,30.0
496,56.0
497,77.0
498,54.0
499,492.0
500,77.0
501,92.0
502,154.0
503,1425.0
504,423.0
505,1400.0
506,630.0
507,1425.0
508,135.0
509,1491.0
510,691.0
511,253.0
512,392.0
513,546.0
514,1425.0
515,1055.0
516,630.0
517,193.0
518,1310.0
519,156.0
520,601.0
521,127.0
522,1782.0
523,229.0
524,296.0
525,535.0
526,315.0
527,571.0
528,1118.0
529,659.0
530,370.0
531,37.0
532,330.0
533,828.0
534,25.0
535,630.0
536,2286.0
537,1887.0
538,66.0
539,280.0
540,961.0
541,316.0
542,95.0
543,338.0
544,75.0
545,474.0
546,1794.0
547,66.0
548,77.0
549,178.0
550,150.0
551,1794.0
552,1238.0
553,693.0
554,13.0
555,152.0
556,650.0
557,856.0
558,77.0
559,1155.0
560,146.0
561,949.0
562,594.0
563,137.0
564,156.0
565,778.0
566,225.0
567,1794.0
568,866.0
569,837.0
570,153.0
571,619.0
572,1794.0
573,152.0
574,841.0
575,1674.0
576,126.0
577,242.0
578,64.0
579,438.0
580,25.0
581,373.0
582,394.0
583,401.0
584,265.0
585,1103.0
586,121.0
587,1887.0
588,1480.0
589,2005.0
590,1480.0
591,401.0
592,61.0
593,193.0
594,210.0
595,122.0
596,77.0
597,389.0
598,30.0
599,666.0
600,154.0
601,395.0
602,26.0
603,152.0
604,841.0
605,653.0
606,152.0
607,154.0
608,281.0
609,160.0
610,154.0
611,1214.0
612,1674.0
613,150.0
614,
615,244.0
616,158.0
617,1238.0
618,39.0
619,1794.0
620,156.0
621,91.0
622,28.0
623,131.0
624,26.0
625,154.0
626,2286.0
627,401.0
628,148.0
629,216.0
630,1480.0
631,1101.0
632,156.0
633,293.0
634,559.0
635,1653.0
636,856.0
637,291.0
638,356.0
639,168.0
640,152.0
641,154.0
642,1480.0
643,906.0
644,21.0
645,444.0
646,168.0
647,428.0
648,162.0
649,121.0
650,2286.0
651,756.0
652,150.0
653,1301.0
654,1887.0
655,426.0
656,330.0
657,77.0
658,95.0
659,242.0
660,389.0
661,1389.0
662,630.0
663,150.0
664,173.0
665,361.0
666,131.0
667,149.0
668,30.0
669,263.0
670,98.0
671,1207.0
672,224.0
673,156.0
674,866.0
675,888.0
676,280.0
677,17.0
678,1887.0
679,350.0
680,150.0
681,151.0
682,1425.0
683,76.0
684,827.0
685,77.0
686,39.0
687,34.0
688,841.0
689,630.0
690,150.0
691,643.0
692,856.0
693,1245.0
694,136.0
695,1546.0
696,531.0
697,64.0
698,45.0
699,107.0
700,1055.0
701,216.0
702,179.0
703,168.0
704,150.0
705,225.0
706,661.0
707,320.0
708,156.0
709,1183.0
710,261.0
711,76.0
712,175.0
713,77.0
714,515.0
715,784.0
716,37.0
717,148.0
718,1425.0
719,150.0
720,1400.0
721,198.0
722,567.0
723,77.0
724,693.0
725,1155.0
726,630.0
727,77.0
728,452.0
729,693.0
730,1221.0
731,242.0
732,131.0
733,39.0
734,98.0
735,154.0
736,1491.0
737,1425.0
738,1206.0
739,338.0
740,1794.0
741,1400.0
742,77.0
743,1206.0
744,827.0
745,1794.0
746,148.0
747,139.0
748,1480.0
749,124.0
750,2286.0
751,601.0
752,21.0
753,742.0
754,150.0
755,210.0
756,154.0
757,25.0
758,158.0
759,
760,77.0
761,856.0
762,1794.0
763,426.0
764,304.0
765,166.0
766,2286.0
767,467.0
768,1238.0
769,148.0
770,188.0
771,1111.0
772,338.0
773,1245.0
774,1129.0
775,643.0
776,1281.0
777,234.0
778,804.0
779,110.0
780,38.0
781,71.0
782,543.0
783,984.0
784,16.0
785,158.0
786,1653.0
787,2286.0
788,156.0
789,361.0
790,239.0
791,49.0
792,355.0
793,112.0
794,2286.0
795,1486.0
796,619.0
797,331.0
798,525.0
799,835.0
800,996.0
801,154.0
802,724.0
803,355.0
804,2286.0
805,237.0
806,254.0
807,159.0
808,719.0
809,426.0
810,1207.0
811,1486.0
812,866.0
813,650.0
814,834.0
815,837.0
816,300.0
817,77.0
818,269.0
819,866.0
820,18.0
821,329.0
822,1400.0
823,261.0
824,112.0
825,835.0
826,136.0
827,1078.0
828,243.0
829,878.0
830,1674.0
831,26.0
832,1674.0
833,77.0
834,740.0
835,401.0
836,1400.0
837,1245.0
838,148.0
839,148.0
840,154.0
841,1381.0
842,176.0
843,859.0
844,77.0
845,389.0
846,241.0
847,98.0
848,94.0
849,156.0
850,1078.0
851,1103.0
852,547.0
853,854.0
854,693.0
855,1887.0
856,601.0
857,2286.0
858,20.0
859,1794.0
860,935.0
861,89.0
862,77.0
863,89.0
864,44.0
865,150.0
866,1123.0
867,383.0
868,118.0
869,221.0
870,1245.0
871,266.0
872,1310.0
873,1794.0
874,209.0
875,154.0
876,860.0
877,793.0
878,1301.0
879,38.0
880,432.0
881,20.0
882,106.0
883,89.0
884,240.0
885,159.0
886,280.0
887,740.0
888,1330.0
889,1005.0
890,859.0
891,1118.0
892,223.0
893,1207.0
894,148.0
895,153.0
896,338.0
897,159.0
898,1330.0
899,265.0
900,1480.0
901,84.0
902,742.0
903,1320.0
904,1301.0
905,350.0
906,1209.0
907,856.0
908,259.0
909,33.0
910,856.0
911,243.0
912,207.0
913,835.0
914,619.0
915,38.0
916,1389.0
917,630.0
918,1674.0
919,598.0
920,108.0
921,148.0
922,1782.0
923,102.0
924,547.0
925,2005.0
926,16.0
927,150.0
928,1245.0
929,98.0
930,1375.0
931,866.0
932,856.0
933,784.0
934,39.0
935,13.0
936,670.0
937,148.0
938,152.0
939,350.0
940,261.0
941,648.0
942,568.0
943,562.0
944,266.0
945,363.0
946,1151.0
947,1887.0
948,99.0
949,1077.0
950,264.0
951,1491.0
952,113.0
953,715.0
954,36.0
955,662.0
956,176.0
957,152.0
958,131.0
959,1887.0
960,39.0
961,144.0
962,215.0
963,156.0
964,1794.0
965,1103.0
966,386.0
967,719.0
968,1040.0
969,2286.0
970,1400.0
971,156.0
972,601.0
973,151.0
974,2286.0
975,81.0
976,402.0
977,262.0
978,156.0
979,395.0
980,35.0
981,935.0
982,1245.0
983,64.0
984,456.0
985,330.0
986,1301.0
987,741.0
988,169.0
989,1202.0
990,1000.0
991,188.0
992,1480.0
993,546.0
994,50.0
995,1111.0
996,630.0
997,154.0
998,150.0
999,116.0
1000,84.0
1001,415.0
1002,154.0
1003,485.0
1004,195.0
1005,92.0
1006,619.0
1007,467.0
1008,719.0
1009,150.0
1010,30.0
1011,316.0
1012,1330.0
1013,152.0
1014,856.0
1015,42.0
1016,1381.0
1017,308.0
1018,105.0
1019,693.0
1020,719.0
1021,316.0
1022,511.0
1023,154.0
1024,210.0
1025,535.0
1026,1381.0
1027,16.0
1028,154.0
1029,413.0
1030,1238.0
1031,1887.0
1032,81.0
1033,331.0
1034,69.0
1035,
1036,39.0
1037,203.0
1038,756.0
1039,1400.0
1040,1675.0
1041,1320.0
1042,619.0
1043,1381.0
1044,206.0
1045,468.0
1046,37.0
1047,335.0
1048,691.0
1049,26.0
1050,156.0
1051,1330.0
1052,152.0
1053,1381.0
1054,1400.0
1055,1103.0
1056,180.0
1057,784.0
1058,2286.0
1059,1185.0
1060,265.0
1061,150.0
1062,75.0
1063,646.0
1064,1428.0
1065,355.0
1066,316.0
1067,1320.0
1068,131.0
1069,32.0
1070,1101.0
1071,1794.0
1072,1400.0
1073,46.0
1074,1491.0
1075,520.0
1076,1330.0
1077,164.0
1078,878.0
1079,619.0
1080,176.0
1081,77.0
1082,429.0
1083,222.0
1084,60.0
1085,827.0
1086,374.0
1087,343.0
1088,1301.0
1089,1005.0
1090,482.0
1091,154.0
1092,162.0
1093,226.0
1094,1491.0
1095,19.0
1096,523.0
1097,348.0
1098,444.0
1099,355.0
1100,395.0
1101,154.0
1102,1183.0
1103,827.0
1104,525.0
1105,34.0
1106,1328.0
1107,485.0
1108,373.0
1109,1486.0
1110,152.0
1111,420.0
1112,1276.0
1113,389.0
1114,144.0
1115,1425.0
1116,1320.0
1117,389.0
1118,185.0
1119,1674.0
1120,395.0
1121,1794.0
1122,1281.0
1123,238.0
1124,629.0
1125,234.0
1126,856.0
1127,1206.0
1128,234.0
1129,1480.0
1130,21.0
1131,1227.0
1132,128.0
1133,2286.0
1134,1425.0
1135,837.0
1136,1281.0
1137,1183.0
1138,147.0
1139,100.0
1140,32.0
1141,389.0
1142,37.0
1143,158.0
1144,154.0
1145,1055.0
1146,
1147,37.0
1148,91.0
1149,77.0
1150,1065.0
1151,1794.0
1152,244.0
1153,1425.0
1154,439.0
1155,142.0
1156,156.0
1157,173.0
1158,1428.0
1159,269.0
1160,661.0
1161,16.0
1162,37.0
1163,1005.0
1164,1400.0
1165,389.0
1166,1480.0
1167,158.0
1168,2286.0
1169,120.0
1170,624.0
1171,156.0
1172,44.0
1173,89.0
1174,789.0
1175,784.0
1176,343.0
1177,330.0
1178,390.0
1179,156.0
1180,1310.0
1181,446.0
1182,1000.0
1183,151.0
1184,67.0
1185,202.0
1186,740.0
1187,1794.0
1188,467.0
1189,55.0
1190,1137.0
1191,330.0
1192,355.0
1193,404.0
1194,1103.0
1195,932.0
1196,102.0
1197,784.0
1198,150.0
1199,1321.0
1200,1480.0
1201,1111.0
1202,1123.0
1203,150.0
1204,77.0
1205,152.0
1206,979.0
1207,280.0
1208,318.0
1209,1310.0
1210,29.0
1211,1480.0
1212,460.0
1213,186.0
1214,238.0
1215,229.0
1216,936.0
1217,1065.0
1218,871.0
1219,819.0
1220,646.0
1221,415.0
1222,152.0
1223,333.0
1224,878.0
1225,152.0
1226,1425.0
1227,156.0
1228,1794.0
1229,56.0
1230,619.0
1231,152.0
1232,118.0
1233,798.0
1234,38.0
1235,653.0
1236,1480.0
1237,61.0
1238,232.0
1239,784.0
1240,122.0
1241,856.0
1242,225.0
1243,193.0
1244,1480.0
1245,142.0
1246,77.0
1247,131.0
1248,740.0
1249,156.0
1250,356.0
1251,315.0
1252,18.0
1253,866.0
1254,164.0
1255,109.0
1256,379.0
1257,1245.0
1258,1055.0
1259,619.0
1260,798.0
1261,475.0
1262,355.0
1263,
1264,147.0
1265,1480.0
1266,1425.0
1267,77.0
1268,77.0
1269,856.0
1270,213.0
1271,77.0
1272,1301.0
1273,77.0
1274,1305.0
1275,1238.0
1276,635.0
1277,77.0
1278,1111.0
1279,442.0
1280,338.0
1281,94.0
1282,784.0
1283,88.0
1284,1486.0
1285,22.0
1286,197.0
1287,1330.0
1288,111.0
1289,213.0
1290,498.0
1291,178.0
1292,601.0
1293,456.0
1294,152.0
1295,141.0
1296,535.0
1297,1320.0
1298,1480.0
1299,778.0
1300,34.0
1301,409.0
1302,950.0
1303,1887.0
1304,389.0
1305,150.0
1306,1546.0
1307,719.0
1308,131.0
1309,1103.0
1310,1310.0
1311,392.0
1312,1794.0
1313,156.0
1314,1055.0
1315,222.0
1316,
1317,77.0
1318,33.0
1319,675.0
1320,138.0
1321,280.0
1322,856.0
1323,1480.0
1324,2286.0
1325,234.0
1326,152.0
1327,42.0
1328,148.0
1329,150.0
1330,935.0
1331,103.0
1332,77.0
1333,1245.0
1334,535.0
1335,646.0
1336,530.0
1337,1425.0
1338,986.0
1339,1238.0
1340,154.0
1341,778.0
1342,121.0
1343,177.0
1344,292.0
1345,329.0
1346,156.0
1347,1491.0
1348,591.0
1349,178.0
1350,678.0
1351,77.0
1352,39.0
1353,1381.0
1354,147.0
1355,2286.0
1356,1281.0
1357,154.0
1358,223.0
1359,1480.0
1360,51.0
1361,356.0
1362,365.0
1363,1480.0
1364,76.0
1365,61.0
1366,176.0
1367,961.0
1368,653.0
1369,2286.0
1370,119.0
1371,152.0
1372,316.0
1373,871.0
1374,144.0
1375,77.0
1376,697.0
1377,
1378,1674.0
1379,784.0
1380,77.0
1381,670.0
1382,210.0
1383,280.0
1384,784.0
1385,310.0
1386,827.0
1387,1207.0
1388,784.0
1389,756.0
1390,199.0
1391,154.0
1392,1000.0
1393,20.0
1394,280.0
1395,693.0
1396,467.0
1397,856.0
1398,258.0
1399,77.0
1400,2005.0
1401,152.0
1402,392.0
1403,837.0
1404,208.0
1405,113.0
1406,1794.0
1407,1118.0
1408,152.0
1409,653.0
1410,1209.0
1411,503.0
1412,
1413,380.0
1414,1389.0
1415,1002.0
1416,160.0
1417,1123.0
1418,223.0
1419,193.0
1420,719.0
1421,756.0
1422,77.0
1423,356.0
1424,1065.0
1425,1077.0
1426,142.0
1427,158.0
1428,
1429,1040.0
1430,237.0
1431,860.0
1432,355.0
1433,265.0
1434,77.0
1435,148.0
1436,508.0
1437,70.0
1438,395.0
1439,467.0
1440,1202.0
1441,343.0
1442,1122.0
1443,56.0
1444,152.0
1445,531.0
1446,409.0
1447,77.0
1448,156.0
1449,526.0
1450,356.0
1451,1480.0
1452,1245.0
1453,885.0
1454,389.0
1455,1806.0
1456,646.0
1457,1425.0
1458,20.0
1459,401.0
1460,866.0
1461,1480.0
1462,250.0
1463,531.0
1464,228.0
1465,131.0
1466,156.0
1467,543.0
1468,369.0
1469,837.0
1470,154.0
1471,124.0
1472,253.0
1473,218.0
1474,890.0
1475,
1476,94.0
1477,329.0
1478,156.0
1479,234.0
1480,195.0
1481,148.0
1482,1794.0
1483,154.0
1484,152.0
1485,154.0
1486,290.0
1487,116.0
1488,222.0
1489,1168.0
1490,1491.0
1491,
1492,258.0
1493,63.0
1494,1183.0
1495,154.0
1496,1206.0
1497,691.0
1498,244.0
1499,154.0
1500,152.0
1501,961.0
1502,1428.0
1503,154.0
1504,784.0
1505,630.0
1506,648.0
1507,1281.0
1508,
1509,77.0
1510,905.0
1511,401.0
1512,531.0
1513,2286.0
1514,837.0
1515,935.0
1516,260.0
1517,244.0
1518,156.0
1519,816.0
1520,1400.0
1521,1245.0
1522,19.0
1523,1400.0
1524,20.0
1525,150.0
1526,77.0
1527,851.0
1528,1310.0
1529,1198.0
1530,1491.0
1531,1055.0
1532,59.0
1533,1428.0
1534,784.0
1535,740.0
1536,1480.0
1537,715.0
1538,150.0
1539,866.0
1540,150.0
1541,156.0
1542,1312.0
1543,223.0
1544,2286.0
1545,562.0
1546,152.0
1547,624.0
1548,150.0
1549,30.0
1550,1445.0
1551,1838.0
1552,77.0
1553,1400.0
1554,166.0
1555,562.0
1556,1310.0
1557,239.0
1558,1077.0
1559,159.0
1560,467.0
1561,35.0
1562,195.0
1563,98.0
1564,389.0
1565,154.0
1566,144.0
1567,476.0
1568,747.0
1569,1486.0
1570,280.0
1571,1674.0
1572,160.0
1573,1101.0
1574,1207.0
1575,1236.0
1576,
1577,229.0
1578,1381.0
1579,
1580,1198.0
1581,533.0
1582,646.0
1583,150.0
1584,1653.0
1585,86.0
1586,37.0
1587,158.0
1588,152.0
1589,160.0
1590,1276.0
1591,322.0
1592,1381.0
1593,25.0
1594,150.0
1595,343.0
1596,81.0
1597,369.0
1598,526.0
1599,405.0
1600,1674.0
1601,146.0
1602,1238.0
1603,734.0
1604,178.0
1605,1546.0
1606,150.0
1607,1055.0
1608,1111.0
1609,531.0
1610,1183.0
1611,1480.0
1612,492.0
1613,784.0
1614,693.0
1615,670.0
1616,2286.0
1617,578.0
1618,460.0
1619,1794.0
1620,1381.0
1621,223.0
1622,1653.0
1623,158.0
1624,178.0
1625,52.0
1626,778.0
1627,531.0
1628,492.0
1629,316.0
1630,1478.0
1631,102.0
1632,1235.0
1633,193.0
1634,416.0
1635,1202.0
1636,2286.0
1637,148.0
1638,150.0
1639,1794.0
1640,154.0
1641,77.0
1642,77.0
1643,38.0
1644,152.0
1645,1245.0
1646,150.0
1647,361.0
1648,1428.0
1649,691.0
1650,866.0
1651,70.0
1652,150.0
1653,789.0
1654,1794.0
1655,1207.0
1656,1055.0
1657,77.0
1658,936.0
1659,653.0
1660,601.0
1661,314.0
1662,21.0
1663,152.0
1664,1245.0
1665,26.0
1666,866.0
1667,426.0
1668,423.0
1669,1177.0
1670,355.0
1671,156.0
1672,156.0
1673,379.0
1674,
1675,152.0
1676,740.0
1677,
1678,158.0
1679,2286.0
1680,188.0
1681,131.0
1682,1312.0
1683,154.0
1684,121.0
1685,402.0
1686,1005.0
1687,917.0
1688,1330.0
1689,266.0
1690,77.0
1691,1674.0
1692,77.0
1693,557.0
1694,206.0
1695,156.0
1696,150.0
1697,621.0
1698,2286.0
1699,420.0
1700,150.0
1701,156.0
1702,220.0
1703,238.0
1704,1425.0
1705,162.0
1706,316.0
1707,1301.0
1708,1065.0
1709,1040.0
1710,20.0
1711,231.0
1712,467.0
1713,148.0
1714,240.0
1715,175.0
1716,525.0
1717,1306.0
1718,1794.0
1719,1794.0
1720,1245.0
1721,155.0
1722,1389.0
1723,150.0
1724,251.0
1725,205.0
1726,1480.0
1727,122.0
1728,740.0
1729,263.0
1730,1245.0
1731,526.0
1732,77.0
1733,31.0
1734,1794.0
1735,1887.0
1736,2286.0
1737,150.0
1738,180.0
1739,393.0
1740,184.0
1741,1276.0
1742,1486.0
1743,1480.0
1744,266.0
1745,152.0
1746,166.0
1747,355.0
1748,1118.0
1749,1320.0
1750,187.0
1751,37.0
1752,36.0
1753,535.0
1754,346.0
1755,19.0
1756,2286.0
1757,338.0
1758,1546.0
1759,159.0
1760,619.0
1761,77.0
1762,1177.0
1763,350.0
1764,986.0
1765,116.0
1766,110.0
1767,256.0
1768,526.0
1769,15.0
1770,20.0
1771,150.0
1772,215.0
1773,819.0
1774,156.0
1775,630.0
1776,866.0
1777,152.0
1778,888.0
1779,82.0
1780,150.0
1781,243.0
1782,154.0
1783,310.0
1784,1055.0
1785,650.0
1786,715.0
1787,62.0
1788,146.0
1789,1207.0
1790,395.0
1791,361.0
1792,150.0
1793,156.0
1794,98.0
1795,2286.0
1796,1245.0
1797,1782.0
1798,198.0
1799,1078.0
1800,303.0
1801,52.0
1802,61.0
1803,492.0
1804,130.0
1805,330.0
1806,21.0
1807,363.0
1808,
1809,906.0
1810,433.0
1811,343.0
1812,446.0
1813,148.0
1814,148.0
1815,281.0
1816,1794.0
1817,77.0
1818,389.0
1819,784.0
1820,330.0
1821,150.0
1822,450.0
1823,234.0
1824,152.0
1825,1245.0
1826,152.0
1827,330.0
1828,579.0
1829,185.0
1830,77.0
1831,650.0
1832,73.0
1833,1838.0
1834,619.0
1835,423.0
1836,152.0
1837,630.0
1838,1202.0
1839,1330.0
1840,619.0
1841,355.0
1842,77.0
1843,1005.0
1844,162.0
1845,357.0
1846,30.0
1847,1281.0
1848,650.0
1849,511.0
1850,502.0
1851,1330.0
1852,535.0
1853,178.0
1854,143.0
1855,156.0
1856,837.0
1857,152.0
1858,1381.0
1859,1206.0
1860,39.0
1861,
1862,1381.0
1863,16.0
1864,535.0
1865,379.0
1866,828.0
1867,1301.0
1868,648.0
1869,150.0
1870,154.0
1871,648.0
1872,1375.0
1873,1055.0
1874,29.0
1875,784.0
1876,1486.0
1877,1075.0
1878,17.0
1879,102.0
1880,1420.0
1881,784.0
1882,389.0
1883,154.0
1884,502.0
1885,350.0
1886,670.0
1887,1674.0
1888,77.0
1889,361.0
1890,82.0
1891,18.0
1892,1425.0
1893,254.0
1894,310.0
1895,282.0
1896,1276.0
1897,150.0
1898,316.0
1899,1794.0
1900,160.0
1901,152.0
1902,1794.0
1903,21.0
1904,330.0
1905,681.0
1906,32.0
1907,151.0
1908,60.0
1909,150.0
1910,338.0
1911,234.0
1912,1794.0
1913,77.0
1914,163.0
1915,719.0
1916,204.0
1917,784.0
1918,1055.0
1919,1330.0
1920,1330.0
1921,178.0
1922,1806.0
1923,1400.0
1924,94.0
1925,1160.0
1926,152.0
1927,1245.0
1928,426.0
1929,1794.0
1930,195.0
1931,354.0
1932,1794.0
1933,329.0
1934,1794.0
1935,158.0
1936,866.0
1937,223.0
1938,1234.0
1939,837.0
1940,1132.0
1941,153.0
1942,88.0
1943,152.0
1944,150.0
1945,594.0
1946,77.0
1947,1491.0
1948,131.0
1949,77.0
1950,1111.0
1951,108.0
1952,1546.0
1953,69.0
1954,150.0
1955,557.0
1956,343.0
1957,370.0
1958,1480.0
1959,1118.0
1960,693.0
1961,531.0
1962,67.0
1963,154.0
1964,1245.0
1965,653.0
1966,293.0
1967,724.0
1968,210.0
1969,1674.0
1970,196.0
1971,429.0
1972,1389.0
1973,148.0
1974,2063.0
1975,1794.0
1976,356.0
1977,1794.0
1978,154.0
1979,1794.0
1980,166.0
1981,159.0
1982,1653.0
1983,1040.0
1984,195.0
1985,150.0
1986,147.0
1987,789.0
1988,234.0
1989,379.0
1990,23.0
1991,71.0
1992,535.0
1993,259.0
1994,1794.0
1995,365.0
1996,
1997,658.0
1998,733.0
1999,90.0
2000,150.0
2001,1794.0
2002,158.0
2003,154.0
2004,1301.0
2005,1245.0
2006,2286.0
2007,1077.0
2008,1546.0
2009,1794.0
2010,309.0
2011,77.0
2012,949.0
2013,389.0
2014,1245.0
2015,1245.0
2016,35.0
2017,102.0
2018,152.0
2019,150.0
2020,531.0
2021,112.0
2022,1674.0
2023,835.0
2024,379.0
2025,185.0
2026,152.0
2027,1480.0
2028,141.0
2029,16.0
2030,1381.0
2031,856.0
2032,1794.0
2033,77.0
2034,1794.0
2035,338.0
2036,1400.0
2037,154.0
2038,133.0
2039,204.0
2040,184.0
2041,148.0
2042,1055.0
2043,38.0
2044,675.0
2045,303.0
2046,
2047,146.0
2048,1207.0
2049,526.0
2050,837.0
2051,89.0
2052,228.0
2053,1491.0
2054,158.0
2055,383.0
2056,841.0
2057,158.0
2058,37.0
2059,55.0
2060,653.0
2061,520.0
2062,28.0
2063,148.0
2064,152.0
2065,890.0
2066,653.0
2067,237.0
2068,1491.0
2069,1005.0
2070,122.0
2071,152.0
2072,531.0
2073,338.0
2074,148.0
2075,311.0
2076,1400.0
2077,1381.0
2078,1428.0
2079,368.0
2080,798.0
2081,917.0
2082,77.0
2083,351.0
2084,189.0
2085,25.0
2086,204.0
2087,
2088,104.0
2089,1480.0
2090,244.0
2091,1123.0
2092,77.0
2093,99.0
2094,403.0
2095,211.0
2096,148.0
2097,584.0
2098,606.0
2099,226.0
2100,64.0
2101,1150.0
2102,557.0
2103,25.0
2104,374.0
2105,888.0
2106,113.0
2107,619.0
2108,1794.0
2109,520.0
2110,856.0
2111,1794.0
2112,154.0
2113,1245.0
2114,39.0
2115,322.0
2116,1012.0
2117,234.0
2118,146.0
2119,361.0
2120,1887.0
2121,1794.0
2122,2286.0
2123,1281.0
2124,355.0
2125,312.0
2126,282.0
2127,269.0
2128,193.0
2129,77.0
2130,856.0
2131,77.0
2132,193.0
2133,591.0
2134,650.0
2135,330.0
2136,150.0
2137,1887.0
2138,1206.0
2139,1794.0
2140,936.0
2141,1403.0
2142,154.0
2143,124.0
2144,675.0
2145,1177.0
2146,1281.0
2147,793.0
2148,220.0
2149,302.0
2150,222.0
2151,439.0
2152,393.0
2153,178.0
2154,1381.0
2155,619.0
2156,330.0
2157,42.0
2158,148.0
2159,619.0
2160,343.0
2161,1330.0
2162,409.0
2163,183.0
2164,166.0
2165,242.0
2166,1491.0
2167,355.0
2168,68.0
2169,154.0
2170,330.0
2171,1005.0
2172,1111.0
2173,249.0
2174,16.0
2175,502.0
2176,1055.0
2177,338.0
2178,1794.0
2179,784.0
2180,395.0
2181,856.0
2182,201.0
2183,1078.0
2184,1320.0
2185,77.0
2186,1794.0
2187,531.0
2188,650.0
2189,148.0
2190,182.0
2191,404.0
2192,1281.0
2193,2005.0
2194,1238.0
2195,254.0
2196,520.0
2197,150.0
2198,184.0
2199,1310.0
2200,390.0
2201,150.0
2202,196.0
2203,122.0
2204,150.0
2205,154.0
2206,229.0
2207,185.0
2208,244.0
2209,1887.0
2210,591.0
2211,
2212,905.0
2213,152.0
2214,152.0
2215,619.0
2216,
2217,415.0
2218,55.0
2219,135.0
2220,344.0
2221,94.0
2222,533.0
2223,789.0
2224,210.0
2225,231.0
2226,150.0
2227,387.0
2228,1674.0
2229,77.0
2230,1245.0
2231,158.0
2232,150.0
2233,1400.0
2234,77.0
2235,578.0
2236,261.0
2237,2286.0
2238,160.0
2239,343.0
2240,150.0
2241,211.0
2242,208.0
2243,256.0
2244,316.0
2245,269.0
2246,294.0
2247,265.0
2248,756.0
2249,1491.0
2250,192.0
2251,1055.0
2252,152.0
2253,1202.0
2254,525.0
2255,138.0
2256,290.0
2257,37.0
2258,878.0
2259,1794.0
2260,439.0
2261,42.0
2262,1310.0
2263,1491.0
2264,1480.0
2265,29.0
2266,1491.0
2267,76.0
2268,450.0
2269,234.0
2270,456.0
2271,179.0
2272,154.0
2273,244.0
2274,37.0
2275,1491.0
2276,670.0
2277,25.0
2278,25.0
2279,350.0
2280,690.0
2281,1428.0
2282,253.0
2283,154.0
2284,693.0
2285,389.0
2286,354.0
2287,693.0
2288,266.0
2289,156.0
2290,827.0
2291,316.0
2292,112.0
2293,1221.0
2294,180.0
2295,162.0
2296,148.0
2297,733.0
2298,646.0
2299,1794.0
2300,104.0
2301,389.0
2302,280.0
2303,
2304,164.0
2305,693.0
2306,1887.0
2307,936.0
2308,148.0
2309,1330.0
2310,1289.0
2311,122.0
2312,158.0
2313,1101.0
2314,152.0
2315,
2316,827.0
2317,44.0
2318,291.0
2319,361.0
2320,1183.0
2321,1002.0
2322,793.0
2323,1123.0
2324,1400.0
2325,1425.0
2326,154.0
2327,1480.0
2328,333.0
2329,2063.0
2330,280.0
2331,693.0
2332,594.0
2333,1055.0
2334,106.0
2335,1653.0
2336,789.0
2337,71.0
2338,261.0
2339,675.0
2340,130.0
2341,322.0
2342,60.0
2343,878.0
2344,1236.0
2345,54.0
2346,562.0
2347,158.0
2348,237.0
2349,234.0
2350,152.0
2351,508.0
2352,856.0
2353,30.0
2354,2286.0
2355,152.0
2356,34.0
2357,154.0
2358,150.0
2359,154.0
2360,1794.0
2361,265.0
2362,630.0
2363,52.0
2364,646.0
2365,152.0
2366,160.0
2367,94.0
2368,332.0
2369,693.0
2370,315.0
2371,150.0
2372,1177.0
2373,492.0
2374,156.0
2375,1491.0
2376,148.0
2377,1111.0
2378,150.0
2379,77.0
2380,33.0
2381,150.0
2382,188.0
2383,77.0
2384,1111.0
2385,984.0
2386,158.0
2387,1491.0
2388,16.0
2389,1281.0
2390,58.0
2391,1078.0
2392,158.0
2393,67.0
2394,389.0
2395,150.0
2396,286.0
2397,1887.0
2398,1330.0
2399,859.0
2400,740.0
2401,338.0
2402,112.0
2403,1245.0
2404,837.0
2405,373.0
2406,383.0
2407,519.0
2408,154.0
2409,81.0
2410,154.0
2411,1198.0
2412,70.0
2413,355.0
2414,382.0
2415,395.0
2416,373.0
2417,535.0
2418,1486.0
2419,16.0
2420,793.0
2421,794.0
2422,1794.0
2423,1400.0
2424,1480.0
2425,25.0
2426,367.0
2427,20.0
2428,567.0
2429,198.0
2430,1491.0
2431,150.0
2432,216.0
2433,1055.0
2434,866.0
2435,559.0
2436,1491.0
2437,741.0
2438,519.0
2439,1794.0
2440,152.0
2441,305.0
2442,508.0
2443,122.0
2444,154.0
2445,1320.0
2446,2286.0
2447,261.0
2448,368.0
2449,45.0
2450,263.0
2451,474.0
2452,467.0
2453,215.0
2454,1794.0
2455,156.0
2456,81.0
2457,148.0
2458,395.0
2459,154.0
2460,178.0
2461,1486.0
2462,784.0
2463,389.0
2464,653.0
2465,619.0
2466,1281.0
2467,1301.0
2468,152.0
2469,311.0
2470,77.0
2471,316.0
2472,293.0
2473,191.0
2474,1794.0
2475,793.0
2476,1155.0
2477,39.0
2478,140.0
2479,168.0
2480,1206.0
2481,866.0
2482,77.0
2483,132.0
2484,67.0
2485,693.0
2486,32.0
2487,107.0
2488,594.0
2489,149.0
2490,81.0
2491,1111.0
2492,856.0
2493,415.0
2494,1794.0
2495,917.0
2496,83.0
2497,
2498,1207.0
2499,229.0
2500,1301.0
2501,460.0
2502,237.0
2503,1245.0
2504,220.0
2505,1206.0
2506,68.0
2507,178.0
2508,693.0
2509,54.0
2510,322.0
2511,156.0
2512,156.0
2513,1111.0
2514,1330.0
2515,878.0
2516,94.0
2517,156.0
2518,1281.0
2519,158.0
2520,1480.0
2521,1806.0
2522,67.0
2523,1887.0
2524,154.0
2525,266.0
2526,1103.0
2527,152.0
2528,986.0
2529,154.0
2530,222.0
2531,152.0
2532,401.0
2533,77.0
2534,317.0
2535,1674.0
2536,1005.0
2537,77.0
2538,150.0
2539,1400.0
2540,164.0
2541,31.0
2542,263.0
2543,508.0
2544,796.0
2545,473.0
2546,361.0
2547,152.0
2548,1245.0
2549,935.0
2550,1321.0
2551,535.0
2552,460.0
2553,77.0
2554,446.0
2555,152.0
2556,116.0
2557,1486.0
2558,837.0
2559,245.0
2560,460.0
2561,152.0
2562,837.0
2563,79.0
2564,159.0
2565,186.0
2566,154.0
2567,90.0
2568,156.0
2569,1077.0
2570,197.0
2571,531.0
2572,225.0
2573,535.0
2574,935.0
2575,562.0
2576,35.0
2577,36.0
2578,950.0
2579,156.0
2580,1310.0
2581,147.0
2582,150.0
2583,742.0
2584,1491.0
2585,1491.0
2586,1491.0
2587,1400.0
2588,1238.0
2589,37.0
2590,1480.0
2591,2286.0
2592,1491.0
2593,149.0
2594,740.0
2595,193.0
2596,150.0
2597,1428.0
2598,630.0
2599,1132.0
2600,152.0
2601,508.0
2602,1425.0
2603,1238.0
2604,693.0
2605,77.0
2606,131.0
2607,1101.0
2608,193.0
2609,812.0
2610,1794.0
2611,220.0
2612,98.0
2613,897.0
2614,55.0
2615,2286.0
2616,175.0
2617,675.0
2618,1480.0
2619,573.0
2620,1480.0
2621,154.0
2622,917.0
2623,164.0
2624,154.0
2625,77.0
2626,409.0
2627,502.0
2628,350.0
2629,1400.0
2630,251.0
2631,1887.0
2632,152.0
2633,370.0
2634,150.0
2635,280.0
2636,693.0
2637,836.0
2638,462.0
2639,1428.0
2640,121.0
2641,117.0
2642,78.0
2643,1445.0
2644,1425.0
2645,379.0
2646,234.0
2647,98.0
2648,1281.0
2649,1281.0
2650,153.0
2651,856.0
2652,1245.0
2653,1321.0
2654,1400.0
2655,385.0
2656,1040.0
2657,166.0
2658,389.0
2659,1491.0
2660,329.0
2661,1235.0
2662,132.0
2663,409.0
2664,330.0
2665,515.0
2666,150.0
2667,1491.0
2668,52.0
2669,206.0
2670,39.0
2671,38.0
2672,60.0
2673,71.0
2674,1276.0
2675,16.0
2676,653.0
2677,85.0
2678,83.0
2679,77.0
2680,56.0
2681,178.0
2682,856.0
2683,665.0
2684,986.0
2685,312.0
2686,238.0
2687,77.0
2688,646.0
2689,890.0
2690,1183.0
2691,220.0
2692,666.0
2693,
2694,828.0
2695,1381.0
2696,1400.0
2697,154.0
2698,755.0
2699,532.0
2700,316.0
2701,70.0
2702,1103.0
2703,828.0
2704,148.0
2705,150.0
2706,143.0
2707,238.0
2708,286.0
2709,691.0
2710,1328.0
2711,20.0
2712,355.0
2713,1491.0
2714,280.0
2715,1486.0
2716,154.0
2717,1400.0
2718,150.0
2719,152.0
2720,1887.0
2721,330.0
2722,183.0
2723,152.0
2724,150.0
2725,650.0
2726,393.0
2727,693.0
2728,77.0
2729,56.0
2730,154.0
2731,1794.0
2732,1006.0
2733,492.0
2734,392.0
2735,330.0
2736,176.0
2737,1491.0
2738,1207.0
2739,1794.0
2740,630.0
2741,82.0
2742,290.0
2743,176.0
2744,77.0
2745,135.0
2746,488.0
2747,154.0
2748,18.0
2749,312.0
2750,146.0
2751,316.0
2752,154.0
2753,150.0
2754,619.0
2755,438.0
2756,646.0
2757,1000.0
2758,450.0
2759,619.0
2760,158.0
2761,906.0
2762,150.0
2763,670.0
2764,343.0
2765,255.0
2766,837.0
2767,154.0
2768,837.0
2769,519.0
2770,1428.0
2771,432.0
2772,139.0
2773,2286.0
2774,520.0
2775,100.0
2776,198.0
2777,562.0
2778,294.0
2779,77.0
2780,287.0
2781,156.0
2782,152.0
2783,1428.0
2784,392.0
2785,254.0
2786,1055.0
2787,190.0
2788,159.0
2789,265.0
2790,228.0
2791,1794.0
2792,394.0
2793,21.0
2794,379.0
2795,193.0
2796,150.0
2797,379.0
2798,740.0
2799,33.0
2800,1220.0
2801,1202.0
2802,146.0
2803,1480.0
2804,1794.0
2805,535.0
2806,343.0
2807,841.0
2808,304.0
2809,150.0
2810,1078.0
2811,94.0
2812,1381.0
2813,1101.0
2814,784.0
2815,355.0
2816,878.0
2817,64.0
2818,69.0
2819,177.0
2820,22.0
2821,439.0
2822,666.0
2823,150.0
2824,1065.0
2825,318.0
2826,1445.0
2827,450.0
2828,2286.0
2829,1445.0
2830,693.0
2831,653.0
2832,818.0
2833,231.0
2834,225.0
2835,1040.0
2836,1794.0
2837,93.0
2838,1381.0
2839,1491.0
2840,154.0
2841,95.0
2842,793.0
2843,208.0
2844,837.0
2845,485.0
2846,1320.0
2847,1417.0
2848,1245.0
2849,208.0
2850,403.0
2851,535.0
2852,223.0
2853,619.0
2854,152.0
2855,1321.0
2856,305.0
2857,619.0
2858,266.0
2859,156.0
2860,519.0
2861,741.0
2862,701.0
2863,98.0
2864,148.0
2865,430.0
2866,1301.0
2867,27.0
2868,148.0
2869,804.0
2870,1040.0
2871,1400.0
2872,1310.0
2873,173.0
2874,1794.0
2875,467.0
2876,354.0
2877,1000.0
2878,1330.0
2879,152.0
2880,121.0
2881,1389.0
2882,152.0
2883,34.0
2884,145.0
2885,1491.0
2886,210.0
2887,37.0
2888,836.0
2889,254.0
2890,1055.0
2891,1400.0
2892,149.0
2893,837.0
2894,99.0
2895,263.0
2896,1000.0
2897,67.0
2898,208.0
2899,152.0
2900,77.0
2901,1101.0
2902,1674.0
2903,316.0
2904,351.0
2905,1794.0
2906,598.0
2907,619.0
2908,156.0
2909,463.0
2910,1425.0
2911,154.0
2912,80.0
2913,854.0
2914,265.0
2915,152.0
2916,1122.0
2917,148.0
2918,105.0
2919,456.0
2920,493.0
2921,859.0
2922,1123.0
2923,148.0
2924,338.0
2925,567.0
2926,154.0
2927,756.0
2928,162.0
2929,150.0
2930,239.0
2931,121.0
2932,932.0
2933,420.0
2934,70.0
2935,1328.0
2936,395.0
2937,1235.0
2938,1183.0
2939,1480.0
2940,1480.0
2941,316.0
2942,158.0
2943,309.0
2944,1887.0
2945,20.0
2946,365.0
2947,154.0
2948,469.0
2949,1491.0
2950,
2951,724.0
2952,1417.0
2953,77.0
2954,1065.0
2955,1185.0
2956,415.0
2957,601.0
2958,1306.0
2959,316.0
2960,837.0
2961,835.0
2962,356.0
2963,148.0
2964,460.0
2965,33.0
2966,395.0
2967,1794.0
2968,225.0
2969,669.0
2970,784.0
2971,228.0
2972,1234.0
2973,859.0
2974,149.0
2975,207.0
2976,152.0
2977,1491.0
2978,77.0
2979,1328.0
2980,1207.0
2981,66.0
2982,21.0
2983,784.0
2984,343.0
2985,77.0
2986,16.0
2987,662.0
2988,71.0
2989,89.0
2990,95.0
2991,148.0
2992,789.0
2993,1491.0
2994,1320.0
2995,154.0
2996,310.0
2997,693.0
2998,740.0
2999,156.0
3000,156.0
3001,376.0
3002,1183.0
3003,324.0
3004,395.0
3005,118.0
3006,1177.0
3007,152.0
3008,77.0
3009,152.0
3010,156.0
3011,359.0
3012,529.0
3013,531.0
3014,234.0
3015,866.0
3016,154.0
3017,619.0
3018,112.0
3019,93.0
3020,379.0
3021,546.0
3022,160.0
3023,316.0
3024,51.0
3025,180.0
3026,1202.0
3027,1101.0
3028,594.0
3029,452.0
3030,146.0
3031,106.0
3032,659.0
3033,591.0
3034,154.0
3035,1381.0
3036,392.0
3037,409.0
3038,225.0
3039,112.0
3040,254.0
3041,350.0
3042,1055.0
3043,152.0
3044,234.0
3045,180.0
3046,152.0
3047,1489.0
3048,2286.0
3049,859.0
3050,156.0
3051,379.0
3052,256.0
3053,148.0
3054,389.0
3055,146.0
3056,291.0
3057,1794.0
3058,296.0
3059,242.0
3060,98.0
3061,95.0
3062,361.0
3063,1794.0
3064,330.0
3065,63.0
3066,148.0
3067,1235.0
3068,2286.0
3069,1320.0
3070,416.0
3071,1301.0
3072,52.0
3073,525.0
3074,112.0
3075,82.0
3076,152.0
3077,476.0
3078,1236.0
3079,152.0
3080,502.0
3081,321.0
3082,152.0
3083,1794.0
3084,225.0
3085,154.0
3086,60.0
3087,
3088,1794.0
3089,463.0
3090,1123.0
3091,601.0
3092,58.0
3093,1202.0
3094,1491.0
3095,368.0
3096,148.0
3097,305.0
3098,562.0
3099,1235.0
3100,343.0
3101,379.0
3102,789.0
3103,152.0
3104,1794.0
3105,280.0
3106,1055.0
3107,1206.0
3108,178.0
3109,2286.0
3110,828.0
3111,152.0
3112,389.0
3113,112.0
3114,1794.0
3115,1320.0
3116,150.0
3117,1794.0
3118,118.0
3119,77.0
3120,154.0
3121,231.0
3122,856.0
3123,1078.0
3124,1005.0
3125,1425.0
3126,297.0
3127,629.0
3128,156.0
3129,89.0
3130,462.0
3131,629.0
3132,
3133,156.0
3134,107.0
3135,101.0
3136,677.0
3137,1425.0
3138,25.0
3139,150.0
3140,154.0
3141,1111.0
3142,492.0
3143,154.0
3144,1103.0
3145,890.0
3146,138.0
3147,153.0
3148,415.0
3149,295.0
3150,393.0
3151,1330.0
3152,33.0
3153,159.0
3154,100.0
3155,321.0
3156,409.0
3157,73.0
3158,96.0
3159,79.0
3160,28.0
3161,195.0
3162,389.0
3163,1183.0
3164,1420.0
3165,266.0
3166,77.0
3167,784.0
3168,150.0
3169,1403.0
3170,1281.0
3171,154.0
3172,1887.0
3173,1491.0
3174,1425.0
3175,34.0
3176,935.0
3177,675.0
3178,15.0
3179,818.0
3180,152.0
3181,150.0
3182,1389.0
3183,523.0
3184,361.0
3185,120.0
3186,890.0
3187,1274.0
3188,1183.0
3189,129.0
3190,148.0
3191,1040.0
3192,949.0
3193,39.0
3194,156.0
3195,316.0
3196,1245.0
3197,234.0
3198,866.0
3199,223.0
3200,94.0
3201,164.0
3202,338.0
3203,229.0
3204,77.0
3205,837.0
3206,878.0
3207,1005.0
3208,154.0
3209,719.0
3210,1214.0
3211,1301.0
3212,468.0
3213,177.0
3214,401.0
3215,97.0
3216,404.0
3217,1151.0
3218,1480.0
3219,1320.0
3220,1389.0
3221,367.0
3222,256.0
3223,148.0
3224,508.0
3225,256.0
3226,268.0
3227,76.0
3228,152.0
3229,693.0
3230,37.0
3231,21.0
3232,619.0
3233,1480.0
3234,653.0
3235,101.0
3236,1330.0
3237,156.0
3238,601.0
3239,31.0
3240,949.0
3241,816.0
3242,305.0
3243,1794.0
3244,601.0
3245,1312.0
3246,1491.0
3247,1207.0
3248,316.0
3249,166.0
3250,71.0
3251,158.0
3252,591.0
3253,150.0
3254,1478.0
3255,1328.0
3256,322.0
3257,156.0
3258,401.0
3259,96.0
3260,150.0
3261,653.0
3262,296.0
3263,1491.0
3264,355.0
3265,1428.0
3266,304.0
3267,150.0
3268,1123.0
3269,156.0
3270,389.0
3271,310.0
3272,866.0
3273,2137.0
3274,21.0
3275,322.0
3276,1227.0
3277,462.0
3278,152.0
3279,851.0
3280,715.0
3281,242.0
3282,225.0
3283,1480.0
3284,1564.0
3285,182.0
3286,1055.0
3287,
3288,144.0
3289,152.0
3290,389.0
3291,135.0
3292,58.0
3293,280.0
3294,19.0
3295,2286.0
3296,583.0
3297,367.0
3298,154.0
3299,168.0
3300,462.0
3301,619.0
3302,1491.0
3303,638.0
3304,131.0
3305,1491.0
3306,1794.0
3307,1330.0
3308,34.0
3309,237.0
3310,77.0
3311,243.0
3312,77.0
3313,1480.0
3314,1055.0
3315,438.0
3316,124.0
3317,1838.0
3318,152.0
3319,60.0
3320,1478.0
3321,619.0
3322,164.0
3323,531.0
3324,2286.0
3325,1238.0
3326,442.0
3327,359.0
3328,19.0
3329,1002.0
3330,46.0
3331,70.0
3332,531.0
3333,176.0
3334,1005.0
3335,1002.0
3336,64.0
3337,54.0
3338,515.0
3339,619.0
