0,0
1,1
2,1
3,0
4,5
5,2
6,1
7,0
8,3
9,2
10,3
11,1
12,2
13,2
14,1
15,0
16,0
17,0
18,1
19,0
20,1
21,1
22,0
23,2
24,0
25,1
26,1
27,3
28,0
29,1
30,0
31,1
32,1
33,1
34,1
35,1
36,1
37,4
38,0
39,1
40,0
41,2
42,0
43,2
44,2
45,0
46,0
47,0
48,0
49,0
50,1
51,6
52,2
53,1
54,0
55,1
56,1
57,1
58,0
59,1
60,1
61,1
62,0
63,0
64,3
65,1
66,2
67,0
68,1
69,4
70,0
71,2
72,1
73,0
74,1
75,1
76,1
77,1
78,3
79,0
80,2
81,1
82,1
83,2
84,3
85,1
86,1
87,0
88,2
89,4
90,0
91,1
92,3
93,1
94,1
95,1
96,2
97,1
98,1
99,1
100,1
101,2
102,4
103,1
104,3
105,1
106,1
107,1
108,2
109,1
110,0
111,0
112,1
113,3
114,1
115,0
116,1
117,2
118,4
119,0
120,0
121,4
122,0
123,2
124,1
125,1
126,2
127,1
128,1
129,2
130,1
131,4
132,2
133,0
134,1
135,2
136,1
137,1
138,1
139,3
140,1
141,0
142,2
143,2
144,6
145,1
146,0
147,0
148,1
149,0
150,1
151,2
152,2
153,0
154,2
155,3
156,1
157,3
158,0
159,0
160,1
161,0
162,0
163,0
164,3
165,1
166,0
167,0
168,0
169,1
170,0
171,0
172,0
173,0
174,1
175,0
176,1
177,1
178,2
179,0
180,4
181,0
182,1
183,1
184,0
185,0
186,0
187,1
188,5
189,0
190,1
191,1
192,0
193,1
194,1
195,0
196,0
197,0
198,1
199,5
200,1
201,2
202,5
203,0
204,1
205,1
206,2
207,2
208,1
209,0
210,1
211,1
212,1
213,1
214,1
215,2
216,0
217,2
218,3
219,1
220,0
221,0
222,0
223,0
224,1
225,0
226,4
227,1
228,0
229,2
230,1
231,2
232,0
233,0
234,0
235,0
236,2
237,0
238,1
239,2
240,0
241,1
242,0
243,2
244,2
245,1
246,2
247,2
248,0
249,2
250,1
251,1
252,0
253,1
254,0
255,3
256,0
257,1
258,0
259,0
260,0
261,0
262,1
263,2
264,2
265,2
266,1
267,1
268,0
269,3
270,3
271,0
272,0
273,2
274,4
275,1
276,1
277,1
278,0
279,1
280,2
281,1
282,4
283,2
284,0
285,2
286,1
287,1
288,0
289,0
290,1
291,3
292,1
293,3
294,1
295,2
296,1
297,0
298,1
299,1
300,3
301,0
302,1
303,0
304,2
305,2
306,2
307,0
308,3
309,1
310,3
311,1
312,1
313,0
314,5
315,1
316,2
317,1
318,0
319,0
320,2
321,0
322,0
323,1
324,1
325,1
326,2
327,1
328,1
329,0
330,2
331,2
332,0
333,0
334,1
335,0
336,1
337,1
338,1
339,1
340,1
341,1
342,1
343,4
344,1
345,0
346,1
347,1
348,0
349,1
350,1
351,1
352,2
353,1
354,1
355,0
356,3
357,0
358,4
359,2
360,2
361,2
362,0
363,1
364,1
365,1
366,2
367,1
368,2
369,0
370,2
371,2
372,2
373,1
374,2
375,0
376,1
377,2
378,3
379,1
380,0
381,0
382,0
383,1
384,1
385,0
386,0
387,0
388,0
389,2
390,1
391,1
392,0
393,1
394,0
395,1
396,0
397,0
398,1
399,6
400,1
401,2
402,3
403,0
404,1
405,5
406,0
407,2
408,0
409,2
410,2
411,1
412,2
413,0
414,2
415,1
416,0
417,0
418,1
419,4
420,1
421,1
422,2
423,1
424,0
425,1
426,2
427,2
428,3
429,1
430,2
431,1
432,0
433,1
434,2
435,2
436,0
437,3
438,1
439,1
440,0
441,1
442,0
443,2
444,0
445,0
446,2
447,0
448,1
449,1
450,2
451,0
452,2
453,3
454,3
455,2
456,0
457,0
458,0
459,2
460,1
461,1
462,3
463,1
464,1
465,3
466,1
467,0
468,2
469,1
470,0
471,1
472,3
473,2
474,0
475,0
476,1
477,4
478,3
479,1
480,1
481,1
482,2
483,2
484,1
485,0
486,1
487,0
488,0
489,0
490,3
491,0
492,2
493,1
494,2
495,1
496,2
497,1
498,4
499,1
500,0
501,2
502,0
503,1
504,1
505,0
506,1
507,0
508,2
509,0
510,2
511,1
512,4
513,0
514,0
515,1
516,0
517,1
518,0
519,4
520,1
521,1
522,2
523,1
524,3
525,0
526,0
527,1
528,1
529,1
530,0
531,5
532,3
533,2
534,0
535,0
536,1
537,1
538,5
539,2
540,2
541,1
542,3
543,2
544,1
545,1
546,0
547,5
548,0
549,3
550,0
551,2
552,0
553,0
554,1
555,0
556,1
557,0
558,0
559,6
560,0
561,0
562,1
563,1
564,2
565,0
566,1
567,1
568,4
569,1
570,3
571,0
572,2
573,0
574,1
575,1
576,3
577,1
578,0
579,1
580,0
581,1
582,1
583,0
584,1
585,2
586,0
587,2
588,1
589,4
590,3
591,1
592,0
593,3
594,0
595,0
596,0
597,2
598,2
599,4
600,0
601,0
602,4
603,0
604,0
605,2
606,0
607,0
608,4
609,0
610,1
611,0
612,4
613,0
614,0
615,0
616,0
617,2
618,0
619,1
620,2
621,0
622,2
623,0
624,0
625,1
626,1
627,0
628,5
629,1
630,3
631,1
632,1
633,2
634,2
635,2
636,0
637,2
638,0
639,1
640,0
641,0
642,1
643,1
644,2
645,1
646,1
647,3
648,1
649,4
650,1
651,0
652,1
653,1
654,1
655,2
656,4
657,1
658,3
659,0
660,1
661,1
662,0
663,1
664,0
665,0
666,0
667,0
668,2
669,1
670,1
671,0
672,1
673,2
674,2
675,2
676,0
677,1
678,2
679,0
680,0
681,2
682,1
683,1
684,3
685,1
686,0
687,0
688,0
689,0
690,0
691,1
692,1
693,1
694,1
695,1
696,1
697,2
698,1
699,1
700,5
701,1
702,1
703,4
704,1
705,0
706,0
707,1
708,0
709,2
710,4
711,1
712,1
713,1
714,1
715,1
716,0
717,3
718,0
719,1
720,0
721,1
722,0
723,2
724,0
725,2
726,1
727,1
728,1
729,0
730,0
731,3
732,1
733,3
734,1
735,1
736,1
737,1
738,2
739,3
740,1
741,0
742,1
743,1
744,3
745,1
746,5
747,0
748,0
749,1
750,0
751,0
752,0
753,1
754,0
755,0
756,0
757,1
758,1
759,0
760,1
761,3
762,2
763,3
764,1
765,1
766,2
767,0
768,1
769,0
770,0
771,0
772,2
773,1
774,1
775,1
776,3
777,2
778,1
779,2
780,1
781,1
782,1
783,1
784,0
785,1
786,1
787,0
788,1
789,1
790,1
791,2
792,0
793,2
794,0
795,2
796,2
797,1
798,0
799,3
800,1
801,0
802,3
803,0
804,1
805,0
806,0
807,1
808,1
809,2
810,0
811,2
812,1
813,1
814,1
815,2
816,3
817,0
818,0
819,2
820,1
821,2
822,0
823,4
824,2
825,0
826,2
827,0
828,1
829,0
830,3
831,0
832,2
833,0
834,2
835,0
836,0
837,1
838,1
839,1
840,1
841,2
842,2
843,3
844,1
845,2
846,3
847,1
848,5
849,0
850,0
851,1
852,0
853,1
854,0
855,1
856,1
857,1
858,1
859,0
860,0
861,3
862,0
863,2
864,0
865,1
866,1
867,2
868,3
869,0
870,1
871,1
872,0
873,2
874,1
875,2
876,2
877,1
878,1
879,0
880,2
881,0
882,1
883,2
884,0
885,1
886,2
887,0
888,2
889,2
890,2
891,1
892,2
893,1
894,0
895,0
896,3
897,1
898,2
899,1
900,1
901,1
902,0
903,2
904,1
905,2
906,1
907,0
908,1
909,2
910,2
911,1
912,0
913,2
914,0
915,2
916,1
917,0
918,2
919,2
920,1
921,1
922,2
923,2
924,3
925,4
926,1
927,0
928,0
929,0
930,1
931,3
932,1
933,2
934,2
935,1
936,0
937,0
938,0
939,0
940,4
941,1
942,1
943,1
944,1
945,2
946,2
947,0
948,0
949,1
950,0
951,1
952,1
953,2
954,1
955,3
956,1
957,2
958,2
959,1
960,0
961,0
962,0
963,1
964,1
965,1
966,1
967,0
968,1
969,1
970,0
971,3
972,0
973,2
974,2
975,0
976,1
977,0
978,2
979,5
980,1
981,0
982,2
983,0
984,1
985,1
986,1
987,3
988,0
989,0
990,0
991,1
992,2
993,1
994,1
995,1
996,1
997,0
998,0
999,2
1000,1
1001,6
1002,1
1003,1
1004,2
1005,4
1006,1
1007,0
1008,0
1009,2
1010,2
1011,0
1012,3
1013,0
1014,1
1015,1
1016,5
1017,1
1018,3
1019,0
1020,1
1021,1
1022,2
1023,1
1024,0
1025,1
1026,1
1027,0
1028,0
1029,0
1030,2
1031,1
1032,1
1033,0
1034,1
1035,0
1036,4
1037,3
1038,1
1039,0
1040,2
1041,1
1042,1
1043,0
1044,3
1045,1
1046,0
1047,0
1048,0
1049,2
1050,2
1051,2
1052,2
1053,5
1054,1
1055,1
1056,0
1057,3
1058,0
1059,1
1060,1
1061,3
1062,0
1063,1
1064,2
1065,1
1066,0
1067,1
1068,2
1069,1
1070,1
1071,1
1072,0
1073,0
1074,4
1075,2
1076,1
1077,2
1078,1
1079,1
1080,1
1081,0
1082,0
1083,0
1084,1
1085,1
1086,0
1087,1
1088,1
1089,2
1090,2
1091,1
1092,0
1093,1
1094,2
1095,3
1096,2
1097,1
1098,0
1099,1
1100,2
1101,0
1102,1
1103,5
1104,1
1105,1
1106,2
1107,2
1108,2
1109,0
1110,3
1111,0
1112,2
1113,0
1114,0
1115,0
1116,1
1117,1
1118,1
1119,3
1120,1
1121,1
1122,3
1123,2
1124,0
1125,0
1126,1
1127,1
1128,0
1129,1
1130,1
1131,0
1132,0
1133,0
1134,0
1135,0
1136,3
1137,1
1138,3
1139,6
1140,1
1141,2
1142,0
1143,4
1144,0
1145,4
1146,0
1147,1
1148,0
1149,0
1150,2
1151,2
1152,0
1153,1
1154,1
1155,0
1156,0
1157,0
1158,1
1159,1
1160,0
1161,3
1162,3
1163,1
1164,0
1165,2
1166,1
1167,0
1168,1
1169,1
1170,1
1171,0
1172,1
1173,2
1174,1
1175,2
1176,1
1177,1
1178,7
1179,2
1180,1
1181,1
1182,0
1183,1
1184,0
1185,1
1186,2
1187,3
1188,1
1189,1
1190,2
1191,2
1192,1
1193,1
1194,1
1195,0
1196,1
1197,6
1198,4
1199,2
1200,0
1201,0
1202,1
1203,2
1204,1
1205,2
1206,0
1207,2
1208,4
1209,0
1210,1
1211,3
1212,1
1213,0
1214,0
1215,1
1216,0
1217,2
1218,0
1219,0
1220,0
1221,8
1222,0
1223,0
1224,5
1225,3
1226,0
1227,0
1228,0
1229,2
1230,3
1231,1
1232,0
1233,2
1234,0
1235,3
1236,2
1237,1
1238,0
1239,1
1240,0
1241,0
1242,1
1243,0
1244,3
1245,4
1246,2
1247,0
1248,1
1249,4
1250,0
1251,1
1252,1
1253,3
1254,0
1255,3
1256,2
1257,1
1258,3
1259,2
1260,2
1261,0
1262,0
1263,0
1264,0
1265,3
1266,3
1267,1
1268,0
1269,1
1270,3
1271,2
1272,1
1273,0
1274,1
1275,0
1276,1
1277,0
1278,1
1279,1
1280,0
1281,1
1282,4
1283,1
1284,2
1285,2
1286,1
1287,3
1288,0
1289,3
1290,2
1291,0
1292,0
1293,1
1294,1
1295,1
1296,1
1297,2
1298,1
1299,0
1300,1
1301,2
1302,0
1303,1
1304,2
1305,1
1306,1
1307,0
1308,2
1309,2
1310,0
1311,3
1312,1
1313,0
1314,2
1315,0
1316,0
1317,0
1318,2
1319,2
1320,0
1321,2
1322,1
1323,2
1324,0
1325,0
1326,0
1327,1
1328,1
1329,0
1330,1
1331,0
1332,0
1333,0
1334,2
1335,0
1336,5
1337,2
1338,1
1339,1
1340,2
1341,0
1342,0
1343,0
1344,3
1345,1
1346,0
1347,2
1348,0
1349,0
1350,1
1351,0
1352,1
1353,3
1354,1
1355,1
1356,1
1357,1
1358,2
1359,2
1360,1
1361,0
1362,0
1363,1
1364,2
1365,1
1366,2
1367,2
1368,2
1369,0
1370,2
1371,0
1372,1
1373,0
1374,0
1375,0
1376,2
1377,0
1378,2
1379,3
1380,4
1381,1
1382,0
1383,3
1384,1
1385,1
1386,3
1387,1
1388,1
1389,1
1390,4
1391,0
1392,1
1393,2
1394,2
1395,0
1396,1
1397,0
1398,0
1399,3
1400,1
1401,1
1402,4
1403,2
1404,1
1405,2
1406,5
1407,1
1408,2
1409,2
1410,2
1411,1
1412,0
1413,3
1414,1
1415,0
1416,0
1417,1
1418,2
1419,0
1420,1
1421,1
1422,1
1423,1
1424,1
1425,3
1426,4
1427,0
1428,0
1429,0
1430,2
1431,1
1432,0
1433,0
1434,0
1435,1
1436,2
1437,2
1438,2
1439,1
1440,1
1441,1
1442,0
1443,2
1444,2
1445,1
1446,2
1447,1
1448,1
1449,4
1450,0
1451,1
1452,1
1453,2
1454,2
1455,1
1456,3
1457,3
1458,0
1459,1
1460,2
1461,2
1462,0
1463,1
1464,1
1465,0
1466,1
1467,3
1468,2
1469,3
1470,1
1471,1
1472,1
1473,2
1474,0
1475,0
1476,1
1477,2
1478,0
1479,1
1480,2
1481,0
1482,1
1483,0
1484,0
1485,0
1486,3
1487,3
1488,0
1489,2
1490,2
1491,0
1492,1
1493,0
1494,2
1495,0
1496,1
1497,2
1498,0
1499,0
1500,2
1501,1
1502,2
1503,2
1504,3
1505,0
1506,1
1507,1
1508,0
1509,1
1510,1
1511,2
1512,1
1513,4
1514,2
1515,0
1516,0
1517,0
1518,0
1519,4
1520,0
1521,1
1522,1
1523,0
1524,2
1525,5
1526,1
1527,3
1528,0
1529,2
1530,0
1531,1
1532,1
1533,0
1534,1
1535,1
1536,1
1537,1
1538,1
1539,4
1540,2
1541,1
1542,3
1543,2
1544,1
1545,3
1546,0
1547,0
1548,1
1549,2
1550,1
1551,0
1552,0
1553,0
1554,0
1555,1
1556,0
1557,1
1558,1
1559,2
1560,0
1561,0
1562,2
1563,1
1564,1
1565,1
1566,0
1567,1
1568,1
1569,2
1570,1
1571,2
1572,0
1573,3
1574,3
1575,0
1576,0
1577,1
1578,0
1579,0
1580,2
1581,3
1582,0
1583,0
1584,1
1585,0
1586,1
1587,1
1588,0
1589,0
1590,1
1591,2
1592,5
1593,3
1594,0
1595,1
1596,1
1597,1
1598,1
1599,0
1600,2
1601,1
1602,1
1603,5
1604,0
1605,1
1606,1
1607,1
1608,2
1609,0
1610,2
1611,5
1612,2
1613,1
1614,0
1615,2
1616,1
1617,1
1618,2
1619,2
1620,0
1621,0
1622,2
1623,2
1624,1
1625,0
1626,0
1627,1
1628,2
1629,1
1630,0
1631,1
1632,1
1633,4
1634,0
1635,0
1636,0
1637,3
1638,0
1639,2
1640,0
1641,0
1642,1
1643,2
1644,2
1645,0
1646,0
1647,1
1648,1
1649,2
1650,3
1651,1
1652,0
1653,1
1654,1
1655,0
1656,3
1657,3
1658,0
1659,2
1660,0
1661,0
1662,0
1663,0
1664,2
1665,3
1666,4
1667,1
1668,1
1669,1
1670,0
1671,0
1672,1
1673,4
1674,0
1675,0
1676,2
1677,0
1678,3
1679,0
1680,2
1681,1
1682,4
1683,0
1684,1
1685,1
1686,1
1687,2
1688,3
1689,4
1690,1
1691,0
1692,1
1693,0
1694,1
1695,1
1696,0
1697,3
1698,1
1699,0
1700,1
1701,0
1702,2
1703,0
1704,2
1705,3
1706,1
1707,0
1708,2
1709,1
1710,1
1711,0
1712,3
1713,1
1714,2
1715,1
1716,2
1717,4
1718,1
1719,0
1720,2
1721,2
1722,0
1723,2
1724,0
1725,1
1726,1
1727,0
1728,2
1729,3
1730,0
1731,1
1732,1
1733,0
1734,1
1735,2
1736,1
1737,4
1738,1
1739,2
1740,0
1741,2
1742,0
1743,2
1744,4
1745,2
1746,0
1747,1
1748,1
1749,1
1750,0
1751,0
1752,1
1753,2
1754,3
1755,0
1756,2
1757,1
1758,4
1759,2
1760,0
1761,1
1762,1
1763,2
1764,1
1765,1
1766,4
1767,0
1768,1
1769,1
1770,2
1771,1
1772,0
1773,2
1774,0
1775,0
1776,4
1777,0
1778,0
1779,0
1780,0
1781,1
1782,1
1783,2
1784,5
1785,1
1786,2
1787,0
1788,3
1789,2
1790,6
1791,2
1792,2
1793,3
1794,1
1795,2
1796,1
1797,1
1798,2
1799,0
1800,1
1801,0
1802,1
1803,0
1804,0
1805,1
1806,1
1807,1
1808,0
1809,1
1810,2
1811,1
1812,1
1813,4
1814,0
1815,1
1816,3
1817,0
1818,0
1819,4
1820,2
1821,1
1822,1
1823,0
1824,0
1825,4
1826,2
1827,3
1828,2
1829,2
1830,1
1831,3
1832,1
1833,0
1834,0
1835,0
1836,0
1837,1
1838,0
1839,1
1840,1
1841,0
1842,0
1843,2
1844,2
1845,1
1846,1
1847,13
1848,1
1849,1
1850,0
1851,1
1852,0
1853,0
1854,1
1855,0
1856,2
1857,0
1858,2
1859,1
1860,0
1861,0
1862,2
1863,0
1864,1
1865,2
1866,1
1867,2
1868,1
1869,1
1870,0
1871,1
1872,1
1873,3
1874,1
1875,1
1876,0
1877,0
1878,1
1879,1
1880,2
1881,3
1882,2
1883,0
1884,1
1885,0
1886,2
1887,0
1888,3
1889,2
1890,0
1891,1
1892,1
1893,2
1894,2
1895,1
1896,1
1897,1
1898,1
1899,1
1900,1
1901,0
1902,1
1903,3
1904,0
1905,1
1906,3
1907,1
1908,2
1909,1
1910,2
1911,0
1912,2
1913,1
1914,3
1915,1
1916,0
1917,1
1918,4
1919,1
1920,1
1921,1
1922,3
1923,0
1924,1
1925,1
1926,1
1927,1
1928,1
1929,1
1930,5
1931,1
1932,0
1933,1
1934,2
1935,1
1936,2
1937,2
1938,2
1939,0
1940,1
1941,2
1942,1
1943,0
1944,1
1945,2
1946,1
1947,2
1948,0
1949,0
1950,1
1951,2
1952,6
1953,1
1954,1
1955,0
1956,0
1957,0
1958,1
1959,1
1960,0
1961,0
1962,1
1963,0
1964,2
1965,2
1966,1
1967,1
1968,0
1969,2
1970,1
1971,1
1972,0
1973,2
1974,1
1975,2
1976,2
1977,0
1978,1
1979,4
1980,1
1981,2
1982,1
1983,2
1984,3
1985,0
1986,0
1987,0
1988,1
1989,3
1990,1
1991,1
1992,2
1993,3
1994,0
1995,0
1996,0
1997,2
1998,3
1999,2
2000,6
2001,1
2002,1
2003,1
2004,0
2005,2
2006,0
2007,1
2008,2
2009,1
2010,2
2011,1
2012,1
2013,2
2014,1
2015,1
2016,1
2017,0
2018,0
2019,1
2020,1
2021,2
2022,1
2023,0
2024,3
2025,1
2026,0
2027,2
2028,1
2029,2
2030,5
2031,1
2032,1
2033,0
2034,2
2035,0
2036,0
2037,5
2038,0
2039,1
2040,1
2041,2
2042,4
2043,1
2044,4
2045,1
2046,0
2047,0
2048,1
2049,1
2050,4
2051,1
2052,0
2053,0
2054,2
2055,1
2056,3
2057,1
2058,0
2059,1
2060,2
2061,1
2062,1
2063,1
2064,0
2065,0
2066,1
2067,3
2068,1
2069,1
2070,2
2071,0
2072,0
2073,0
2074,1
2075,0
2076,0
2077,4
2078,2
2079,0
2080,2
2081,2
2082,1
2083,1
2084,1
2085,1
2086,0
2087,0
2088,1
2089,1
2090,0
2091,1
2092,2
2093,0
2094,1
2095,0
2096,3
2097,1
2098,1
2099,1
2100,1
2101,1
2102,0
2103,1
2104,0
2105,2
2106,2
2107,0
2108,1
2109,2
2110,1
2111,1
2112,0
2113,3
2114,4
2115,0
2116,0
2117,2
2118,0
2119,1
2120,1
2121,0
2122,1
2123,0
2124,0
2125,0
2126,1
2127,0
2128,1
2129,1
2130,1
2131,0
2132,2
2133,2
2134,1
2135,3
2136,1
2137,1
2138,1
2139,0
2140,0
2141,0
2142,1
2143,1
2144,1
2145,0
2146,7
2147,1
2148,2
2149,1
2150,0
2151,3
2152,2
2153,1
2154,5
2155,1
2156,2
2157,2
2158,0
2159,1
2160,1
2161,1
2162,2
2163,2
2164,1
2165,0
2166,3
2167,0
2168,1
2169,0
2170,2
2171,1
2172,1
2173,0
2174,0
2175,0
2176,3
2177,5
2178,1
2179,4
2180,2
2181,1
2182,2
2183,0
2184,1
2185,0
2186,1
2187,0
2188,1
2189,0
2190,1
2191,0
2192,1
2193,3
2194,1
2195,0
2196,1
2197,0
2198,0
2199,0
2200,1
2201,1
2202,1
2203,1
2204,2
2205,1
2206,1
2207,1
2208,1
2209,0
2210,1
2211,0
2212,2
2213,1
2214,0
2215,1
2216,0
2217,3
2218,0
2219,0
2220,0
2221,0
2222,3
2223,2
2224,0
2225,1
2226,1
2227,0
2228,0
2229,3
2230,2
2231,1
2232,0
2233,0
2234,1
2235,0
2236,3
2237,0
2238,2
2239,0
2240,1
2241,0
2242,0
2243,1
2244,1
2245,0
2246,1
2247,2
2248,0
2249,1
2250,0
2251,2
2252,3
2253,1
2254,2
2255,0
2256,0
2257,0
2258,3
2259,1
2260,1
2261,5
2262,0
2263,0
2264,4
2265,1
2266,2
2267,1
2268,0
2269,1
2270,1
2271,1
2272,1
2273,0
2274,5
2275,0
2276,2
2277,2
2278,2
2279,2
2280,1
2281,0
2282,1
2283,1
2284,0
2285,3
2286,1
2287,0
2288,1
2289,0
2290,1
2291,0
2292,2
2293,0
2294,4
2295,1
2296,2
2297,1
2298,2
2299,3
2300,2
2301,1
2302,1
2303,0
2304,0
2305,0
2306,1
2307,1
2308,0
2309,1
2310,7
2311,0
2312,1
2313,1
2314,0
2315,0
2316,4
2317,2
2318,2
2319,2
2320,2
2321,2
2322,3
2323,2
2324,0
2325,1
2326,0
2327,2
2328,2
2329,1
2330,2
2331,0
2332,2
2333,4
2334,1
2335,1
2336,0
2337,1
2338,4
2339,1
2340,2
2341,2
2342,0
2343,2
2344,1
2345,2
2346,0
2347,1
2348,0
2349,0
2350,0
2351,4
2352,1
2353,1
2354,0
2355,0
2356,0
2357,0
2358,2
2359,1
2360,2
2361,1
2362,0
2363,0
2364,3
2365,0
2366,1
2367,1
2368,0
2369,0
2370,1
2371,1
2372,1
2373,3
2374,0
2375,2
2376,0
2377,0
2378,0
2379,0
2380,4
2381,0
2382,1
2383,0
2384,1
2385,1
2386,0
2387,1
2388,0
2389,1
2390,1
2391,0
2392,1
2393,1
2394,5
2395,0
2396,0
2397,1
2398,1
2399,1
2400,2
2401,2
2402,2
2403,0
2404,0
2405,0
2406,3
2407,1
2408,1
2409,3
2410,0
2411,3
2412,0
2413,1
2414,2
2415,5
2416,1
2417,0
2418,0
2419,2
2420,7
2421,1
2422,4
2423,0
2424,1
2425,2
2426,2
2427,3
2428,4
2429,1
2430,1
2431,2
2432,1
2433,2
2434,2
2435,3
2436,1
2437,4
2438,1
2439,4
2440,1
2441,0
2442,3
2443,2
2444,2
2445,1
2446,1
2447,2
2448,1
2449,1
2450,0
2451,1
2452,1
2453,1
2454,0
2455,0
2456,1
2457,3
2458,3
2459,0
2460,2
2461,0
2462,2
2463,2
2464,3
2465,1
2466,4
2467,1
2468,2
2469,0
2470,0
2471,2
2472,2
2473,4
2474,1
2475,3
2476,1
2477,0
2478,1
2479,0
2480,2
2481,2
2482,0
2483,1
2484,1
2485,0
2486,3
2487,0
2488,1
2489,1
2490,1
2491,1
2492,1
2493,2
2494,1
2495,1
2496,1
2497,0
2498,1
2499,2
2500,1
2501,1
2502,0
2503,1
2504,2
2505,1
2506,1
2507,2
2508,0
2509,1
2510,1
2511,2
2512,1
2513,1
2514,0
2515,4
2516,1
2517,1
2518,5
2519,0
2520,3
2521,3
2522,3
2523,1
2524,2
2525,0
2526,2
2527,0
2528,1
2529,0
2530,0
2531,1
2532,1
2533,1
2534,0
2535,1
2536,1
2537,0
2538,1
2539,0
2540,1
2541,1
2542,0
2543,1
2544,2
2545,1
2546,1
2547,0
2548,0
2549,0
2550,1
2551,0
2552,1
2553,2
2554,1
2555,2
2556,1
2557,3
2558,3
2559,1
2560,0
2561,2
2562,0
2563,3
2564,1
2565,0
2566,0
2567,4
2568,1
2569,1
2570,1
2571,1
2572,0
2573,0
2574,0
2575,3
2576,1
2577,0
2578,0
2579,2
2580,0
2581,0
2582,2
2583,1
2584,1
2585,1
2586,3
2587,0
2588,0
2589,1
2590,2
2591,1
2592,1
2593,0
2594,0
2595,0
2596,0
2597,1
2598,0
2599,3
2600,0
2601,3
2602,0
2603,0
2604,0
2605,2
2606,1
2607,2
2608,3
2609,2
2610,0
2611,0
2612,2
2613,3
2614,0
2615,1
2616,1
2617,1
2618,2
2619,0
2620,1
2621,0
2622,1
2623,1
2624,2
2625,0
2626,3
2627,0
2628,1
2629,0
2630,0
2631,1
2632,0
2633,0
2634,2
2635,2
2636,0
2637,0
2638,1
2639,0
2640,3
2641,1
2642,0
2643,0
2644,1
2645,1
2646,1
2647,1
2648,5
2649,3
2650,1
2651,1
2652,0
2653,0
2654,0
2655,1
2656,0
2657,0
2658,0
2659,4
2660,0
2661,4
2662,1
2663,3
2664,2
2665,1
2666,1
2667,2
2668,0
2669,2
2670,2
2671,1
2672,2
2673,2
2674,2
2675,0
2676,1
2677,2
2678,2
2679,0
2680,1
2681,0
2682,1
2683,4
2684,1
2685,2
2686,1
2687,0
2688,2
2689,0
2690,2
2691,1
2692,1
2693,0
2694,2
2695,3
2696,0
2697,0
2698,1
2699,3
2700,1
2701,1
2702,1
2703,1
2704,3
2705,3
2706,1
2707,0
2708,1
2709,1
2710,1
2711,1
2712,2
2713,2
2714,2
2715,1
2716,1
2717,0
2718,0
2719,0
2720,0
2721,0
2722,0
2723,2
2724,1
2725,1
2726,3
2727,0
2728,1
2729,1
2730,2
2731,5
2732,1
2733,0
2734,1
2735,3
2736,5
2737,1
2738,1
2739,2
2740,1
2741,0
2742,0
2743,4
2744,0
2745,1
2746,1
2747,3
2748,0
2749,0
2750,2
2751,1
2752,2
2753,0
2754,0
2755,2
2756,1
2757,0
2758,2
2759,0
2760,1
2761,1
2762,2
2763,0
2764,0
2765,1
2766,3
2767,0
2768,1
2769,2
2770,0
2771,0
2772,1
2773,1
2774,0
2775,2
2776,0
2777,0
2778,2
2779,0
2780,1
2781,1
2782,0
2783,1
2784,1
2785,2
2786,3
2787,1
2788,1
2789,1
2790,1
2791,1
2792,1
2793,0
2794,4
2795,0
2796,1
2797,3
2798,2
2799,5
2800,1
2801,1
2802,0
2803,3
2804,2
2805,3
2806,2
2807,0
2808,1
2809,1
2810,0
2811,1
2812,6
2813,1
2814,1
2815,0
2816,1
2817,1
2818,1
2819,0
2820,2
2821,3
2822,4
2823,0
2824,1
2825,4
2826,1
2827,1
2828,4
2829,1
2830,0
2831,2
2832,3
2833,1
2834,0
2835,0
2836,3
2837,2
2838,1
2839,0
2840,0
2841,3
2842,4
2843,0
2844,2
2845,2
2846,1
2847,2
2848,2
2849,2
2850,0
2851,1
2852,0
2853,0
2854,3
2855,1
2856,1
2857,0
2858,0
2859,0
2860,2
2861,4
2862,1
2863,3
2864,2
2865,2
2866,0
2867,2
2868,2
2869,1
2870,1
2871,0
2872,1
2873,0
2874,1
2875,1
2876,1
2877,0
2878,1
2879,1
2880,1
2881,2
2882,0
2883,2
2884,1
2885,1
2886,0
2887,1
2888,0
2889,0
2890,1
2891,0
2892,0
2893,1
2894,0
2895,1
2896,0
2897,4
2898,0
2899,2
2900,2
2901,1
2902,3
2903,2
2904,1
2905,1
2906,1
2907,1
2908,0
2909,1
2910,1
2911,0
2912,1
2913,1
2914,0
2915,2
2916,0
2917,0
2918,1
2919,0
2920,0
2921,3
2922,0
2923,2
2924,2
2925,0
2926,1
2927,1
2928,0
2929,1
2930,0
2931,1
2932,0
2933,0
2934,1
2935,1
2936,2
2937,0
2938,1
2939,1
2940,2
2941,1
2942,0
2943,1
2944,1
2945,2
2946,0
2947,0
2948,0
2949,1
2950,0
2951,3
2952,0
2953,1
2954,1
2955,1
2956,0
2957,0
2958,0
2959,1
2960,1
2961,1
2962,1
2963,1
2964,1
2965,2
2966,0
2967,2
2968,1
2969,1
2970,3
2971,0
2972,2
2973,3
2974,0
2975,0
2976,3
2977,1
2978,0
2979,0
2980,2
2981,1
2982,4
2983,3
2984,1
2985,0
2986,2
2987,1
2988,0
2989,1
2990,1
2991,2
2992,0
2993,1
2994,3
2995,1
2996,2
2997,0
2998,1
2999,2
3000,0
3001,0
3002,1
3003,0
3004,1
3005,2
3006,3
3007,4
3008,0
3009,0
3010,0
3011,1
3012,1
3013,0
3014,1
3015,3
3016,0
3017,0
3018,1
3019,3
3020,3
3021,1
3022,3
3023,1
3024,0
3025,0
3026,0
3027,0
3028,1
3029,1
3030,0
3031,1
3032,0
3033,0
3034,0
3035,0
3036,3
3037,2
3038,0
3039,1
3040,0
3041,0
3042,1
3043,0
3044,2
3045,2
3046,0
3047,0
3048,1
3049,1
3050,2
3051,1
3052,2
3053,1
3054,1
3055,1
3056,2
3057,1
3058,2
3059,1
3060,1
3061,3
3062,3
3063,2
3064,1
3065,2
3066,0
3067,0
3068,1
3069,1
3070,1
3071,2
3072,0
3073,1
3074,1
3075,0
3076,0
3077,1
3078,1
3079,0
3080,1
3081,5
3082,0
3083,1
3084,2
3085,1
3086,2
3087,0
3088,1
3089,0
3090,0
3091,0
3092,0
3093,0
3094,1
3095,0
3096,1
3097,0
3098,1
3099,1
3100,2
3101,1
3102,0
3103,0
3104,2
3105,1
3106,5
3107,1
3108,0
3109,1
3110,2
3111,0
3112,2
3113,1
3114,1
3115,2
3116,0
3117,1
3118,3
3119,1
3120,0
3121,4
3122,1
3123,0
3124,2
3125,0
3126,0
3127,1
3128,1
3129,1
3130,1
3131,1
3132,0
3133,0
3134,0
3135,3
3136,1
3137,0
3138,1
3139,0
3140,2
3141,3
3142,1
3143,1
3144,1
3145,0
3146,0
3147,7
3148,2
3149,1
3150,4
3151,0
3152,2
3153,2
3154,0
3155,5
3156,3
3157,0
3158,0
3159,0
3160,1
3161,1
3162,1
3163,1
3164,3
3165,1
3166,2
3167,1
3168,3
3169,1
3170,2
3171,1
3172,2
3173,3
3174,0
3175,0
3176,0
3177,3
3178,1
3179,3
3180,0
3181,1
3182,1
3183,2
3184,1
3185,0
3186,1
3187,2
3188,2
3189,0
3190,2
3191,0
3192,2
3193,4
3194,1
3195,1
3196,0
3197,1
3198,4
3199,0
3200,0
3201,1
3202,1
3203,4
3204,2
3205,0
3206,3
3207,1
3208,0
3209,0
3210,0
3211,1
3212,2
3213,1
3214,2
3215,2
3216,1
3217,2
3218,2
3219,1
3220,1
3221,2
3222,2
3223,1
3224,5
3225,1
3226,1
3227,2
3228,0
3229,0
3230,1
3231,4
3232,1
3233,1
3234,1
3235,2
3236,2
3237,0
3238,2
3239,2
3240,0
3241,1
3242,0
3243,0
3244,2
3245,0
3246,1
3247,2
3248,0
3249,1
3250,4
3251,4
3252,0
3253,4
3254,2
3255,4
3256,0
3257,0
3258,1
3259,2
3260,0
3261,1
3262,1
3263,2
3264,1
3265,0
3266,1
3267,1
3268,1
3269,1
3270,1
3271,2
3272,4
3273,2
3274,2
3275,1
3276,0
3277,1
3278,0
3279,1
3280,2
3281,0
3282,0
3283,2
3284,1
3285,1
3286,2
3287,0
3288,1
3289,2
3290,1
3291,1
3292,1
3293,0
3294,3
3295,1
3296,0
3297,4
3298,3
3299,2
3300,1
3301,1
3302,4
3303,0
3304,2
3305,1
3306,1
3307,2
3308,0
3309,2
3310,1
3311,0
3312,0
3313,2
3314,4
3315,2
3316,6
3317,0
3318,2
3319,2
3320,1
3321,0
3322,2
3323,0
3324,1
3325,1
3326,1
3327,2
3328,2
3329,0
3330,0
3331,1
3332,2
3333,1
3334,1
3335,0
3336,1
3337,1
3338,1
3339,0
