0,68.0
1,505.0
2,
3,39.0
4,
5,
6,101.0
7,17.0
8,678.0
9,
10,358.0
11,178.0
12,
13,566.0
14,605.0
15,
16,244.0
17,921.0
18,
19,199.0
20,280.0
21,282.0
22,502.0
23,93.0
24,206.0
25,254.0
26,1716.0
27,218.0
28,368.0
29,244.0
30,485.0
31,
32,
33,62.0
34,581.0
35,199.0
36,379.0
37,528.0
38,559.0
39,67.0
40,125.0
41,152.0
42,553.0
43,
44,457.0
45,152.0
46,299.0
47,496.0
48,181.0
49,676.0
50,286.0
51,404.0
52,393.0
53,43.0
54,674.0
55,195.0
56,224.0
57,29.0
58,138.0
59,874.0
60,1229.0
61,655.0
62,1196.0
63,104.0
64,
65,411.0
66,289.0
67,95.0
68,153.0
69,43.0
70,125.0
71,787.0
72,399.0
73,1150.0
74,345.0
75,193.0
76,25665.0
77,
78,746.0
79,566.0
80,197.0
81,422.0
82,769.0
83,374.0
84,166.0
85,372.0
86,983.0
87,301.0
88,
89,
90,233.0
91,
92,280.0
93,205.0
94,258.0
95,317.0
96,303.0
97,199.0
98,538.0
99,295.0
100,470.0
101,205.0
102,100.0
103,516.0
104,
105,577.0
106,268.0
107,101.0
108,268.0
109,286.0
110,528.0
111,
112,
113,186.0
114,29.0
115,186.0
116,402.0
117,
118,199.0
119,702.0
120,
121,540.0
122,68.0
123,197.0
124,
125,481.0
126,
127,
128,1392.0
129,
130,
131,372.0
132,125.0
133,180.0
134,372.0
135,254.0
136,254.0
137,372.0
138,542.0
139,197.0
140,422.0
141,
142,211.0
143,134.0
144,53.0
145,499.0
146,550.0
147,359.0
148,
149,2429.0
150,307.0
151,659.0
152,605.0
153,127.0
154,
155,526.0
156,97.0
157,49.0
158,323.0
159,502.0
160,101.0
161,173.0
162,718.0
163,
164,319.0
165,94.0
166,
167,197.0
168,169.0
169,199.0
170,
171,655.0
172,513.0
173,216.0
174,137.0
175,298.0
176,324.0
177,243.0
178,505.0
179,81.0
180,640.0
181,833.0
182,
183,408.0
184,507.0
185,307.0
186,809.0
187,659.0
188,515.0
189,1196.0
190,262.0
191,679.0
192,746.0
193,
194,
195,
196,
197,199.0
198,
199,559.0
200,225.0
201,481.0
202,205.0
203,432.0
204,338.0
205,651.0
206,160.0
207,
208,333.0
209,542.0
210,1391.0
211,
212,
213,199.0
214,
215,2429.0
216,372.0
217,
218,539.0
219,1282.0
220,42.0
221,
222,268.0
223,98.0
224,137.0
225,180.0
226,575.0
227,467.0
228,485.0
229,1197.0
230,125.0
231,540.0
232,286.0
233,528.0
234,180.0
235,702.0
236,
237,178.0
238,
239,368.0
240,559.0
241,447.0
242,550.0
243,77.0
244,84.0
245,144.0
246,
247,127.0
248,481.0
249,93.0
250,
251,
252,525.0
253,
254,485.0
255,186.0
256,566.0
257,780.0
258,121.0
259,286.0
260,522.0
261,256.0
262,42.0
263,145.0
264,
265,51.0
266,58.0
267,
268,1282.0
269,
270,
271,170.0
272,12.0
273,368.0
274,372.0
275,
276,209.0
277,
278,447.0
279,176.0
280,475.0
281,
282,391.0
283,385.0
284,568.0
285,603.0
286,213.0
287,24.0
288,415.0
289,135.0
290,1157.0
291,451.0
292,338.0
293,171.0
294,458.0
295,
296,
297,61.0
298,606.0
299,50.0
300,303.0
301,1716.0
302,138.0
303,1508.0
304,6.0
305,123.0
306,672.0
307,501.0
308,404.0
309,372.0
310,702.0
311,
312,218.0
313,
314,12.0
315,295.0
316,227.0
317,
318,876.0
319,329.0
320,1150.0
321,1282.0
322,
323,189.0
324,372.0
325,
326,
327,199.0
328,538.0
329,624.0
330,245.0
331,
332,199.0
333,184.0
334,409.0
335,574.0
336,
337,254.0
338,502.0
339,42.0
340,496.0
341,254.0
342,840.0
343,92.0
344,
345,
346,246.0
347,
348,32.0
349,202.0
350,206.0
351,254.0
352,1401.0
353,225.0
354,224.0
355,333.0
356,603.0
357,
358,
359,112.0
360,513.0
361,182.0
362,12.0
363,915.0
364,
365,
366,540.0
367,1648.0
368,553.0
369,225.0
370,149.0
371,486.0
372,65.0
373,
374,289.0
375,101.0
376,540.0
377,199.0
378,565.0
379,2429.0
380,211.0
381,568.0
382,697.0
383,
384,788.0
385,372.0
386,1544.0
387,81.0
388,219.0
389,27.0
390,528.0
391,
392,
393,395.0
394,571.0
395,513.0
396,484.0
397,574.0
398,
399,505.0
400,739.0
401,241.0
402,756.0
403,
404,
405,432.0
406,
407,
408,35.0
409,
410,637.0
411,599.0
412,
413,135.0
414,415.0
415,447.0
416,246.0
417,199.0
418,676.0
419,
420,150.0
421,
422,42.0
423,
424,259.0
425,66.0
426,380.0
427,150.0
428,467.0
429,501.0
430,540.0
431,92.0
432,506.0
433,114.0
434,344.0
435,43.0
436,98.0
437,434.0
438,540.0
439,
440,509.0
441,539.0
442,317.0
443,1282.0
444,93.0
445,702.0
446,254.0
447,241.0
448,316.0
449,
450,1508.0
451,344.0
452,173.0
453,123.0
454,372.0
455,599.0
456,230.0
457,
458,585.0
459,29.0
460,76.0
461,199.0
462,372.0
463,7.0
464,823.0
465,306.0
466,457.0
467,128.0
468,170.0
469,1204.0
470,
471,33.0
472,481.0
473,
474,53.0
475,71.0
476,
477,540.0
478,539.0
479,29.0
480,308.0
481,338.0
482,686.0
483,411.0
484,447.0
485,152.0
486,702.0
487,
488,
489,434.0
490,2424.0
491,467.0
492,442.0
493,587.0
494,467.0
495,171.0
496,225.0
497,368.0
498,546.0
499,539.0
500,540.0
501,25.0
502,
503,1716.0
504,129.0
505,
506,568.0
507,
508,
509,385.0
510,2547.0
511,542.0
512,490.0
513,274.0
514,82.0
515,262.0
516,
517,
518,583.0
519,264.0
520,
521,
522,314.0
523,286.0
524,497.0
525,528.0
526,254.0
527,168.0
528,557.0
529,553.0
530,395.0
531,461.0
532,205.0
533,1392.0
534,702.0
535,
536,211.0
537,568.0
538,207.0
539,220.0
540,460.0
541,572.0
542,188.0
543,
544,161.0
545,195.0
546,
547,216.0
548,
549,567.0
550,540.0
551,539.0
552,72.0
553,560.0
554,205.0
555,559.0
556,124.0
557,559.0
558,422.0
559,226.0
560,
561,93.0
562,416.0
563,568.0
564,481.0
565,431.0
566,
567,282.0
568,640.0
569,212.0
570,
571,116.0
572,164.0
573,
574,539.0
575,
576,236.0
577,101.0
578,81.0
579,1282.0
580,540.0
581,512.0
582,434.0
583,633.0
584,199.0
585,130.0
586,
587,
588,
589,
590,
591,166.0
592,513.0
593,250.0
594,295.0
595,109.0
596,124.0
597,126.0
598,467.0
599,1261.0
600,81.0
601,374.0
602,289.0
603,529.0
604,676.0
605,
606,900.0
607,53.0
608,349.0
609,
610,788.0
611,599.0
612,454.0
613,
614,318.0
615,254.0
616,12.0
617,100.0
618,218.0
619,502.0
620,231.0
621,217.0
622,
623,385.0
624,92.0
625,19.0
626,528.0
627,213.0
628,
629,
630,702.0
631,97.0
632,1508.0
633,
634,431.0
635,79.0
636,58.0
637,
638,32.0
639,12.0
640,568.0
641,199.0
642,702.0
643,245.0
644,702.0
645,81.0
646,901.0
647,422.0
648,188.0
649,186.0
650,349.0
651,215.0
652,184.0
653,160.0
654,417.0
655,540.0
656,283.0
657,929.0
658,32.0
659,
660,66.0
661,372.0
662,381.0
663,306.0
664,434.0
665,866.0
666,563.0
667,539.0
668,
669,246.0
670,
671,152.0
672,
673,246.0
674,381.0
675,224.0
676,454.0
677,269.0
678,545.0
679,434.0
680,
681,294.0
682,55.0
683,101.0
684,346.0
685,1282.0
686,286.0
687,317.0
688,539.0
689,1392.0
690,528.0
691,289.0
692,526.0
693,
694,186.0
695,
696,592.0
697,176.0
698,241.0
699,547.0
700,502.0
701,482.0
702,107.0
703,
704,655.0
705,344.0
706,623.0
707,84.0
708,1398.0
709,381.0
710,43.0
711,26.0
712,
713,319.0
714,702.0
715,363.0
716,731.0
717,
718,
719,381.0
720,528.0
721,1265.0
722,199.0
723,529.0
724,1716.0
725,349.0
726,128.0
727,422.0
728,1401.0
729,187.0
730,169.0
731,592.0
732,
733,505.0
734,432.0
735,1536.0
736,162.0
737,266.0
738,344.0
739,193.0
740,505.0
741,101.0
742,
743,409.0
744,858.0
745,208.0
746,42.0
747,
748,487.0
749,199.0
750,254.0
751,598.0
752,525.0
753,550.0
754,
755,1544.0
756,383.0
757,
758,569.0
759,244.0
760,379.0
761,270.0
762,
763,580.0
764,106.0
765,
766,1150.0
767,809.0
768,138.0
769,528.0
770,12.0
771,526.0
772,
773,163.0
774,372.0
775,
776,221.0
777,468.0
778,
779,226.0
780,
781,46.0
782,137.0
783,66.0
784,246.0
785,197.0
786,547.0
787,271.0
788,1139.0
789,
790,190.0
791,
792,465.0
793,686.0
794,128.0
795,445.0
796,186.0
797,197.0
798,47.0
799,467.0
800,1265.0
801,340.0
802,
803,241.0
804,
805,127.0
806,
807,568.0
808,200.0
809,539.0
810,32.0
811,434.0
812,92.0
813,539.0
814,702.0
815,43.0
816,513.0
817,130.0
818,292.0
819,
820,
821,211.0
822,
823,42.0
824,
825,457.0
826,
827,84.0
828,467.0
829,2189.0
830,849.0
831,874.0
832,559.0
833,199.0
834,246.0
835,833.0
836,565.0
837,254.0
838,659.0
839,549.0
840,540.0
841,447.0
842,101.0
843,
844,501.0
845,166.0
846,655.0
847,544.0
848,59.0
849,21.0
850,
851,624.0
852,439.0
853,171.0
854,179.0
855,
856,1185.0
857,372.0
858,222.0
859,559.0
860,188.0
861,507.0
862,
863,
864,93.0
865,
866,520.0
867,1738.0
868,1391.0
869,389.0
870,491.0
871,548.0
872,
873,366.0
874,718.0
875,702.0
876,254.0
877,198.0
878,
879,149.0
880,599.0
881,
882,95.0
883,
884,
885,439.0
886,197.0
887,686.0
888,2429.0
889,374.0
890,467.0
891,901.0
892,513.0
893,138.0
894,136.0
895,
896,558.0
897,639.0
898,197.0
899,
900,447.0
901,1392.0
902,268.0
903,323.0
904,323.0
905,1282.0
906,31.0
907,467.0
908,686.0
909,559.0
910,467.0
911,209.0
912,211.0
913,38.0
914,975.0
915,803.0
916,830.0
917,
918,528.0
919,743.0
920,1282.0
921,
922,170.0
923,
924,555.0
925,
926,
927,1305.0
928,1282.0
929,257.0
930,286.0
931,730.0
932,372.0
933,2774.0
934,191.0
935,1282.0
936,569.0
937,344.0
938,539.0
939,243.0
940,370.0
941,
942,209.0
943,316.0
944,54.0
945,
946,71.0
947,202.0
948,187.0
949,93.0
950,467.0
951,
952,298.0
953,301.0
954,303.0
955,
956,
957,809.0
958,32.0
959,307.0
960,
961,603.0
962,372.0
963,
964,914.0
965,
966,
967,199.0
968,
969,
970,319.0
971,
972,
973,538.0
974,372.0
975,695.0
976,230.0
977,88.0
978,167.0
979,472.0
980,
981,915.0
982,223.0
983,809.0
984,186.0
985,87.0
986,29.0
987,539.0
988,454.0
989,624.0
990,286.0
991,
992,25.0
993,195.0
994,302.0
995,65.0
996,152.0
997,257.0
998,307.0
999,338.0
1000,405.0
1001,131.0
1002,592.0
1003,286.0
1004,
1005,435.0
1006,199.0
1007,240.0
1008,321.0
1009,1132.0
1010,
1011,467.0
1012,
1013,
1014,127.0
1015,
1016,631.0
1017,559.0
1018,478.0
1019,127.0
1020,29.0
1021,401.0
1022,
1023,672.0
1024,163.0
1025,632.0
1026,559.0
1027,187.0
1028,185.0
1029,128.0
1030,102.0
1031,484.0
1032,
1033,
1034,284.0
1035,
1036,106.0
1037,
1038,213.0
1039,
1040,788.0
1041,538.0
1042,
1043,528.0
1044,254.0
1045,84.0
1046,544.0
1047,
1048,25665.0
1049,731.0
1050,333.0
1051,
1052,259.0
1053,
1054,61.0
1055,
1056,6.0
1057,473.0
1058,1063.0
1059,180.0
1060,
1061,77.0
1062,134.0
1063,319.0
1064,
1065,
1066,
1067,335.0
1068,199.0
1069,295.0
1070,528.0
1071,134.0
1072,199.0
1073,254.0
1074,559.0
1075,481.0
1076,559.0
1077,2067.0
1078,434.0
1079,499.0
1080,144.0
1081,472.0
1082,
1083,484.0
1084,467.0
1085,475.0
1086,
1087,568.0
1088,82.0
1089,199.0
1090,539.0
1091,540.0
1092,1358.0
1093,
1094,101.0
1095,54.0
1096,68.0
1097,550.0
1098,1902.0
1099,873.0
1100,220.0
1101,490.0
1102,220.0
1103,199.0
1104,
1105,
1106,1282.0
1107,515.0
1108,258.0
1109,1642.0
1110,1315.0
1111,816.0
1112,673.0
1113,135.0
1114,492.0
1115,268.0
1116,199.0
1117,
1118,
1119,1150.0
1120,
1121,135.0
1122,286.0
1123,242.0
1124,1716.0
1125,197.0
1126,410.0
1127,1150.0
1128,235.0
1129,199.0
1130,702.0
1131,702.0
1132,125.0
1133,211.0
1134,32.0
1135,187.0
1136,738.0
1137,
1138,702.0
1139,324.0
1140,
1141,
1142,
1143,496.0
1144,206.0
1145,92.0
1146,17.0
1147,294.0
1148,570.0
1149,311.0
1150,575.0
1151,271.0
1152,1282.0
1153,540.0
1154,539.0
1155,254.0
1156,531.0
1157,253.0
1158,
1159,
1160,300.0
1161,86.0
1162,61.0
1163,1205.0
1164,254.0
1165,579.0
1166,
1167,12.0
1168,559.0
1169,677.0
1170,401.0
1171,414.0
1172,208.0
1173,127.0
1174,268.0
1175,184.0
1176,399.0
1177,
1178,163.0
1179,316.0
1180,
1181,539.0
1182,101.0
1183,570.0
1184,197.0
1185,328.0
1186,
1187,863.0
1188,
1189,152.0
1190,467.0
1191,522.0
1192,568.0
1193,
1194,567.0
1195,
1196,
1197,560.0
1198,560.0
1199,
1200,481.0
1201,121.0
1202,135.0
1203,
1204,372.0
1205,502.0
1206,572.0
1207,29.0
1208,
1209,137.0
1210,703.0
1211,220.0
1212,1315.0
1213,
1214,151.0
1215,149.0
1216,50.0
1217,210.0
1218,624.0
1219,125.0
1220,134.0
1221,145.0
1222,152.0
1223,496.0
1224,259.0
1225,199.0
1226,186.0
1227,
1228,294.0
1229,516.0
1230,235.0
1231,254.0
1232,67.0
1233,235.0
1234,229.0
1235,
1236,398.0
1237,206.0
1238,195.0
1239,186.0
1240,220.0
1241,121.0
1242,1144.0
1243,731.0
1244,780.0
1245,809.0
1246,289.0
1247,381.0
1248,316.0
1249,152.0
1250,690.0
1251,321.0
1252,193.0
1253,631.0
1254,289.0
1255,54.0
1256,282.0
1257,44.0
1258,123.0
1259,1401.0
1260,161.0
1261,167.0
1262,1544.0
1263,160.0
1264,1282.0
1265,247.0
1266,439.0
1267,521.0
1268,149.0
1269,526.0
1270,356.0
1271,
1272,512.0
1273,553.0
1274,603.0
1275,924.0
1276,346.0
1277,1282.0
1278,434.0
1279,119.0
1280,
1281,
1282,84.0
1283,280.0
1284,270.0
1285,1282.0
1286,511.0
1287,54.0
1288,368.0
1289,633.0
1290,199.0
1291,94.0
1292,460.0
1293,103.0
1294,367.0
1295,508.0
1296,134.0
1297,304.0
1298,134.0
1299,624.0
1300,205.0
1301,
1302,170.0
1303,1282.0
1304,451.0
1305,294.0
1306,220.0
1307,246.0
1308,209.0
1309,291.0
1310,2663.0
1311,
1312,42.0
1313,246.0
1314,368.0
1315,101.0
1316,439.0
1317,702.0
1318,317.0
1319,425.0
1320,546.0
1321,211.0
1322,1165.0
1323,
1324,
1325,
1326,295.0
1327,787.0
1328,53.0
1329,357.0
1330,
1331,753.0
1332,237.0
1333,610.0
1334,
1335,526.0
1336,1030.0
1337,830.0
1338,140.0
1339,137.0
1340,501.0
1341,825.0
1342,423.0
1343,372.0
1344,234.0
1345,77.0
1346,570.0
1347,71.0
1348,254.0
1349,542.0
1350,47.0
1351,
1352,224.0
1353,370.0
1354,
1355,633.0
1356,
1357,186.0
1358,
1359,344.0
1360,69.0
1361,809.0
1362,
1363,
1364,624.0
1365,580.0
1366,370.0
1367,82.0
1368,278.0
1369,187.0
1370,267.0
1371,467.0
1372,542.0
1373,1150.0
1374,286.0
1375,244.0
1376,567.0
1377,294.0
1378,507.0
1379,294.0
1380,12.0
1381,
1382,
1383,1165.0
1384,289.0
1385,674.0
1386,
1387,
1388,211.0
1389,56.0
1390,581.0
1391,599.0
1392,185.0
1393,121.0
1394,304.0
1395,160.0
1396,
1397,
1398,399.0
1399,352.0
1400,209.0
1401,25.0
1402,267.0
1403,983.0
1404,1265.0
1405,
1406,
1407,746.0
1408,378.0
1409,199.0
1410,
1411,29.0
1412,467.0
1413,
1414,225.0
1415,208.0
1416,
1417,188.0
1418,416.0
1419,134.0
1420,
1421,861.0
1422,72.0
1423,676.0
1424,929.0
1425,466.0
1426,88.0
1427,434.0
1428,54.0
1429,284.0
1430,265.0
1431,52.0
1432,372.0
1433,1211.0
1434,666.0
1435,286.0
1436,1144.0
1437,753.0
1438,34.0
1439,
1440,254.0
1441,72.0
1442,372.0
1443,39.0
1444,289.0
1445,307.0
1446,467.0
1447,599.0
1448,289.0
1449,40.0
1450,
1451,
1452,431.0
1453,233.0
1454,127.0
1455,126.0
1456,187.0
1457,642.0
1458,321.0
1459,268.0
1460,27.0
1461,244.0
1462,199.0
1463,
1464,1204.0
1465,480.0
1466,
1467,98.0
1468,633.0
1469,
1470,217.0
1471,441.0
1472,
1473,703.0
1474,422.0
1475,328.0
1476,311.0
1477,317.0
1478,161.0
1479,179.0
1480,
1481,816.0
1482,34.0
1483,
1484,584.0
1485,467.0
1486,152.0
1487,634.0
1488,262.0
1489,1282.0
1490,506.0
1491,209.0
1492,1282.0
1493,346.0
1494,568.0
1495,220.0
1496,674.0
1497,60.0
1498,585.0
1499,207.0
1500,
1501,326.0
1502,135.0
1503,895.0
1504,244.0
1505,
1506,545.0
1507,286.0
1508,209.0
1509,280.0
1510,254.0
1511,711.0
1512,434.0
1513,1261.0
1514,
1515,316.0
1516,28.0
1517,539.0
1518,1064.0
1519,
1520,203.0
1521,317.0
1522,127.0
1523,
1524,2429.0
1525,149.0
1526,54.0
1527,311.0
1528,908.0
1529,1196.0
1530,568.0
1531,379.0
1532,444.0
1533,526.0
1534,645.0
1535,
1536,549.0
1537,434.0
1538,171.0
1539,550.0
1540,71.0
1541,306.0
1542,54.0
1543,385.0
1544,282.0
1545,568.0
1546,1642.0
1547,513.0
1548,
1549,588.0
1550,467.0
1551,206.0
1552,636.0
1553,929.0
1554,253.0
1555,542.0
1556,286.0
1557,211.0
1558,
1559,559.0
1560,
1561,170.0
1562,135.0
1563,550.0
1564,457.0
1565,369.0
1566,
1567,124.0
1568,
1569,197.0
1570,211.0
1571,209.0
1572,651.0
1573,505.0
1574,254.0
1575,34.0
1576,211.0
1577,215.0
1578,
1579,1282.0
1580,542.0
1581,114.0
1582,32.0
1583,108.0
1584,607.0
1585,135.0
1586,446.0
1587,515.0
1588,112.0
1589,746.0
1590,1282.0
1591,123.0
1592,
1593,
1594,138.0
1595,538.0
1596,372.0
1597,199.0
1598,791.0
1599,
1600,
1601,316.0
1602,197.0
1603,1406.0
1604,199.0
1605,165.0
1606,249.0
1607,809.0
1608,730.0
1609,218.0
1610,
1611,29.0
1612,211.0
1613,500.0
1614,550.0
1615,672.0
1616,168.0
1617,195.0
1618,207.0
1619,149.0
1620,124.0
1621,266.0
1622,227.0
1623,1211.0
1624,
1625,
1626,538.0
1627,
1628,2617.0
1629,439.0
1630,462.0
1631,319.0
1632,568.0
1633,599.0
1634,214.0
1635,286.0
1636,
1637,506.0
1638,875.0
1639,702.0
1640,414.0
1641,
1642,372.0
1643,307.0
1644,295.0
1645,124.0
1646,579.0
1647,563.0
1648,1024.0
1649,203.0
1650,198.0
1651,152.0
1652,57.0
1653,876.0
1654,565.0
1655,577.0
1656,
1657,186.0
1658,166.0
1659,242.0
1660,
1661,
1662,12.0
1663,391.0
1664,
1665,87.0
1666,454.0
1667,
1668,603.0
1669,
1670,
1671,674.0
1672,539.0
1673,199.0
1674,246.0
1675,540.0
1676,121.0
1677,389.0
1678,134.0
1679,603.0
1680,186.0
1681,
1682,324.0
1683,209.0
1684,484.0
1685,1508.0
1686,
1687,467.0
1688,166.0
1689,42.0
1690,
1691,574.0
1692,481.0
1693,
1694,101.0
1695,68.0
1696,125.0
1697,344.0
1698,505.0
1699,254.0
1700,320.0
1701,2547.0
1702,540.0
1703,254.0
1704,1315.0
1705,224.0
1706,
1707,1282.0
1708,1012.0
1709,
1710,484.0
1711,268.0
1712,441.0
1713,1282.0
1714,211.0
1715,39.0
1716,149.0
1717,
1718,467.0
1719,
1720,173.0
1721,
1722,144.0
1723,280.0
1724,
1725,550.0
1726,242.0
1727,112.0
1728,4749.0
1729,
1730,539.0
1731,197.0
1732,468.0
1733,310.0
1734,481.0
1735,506.0
1736,27.0
1737,338.0
1738,481.0
1739,117.0
1740,
1741,199.0
1742,98.0
1743,50.0
1744,121.0
1745,84.0
1746,106.0
1747,197.0
1748,280.0
1749,197.0
1750,152.0
1751,563.0
1752,199.0
1753,254.0
1754,439.0
1755,
1756,187.0
1757,501.0
1758,588.0
1759,
1760,46.0
1761,197.0
1762,
1763,
1764,540.0
1765,
1766,130.0
1767,
1768,562.0
1769,39.0
1770,90.0
1771,
1772,540.0
1773,254.0
1774,171.0
1775,
1776,236.0
1777,302.0
1778,
1779,
1780,1185.0
1781,627.0
1782,730.0
1783,207.0
1784,169.0
1785,258.0
1786,174.0
1787,207.0
1788,112.0
1789,
1790,730.0
1791,
1792,289.0
1793,364.0
1794,1229.0
1795,523.0
1796,687.0
1797,1508.0
1798,413.0
1799,
1800,209.0
1801,481.0
1802,79.0
1803,1428.0
1804,325.0
1805,526.0
1806,490.0
1807,603.0
1808,1282.0
1809,145.0
1810,560.0
1811,
1812,416.0
1813,305.0
1814,1552.0
1815,194.0
1816,686.0
1817,439.0
1818,372.0
1819,12.0
1820,
1821,289.0
1822,695.0
1823,
1824,631.0
1825,
1826,370.0
1827,184.0
1828,144.0
1829,179.0
1830,506.0
1831,183.0
1832,
1833,702.0
1834,138.0
1835,338.0
1836,198.0
1837,568.0
1838,284.0
1839,400.0
1840,1767.0
1841,509.0
1842,
1843,259.0
1844,
1845,404.0
1846,562.0
1847,481.0
1848,1716.0
1849,206.0
1850,551.0
1851,
1852,138.0
1853,264.0
1854,559.0
1855,196.0
1856,135.0
1857,
1858,588.0
1859,833.0
1860,1315.0
1861,
1862,254.0
1863,467.0
1864,370.0
1865,99.0
1866,53.0
1867,639.0
1868,
1869,446.0
1870,751.0
1871,4235.0
1872,
1873,255.0
1874,
1875,286.0
1876,319.0
1877,
1878,199.0
1879,101.0
1880,783.0
1881,809.0
1882,299.0
1883,392.0
1884,186.0
1885,369.0
1886,395.0
1887,544.0
1888,425.0
1889,152.0
1890,166.0
1891,34.0
1892,
1893,497.0
1894,333.0
1895,370.0
1896,24.0
1897,32.0
1898,513.0
1899,1179.0
1900,
1901,305.0
1902,237.0
1903,46.0
1904,702.0
1905,197.0
1906,211.0
1907,925.0
1908,530.0
1909,258.0
1910,228.0
1911,162.0
1912,242.0
1913,179.0
1914,
1915,171.0
1916,266.0
1917,229.0
1918,1007.0
1919,209.0
1920,527.0
1921,197.0
1922,254.0
1923,344.0
1924,309.0
1925,291.0
1926,290.0
1927,467.0
1928,263.0
1929,544.0
1930,
1931,319.0
1932,
1933,522.0
1934,1010.0
1935,481.0
1936,254.0
1937,225.0
1938,1196.0
1939,109.0
1940,
1941,25.0
1942,
1943,199.0
1944,1129.0
1945,568.0
1946,559.0
1947,113.0
1948,209.0
1949,467.0
1950,457.0
1951,528.0
1952,211.0
1953,152.0
1954,205.0
1955,676.0
1956,458.0
1957,498.0
1958,325.0
