0,17
1,36
2,52
3,59
4,24
5,17
6,12
7,33
8,31
9,31
10,18
11,45
12,
13,13
14,45
15,
16,16
17,16
18,
19,11
20,28
21,27
22,39
23,11
24,53
25,28
26,52
27,31
28,16
29,31
30,29
31,18
32,12
33,22
34,46
35,33
36,36
37,
38,27
39,35
40,35
41,39
42,17
43,24
44,14
45,38
46,15
47,41
48,25
49,12
50,21
51,26
52,22
53,39
54,24
55,33
56,18
57,49
58,17
59,26
60,53
61,18
62,46
63,32
64,12
65,25
66,47
67,34
68,23
69,17
70,24
71,33
72,49
73,53
74,24
75,22
76,52
77,31
78,24
79,23
80,
81,47
82,36
83,22
84,39
85,34
86,33
87,20
88,49
89,33
90,23
91,27
92,36
93,33
94,38
95,24
96,31
97,40
98,15
99,27
100,21
101,
102,25
103,27
104,19
105,46
106,26
107,29
108,30
109,41
110,25
111,
112,50
113,25
114,26
115,47
116,42
117,34
118,35
119,27
120,31
121,47
122,16
123,36
124,24
125,24
126,36
127,25
128,28
129,11
130,18
131,35
132,22
133,42
134,35
135,35
136,53
137,53
138,19
139,24
140,22
141,25
142,41
143,46
144,40
145,31
146,31
147,65
148,18
149,20
150,23
151,29
152,17
153,24
154,14
155,22
156,28
157,34
158,30
159,48
160,34
161,32
162,39
163,11
164,19
165,19
166,41
167,46
168,19
169,34
170,33
171,47
172,
173,23
174,29
175,39
176,
177,39
178,20
179,13
180,14
181,28
182,22
183,24
184,29
185,56
186,40
187,30
188,34
189,9
190,41
191,20
192,46
193,15
194,16
195,
196,53
197,3
198,5
199,19
200,41
201,29
202,46
203,19
204,
205,33
206,47
207,27
208,39
209,25
210,12
211,
212,30
213,31
214,28
215,29
216,44
217,21
218,22
219,21
220,43
221,
222,33
223,31
224,52
225,41
226,28
227,9
228,33
229,3
230,
231,18
232,14
233,20
234,32
235,41
236,32
237,41
238,14
239,13
240,17
241,25
242,22
243,30
244,28
245,25
246,6
247,
248,19
249,41
250,31
251,32
252,22
253,24
254,11
255,49
256,48
257,28
258,12
259,21
260,32
261,20
262,20
263,34
264,38
265,36
266,45
267,38
268,53
269,
270,31
271,20
272,30
273,11
274,31
275,41
276,25
277,19
278,65
279,26
280,21
281,28
282,29
283,49
284,50
285,36
286,9
287,21
288,15
289,22
290,17
291,13
292,14
293,39
294,32
295,20
296,23
297,32
298,31
299,41
300,39
301,38
302,39
303,49
304,49
305,47
306,31
307,17
308,28
309,29
310,12
311,24
312,32
313,15
314,41
315,13
316,53
317,39
318,
319,52
320,11
321,35
322,32
323,11
324,31
325,11
326,27
327,21
328,21
329,3
330,28
331,48
332,25
333,25
334,18
335,17
336,23
337,49
338,28
339,51
340,
341,24
342,7
343,34
344,26
345,
346,22
347,51
348,13
349,31
350,45
351,18
352,18
353,51
354,20
355,30
356,20
357,42
358,47
359,24
360,43
361,36
362,52
363,24
364,19
365,15
366,26
367,44
368,31
369,27
370,35
371,26
372,29
373,31
374,32
375,25
376,34
377,23
378,13
379,37
380,25
381,30
382,27
383,19
384,7
385,38
386,37
387,12
388,30
389,26
390,31
391,28
392,
393,8
394,49
395,36
396,48
397,40
398,12
399,31
400,40
401,35
402,13
403,23
404,37
405,28
406,
407,31
408,31
409,24
410,15
411,15
412,17
413,11
414,18
415,40
416,24
417,32
418,39
419,20
420,44
421,47
422,19
423,40
424,22
425,40
426,
427,31
428,31
429,41
430,28
431,39
432,28
433,10
434,30
435,18
436,15
437,21
438,14
439,8
440,18
441,26
442,22
443,32
444,38
445,49
446,17
447,9
448,31
449,23
450,29
451,
452,18
453,48
454,45
455,
456,22
457,25
458,23
459,38
460,40
461,25
462,31
463,30
464,41
465,52
466,24
467,25
468,
469,32
470,35
471,31
472,39
473,20
474,21
475,25
476,31
477,30
478,18
479,18
480,44
481,34
482,27
483,49
484,31
485,25
486,20
487,34
488,23
489,26
490,48
491,34
492,27
493,39
494,12
495,26
496,26
497,7
498,19
499,47
500,27
501,5
502,62
503,53
504,26
505,25
506,47
507,53
508,38
509,35
510,28
511,34
512,38
513,40
514,53
515,48
516,47
517,46
518,25
519,28
520,22
521,24
522,22
523,30
524,35
525,52
526,21
527,27
528,16
529,41
530,24
531,46
532,17
533,43
534,44
535,47
536,20
537,49
538,31
539,24
540,41
541,31
542,25
543,17
544,27
545,29
546,31
547,31
548,16
549,22
550,23
551,31
552,23
553,56
554,65
555,24
556,14
557,44
558,31
559,36
560,53
561,
562,33
563,51
564,31
565,19
566,49
567,31
568,29
569,33
570,18
571,23
572,31
573,49
574,26
575,39
576,17
577,52
578,67
579,6
580,28
581,35
582,22
583,12
584,17
585,18
586,39
587,49
588,47
589,28
590,47
591,32
592,26
593,46
594,13
595,45
596,45
597,31
598,26
599,32
600,39
601,19
602,27
603,28
604,26
605,36
606,6
607,39
608,22
609,
610,21
611,28
612,39
613,31
614,
615,46
616,30
617,23
618,18
619,31
620,27
621,59
622,18
623,11
624,27
625,7
626,20
627,12
628,26
629,30
630,47
631,39
632,31
633,13
634,16
635,46
636,44
637,40
638,30
639,27
640,37
641,
642,47
643,40
644,16
645,32
646,27
647,47
648,13
649,39
650,20
651,17
652,61
653,18
654,49
655,
656,17
657,12
658,25
659,52
660,31
661,26
662,47
663,61
664,30
665,40
666,11
667,28
668,26
669,19
670,31
671,29
672,32
673,3
674,29
675,19
676,37
677,
678,49
679,14
680,16
681,10
682,53
683,21
684,34
685,16
686,41
687,29
688,26
689,47
690,53
691,27
692,44
693,22
694,38
695,36
696,52
697,22
698,25
699,13
700,48
701,30
702,37
703,25
704,46
705,31
706,26
707,22
708,43
709,25
710,31
711,26
712,29
713,33
714,33
715,28
716,42
717,17
718,53
719,29
720,25
721,24
722,16
723,8
724,56
725,36
726,47
727,19
728,44
729,56
730,14
731,43
732,11
733,41
734,31
735,17
736,35
737,53
738,31
739,17
740,31
741,25
742,4
743,31
744,34
745,31
746,26
747,34
748,47
749,26
750,20
751,22
752,16
753,18
754,14
755,27
756,20
757,28
758,29
759,
760,17
761,44
762,31
763,8
764,29
765,49
766,20
767,51
768,23
769,7
770,27
771,42
772,17
773,22
774,13
775,27
776,12
777,26
778,35
779,15
780,22
781,18
782,17
783,15
784,45
785,31
786,46
787,20
788,28
789,40
790,
791,39
792,31
793,9
794,20
795,20
796,23
797,17
798,30
799,
800,25
801,46
802,32
803,31
804,20
805,22
806,36
807,49
808,32
809,
810,29
811,20
812,29
813,14
814,14
815,18
816,40
817,38
818,26
819,29
820,12
821,33
822,25
823,31
824,9
825,
826,22
827,32
828,32
829,12
830,39
831,27
832,39
833,21
834,45
835,12
836,25
837,22
838,8
839,
840,21
841,40
842,25
843,39
844,18
845,31
846,19
847,31
848,12
849,32
850,32
851,18
852,34
853,
854,56
855,49
856,23
857,20
858,19
859,31
860,54
861,22
862,28
863,44
864,41
865,
866,24
867,24
868,34
869,33
870,22
871,28
872,25
873,31
874,23
875,16
876,
877,34
878,18
879,26
880,25
881,3
882,25
883,16
884,40
885,41
886,37
887,45
888,50
889,51
890,39
891,16
892,6
893,29
894,21
895,33
896,17
897,49
898,50
899,17
900,47
901,24
902,18
903,41
904,18
905,14
906,
907,44
908,37
909,11
910,44
911,32
912,51
913,
914,23
915,22
916,26
917,47
918,39
919,36
920,15
921,30
922,22
923,32
924,30
925,28
926,25
927,31
928,22
929,12
930,39
931,29
932,44
933,28
934,41
935,65
936,47
937,31
938,18
939,14
940,31
941,5
942,26
943,19
944,66
945,26
946,43
947,49
948,29
949,16
950,
951,35
952,29
953,46
954,12
955,27
956,12
957,37
958,11
959,49
960,43
961,29
962,20
963,15
964,31
965,18
966,4
967,32
968,38
969,20
970,25
971,31
972,22
973,10
974,20
975,28
976,24
977,
978,43
979,48
980,5
981,54
982,22
983,38
984,
985,11
986,18
987,30
988,42
989,32
990,
991,27
992,47
993,21
994,16
995,55
996,47
997,6
998,53
999,21
1000,24
1001,30
1002,6
1003,24
1004,16
1005,24
1006,23
1007,51
1008,32
1009,25
1010,26
1011,33
1012,50
1013,49
1014,44
1015,26
1016,40
1017,33
1018,21
1019,56
1020,32
1021,31
1022,41
1023,11
1024,13
1025,52
1026,40
1027,3
1028,44
1029,31
1030,23
1031,49
1032,22
1033,23
1034,30
1035,
1036,21
1037,27
1038,17
1039,25
1040,21
1041,41
1042,23
1043,40
1044,45
1045,35
1046,
1047,13
1048,28
1049,30
1050,27
1051,50
1052,20
1053,40
1054,25
1055,18
1056,37
1057,28
1058,20
1059,6
1060,24
1061,27
1062,11
1063,39
1064,17
1065,30
1066,33
1067,41
1068,11
1069,18
1070,39
1071,31
1072,25
1073,29
1074,35
1075,34
1076,50
1077,19
1078,12
1079,23
1080,22
1081,32
1082,9
1083,12
1084,25
1085,34
1086,63
1087,28
1088,18
1089,51
1090,33
1091,13
1092,8
1093,
1094,35
1095,30
1096,14
1097,
1098,32
1099,30
1100,48
1101,
1102,25
1103,34
1104,30
1105,37
1106,12
1107,24
1108,35
1109,20
1110,14
1111,19
1112,31
1113,31
1114,16
1115,53
1116,41
1117,8
1118,29
1119,39
1120,19
1121,31
1122,12
1123,
1124,31
1125,26
1126,44
1127,31
1128,25
1129,47
1130,26
1131,21
1132,25
1133,20
1134,53
1135,18
1136,12
1137,25
1138,15
1139,23
1140,35
1141,31
1142,9
1143,29
1144,
1145,48
1146,
1147,7
1148,59
1149,6
1150,27
1151,31
1152,46
1153,53
1154,23
1155,3
1156,
1157,30
1158,17
1159,31
1160,26
1161,18
1162,23
1163,51
1164,25
1165,31
1166,47
1167,13
1168,20
1169,23
1170,30
1171,
1172,38
1173,22
1174,40
1175,28
1176,26
1177,41
1178,26
1179,18
1180,25
1181,20
1182,33
1183,8
1184,36
1185,19
1186,45
1187,31
1188,51
1189,
1190,27
1191,17
1192,30
1193,16
1194,18
1195,14
1196,32
1197,28
1198,26
1199,13
1200,47
1201,42
1202,45
1203,13
1204,32
1205,30
1206,21
1207,37
1208,43
1209,25
1210,10
1211,47
1212,46
1213,18
1214,
1215,30
1216,
1217,27
1218,19
1219,18
1220,39
1221,30
1222,40
1223,42
1224,12
1225,20
1226,53
1227,41
1228,31
1229,9
1230,23
1231,17
1232,34
1233,29
1234,22
1235,36
1236,47
1237,26
1238,13
1239,28
1240,
1241,44
1242,49
1243,26
1244,47
1245,5
1246,12
1247,17
1248,45
1249,30
1250,18
1251,32
1252,28
1253,29
1254,44
1255,20
1256,16
1257,22
1258,48
1259,23
1260,29
1261,27
1262,31
1263,
1264,34
1265,47
1266,53
1267,24
1268,26
1269,44
1270,13
1271,38
1272,18
1273,7
1274,29
1275,23
1276,31
1277,32
1278,55
1279,30
1280,17
1281,27
1282,28
1283,24
1284,20
1285,17
1286,11
1287,50
1288,29
1289,13
1290,28
1291,50
1292,22
1293,
1294,18
1295,26
1296,52
1297,41
1298,47
1299,19
1300,37
1301,35
1302,19
1303,49
1304,31
1305,32
1306,36
1307,32
1308,11
1309,18
1310,25
1311,38
1312,31
1313,43
1314,48
1315,11
1316,
1317,34
1318,11
1319,46
1320,
1321,37
1322,44
1323,47
1324,20
1325,25
1326,30
1327,26
1328,22
1329,53
1330,54
1331,38
1332,9
1333,22
1334,52
1335,39
1336,18
1337,53
1338,28
1339,23
1340,23
1341,19
1342,39
1343,
1344,15
1345,33
1346,33
1347,35
1348,30
1349,48
1350,23
1351,32
1352,39
1353,40
1354,29
1355,20
1356,12
1357,11
1358,22
1359,47
1360,24
1361,18
1362,33
1363,47
1364,14
1365,26
1366,25
1367,41
1368,36
1369,20
1370,9
1371,41
1372,26
1373,19
1374,16
1375,7
1376,21
1377,
1378,39
1379,28
1380,32
1381,47
1382,27
1383,37
1384,28
1385,23
1386,34
1387,29
1388,28
1389,17
1390,25
1391,18
1392,
1393,40
1394,37
1395,56
1396,51
1397,44
1398,56
1399,24
1400,28
1401,23
1402,38
1403,18
1404,7
1405,39
1406,31
1407,16
1408,14
1409,36
1410,
1411,26
1412,
1413,9
1414,26
1415,48
1416,21
1417,24
1418,6
1419,26
1420,32
1421,17
1422,7
1423,18
1424,27
1425,16
1426,5
1427,
1428,
1429,38
1430,30
1431,
1432,31
1433,24
1434,32
1435,27
1436,23
1437,13
1438,48
1439,51
1440,32
1441,28
1442,11
1443,18
1444,29
1445,52
1446,35
1447,24
1448,31
1449,38
1450,18
1451,47
1452,22
1453,20
1454,31
1455,45
1456,39
1457,53
1458,22
1459,32
1460,29
1461,47
1462,21
1463,52
1464,10
1465,11
1466,18
1467,17
1468,
1469,18
1470,6
1471,26
1472,30
1473,41
1474,43
1475,20
1476,40
1477,33
1478,43
1479,25
1480,16
1481,21
1482,31
1483,21
1484,41
1485,14
1486,27
1487,21
1488,11
1489,36
1490,35
1491,
1492,15
1493,
1494,25
1495,32
1496,31
1497,28
1498,46
1499,41
1500,8
1501,41
1502,17
1503,23
1504,28
1505,47
1506,5
1507,12
1508,
1509,7
1510,24
1511,12
1512,52
1513,20
1514,18
1515,54
1516,35
1517,46
1518,13
1519,20
1520,25
1521,22
1522,30
1523,25
1524,40
1525,33
1526,31
1527,27
1528,25
1529,30
1530,35
1531,48
1532,21
1533,17
1534,28
1535,45
1536,47
1537,
1538,13
1539,29
1540,18
1541,27
1542,26
1543,22
1544,20
1545,19
1546,10
1547,30
1548,13
1549,26
1550,5
1551,33
1552,50
1553,25
1554,15
1555,41
1556,25
1557,
1558,16
1559,49
1560,51
1561,54
1562,16
1563,31
1564,31
1565,34
1566,29
1567,20
1568,18
1569,20
1570,37
1571,39
1572,30
1573,39
1574,29
1575,28
1576,
1577,30
1578,40
1579,
1580,30
1581,15
1582,39
1583,33
1584,46
1585,55
1586,46
1587,29
1588,17
1589,34
1590,31
1591,27
1592,40
1593,28
1594,9
1595,28
1596,28
1597,24
1598,38
1599,29
1600,39
1601,16
1602,23
1603,
1604,50
1605,36
1606,20
1607,48
1608,55
1609,52
1610,25
1611,47
1612,9
1613,28
1614,56
1615,47
1616,20
1617,12
1618,46
1619,31
1620,40
1621,25
1622,46
1623,26
1624,50
1625,47
1626,19
1627,52
1628,9
1629,31
1630,38
1631,32
1632,35
1633,46
1634,49
1635,32
1636,20
1637,5
1638,21
1639,31
1640,27
1641,32
1642,21
1643,22
1644,24
1645,22
1646,20
1647,29
1648,17
1649,28
1650,29
1651,33
1652,13
1653,40
1654,31
1655,29
1656,48
1657,30
1658,
1659,36
1660,22
1661,16
1662,16
1663,8
1664,22
1665,30
1666,29
1667,
1668,15
1669,
1670,30
1671,16
1672,47
1673,16
1674,
1675,27
1676,45
1677,
1678,20
1679,20
1680,27
1681,10
1682,26
1683,14
1684,39
1685,24
1686,51
1687,23
1688,50
1689,66
1690,26
1691,39
1692,13
1693,34
1694,45
1695,12
1696,41
1697,12
1698,20
1699,19
1700,22
1701,43
1702,37
1703,
1704,53
1705,29
1706,31
1707,18
1708,27
1709,28
1710,40
1711,40
1712,51
1713,4
1714,12
1715,29
1716,30
1717,
1718,31
1719,31
1720,22
1721,18
1722,26
1723,33
1724,36
1725,15
1726,47
1727,54
1728,45
1729,19
1730,22
1731,38
1732,31
1733,43
1734,31
1735,49
1736,20
1737,27
1738,8
1739,24
1740,41
1741,31
1742,20
1743,47
1744,11
1745,18
1746,32
1747,30
1748,16
1749,41
1750,40
1751,25
1752,12
1753,52
1754,
1755,24
1756,20
1757,17
1758,36
1759,49
1760,23
1761,7
1762,
1763,14
1764,28
1765,19
1766,15
1767,24
1768,38
1769,42
1770,22
1771,16
1772,12
1773,18
1774,
1775,47
1776,29
1777,55
1778,19
1779,23
1780,28
1781,22
1782,33
1783,25
1784,48
1785,14
1786,46
1787,13
1788,37
1789,29
1790,19
1791,29
1792,44
1793,26
1794,31
1795,20
1796,22
1797,22
1798,24
1799,32
1800,14
1801,47
1802,14
1803,9
1804,14
1805,11
1806,12
1807,26
1808,
1809,40
1810,8
1811,28
1812,20
1813,14
1814,21
1815,8
1816,31
1817,34
1818,37
1819,28
1820,17
1821,13
1822,31
1823,26
1824,19
1825,22
1826,
1827,17
1828,28
1829,45
1830,31
1831,14
1832,16
1833,33
1834,23
1835,26
1836,35
1837,47
1838,32
1839,50
1840,23
1841,31
1842,32
1843,51
1844,26
1845,11
1846,35
1847,12
1848,14
1849,20
1850,32
1851,50
1852,52
1853,50
1854,34
1855,45
1856,18
1857,27
1858,40
1859,31
1860,43
1861,
1862,40
1863,54
1864,52
1865,38
1866,10
1867,18
1868,5
1869,44
1870,30
1871,5
1872,39
1873,48
1874,15
1875,28
1876,20
1877,24
1878,14
1879,
1880,20
1881,28
1882,31
1883,9
1884,32
1885,14
1886,47
1887,39
1888,31
1889,29
1890,11
1891,28
1892,53
1893,32
1894,25
1895,23
1896,31
1897,24
1898,31
1899,31
1900,30
1901,49
1902,31
1903,36
1904,17
1905,24
1906,8
1907,19
1908,19
1909,8
1910,17
1911,26
1912,31
1913,31
1914,9
1915,32
1916,46
1917,28
1918,48
1919,50
1920,50
1921,50
1922,45
1923,25
1924,27
1925,23
1926,12
1927,22
1928,
1929,31
1930,16
1931,46
1932,31
1933,33
1934,31
1935,26
1936,29
1937,6
1938,31
1939,18
1940,12
1941,18
1942,
1943,35
1944,13
1945,33
1946,13
1947,35
1948,11
1949,9
1950,55
1951,15
1952,36
1953,10
1954,21
1955,34
1956,28
1957,24
1958,47
1959,16
1960,56
1961,52
1962,36
1963,
1964,22
1965,36
1966,22
1967,32
1968,27
1969,39
1970,29
1971,37
1972,26
1973,8
1974,14
1975,31
1976,33
1977,31
1978,3
1979,31
1980,16
1981,49
1982,46
1983,38
1984,16
1985,3
1986,34
1987,40
1988,36
1989,16
1990,20
1991,18
1992,52
1993,27
1994,31
1995,33
1996,
1997,13
1998,36
1999,21
2000,28
2001,31
2002,21
2003,13
2004,18
2005,22
2006,20
2007,16
2008,36
2009,31
2010,35
2011,13
2012,
2013,31
2014,22
2015,22
2016,11
2017,32
2018,41
2019,52
2020,52
2021,9
2022,39
2023,
2024,16
2025,31
2026,35
2027,47
2028,12
2029,34
2030,40
2031,44
2032,31
2033,50
2034,31
2035,17
2036,25
2037,30
2038,14
2039,40
2040,23
2041,8
2042,48
2043,22
2044,46
2045,14
2046,
2047,9
2048,29
2049,38
2050,18
2051,44
2052,17
2053,35
2054,27
2055,50
2056,26
2057,21
2058,25
2059,16
2060,36
2061,34
2062,42
2063,7
2064,20
2065,43
2066,36
2067,32
2068,35
2069,51
2070,45
2071,30
2072,52
2073,17
2074,28
2075,33
2076,25
2077,40
2078,17
2079,20
2080,29
2081,23
2082,22
2083,17
2084,16
2085,28
2086,40
2087,
2088,38
2089,47
2090,46
2091,24
2092,31
2093,29
2094,24
2095,
2096,24
2097,19
2098,39
2099,33
2100,22
2101,19
2102,34
2103,28
2104,63
2105,19
2106,39
2107,23
2108,31
2109,34
2110,44
2111,31
2112,13
2113,22
2114,14
2115,15
2116,39
2117,23
2118,25
2119,40
2120,49
2121,31
2122,20
2123,12
2124,31
2125,15
2126,23
2127,31
2128,20
2129,25
2130,44
2131,24
2132,46
2133,30
2134,14
2135,17
2136,17
2137,49
2138,31
2139,31
2140,
2141,35
2142,3
2143,28
2144,14
2145,
2146,12
2147,34
2148,27
2149,18
2150,37
2151,23
2152,24
2153,50
2154,40
2155,23
2156,17
2157,34
2158,39
2159,23
2160,26
2161,50
2162,35
2163,
2164,20
2165,52
2166,35
2167,30
2168,35
2169,5
2170,17
2171,51
2172,42
2173,24
2174,54
2175,32
2176,48
2177,17
2178,31
2179,28
2180,18
2181,44
2182,4
2183,32
2184,41
2185,18
2186,31
2187,52
2188,14
2189,30
2190,20
2191,37
2192,12
2193,28
2194,23
2195,36
2196,34
2197,32
2198,41
2199,25
2200,
2201,31
2202,29
2203,24
2204,20
2205,7
2206,30
2207,32
2208,18
2209,49
2210,30
2211,
2212,24
2213,23
2214,25
2215,23
2216,
2217,30
2218,38
2219,38
2220,30
2221,
2222,15
2223,40
2224,27
2225,16
2226,46
2227,8
2228,39
2229,8
2230,22
2231,31
2232,34
2233,25
2234,15
2235,12
2236,31
2237,20
2238,
2239,26
2240,9
2241,
2242,7
2243,34
2244,31
2245,26
2246,38
2247,24
2248,17
2249,35
2250,19
2251,48
2252,14
2253,32
2254,30
2255,
2256,29
2257,9
2258,12
2259,31
2260,23
2261,36
2262,25
2263,35
2264,47
2265,22
2266,35
2267,21
2268,31
2269,16
2270,
2271,33
2272,42
2273,46
2274,46
2275,35
2276,47
2277,28
2278,28
2279,14
2280,17
2281,17
2282,30
2283,34
2284,56
2285,31
2286,46
2287,56
2288,66
2289,21
2290,34
2291,33
2292,52
2293,14
2294,38
2295,29
2296,16
2297,36
2298,39
2299,31
2300,29
2301,12
2302,37
2303,
2304,35
2305,56
2306,49
2307,
2308,23
2309,50
2310,35
2311,
2312,29
2313,39
2314,35
2315,
2316,34
2317,23
2318,40
2319,40
2320,25
2321,48
2322,34
2323,24
2324,25
2325,53
2326,28
2327,47
2328,42
2329,14
2330,37
2331,56
2332,33
2333,48
2334,25
2335,46
2336,40
2337,18
2338,31
2339,18
2340,14
2341,27
2342,25
2343,12
2344,28
2345,19
2346,41
2347,26
2348,22
2349,26
2350,27
2351,23
2352,44
2353,35
2354,20
2355,41
2356,37
2357,33
2358,34
2359,12
2360,31
2361,24
2362,47
2363,27
2364,39
2365,49
2366,30
2367,40
2368,
2369,56
2370,32
2371,61
2372,
2373,9
2374,49
2375,35
2376,10
2377,42
2378,17
2379,13
2380,17
2381,17
2382,21
2383,32
2384,42
2385,15
2386,
2387,35
2388,54
2389,12
2390,15
2391,32
2392,29
2393,37
2394,31
2395,19
2396,22
2397,49
2398,50
2399,15
2400,45
2401,17
2402,9
2403,22
2404,18
2405,35
2406,24
2407,12
2408,14
2409,22
2410,33
2411,30
2412,37
2413,30
2414,7
2415,48
2416,31
2417,52
2418,20
2419,18
2420,34
2421,19
2422,31
2423,25
2424,47
2425,28
2426,48
2427,22
2428,14
2429,24
2430,35
2431,52
2432,30
2433,48
2434,29
2435,16
2436,35
2437,30
2438,30
2439,31
2440,12
2441,10
2442,23
2443,45
2444,40
2445,41
2446,20
2447,31
2448,9
2449,25
2450,19
2451,29
2452,51
2453,18
2454,31
2455,35
2456,28
2457,17
2458,48
2459,20
2460,50
2461,20
2462,28
2463,31
2464,36
2465,23
2466,12
2467,18
2468,29
2469,33
2470,32
2471,38
2472,22
2473,23
2474,31
2475,34
2476,36
2477,41
2478,25
2479,25
2480,31
2481,29
2482,32
2483,30
2484,37
2485,56
2486,18
2487,13
2488,33
2489,35
2490,22
2491,42
2492,44
2493,30
2494,31
2495,23
2496,30
2497,
2498,29
2499,35
2500,18
2501,46
2502,22
2503,22
2504,37
2505,31
2506,35
2507,50
2508,56
2509,19
2510,27
2511,3
2512,4
2513,42
2514,50
2515,12
2516,40
2517,26
2518,12
2519,44
2520,47
2521,45
2522,36
2523,49
2524,21
2525,
2526,18
2527,33
2528,28
2529,17
2530,41
2531,34
2532,25
2533,12
2534,43
2535,39
2536,51
2537,13
2538,38
2539,25
2540,36
2541,31
2542,19
2543,23
2544,22
2545,18
2546,40
2547,28
2548,22
2549,54
2550,13
2551,52
2552,46
2553,24
2554,20
2555,20
2556,
2557,20
2558,18
2559,40
2560,46
2561,28
2562,18
2563,40
2564,49
2565,35
2566,39
2567,21
2568,26
2569,16
2570,11
2571,52
2572,19
2573,52
2574,54
2575,19
2576,11
2577,21
2578,19
2579,10
2580,25
2581,34
2582,21
2583,18
2584,35
2585,35
2586,35
2587,25
2588,23
2589,7
2590,47
2591,20
2592,35
2593,28
2594,45
2595,26
2596,32
2597,17
2598,47
2599,12
2600,29
2601,23
2602,53
2603,23
2604,56
2605,31
2606,11
2607,39
2608,46
2609,15
2610,31
2611,17
2612,17
2613,30
2614,38
2615,20
2616,29
2617,46
2618,47
2619,46
2620,47
2621,39
2622,23
2623,19
2624,40
2625,36
2626,35
2627,32
2628,13
2629,25
2630,36
2631,49
2632,25
2633,24
2634,52
2635,37
2636,56
2637,35
2638,24
2639,17
2640,39
2641,31
2642,38
2643,5
2644,53
2645,16
2646,26
2647,31
2648,12
2649,12
2650,19
2651,44
2652,22
2653,13
2654,25
2655,34
2656,38
2657,15
2658,31
2659,35
2660,33
2661,35
2662,30
2663,35
2664,17
2665,31
2666,
2667,35
2668,47
2669,45
2670,27
2671,22
2672,19
2673,17
2674,31
2675,54
2676,36
2677,16
2678,32
2679,12
2680,26
2681,50
2682,44
2683,23
2684,28
2685,23
2686,12
2687,50
2688,39
2689,43
2690,25
2691,37
2692,32
2693,
2694,43
2695,40
2696,25
2697,37
2698,17
2699,52
2700,31
2701,37
2702,18
2703,10
2704,17
2705,20
2706,34
2707,
2708,22
2709,28
2710,12
2711,22
2712,30
2713,35
2714,32
2715,20
2716,13
2717,25
2718,
2719,18
2720,49
2721,17
2722,
2723,24
2724,
2725,14
2726,24
2727,56
2728,32
2729,9
2730,32
2731,31
2732,34
2733,9
2734,38
2735,17
2736,22
2737,35
2738,29
2739,31
2740,47
2741,11
2742,29
2743,22
2744,24
2745,38
2746,24
2747,
2748,12
2749,15
2750,34
2751,33
2752,11
2753,30
2754,23
2755,22
2756,39
2757,33
2758,31
2759,23
2760,49
2761,40
2762,46
2763,47
2764,26
2765,15
2766,18
2767,39
2768,33
2769,30
2770,17
2771,
2772,11
2773,20
2774,34
2775,3
2776,27
2777,41
2778,31
2779,50
2780,33
2781,13
2782,45
2783,17
2784,38
2785,32
2786,48
2787,36
2788,49
2789,24
2790,23
2791,31
2792,29
2793,53
2794,16
2795,46
2796,52
2797,16
2798,45
2799,17
2800,24
2801,32
2802,43
2803,47
2804,31
2805,52
2806,28
2807,26
2808,29
2809,38
2810,32
2811,27
2812,40
2813,39
2814,28
2815,31
2816,12
2817,67
2818,30
2819,
2820,34
2821,23
2822,32
2823,27
2824,27
2825,43
2826,5
2827,31
2828,20
2829,5
2830,56
2831,36
2832,27
2833,16
2834,17
2835,28
2836,31
2837,6
2838,40
2839,35
2840,46
2841,43
2842,34
2843,28
2844,18
2845,24
2846,41
2847,27
2848,22
2849,7
2850,24
2851,52
2852,25
2853,23
2854,16
2855,13
2856,10
2857,23
2858,11
2859,26
2860,30
2861,30
2862,27
2863,31
2864,7
2865,52
2866,18
2867,31
2868,
2869,35
2870,38
2871,25
2872,25
2873,38
2874,31
2875,51
2876,46
2877,33
2878,50
2879,14
2880,39
2881,26
2882,30
2883,37
2884,7
2885,35
2886,13
2887,46
2888,35
2889,36
2890,48
2891,25
2892,28
2893,18
2894,22
2895,17
2896,33
2897,36
2898,
2899,23
2900,23
2901,39
2902,39
2903,31
2904,17
2905,31
2906,36
2907,23
2908,15
2909,23
2910,53
2911,12
2912,25
2913,
2914,20
2915,34
2916,11
2917,41
2918,21
2919,26
2920,12
2921,39
2922,24
2923,16
2924,17
2925,16
2926,38
2927,17
2928,19
2929,13
2930,22
2931,39
2932,14
2933,19
2934,37
2935,12
2936,18
2937,35
2938,25
2939,47
2940,47
2941,31
2942,32
2943,35
2944,49
2945,19
2946,33
2947,23
2948,7
2949,35
2950,
2951,32
2952,27
2953,32
2954,27
2955,6
2956,30
2957,22
2958,
2959,31
2960,33
2961,
2962,33
2963,42
2964,46
2965,11
2966,18
2967,31
2968,19
2969,30
2970,28
2971,31
2972,31
2973,39
2974,28
2975,51
2976,6
2977,35
2978,6
2979,12
2980,29
2981,11
2982,12
2983,28
2984,
2985,24
2986,25
2987,27
2988,18
2989,44
2990,43
2991,8
2992,40
2993,35
2994,41
2995,32
2996,23
2997,56
2998,45
2999,11
3000,43
3001,35
3002,25
3003,29
3004,48
3005,21
3006,
3007,43
3008,49
3009,30
3010,25
3011,3
3012,28
3013,52
3014,36
3015,29
3016,
3017,23
3018,52
3019,30
3020,16
3021,21
3022,22
3023,31
3024,7
3025,50
3026,32
3027,19
3028,33
3029,44
3030,16
3031,25
3032,
3033,30
3034,18
3035,40
3036,38
3037,35
3038,17
3039,52
3040,36
3041,14
3042,48
3043,43
3044,16
3045,38
3046,13
3047,14
3048,20
3049,15
3050,28
3051,21
3052,34
3053,18
3054,31
3055,34
3056,40
3057,31
3058,35
3059,52
3060,31
3061,36
3062,29
3063,31
3064,17
3065,53
3066,28
3067,35
3068,20
3069,41
3070,39
3071,18
3072,47
3073,30
3074,52
3075,11
3076,6
3077,20
3078,28
3079,41
3080,32
3081,37
3082,30
3083,31
3084,
3085,21
3086,31
3087,
3088,31
3089,32
3090,45
3091,22
3092,28
3093,32
3094,35
3095,9
3096,41
3097,
3098,41
3099,35
3100,28
3101,16
3102,40
3103,35
3104,31
3105,37
3106,48
3107,31
3108,48
3109,20
3110,43
3111,8
3112,31
3113,52
3114,31
3115,41
3116,48
3117,31
3118,34
3119,25
3120,39
3121,16
3122,44
3123,32
3124,51
3125,53
3126,15
3127,31
3128,13
3129,22
3130,24
3131,31
3132,
3133,29
3134,13
3135,31
3136,44
3137,53
3138,28
3139,11
3140,15
3141,42
3142,9
3143,5
3144,18
3145,43
3146,
3147,18
3148,30
3149,33
3150,24
3151,50
3152,11
3153,49
3154,
3155,37
3156,35
3157,25
3158,
3159,26
3160,42
3161,43
3162,8
3163,25
3164,20
3165,
3166,31
3167,28
3168,32
3169,35
3170,12
3171,6
3172,49
3173,35
3174,53
3175,15
3176,54
3177,46
3178,26
3179,27
3180,
3181,26
3182,26
3183,14
3184,40
3185,15
3186,38
3187,20
3188,25
3189,33
3190,31
3191,28
3192,
3193,41
3194,16
3195,31
3196,22
3197,25
3198,29
3199,25
3200,
3201,36
3202,17
3203,30
3204,17
3205,18
3206,12
3207,51
3208,21
3209,32
3210,28
3211,18
3212,14
3213,
3214,12
3215,21
3216,16
3217,43
3218,47
3219,41
3220,26
3221,48
3222,9
3223,14
3224,23
3225,34
3226,36
3227,14
3228,17
3229,56
3230,40
3231,36
3232,23
3233,47
3234,36
3235,31
3236,50
3237,43
3238,23
3239,26
3240,
3241,20
3242,
3243,31
3244,23
3245,26
3246,35
3247,29
3248,31
3249,30
3250,28
3251,29
3252,30
3253,27
3254,38
3255,12
3256,15
3257,29
3258,
3259,13
3260,22
3261,36
3262,33
3263,35
3264,30
3265,17
3266,29
3267,30
3268,45
3269,27
3270,31
3271,25
3272,29
3273,21
3274,16
3275,25
3276,21
3277,24
3278,12
3279,27
3280,46
3281,60
3282,17
3283,47
3284,38
3285,20
3286,48
3287,
3288,9
3289,14
3290,31
3291,38
3292,28
3293,37
3294,30
3295,20
3296,49
3297,48
3298,
3299,15
3300,24
3301,23
3302,35
3303,22
3304,11
3305,35
3306,31
3307,50
3308,29
3309,30
3310,7
3311,26
3312,34
3313,47
3314,48
3315,6
3316,26
3317,33
3318,30
3319,25
3320,38
3321,23
3322,19
3323,52
3324,20
3325,23
3326,30
3327,33
3328,30
3329,48
3330,29
3331,37
3332,52
3333,12
3334,51
3335,48
3336,22
3337,14
3338,31
3339,23
