0,31.0
1,31.0
2,34.0
3,46.0
4,31.0
5,36.0
6,42.0
7,35.0
8,26.0
9,37.0
10,34.0
11,
12,9.0
13,35.0
14,37.0
15,21.0
16,41.0
17,34.0
18,44.0
19,25.0
20,22.0
21,153.0
22,64.0
23,39.0
24,35.0
25,50.0
26,114.0
27,43.0
28,17.0
29,49.0
30,41.0
31,45.0
32,60.0
33,111.0
34,43.0
35,25.0
36,43.0
37,42.0
38,43.0
39,41.0
40,25.0
41,24.0
42,24.0
43,33.0
44,47.0
45,24.0
46,39.0
47,35.0
48,39.0
49,35.0
50,72.0
51,34.0
52,38.0
53,55.0
54,51.0
55,40.0
56,65.0
57,26.0
58,44.0
59,30.0
60,42.0
61,61.0
62,34.0
63,57.0
64,34.0
65,27.0
66,65.0
67,35.0
68,46.0
69,55.0
70,52.0
71,95.0
72,33.0
73,93.0
74,42.0
75,34.0
76,44.0
77,37.0
78,69.0
79,52.0
80,48.0
81,23.0
82,65.0
83,35.0
84,37.0
85,96.0
86,70.0
87,41.0
88,43.0
89,42.0
90,21.0
91,48.0
92,22.0
93,50.0
94,31.0
95,36.0
96,31.0
97,25.0
98,15.0
99,38.0
100,35.0
101,7.0
102,33.0
103,32.0
104,31.0
105,53.0
106,23.0
107,42.0
108,23.0
109,72.0
110,42.0
111,36.0
112,31.0
113,56.0
114,26.0
115,56.0
116,48.0
117,44.0
118,25.0
119,
120,21.0
121,38.0
122,30.0
123,48.0
124,32.0
125,82.0
126,44.0
127,37.0
128,21.0
129,
130,54.0
131,96.0
132,25.0
133,72.0
134,96.0
135,8.0
136,50.0
137,96.0
138,44.0
139,95.0
140,84.0
141,23.0
142,92.0
143,45.0
144,38.0
145,56.0
146,31.0
147,39.0
148,32.0
149,32.0
150,50.0
151,71.0
152,37.0
153,33.0
154,
155,48.0
156,53.0
157,25.0
158,37.0
159,64.0
160,42.0
161,75.0
162,73.0
163,32.0
164,37.0
165,68.0
166,
167,48.0
168,48.0
169,25.0
170,50.0
171,61.0
172,26.0
173,34.0
174,27.0
175,41.0
176,53.0
177,
178,31.0
179,
180,27.0
181,41.0
182,41.0
183,36.0
184,34.0
185,50.0
186,42.0
187,53.0
188,34.0
189,34.0
190,33.0
191,38.0
192,69.0
193,25.0
194,75.0
195,3.0
196,48.0
197,25.0
198,64.0
199,71.0
200,49.0
201,82.0
202,50.0
203,31.0
204,69.0
205,32.0
206,36.0
207,32.0
208,44.0
209,44.0
210,67.0
211,127.0
212,
213,25.0
214,34.0
215,32.0
216,96.0
217,36.0
218,49.0
219,104.0
220,63.0
221,3.0
222,50.0
223,38.0
224,4.0
225,72.0
226,33.0
227,34.0
228,41.0
229,15.0
230,16.0
231,38.0
232,72.0
233,42.0
234,31.0
235,50.0
236,44.0
237,36.0
238,32.0
239,57.0
240,71.0
241,48.0
242,51.0
243,37.0
244,38.0
245,40.0
246,
247,30.0
248,82.0
249,39.0
250,48.0
251,107.0
252,52.0
253,21.0
254,41.0
255,56.0
256,35.0
257,25.0
258,50.0
259,72.0
260,45.0
261,47.0
262,31.0
263,34.0
264,
265,37.0
266,30.0
267,18.0
268,104.0
269,38.0
270,40.0
271,24.0
272,58.0
273,57.0
274,96.0
275,37.0
276,39.0
277,
278,48.0
279,48.0
280,40.0
281,22.0
282,37.0
283,38.0
284,38.0
285,37.0
286,31.0
287,53.0
288,32.0
289,37.0
290,32.0
291,103.0
292,69.0
293,32.0
294,41.0
295,63.0
296,40.0
297,51.0
298,41.0
299,31.0
300,31.0
301,114.0
302,97.0
303,37.0
304,33.0
305,22.0
306,53.0
307,49.0
308,49.0
309,96.0
310,
311,35.0
312,32.0
313,
314,27.0
315,48.0
316,34.0
317,37.0
318,51.0
319,31.0
320,93.0
321,104.0
322,12.0
323,27.0
324,96.0
325,28.0
326,41.0
327,25.0
328,43.0
329,31.0
330,39.0
331,54.0
332,25.0
333,63.0
334,66.0
335,32.0
336,36.0
337,50.0
338,64.0
339,35.0
340,
341,8.0
342,240.0
343,35.0
344,12.0
345,43.0
346,67.0
347,63.0
348,33.0
349,23.0
350,35.0
351,50.0
352,27.0
353,35.0
354,25.0
355,37.0
356,37.0
357,
358,44.0
359,71.0
360,26.0
361,65.0
362,46.0
363,60.0
364,30.0
365,43.0
366,38.0
367,46.0
368,53.0
369,73.0
370,32.0
371,44.0
372,51.0
373,12.0
374,65.0
375,63.0
376,38.0
377,25.0
378,50.0
379,32.0
380,44.0
381,48.0
382,38.0
383,26.0
384,16.0
385,96.0
386,35.0
387,
388,31.0
389,35.0
390,28.0
391,65.0
392,51.0
393,32.0
394,51.0
395,26.0
396,45.0
397,32.0
398,136.0
399,31.0
400,28.0
401,37.0
402,45.0
403,17.0
404,65.0
405,31.0
406,39.0
407,
408,45.0
409,
410,45.0
411,
412,17.0
413,69.0
414,32.0
415,74.0
416,67.0
417,25.0
418,48.0
419,33.0
420,35.0
421,15.0
422,47.0
423,
424,35.0
425,32.0
426,44.0
427,49.0
428,34.0
429,33.0
430,38.0
431,35.0
432,37.0
433,41.0
434,33.0
435,55.0
436,72.0
437,43.0
438,38.0
439,37.0
440,78.0
441,49.0
442,36.0
443,104.0
444,39.0
445,
446,50.0
447,37.0
448,14.0
449,34.0
450,37.0
451,33.0
452,19.0
453,72.0
454,96.0
455,
456,39.0
457,
458,69.0
459,14.0
460,41.0
461,25.0
462,96.0
463,36.0
464,41.0
465,34.0
466,47.0
467,28.0
468,63.0
469,85.0
470,12.0
471,82.0
472,82.0
473,33.0
474,47.0
475,63.0
476,123.0
477,38.0
478,23.0
479,37.0
480,27.0
481,69.0
482,37.0
483,27.0
484,48.0
485,24.0
486,50.0
487,41.0
488,45.0
489,53.0
490,32.0
491,34.0
492,41.0
493,31.0
494,34.0
495,38.0
496,27.0
497,17.0
498,34.0
499,16.0
500,38.0
501,
502,39.0
503,114.0
504,47.0
505,
506,38.0
507,74.0
508,31.0
509,38.0
510,40.0
511,177.0
512,53.0
513,62.0
514,77.0
515,
516,25.0
517,31.0
518,48.0
519,65.0
520,56.0
521,127.0
522,49.0
523,72.0
524,31.0
525,42.0
526,50.0
527,26.0
528,46.0
529,24.0
530,36.0
531,44.0
532,50.0
533,21.0
534,
535,73.0
536,44.0
537,48.0
538,18.0
539,29.0
540,21.0
541,36.0
542,65.0
543,13.0
544,78.0
545,54.0
546,68.0
547,109.0
548,63.0
549,62.0
550,18.0
551,49.0
552,63.0
553,56.0
554,45.0
555,71.0
556,128.0
557,43.0
558,84.0
559,164.0
560,15.0
561,36.0
562,51.0
563,48.0
564,39.0
565,45.0
566,40.0
567,44.0
568,27.0
569,39.0
570,56.0
571,37.0
572,47.0
573,
574,23.0
575,35.0
576,
577,42.0
578,
579,104.0
580,38.0
581,22.0
582,21.0
583,37.0
584,25.0
585,47.0
586,45.0
587,
588,39.0
589,50.0
590,35.0
591,47.0
592,26.0
593,35.0
594,
595,69.0
596,128.0
597,72.0
598,34.0
599,54.0
600,
601,35.0
602,65.0
603,30.0
604,36.0
605,30.0
606,51.0
607,47.0
608,33.0
609,27.0
610,16.0
611,
612,30.0
613,41.0
614,65.0
615,50.0
616,46.0
617,41.0
618,43.0
619,64.0
620,38.0
621,59.0
622,37.0
623,38.0
624,39.0
625,
626,42.0
627,44.0
628,32.0
629,48.0
630,
631,54.0
632,37.0
633,
634,45.0
635,32.0
636,30.0
637,50.0
638,33.0
639,
640,48.0
641,25.0
642,50.0
643,46.0
644,50.0
645,
646,22.0
647,84.0
648,16.0
649,56.0
650,41.0
651,37.0
652,54.0
653,25.0
654,
655,38.0
656,37.0
657,25.0
658,33.0
659,39.0
660,44.0
661,96.0
662,48.0
663,25.0
664,48.0
665,75.0
666,47.0
667,51.0
668,83.0
669,67.0
670,47.0
671,24.0
672,13.0
673,67.0
674,48.0
675,25.0
676,30.0
677,37.0
678,48.0
679,53.0
680,69.0
681,44.0
682,35.0
683,34.0
684,47.0
685,104.0
686,72.0
687,36.0
688,49.0
689,21.0
690,42.0
691,63.0
692,48.0
693,41.0
694,56.0
695,44.0
696,29.0
697,57.0
698,37.0
699,83.0
700,64.0
701,38.0
702,54.0
703,32.0
704,61.0
705,33.0
706,65.0
707,38.0
708,35.0
709,48.0
710,55.0
711,46.0
712,25.0
713,48.0
714,
715,73.0
716,44.0
717,45.0
718,67.0
719,48.0
720,42.0
721,81.0
722,36.0
723,48.0
724,114.0
725,37.0
726,7.0
727,84.0
728,27.0
729,34.0
730,38.0
731,29.0
732,
733,
734,31.0
735,47.0
736,21.0
737,
738,33.0
739,48.0
740,31.0
741,42.0
742,31.0
743,66.0
744,26.0
745,26.0
746,77.0
747,12.0
748,31.0
749,25.0
750,50.0
751,41.0
752,52.0
753,31.0
754,
755,35.0
756,50.0
757,9.0
758,28.0
759,49.0
760,43.0
761,32.0
762,12.0
763,40.0
764,31.0
765,
766,93.0
767,42.0
768,97.0
769,42.0
770,36.0
771,48.0
772,37.0
773,28.0
774,96.0
775,18.0
776,4.0
777,35.0
778,28.0
779,33.0
780,69.0
781,34.0
782,27.0
783,46.0
784,67.0
785,48.0
786,40.0
787,82.0
788,71.0
789,
790,34.0
791,12.0
792,38.0
793,37.0
794,40.0
795,46.0
796,56.0
797,48.0
798,43.0
799,34.0
800,81.0
801,71.0
802,44.0
803,37.0
804,40.0
805,31.0
806,55.0
807,33.0
808,36.0
809,51.0
810,33.0
811,31.0
812,30.0
813,41.0
814,
815,55.0
816,26.0
817,47.0
818,41.0
819,
820,40.0
821,44.0
822,53.0
823,5.0
824,56.0
825,47.0
826,31.0
827,38.0
828,34.0
829,51.0
830,50.0
831,30.0
832,43.0
833,25.0
834,67.0
835,41.0
836,71.0
837,50.0
838,53.0
839,36.0
840,38.0
841,74.0
842,42.0
843,34.0
844,33.0
845,
846,61.0
847,36.0
848,45.0
849,26.0
850,21.0
851,31.0
852,35.0
853,38.0
854,23.0
855,32.0
856,35.0
857,96.0
858,51.0
859,71.0
860,48.0
861,34.0
862,
863,45.0
864,39.0
865,149.0
866,50.0
867,165.0
868,67.0
869,
870,29.0
871,32.0
872,
873,35.0
874,73.0
875,
876,50.0
877,54.0
878,39.0
879,32.0
880,
881,66.0
882,35.0
883,
884,44.0
885,73.0
886,48.0
887,37.0
888,32.0
889,42.0
890,34.0
891,22.0
892,26.0
893,30.0
894,134.0
895,35.0
896,41.0
897,31.0
898,46.0
899,24.0
900,74.0
901,21.0
902,4.0
903,37.0
904,37.0
905,104.0
906,70.0
907,34.0
908,37.0
909,43.0
910,34.0
911,75.0
912,44.0
913,37.0
914,47.0
915,30.0
916,50.0
917,37.0
918,42.0
919,45.0
920,104.0
921,34.0
922,63.0
923,35.0
924,53.0
925,37.0
926,149.0
927,72.0
928,104.0
929,37.0
930,72.0
931,41.0
932,96.0
933,118.0
934,40.0
935,104.0
936,53.0
937,33.0
938,49.0
939,51.0
940,39.0
941,38.0
942,59.0
943,14.0
944,39.0
945,99.0
946,51.0
947,23.0
948,34.0
949,39.0
950,34.0
951,15.0
952,41.0
953,41.0
954,31.0
955,15.0
956,
957,42.0
958,33.0
959,53.0
960,21.0
961,37.0
962,96.0
963,
964,46.0
965,44.0
966,37.0
967,25.0
968,3.0
969,9.0
970,37.0
971,48.0
972,41.0
973,15.0
974,96.0
975,3.0
976,39.0
977,35.0
978,34.0
979,30.0
980,23.0
981,60.0
982,67.0
983,42.0
984,56.0
985,37.0
986,26.0
987,49.0
988,30.0
989,31.0
990,72.0
991,
992,
993,31.0
994,37.0
995,51.0
996,24.0
997,38.0
998,7.0
999,69.0
1000,32.0
1001,32.0
1002,29.0
1003,72.0
1004,48.0
1005,35.0
1006,25.0
1007,69.0
1008,56.0
1009,61.0
1010,
1011,34.0
1012,3.0
1013,36.0
1014,39.0
1015,37.0
1016,33.0
1017,71.0
1018,44.0
1019,33.0
1020,26.0
1021,30.0
1022,56.0
1023,53.0
1024,
1025,31.0
1026,43.0
1027,
1028,
1029,54.0
1030,33.0
1031,35.0
1032,44.0
1033,15.0
1034,39.0
1035,149.0
1036,31.0
1037,70.0
1038,28.0
1039,48.0
1040,16.0
1041,15.0
1042,51.0
1043,76.0
1044,50.0
1045,38.0
1046,51.0
1047,34.0
1048,44.0
1049,73.0
1050,44.0
1051,27.0
1052,65.0
1053,12.0
1054,51.0
1055,25.0
1056,23.0
1057,74.0
1058,35.0
1059,37.0
1060,127.0
1061,37.0
1062,26.0
1063,37.0
1064,
1065,45.0
1066,45.0
1067,56.0
1068,25.0
1069,48.0
1070,42.0
1071,49.0
1072,25.0
1073,8.0
1074,71.0
1075,82.0
1076,71.0
1077,32.0
1078,21.0
1079,56.0
1080,36.0
1081,33.0
1082,36.0
1083,35.0
1084,34.0
1085,70.0
1086,51.0
1087,48.0
1088,77.0
1089,25.0
1090,49.0
1091,38.0
1092,40.0
1093,56.0
1094,63.0
1095,
1096,30.0
1097,31.0
1098,43.0
1099,32.0
1100,29.0
1101,39.0
1102,41.0
1103,25.0
1104,81.0
1105,64.0
1106,104.0
1107,37.0
1108,35.0
1109,240.0
1110,45.0
1111,40.0
1112,42.0
1113,37.0
1114,35.0
1115,50.0
1116,25.0
1117,5.0
1118,55.0
1119,93.0
1120,36.0
1121,45.0
1122,72.0
1123,25.0
1124,114.0
1125,48.0
1126,32.0
1127,93.0
1128,84.0
1129,25.0
1130,
1131,
1132,52.0
1133,37.0
1134,30.0
1135,41.0
1136,65.0
1137,42.0
1138,
1139,53.0
1140,39.0
1141,37.0
1142,
1143,35.0
1144,35.0
1145,35.0
1146,35.0
1147,37.0
1148,66.0
1149,53.0
1150,63.0
1151,33.0
1152,104.0
1153,38.0
1154,49.0
1155,50.0
1156,61.0
1157,46.0
1158,35.0
1159,25.0
1160,37.0
1161,84.0
1162,51.0
1163,50.0
1164,50.0
1165,46.0
1166,43.0
1167,
1168,43.0
1169,90.0
1170,30.0
1171,45.0
1172,27.0
1173,39.0
1174,23.0
1175,54.0
1176,44.0
1177,9.0
1178,28.0
1179,48.0
1180,50.0
1181,49.0
1182,42.0
1183,39.0
1184,48.0
1185,99.0
1186,32.0
1187,50.0
1188,38.0
1189,24.0
1190,44.0
1191,45.0
1192,38.0
1193,44.0
1194,13.0
1195,51.0
1196,41.0
1197,56.0
1198,56.0
1199,
1200,48.0
1201,116.0
1202,69.0
1203,
1204,96.0
1205,64.0
1206,36.0
1207,26.0
1208,41.0
1209,27.0
1210,37.0
1211,41.0
1212,45.0
1213,51.0
1214,36.0
1215,136.0
1216,31.0
1217,45.0
1218,31.0
1219,52.0
1220,49.0
1221,74.0
1222,24.0
1223,35.0
1224,35.0
1225,25.0
1226,56.0
1227,37.0
1228,44.0
1229,
1230,45.0
1231,50.0
1232,48.0
1233,33.0
1234,72.0
1235,12.0
1236,34.0
1237,35.0
1238,41.0
1239,56.0
1240,50.0
1241,50.0
1242,39.0
1243,44.0
1244,25.0
1245,42.0
1246,37.0
1247,48.0
1248,14.0
1249,24.0
1250,45.0
1251,56.0
1252,22.0
1253,33.0
1254,63.0
1255,39.0
1256,153.0
1257,31.0
1258,37.0
1259,27.0
1260,51.0
1261,34.0
1262,35.0
1263,36.0
1264,104.0
1265,
1266,73.0
1267,26.0
1268,32.0
1269,48.0
1270,56.0
1271,49.0
1272,65.0
1273,24.0
1274,37.0
1275,25.0
1276,47.0
1277,104.0
1278,31.0
1279,45.0
1280,
1281,138.0
1282,38.0
1283,22.0
1284,35.0
1285,104.0
1286,37.0
1287,37.0
1288,17.0
1289,37.0
1290,25.0
1291,
1292,21.0
1293,30.0
1294,31.0
1295,53.0
1296,49.0
1297,42.0
1298,26.0
1299,31.0
1300,50.0
1301,3.0
1302,19.0
1303,104.0
1304,45.0
1305,37.0
1306,14.0
1307,41.0
1308,39.0
1309,107.0
1310,85.0
1311,38.0
1312,73.0
1313,67.0
1314,57.0
1315,48.0
1316,73.0
1317,50.0
1318,36.0
1319,37.0
1320,34.0
1321,44.0
1322,100.0
1323,38.0
1324,53.0
1325,
1326,53.0
1327,95.0
1328,47.0
1329,37.0
1330,37.0
1331,32.0
1332,62.0
1333,84.0
1334,34.0
1335,48.0
1336,59.0
1337,50.0
1338,37.0
1339,6.0
1340,49.0
1341,53.0
1342,90.0
1343,96.0
1344,40.0
1345,44.0
1346,66.0
1347,72.0
1348,50.0
1349,44.0
1350,16.0
1351,49.0
1352,30.0
1353,39.0
1354,30.0
1355,37.0
1356,32.0
1357,56.0
1358,37.0
1359,33.0
1360,34.0
1361,42.0
1362,
1363,12.0
1364,31.0
1365,40.0
1366,63.0
1367,147.0
1368,33.0
1369,34.0
1370,59.0
1371,34.0
1372,43.0
1373,93.0
1374,72.0
1375,49.0
1376,62.0
1377,44.0
1378,34.0
1379,44.0
1380,39.0
1381,
1382,36.0
1383,100.0
1384,37.0
1385,51.0
1386,48.0
1387,
1388,92.0
1389,34.0
1390,43.0
1391,58.0
1392,27.0
1393,50.0
1394,42.0
1395,61.0
1396,
1397,15.0
1398,33.0
1399,33.0
1400,37.0
1401,39.0
1402,59.0
1403,70.0
1404,81.0
1405,
1406,36.0
1407,69.0
1408,32.0
1409,25.0
1410,46.0
1411,26.0
1412,34.0
1413,37.0
1414,34.0
1415,41.0
1416,30.0
1417,58.0
1418,51.0
1419,115.0
1420,30.0
1421,51.0
1422,51.0
1423,48.0
1424,25.0
1425,32.0
1426,30.0
1427,21.0
1428,39.0
1429,39.0
1430,37.0
1431,26.0
1432,96.0
1433,26.0
1434,98.0
1435,72.0
1436,39.0
1437,32.0
1438,35.0
1439,51.0
1440,8.0
1441,50.0
1442,96.0
1443,46.0
1444,37.0
1445,37.0
1446,34.0
1447,
1448,37.0
1449,32.0
1450,50.0
1451,47.0
1452,68.0
1453,21.0
1454,45.0
1455,72.0
1456,82.0
1457,20.0
1458,31.0
1459,50.0
1460,
1461,49.0
1462,25.0
1463,27.0
1464,85.0
1465,32.0
1466,29.0
1467,29.0
1468,37.0
1469,12.0
1470,37.0
1471,16.0
1472,44.0
1473,37.0
1474,84.0
1475,99.0
1476,36.0
1477,36.0
1478,56.0
1479,23.0
1480,44.0
1481,40.0
1482,35.0
1483,12.0
1484,54.0
1485,34.0
1486,24.0
1487,21.0
1488,33.0
1489,104.0
1490,38.0
1491,43.0
1492,104.0
1493,47.0
1494,33.0
1495,29.0
1496,51.0
1497,62.0
1498,69.0
1499,54.0
1500,39.0
1501,50.0
1502,37.0
1503,
1504,49.0
1505,37.0
1506,48.0
1507,72.0
1508,41.0
1509,22.0
1510,50.0
1511,31.0
1512,21.0
1513,54.0
1514,36.0
1515,48.0
1516,54.0
1517,49.0
1518,26.0
1519,44.0
1520,41.0
1521,36.0
1522,39.0
1523,51.0
1524,32.0
1525,32.0
1526,37.0
1527,36.0
1528,66.0
1529,34.0
1530,48.0
1531,43.0
1532,41.0
1533,48.0
1534,41.0
1535,30.0
1536,36.0
1537,21.0
1538,32.0
1539,31.0
1540,72.0
1541,34.0
1542,39.0
1543,42.0
1544,37.0
1545,33.0
1546,240.0
1547,26.0
1548,53.0
1549,53.0
1550,34.0
1551,35.0
1552,46.0
1553,25.0
1554,46.0
1555,44.0
1556,27.0
1557,44.0
1558,85.0
1559,43.0
1560,12.0
1561,63.0
1562,37.0
1563,31.0
1564,47.0
1565,49.0
1566,30.0
1567,128.0
1568,63.0
1569,48.0
1570,44.0
1571,41.0
1572,32.0
1573,31.0
1574,50.0
1575,35.0
1576,44.0
1577,15.0
1578,31.0
1579,104.0
1580,44.0
1581,41.0
1582,33.0
1583,
1584,47.0
1585,69.0
1586,71.0
1587,34.0
1588,71.0
1589,69.0
1590,104.0
1591,37.0
1592,47.0
1593,53.0
1594,32.0
1595,15.0
1596,96.0
1597,25.0
1598,38.0
1599,39.0
1600,
1601,14.0
1602,48.0
1603,31.0
1604,25.0
1605,51.0
1606,37.0
1607,42.0
1608,41.0
1609,56.0
1610,37.0
1611,26.0
1612,44.0
1613,42.0
1614,31.0
1615,53.0
1616,47.0
1617,64.0
1618,18.0
1619,39.0
1620,43.0
1621,47.0
1622,34.0
1623,26.0
1624,44.0
1625,40.0
1626,15.0
1627,40.0
1628,85.0
1629,73.0
1630,75.0
1631,37.0
1632,44.0
1633,
1634,34.0
1635,72.0
1636,25.0
1637,34.0
1638,37.0
1639,
1640,45.0
1641,47.0
1642,96.0
1643,37.0
1644,53.0
1645,128.0
1646,14.0
1647,47.0
1648,111.0
1649,34.0
1650,37.0
1651,24.0
1652,29.0
1653,51.0
1654,44.0
1655,53.0
1656,48.0
1657,56.0
1658,26.0
1659,25.0
1660,
1661,37.0
1662,4.0
1663,37.0
1664,40.0
1665,54.0
1666,30.0
1667,117.0
1668,37.0
1669,49.0
1670,47.0
1671,51.0
1672,49.0
1673,25.0
1674,67.0
1675,18.0
1676,45.0
1677,35.0
1678,49.0
1679,37.0
1680,56.0
1681,28.0
1682,53.0
1683,39.0
1684,35.0
1685,37.0
1686,99.0
1687,34.0
1688,47.0
1689,35.0
1690,31.0
1691,125.0
1692,48.0
1693,114.0
1694,42.0
1695,31.0
1696,52.0
1697,33.0
1698,31.0
1699,50.0
1700,35.0
1701,40.0
1702,38.0
1703,50.0
1704,45.0
1705,30.0
1706,
1707,104.0
1708,88.0
1709,36.0
1710,35.0
1711,50.0
1712,16.0
1713,104.0
1714,44.0
1715,73.0
1716,32.0
1717,35.0
1718,34.0
1719,53.0
1720,
1721,9.0
1722,40.0
1723,22.0
1724,65.0
1725,31.0
1726,25.0
1727,71.0
1728,34.0
1729,3.0
1730,49.0
1731,48.0
1732,35.0
1733,30.0
1734,82.0
1735,38.0
1736,11.0
1737,69.0
1738,82.0
1739,40.0
1740,37.0
1741,36.0
1742,39.0
1743,43.0
1744,50.0
1745,38.0
1746,31.0
1747,23.0
1748,22.0
1749,48.0
1750,47.0
1751,35.0
1752,25.0
1753,8.0
1754,73.0
1755,9.0
1756,34.0
1757,49.0
1758,53.0
1759,41.0
1760,26.0
1761,48.0
1762,48.0
1763,46.0
1764,111.0
1765,37.0
1766,47.0
1767,26.0
1768,39.0
1769,73.0
1770,69.0
1771,44.0
1772,38.0
1773,50.0
1774,32.0
1775,3.0
1776,
1777,37.0
1778,26.0
1779,36.0
1780,35.0
1781,43.0
1782,41.0
1783,37.0
1784,46.0
1785,33.0
1786,31.0
1787,37.0
1788,71.0
1789,36.0
1790,41.0
1791,53.0
1792,37.0
1793,49.0
1794,42.0
1795,97.0
1796,35.0
1797,37.0
1798,80.0
1799,21.0
1800,41.0
1801,48.0
1802,32.0
1803,77.0
1804,60.0
1805,48.0
1806,73.0
1807,37.0
1808,104.0
1809,74.0
1810,56.0
1811,44.0
1812,51.0
1813,41.0
1814,45.0
1815,31.0
1816,37.0
1817,73.0
1818,96.0
1819,46.0
1820,53.0
1821,37.0
1822,3.0
1823,34.0
1824,33.0
1825,37.0
1826,39.0
1827,54.0
1828,40.0
1829,36.0
1830,38.0
1831,31.0
1832,48.0
1833,
1834,44.0
1835,69.0
1836,44.0
1837,79.0
1838,39.0
1839,41.0
1840,23.0
1841,66.0
1842,64.0
1843,
1844,34.0
1845,34.0
1846,123.0
1847,82.0
1848,114.0
1849,35.0
1850,51.0
1851,34.0
1852,97.0
1853,34.0
1854,43.0
1855,41.0
1856,69.0
1857,27.0
1858,53.0
1859,41.0
1860,45.0
1861,35.0
1862,50.0
1863,34.0
1864,63.0
1865,60.0
1866,47.0
1867,31.0
1868,17.0
1869,41.0
1870,41.0
1871,34.0
1872,4.0
1873,
1874,41.0
1875,72.0
1876,16.0
1877,46.0
1878,25.0
1879,42.0
1880,31.0
1881,42.0
1882,39.0
1883,6.0
1884,56.0
1885,49.0
1886,61.0
1887,37.0
1888,37.0
1889,24.0
1890,47.0
1891,35.0
1892,54.0
1893,41.0
1894,44.0
1895,63.0
1896,37.0
1897,33.0
1898,26.0
1899,5.0
1900,33.0
1901,28.0
1902,26.0
1903,26.0
1904,50.0
1905,48.0
1906,44.0
1907,65.0
1908,72.0
1909,35.0
1910,36.0
1911,31.0
1912,25.0
1913,23.0
1914,48.0
1915,32.0
1916,47.0
1917,72.0
1918,39.0
1919,39.0
1920,41.0
1921,48.0
1922,50.0
1923,33.0
1924,35.0
1925,107.0
1926,38.0
1927,34.0
1928,63.0
1929,37.0
1930,69.0
1931,16.0
1932,9.0
1933,45.0
1934,35.0
1935,82.0
1936,50.0
1937,48.0
1938,34.0
1939,25.0
1940,35.0
1941,39.0
1942,
1943,25.0
1944,35.0
1945,48.0
1946,71.0
1947,37.0
1948,59.0
1949,34.0
1950,53.0
1951,42.0
1952,92.0
1953,47.0
1954,45.0
1955,36.0
1956,41.0
1957,48.0
1958,60.0
