0,200.0
1,200.0
2,200.0
3,200.0
4,200.0
5,200.0
6,199.0
7,60.0
8,199.0
9,200.0
10,198.0
11,199.0
12,200.0
13,200.0
14,199.0
15,10.0
16,200.0
17,10.0
18,200.0
19,200.0
20,200.0
21,200.0
22,200.0
23,200.0
24,200.0
25,200.0
26,199.0
27,200.0
28,200.0
29,200.0
30,198.0
31,182.0
32,200.0
33,200.0
34,200.0
35,200.0
36,199.0
37,197.0
38,90.0
39,200.0
40,200.0
41,200.0
42,200.0
43,199.0
44,200.0
45,199.0
46,79.0
47,200.0
48,197.0
49,90.0
50,110.0
51,200.0
52,200.0
53,199.0
54,199.0
55,194.0
56,200.0
57,200.0
58,200.0
59,197.0
60,200.0
61,30.0
62,200.0
63,
64,200.0
65,200.0
66,200.0
67,20.0
68,199.0
69,200.0
70,200.0
71,200.0
72,200.0
73,50.0
74,181.0
75,200.0
76,200.0
77,200.0
78,200.0
79,200.0
80,200.0
81,200.0
82,199.0
83,200.0
84,199.0
85,200.0
86,200.0
87,40.0
88,200.0
89,200.0
90,199.0
91,200.0
92,199.0
93,200.0
94,200.0
95,188.0
96,200.0
97,196.0
98,200.0
99,198.0
100,193.0
101,200.0
102,190.0
103,198.0
104,200.0
105,200.0
106,196.0
107,200.0
108,200.0
109,200.0
110,195.0
111,30.0
112,200.0
113,200.0
114,197.0
115,200.0
116,200.0
117,200.0
118,200.0
119,70.0
120,200.0
121,200.0
122,199.0
123,200.0
124,200.0
125,200.0
126,50.0
127,76.0
128,200.0
129,200.0
130,200.0
131,200.0
132,70.0
133,195.0
134,200.0
135,200.0
136,200.0
137,200.0
138,200.0
139,200.0
140,200.0
141,197.0
142,200.0
143,200.0
144,89.0
145,196.0
146,200.0
147,60.0
148,200.0
149,200.0
150,200.0
151,200.0
152,200.0
153,199.0
154,75.0
155,200.0
156,40.0
157,200.0
158,200.0
159,200.0
160,200.0
161,187.0
162,200.0
163,200.0
164,200.0
165,200.0
166,186.0
167,200.0
168,200.0
169,200.0
170,200.0
171,200.0
172,
173,200.0
174,200.0
175,199.0
176,140.0
177,200.0
178,200.0
179,186.0
180,200.0
181,200.0
182,200.0
183,200.0
184,198.0
185,200.0
186,200.0
187,158.0
188,200.0
189,80.0
190,110.0
191,200.0
192,200.0
193,200.0
194,199.0
195,200.0
196,200.0
197,10.0
198,200.0
199,199.0
200,200.0
201,200.0
202,200.0
203,200.0
204,200.0
205,200.0
206,200.0
207,200.0
208,200.0
209,195.0
210,200.0
211,200.0
212,200.0
213,199.0
214,184.0
215,200.0
216,9.0
217,200.0
218,200.0
219,200.0
220,196.0
221,189.0
222,200.0
223,186.0
224,196.0
225,200.0
226,200.0
227,200.0
228,200.0
229,200.0
230,200.0
231,199.0
232,96.0
233,200.0
234,200.0
235,200.0
236,184.0
237,196.0
238,80.0
239,200.0
240,10.0
241,200.0
242,200.0
243,198.0
244,200.0
245,200.0
246,200.0
247,200.0
248,200.0
249,80.0
250,200.0
251,200.0
252,200.0
253,200.0
254,169.0
255,200.0
256,200.0
257,200.0
258,200.0
259,200.0
260,198.0
261,198.0
262,200.0
263,200.0
264,200.0
265,200.0
266,199.0
267,200.0
268,200.0
269,200.0
270,200.0
271,200.0
272,20.0
273,196.0
274,196.0
275,200.0
276,200.0
277,200.0
278,60.0
279,200.0
280,200.0
281,200.0
282,200.0
283,200.0
284,200.0
285,200.0
286,199.0
287,130.0
288,89.0
289,200.0
290,200.0
291,200.0
292,200.0
293,200.0
294,198.0
295,200.0
296,200.0
297,198.0
298,200.0
299,200.0
300,199.0
301,110.0
302,172.0
303,10.0
304,200.0
305,200.0
306,200.0
307,200.0
308,200.0
309,200.0
310,200.0
311,200.0
312,200.0
313,170.0
314,90.0
315,200.0
316,200.0
317,200.0
318,20.0
319,196.0
320,150.0
321,200.0
322,199.0
323,188.0
324,200.0
325,200.0
326,200.0
327,200.0
328,200.0
329,200.0
330,200.0
331,200.0
332,195.0
333,200.0
334,200.0
335,10.0
336,199.0
337,200.0
338,199.0
339,200.0
340,200.0
341,200.0
342,200.0
343,198.0
344,198.0
345,200.0
346,200.0
347,200.0
348,200.0
349,196.0
350,199.0
351,200.0
352,198.0
353,200.0
354,200.0
355,200.0
356,60.0
357,200.0
358,200.0
359,200.0
360,200.0
361,199.0
362,196.0
363,60.0
364,190.0
365,200.0
366,200.0
367,200.0
368,196.0
369,20.0
370,200.0
371,200.0
372,90.0
373,196.0
374,200.0
375,195.0
376,200.0
377,199.0
378,200.0
379,200.0
380,190.0
381,186.0
382,
383,200.0
384,200.0
385,82.0
386,200.0
387,70.0
388,200.0
389,197.0
390,196.0
391,199.0
392,60.0
393,20.0
394,200.0
395,200.0
396,200.0
397,197.0
398,200.0
399,200.0
400,197.0
401,200.0
402,200.0
403,199.0
404,200.0
405,200.0
406,199.0
407,200.0
408,196.0
409,200.0
410,200.0
411,200.0
412,200.0
413,200.0
414,200.0
415,196.0
416,
417,200.0
418,200.0
419,70.0
420,60.0
421,200.0
422,200.0
423,199.0
424,200.0
425,187.0
426,200.0
427,196.0
428,200.0
429,200.0
430,200.0
431,200.0
432,199.0
433,200.0
434,198.0
435,198.0
436,200.0
437,200.0
438,200.0
439,150.0
440,90.0
441,200.0
442,200.0
443,40.0
444,196.0
445,200.0
446,50.0
447,200.0
448,196.0
449,200.0
450,198.0
451,
452,200.0
453,200.0
454,199.0
455,150.0
456,189.0
457,197.0
458,199.0
459,200.0
460,200.0
461,200.0
462,196.0
463,200.0
464,200.0
465,200.0
466,200.0
467,195.0
468,200.0
469,200.0
470,200.0
471,199.0
472,199.0
473,200.0
474,199.0
475,197.0
476,200.0
477,198.0
478,196.0
479,200.0
480,200.0
481,200.0
482,200.0
483,200.0
484,200.0
485,197.0
486,200.0
487,200.0
488,199.0
489,181.0
490,200.0
491,200.0
492,200.0
493,200.0
494,199.0
495,198.0
496,199.0
497,200.0
498,200.0
499,198.0
500,194.0
501,200.0
502,60.0
503,200.0
504,197.0
505,197.0
506,200.0
507,200.0
508,200.0
509,200.0
510,200.0
511,200.0
512,200.0
513,200.0
514,200.0
515,200.0
516,200.0
517,200.0
518,195.0
519,119.0
520,200.0
521,200.0
522,200.0
523,200.0
524,200.0
525,200.0
526,200.0
527,200.0
528,200.0
529,200.0
530,80.0
531,200.0
532,199.0
533,200.0
534,197.0
535,200.0
536,200.0
537,200.0
538,200.0
539,200.0
540,200.0
541,200.0
542,200.0
543,200.0
544,89.0
545,200.0
546,196.0
547,200.0
548,49.0
549,133.0
550,188.0
551,196.0
552,200.0
553,200.0
554,200.0
555,200.0
556,200.0
557,200.0
558,30.0
559,200.0
560,200.0
561,200.0
562,200.0
563,200.0
564,200.0
565,200.0
566,200.0
567,196.0
568,200.0
569,200.0
570,200.0
571,199.0
572,196.0
573,105.0
574,196.0
575,200.0
576,200.0
577,200.0
578,200.0
579,199.0
580,200.0
581,200.0
582,200.0
583,200.0
584,200.0
585,200.0
586,200.0
587,200.0
588,200.0
589,196.0
590,200.0
591,200.0
592,160.0
593,200.0
594,200.0
595,199.0
596,70.0
597,200.0
598,198.0
599,199.0
600,199.0
601,200.0
602,128.0
603,40.0
604,196.0
605,199.0
606,160.0
607,199.0
608,200.0
609,200.0
610,126.0
611,199.0
612,200.0
613,186.0
614,
615,200.0
616,194.0
617,200.0
618,200.0
619,196.0
620,200.0
621,200.0
622,200.0
623,200.0
624,128.0
625,100.0
626,200.0
627,200.0
628,164.0
629,200.0
630,200.0
631,200.0
632,20.0
633,198.0
634,152.0
635,196.0
636,200.0
637,200.0
638,164.0
639,198.0
640,160.0
641,
642,200.0
643,200.0
644,200.0
645,200.0
646,198.0
647,200.0
648,
649,200.0
650,200.0
651,200.0
652,200.0
653,200.0
654,200.0
655,200.0
656,199.0
657,198.0
658,200.0
659,200.0
660,200.0
661,197.0
662,200.0
663,200.0
664,180.0
665,200.0
666,200.0
667,200.0
668,198.0
669,200.0
670,200.0
671,198.0
672,198.0
673,200.0
674,200.0
675,200.0
676,200.0
677,200.0
678,200.0
679,200.0
680,193.0
681,200.0
682,200.0
683,187.0
684,200.0
685,10.0
686,200.0
687,191.0
688,196.0
689,200.0
690,50.0
691,198.0
692,200.0
693,200.0
694,200.0
695,200.0
696,196.0
697,200.0
698,200.0
699,150.0
700,200.0
701,200.0
702,195.0
703,190.0
704,30.0
705,200.0
706,200.0
707,70.0
708,200.0
709,200.0
710,200.0
711,110.0
712,200.0
713,200.0
714,200.0
715,200.0
716,200.0
717,188.0
718,200.0
719,10.0
720,197.0
721,200.0
722,200.0
723,198.0
724,200.0
725,200.0
726,200.0
727,200.0
728,200.0
729,200.0
730,193.0
731,200.0
732,200.0
733,200.0
734,200.0
735,200.0
736,200.0
737,200.0
738,199.0
739,200.0
740,196.0
741,197.0
742,200.0
743,199.0
744,200.0
745,196.0
746,164.0
747,200.0
748,200.0
749,200.0
750,200.0
751,200.0
752,200.0
753,200.0
754,200.0
755,200.0
756,20.0
757,200.0
758,189.0
759,
760,200.0
761,200.0
762,196.0
763,200.0
764,200.0
765,200.0
766,200.0
767,199.0
768,200.0
769,199.0
770,110.0
771,200.0
772,200.0
773,200.0
774,200.0
775,198.0
776,199.0
777,200.0
778,200.0
779,200.0
780,200.0
781,200.0
782,200.0
783,200.0
784,200.0
785,30.0
786,196.0
787,200.0
788,200.0
789,200.0
790,200.0
791,196.0
792,200.0
793,199.0
794,200.0
795,198.0
796,199.0
797,200.0
798,200.0
799,200.0
800,200.0
801,19.0
802,200.0
803,200.0
804,200.0
805,199.0
806,200.0
807,200.0
808,199.0
809,200.0
810,198.0
811,198.0
812,200.0
813,200.0
814,200.0
815,198.0
816,200.0
817,80.0
818,200.0
819,200.0
820,200.0
821,200.0
822,197.0
823,200.0
824,199.0
825,200.0
826,200.0
827,199.0
828,200.0
829,200.0
830,200.0
831,128.0
832,200.0
833,200.0
834,199.0
835,200.0
836,197.0
837,200.0
838,20.0
839,20.0
840,90.0
841,197.0
842,200.0
843,200.0
844,70.0
845,200.0
846,200.0
847,200.0
848,200.0
849,191.0
850,199.0
851,200.0
852,200.0
853,196.0
854,200.0
855,200.0
856,200.0
857,200.0
858,200.0
859,196.0
860,200.0
861,200.0
862,200.0
863,200.0
864,196.0
865,140.0
866,199.0
867,200.0
868,200.0
869,160.0
870,200.0
871,200.0
872,195.0
873,196.0
874,90.0
875,200.0
876,199.0
877,200.0
878,200.0
879,40.0
880,200.0
881,20.0
882,110.0
883,136.0
884,200.0
885,200.0
886,200.0
887,199.0
888,200.0
889,200.0
890,200.0
891,200.0
892,200.0
893,198.0
894,200.0
895,200.0
896,200.0
897,200.0
898,200.0
899,200.0
900,200.0
901,199.0
902,200.0
903,200.0
904,200.0
905,200.0
906,150.0
907,200.0
908,200.0
909,196.0
910,200.0
911,200.0
912,200.0
913,200.0
914,199.0
915,200.0
916,197.0
917,200.0
918,200.0
919,199.0
920,200.0
921,123.0
922,200.0
923,200.0
924,200.0
925,196.0
926,110.0
927,186.0
928,200.0
929,198.0
930,200.0
931,200.0
932,200.0
933,200.0
934,200.0
935,200.0
936,199.0
937,130.0
938,78.0
939,200.0
940,200.0
941,200.0
942,200.0
943,200.0
944,200.0
945,200.0
946,200.0
947,200.0
948,200.0
949,199.0
950,60.0
951,200.0
952,200.0
953,200.0
954,200.0
955,200.0
956,200.0
957,198.0
958,200.0
959,200.0
960,195.0
961,179.0
962,200.0
963,190.0
964,196.0
965,200.0
966,200.0
967,199.0
968,199.0
969,200.0
970,197.0
971,200.0
972,200.0
973,200.0
974,200.0
975,200.0
976,199.0
977,200.0
978,
979,200.0
980,198.0
981,200.0
982,200.0
983,200.0
984,200.0
985,200.0
986,200.0
987,200.0
988,200.0
989,198.0
990,200.0
991,200.0
992,200.0
993,200.0
994,160.0
995,197.0
996,200.0
997,39.0
998,50.0
999,200.0
1000,199.0
1001,198.0
1002,200.0
1003,200.0
1004,200.0
1005,200.0
1006,199.0
1007,199.0
1008,199.0
1009,190.0
1010,198.0
1011,197.0
1012,200.0
1013,105.0
1014,200.0
1015,200.0
1016,197.0
1017,200.0
1018,200.0
1019,200.0
1020,199.0
1021,200.0
1022,200.0
1023,150.0
1024,200.0
1025,200.0
1026,197.0
1027,200.0
1028,200.0
1029,200.0
1030,200.0
1031,200.0
1032,200.0
1033,200.0
1034,200.0
1035,
1036,200.0
1037,200.0
1038,200.0
1039,197.0
1040,197.0
1041,200.0
1042,199.0
1043,197.0
1044,200.0
1045,200.0
1046,200.0
1047,200.0
1048,200.0
1049,200.0
1050,200.0
1051,200.0
1052,200.0
1053,197.0
1054,197.0
1055,200.0
1056,200.0
1057,200.0
1058,200.0
1059,200.0
1060,200.0
1061,186.0
1062,83.0
1063,199.0
1064,200.0
1065,200.0
1066,197.0
1067,200.0
1068,200.0
1069,200.0
1070,200.0
1071,196.0
1072,197.0
1073,70.0
1074,200.0
1075,200.0
1076,200.0
1077,50.0
1078,200.0
1079,199.0
1080,200.0
1081,200.0
1082,200.0
1083,200.0
1084,200.0
1085,200.0
1086,200.0
1087,200.0
1088,200.0
1089,200.0
1090,200.0
1091,200.0
1092,140.0
1093,200.0
1094,200.0
1095,200.0
1096,200.0
1097,200.0
1098,200.0
1099,200.0
1100,200.0
1101,
1102,200.0
1103,200.0
1104,200.0
1105,200.0
1106,196.0
1107,200.0
1108,200.0
1109,198.0
1110,169.0
1111,200.0
1112,200.0
1113,200.0
1114,37.0
1115,200.0
1116,200.0
1117,200.0
1118,200.0
1119,200.0
1120,200.0
1121,196.0
1122,199.0
1123,200.0
1124,200.0
1125,200.0
1126,200.0
1127,199.0
1128,200.0
1129,200.0
1130,190.0
1131,130.0
1132,199.0
1133,200.0
1134,200.0
1135,198.0
1136,199.0
1137,200.0
1138,200.0
1139,200.0
1140,200.0
1141,200.0
1142,
1143,189.0
1144,200.0
1145,200.0
1146,
1147,50.0
1148,200.0
1149,200.0
1150,200.0
1151,196.0
1152,200.0
1153,200.0
1154,200.0
1155,200.0
1156,168.0
1157,180.0
1158,200.0
1159,200.0
1160,200.0
1161,200.0
1162,200.0
1163,200.0
1164,197.0
1165,200.0
1166,200.0
1167,70.0
1168,200.0
1169,200.0
1170,200.0
1171,70.0
1172,200.0
1173,200.0
1174,199.0
1175,200.0
1176,200.0
1177,200.0
1178,200.0
1179,50.0
1180,195.0
1181,200.0
1182,200.0
1183,200.0
1184,200.0
1185,190.0
1186,199.0
1187,196.0
1188,199.0
1189,200.0
1190,200.0
1191,199.0
1192,200.0
1193,200.0
1194,200.0
1195,200.0
1196,200.0
1197,200.0
1198,30.0
1199,200.0
1200,200.0
1201,200.0
1202,199.0
1203,118.0
1204,200.0
1205,160.0
1206,200.0
1207,200.0
1208,200.0
1209,195.0
1210,200.0
1211,200.0
1212,200.0
1213,108.0
1214,200.0
1215,200.0
1216,200.0
1217,200.0
1218,200.0
1219,200.0
1220,199.0
1221,198.0
1222,200.0
1223,200.0
1224,200.0
1225,199.0
1226,200.0
1227,10.0
1228,196.0
1229,198.0
1230,199.0
1231,200.0
1232,200.0
1233,200.0
1234,200.0
1235,199.0
1236,200.0
1237,160.0
1238,200.0
1239,200.0
1240,200.0
1241,200.0
1242,200.0
1243,199.0
1244,200.0
1245,30.0
1246,193.0
1247,160.0
1248,199.0
1249,199.0
1250,200.0
1251,199.0
1252,200.0
1253,200.0
1254,198.0
1255,200.0
1256,200.0
1257,200.0
1258,200.0
1259,199.0
1260,200.0
1261,200.0
1262,200.0
1263,
1264,200.0
1265,200.0
1266,200.0
1267,200.0
1268,167.0
1269,200.0
1270,200.0
1271,200.0
1272,200.0
1273,110.0
1274,198.0
1275,200.0
1276,200.0
1277,200.0
1278,197.0
1279,200.0
1280,200.0
1281,194.0
1282,200.0
1283,200.0
1284,198.0
1285,160.0
1286,200.0
1287,200.0
1288,200.0
1289,200.0
1290,200.0
1291,200.0
1292,200.0
1293,200.0
1294,10.0
1295,200.0
1296,200.0
1297,200.0
1298,200.0
1299,200.0
1300,200.0
1301,200.0
1302,199.0
1303,200.0
1304,200.0
1305,198.0
1306,200.0
1307,199.0
1308,200.0
1309,200.0
1310,195.0
1311,200.0
1312,196.0
1313,200.0
1314,200.0
1315,200.0
1316,
1317,80.0
1318,196.0
1319,200.0
1320,199.0
1321,200.0
1322,200.0
1323,200.0
1324,200.0
1325,200.0
1326,140.0
1327,200.0
1328,189.0
1329,50.0
1330,200.0
1331,110.0
1332,60.0
1333,200.0
1334,200.0
1335,199.0
1336,200.0
1337,200.0
1338,200.0
1339,200.0
1340,130.0
1341,200.0
1342,200.0
1343,10.0
1344,200.0
1345,200.0
1346,200.0
1347,200.0
1348,200.0
1349,199.0
1350,200.0
1351,200.0
1352,150.0
1353,197.0
1354,200.0
1355,200.0
1356,199.0
1357,150.0
1358,200.0
1359,200.0
1360,200.0
1361,200.0
1362,130.0
1363,200.0
1364,200.0
1365,160.0
1366,200.0
1367,200.0
1368,199.0
1369,200.0
1370,200.0
1371,60.0
1372,39.0
1373,200.0
1374,37.0
1375,110.0
1376,200.0
1377,
1378,200.0
1379,200.0
1380,200.0
1381,199.0
1382,200.0
1383,200.0
1384,200.0
1385,200.0
1386,200.0
1387,198.0
1388,200.0
1389,200.0
1390,200.0
1391,200.0
1392,200.0
1393,100.0
1394,200.0
1395,200.0
1396,199.0
1397,200.0
1398,177.0
1399,200.0
1400,196.0
1401,197.0
1402,200.0
1403,198.0
1404,200.0
1405,172.0
1406,196.0
1407,200.0
1408,80.0
1409,199.0
1410,150.0
1411,200.0
1412,
1413,200.0
1414,197.0
1415,200.0
1416,30.0
1417,199.0
1418,200.0
1419,199.0
1420,199.0
1421,200.0
1422,200.0
1423,200.0
1424,200.0
1425,199.0
1426,30.0
1427,150.0
1428,
1429,199.0
1430,130.0
1431,199.0
1432,200.0
1433,200.0
1434,200.0
1435,40.0
1436,200.0
1437,200.0
1438,200.0
1439,199.0
1440,198.0
1441,200.0
1442,200.0
1443,200.0
1444,187.0
1445,196.0
1446,200.0
1447,200.0
1448,200.0
1449,200.0
1450,200.0
1451,200.0
1452,200.0
1453,200.0
1454,200.0
1455,199.0
1456,199.0
1457,200.0
1458,200.0
1459,200.0
1460,200.0
1461,200.0
1462,63.0
1463,196.0
1464,200.0
1465,200.0
1466,200.0
1467,200.0
1468,200.0
1469,198.0
1470,200.0
1471,200.0
1472,200.0
1473,90.0
1474,200.0
1475,119.0
1476,196.0
1477,200.0
1478,200.0
1479,200.0
1480,200.0
1481,200.0
1482,196.0
1483,170.0
1484,200.0
1485,189.0
1486,200.0
1487,200.0
1488,200.0
1489,197.0
1490,200.0
1491,
1492,190.0
1493,200.0
1494,200.0
1495,
1496,199.0
1497,200.0
1498,200.0
1499,10.0
1500,70.0
1501,200.0
1502,200.0
1503,110.0
1504,200.0
1505,200.0
1506,200.0
1507,199.0
1508,
1509,200.0
1510,196.0
1511,200.0
1512,196.0
1513,200.0
1514,198.0
1515,200.0
1516,199.0
1517,200.0
1518,89.0
1519,200.0
1520,197.0
1521,200.0
1522,200.0
1523,197.0
1524,100.0
1525,200.0
1526,200.0
1527,200.0
1528,195.0
1529,199.0
1530,200.0
1531,200.0
1532,200.0
1533,200.0
1534,200.0
1535,199.0
1536,200.0
1537,200.0
1538,110.0
1539,200.0
1540,200.0
1541,200.0
1542,197.0
1543,200.0
1544,200.0
1545,200.0
1546,30.0
1547,200.0
1548,153.0
1549,198.0
1550,200.0
1551,200.0
1552,200.0
1553,197.0
1554,191.0
1555,200.0
1556,195.0
1557,200.0
1558,199.0
1559,200.0
1560,199.0
1561,200.0
1562,200.0
1563,200.0
1564,200.0
1565,198.0
1566,179.0
1567,200.0
1568,199.0
1569,198.0
1570,200.0
1571,200.0
1572,200.0
1573,200.0
1574,198.0
1575,200.0
1576,
1577,200.0
1578,197.0
1579,
1580,199.0
1581,200.0
1582,199.0
1583,200.0
1584,196.0
1585,199.0
1586,200.0
1587,40.0
1588,20.0
1589,19.0
1590,200.0
1591,200.0
1592,197.0
1593,200.0
1594,80.0
1595,200.0
1596,200.0
1597,200.0
1598,200.0
1599,120.0
1600,200.0
1601,30.0
1602,200.0
1603,197.0
1604,200.0
1605,200.0
1606,200.0
1607,200.0
1608,197.0
1609,196.0
1610,200.0
1611,200.0
1612,200.0
1613,200.0
1614,200.0
1615,199.0
1616,200.0
1617,200.0
1618,200.0
1619,196.0
1620,197.0
1621,200.0
1622,196.0
1623,200.0
1624,200.0
1625,200.0
1626,200.0
1627,196.0
1628,200.0
1629,200.0
1630,196.0
1631,200.0
1632,199.0
1633,200.0
1634,200.0
1635,198.0
1636,200.0
1637,60.0
1638,188.0
1639,196.0
1640,200.0
1641,200.0
1642,200.0
1643,200.0
1644,200.0
1645,200.0
1646,200.0
1647,200.0
1648,200.0
1649,200.0
1650,200.0
1651,200.0
1652,184.0
1653,199.0
1654,196.0
1655,198.0
1656,200.0
1657,200.0
1658,200.0
1659,199.0
1660,200.0
1661,200.0
1662,200.0
1663,
1664,200.0
1665,200.0
1666,200.0
1667,200.0
1668,200.0
1669,200.0
1670,200.0
1671,18.0
1672,80.0
1673,200.0
1674,
1675,159.0
1676,199.0
1677,
1678,200.0
1679,200.0
1680,200.0
1681,200.0
1682,197.0
1683,189.0
1684,200.0
1685,199.0
1686,200.0
1687,200.0
1688,200.0
1689,200.0
1690,77.0
1691,200.0
1692,200.0
1693,200.0
1694,200.0
1695,198.0
1696,140.0
1697,199.0
1698,200.0
1699,200.0
1700,200.0
1701,200.0
1702,199.0
1703,200.0
1704,200.0
1705,30.0
1706,200.0
1707,200.0
1708,200.0
1709,199.0
1710,100.0
1711,200.0
1712,199.0
1713,200.0
1714,88.0
1715,200.0
1716,200.0
1717,70.0
1718,196.0
1719,196.0
1720,200.0
1721,200.0
1722,197.0
1723,200.0
1724,200.0
1725,200.0
1726,200.0
1727,158.0
1728,199.0
1729,200.0
1730,200.0
1731,200.0
1732,200.0
1733,200.0
1734,196.0
1735,200.0
1736,200.0
1737,186.0
1738,200.0
1739,200.0
1740,200.0
1741,200.0
1742,198.0
1743,200.0
1744,200.0
1745,140.0
1746,160.0
1747,200.0
1748,200.0
1749,200.0
1750,200.0
1751,200.0
1752,200.0
1753,200.0
1754,200.0
1755,199.0
1756,200.0
1757,200.0
1758,200.0
1759,200.0
1760,199.0
1761,200.0
1762,200.0
1763,200.0
1764,200.0
1765,200.0
1766,200.0
1767,
1768,200.0
1769,100.0
1770,200.0
1771,29.0
1772,200.0
1773,200.0
1774,70.0
1775,200.0
1776,200.0
1777,200.0
1778,200.0
1779,200.0
1780,163.0
1781,200.0
1782,200.0
1783,200.0
1784,200.0
1785,200.0
1786,200.0
1787,200.0
1788,200.0
1789,198.0
1790,200.0
1791,200.0
1792,200.0
1793,200.0
1794,200.0
1795,200.0
1796,200.0
1797,200.0
1798,200.0
1799,199.0
1800,195.0
1801,200.0
1802,191.0
1803,200.0
1804,200.0
1805,200.0
1806,140.0
1807,200.0
1808,
1809,200.0
1810,200.0
1811,200.0
1812,200.0
1813,199.0
1814,200.0
1815,200.0
1816,196.0
1817,80.0
1818,200.0
1819,200.0
1820,199.0
1821,191.0
1822,200.0
1823,200.0
1824,70.0
1825,200.0
1826,50.0
1827,199.0
1828,200.0
1829,199.0
1830,200.0
1831,200.0
1832,200.0
1833,200.0
1834,199.0
1835,197.0
1836,194.0
1837,200.0
1838,198.0
1839,200.0
1840,199.0
1841,200.0
1842,200.0
1843,200.0
1844,80.0
1845,200.0
1846,199.0
1847,199.0
1848,200.0
1849,200.0
1850,200.0
1851,200.0
1852,200.0
1853,200.0
1854,200.0
1855,
1856,198.0
1857,192.0
1858,197.0
1859,199.0
1860,195.0
1861,
1862,197.0
1863,200.0
1864,200.0
1865,200.0
1866,200.0
1867,200.0
1868,200.0
1869,200.0
1870,20.0
1871,200.0
1872,200.0
1873,200.0
1874,200.0
1875,200.0
1876,198.0
1877,198.0
1878,200.0
1879,200.0
1880,200.0
1881,200.0
1882,200.0
1883,50.0
1884,200.0
1885,200.0
1886,199.0
1887,200.0
1888,190.0
1889,200.0
1890,200.0
1891,200.0
1892,200.0
1893,200.0
1894,200.0
1895,200.0
1896,200.0
1897,181.0
1898,200.0
1899,196.0
1900,200.0
1901,10.0
1902,196.0
1903,200.0
1904,199.0
1905,200.0
1906,200.0
1907,200.0
1908,200.0
1909,20.0
1910,200.0
1911,200.0
1912,196.0
1913,200.0
1914,200.0
1915,199.0
1916,200.0
1917,200.0
1918,200.0
1919,200.0
1920,200.0
1921,200.0
1922,199.0
1923,197.0
1924,194.0
1925,190.0
1926,186.0
1927,200.0
1928,200.0
1929,196.0
1930,200.0
1931,200.0
1932,196.0
1933,200.0
1934,196.0
1935,200.0
1936,200.0
1937,200.0
1938,199.0
1939,198.0
1940,200.0
1941,200.0
1942,200.0
1943,200.0
1944,110.0
1945,200.0
1946,200.0
1947,200.0
1948,200.0
1949,60.0
1950,197.0
1951,200.0
1952,200.0
1953,190.0
1954,181.0
1955,200.0
1956,200.0
1957,80.0
1958,200.0
1959,200.0
1960,200.0
1961,196.0
1962,200.0
1963,199.0
1964,200.0
1965,199.0
1966,200.0
1967,200.0
1968,200.0
1969,200.0
1970,198.0
1971,200.0
1972,197.0
1973,200.0
1974,198.0
1975,196.0
1976,200.0
1977,196.0
1978,200.0
1979,196.0
1980,148.0
1981,200.0
1982,196.0
1983,199.0
1984,200.0
1985,200.0
1986,200.0
1987,199.0
1988,190.0
1989,200.0
1990,85.0
1991,200.0
1992,200.0
1993,200.0
1994,196.0
1995,130.0
1996,
1997,200.0
1998,200.0
1999,200.0
2000,199.0
2001,196.0
2002,200.0
2003,200.0
2004,200.0
2005,200.0
2006,200.0
2007,199.0
2008,200.0
2009,196.0
2010,200.0
2011,200.0
2012,200.0
2013,200.0
2014,200.0
2015,200.0
2016,200.0
2017,200.0
2018,200.0
2019,199.0
2020,196.0
2021,199.0
2022,200.0
2023,200.0
2024,200.0
2025,200.0
2026,194.0
2027,200.0
2028,200.0
2029,193.0
2030,197.0
2031,200.0
2032,196.0
2033,200.0
2034,196.0
2035,200.0
2036,197.0
2037,111.0
2038,200.0
2039,200.0
2040,200.0
2041,200.0
2042,200.0
2043,200.0
2044,200.0
2045,195.0
2046,
2047,130.0
2048,198.0
2049,200.0
2050,198.0
2051,200.0
2052,160.0
2053,200.0
2054,90.0
2055,200.0
2056,196.0
2057,200.0
2058,200.0
2059,200.0
2060,199.0
2061,200.0
2062,200.0
2063,199.0
2064,183.0
2065,200.0
2066,199.0
2067,200.0
2068,200.0
2069,200.0
2070,199.0
2071,10.0
2072,196.0
2073,200.0
2074,184.0
2075,200.0
2076,197.0
2077,197.0
2078,200.0
2079,200.0
2080,200.0
2081,200.0
2082,200.0
2083,200.0
2084,182.0
2085,200.0
2086,200.0
2087,
2088,120.0
2089,200.0
2090,200.0
2091,199.0
2092,200.0
2093,200.0
2094,200.0
2095,190.0
2096,200.0
2097,198.0
2098,200.0
2099,130.0
2100,200.0
2101,199.0
2102,200.0
2103,200.0
2104,200.0
2105,200.0
2106,172.0
2107,199.0
2108,196.0
2109,200.0
2110,200.0
2111,196.0
2112,200.0
2113,200.0
2114,200.0
2115,170.0
2116,200.0
2117,200.0
2118,
2119,200.0
2120,200.0
2121,196.0
2122,200.0
2123,199.0
2124,200.0
2125,200.0
2126,200.0
2127,200.0
2128,200.0
2129,200.0
2130,200.0
2131,200.0
2132,200.0
2133,200.0
2134,200.0
2135,199.0
2136,193.0
2137,200.0
2138,199.0
2139,196.0
2140,200.0
2141,200.0
2142,200.0
2143,200.0
2144,200.0
2145,200.0
2146,199.0
2147,200.0
2148,200.0
2149,200.0
2150,199.0
2151,200.0
2152,200.0
2153,200.0
2154,197.0
2155,199.0
2156,199.0
2157,200.0
2158,
2159,199.0
2160,200.0
2161,200.0
2162,200.0
2163,200.0
2164,196.0
2165,200.0
2166,200.0
2167,200.0
2168,200.0
2169,20.0
2170,199.0
2171,200.0
2172,200.0
2173,200.0
2174,200.0
2175,200.0
2176,200.0
2177,200.0
2178,196.0
2179,200.0
2180,200.0
2181,200.0
2182,200.0
2183,199.0
2184,200.0
2185,70.0
2186,196.0
2187,196.0
2188,200.0
2189,200.0
2190,200.0
2191,149.0
2192,199.0
2193,196.0
2194,200.0
2195,200.0
2196,200.0
2197,187.0
2198,200.0
2199,195.0
2200,199.0
2201,38.0
2202,198.0
2203,188.0
2204,70.0
2205,100.0
2206,200.0
2207,195.0
2208,100.0
2209,200.0
2210,200.0
2211,
2212,196.0
2213,126.0
2214,200.0
2215,199.0
2216,
2217,198.0
2218,200.0
2219,200.0
2220,191.0
2221,200.0
2222,200.0
2223,199.0
2224,200.0
2225,199.0
2226,30.0
2227,200.0
2228,200.0
2229,198.0
2230,200.0
2231,30.0
2232,200.0
2233,197.0
2234,
2235,200.0
2236,200.0
2237,200.0
2238,200.0
2239,200.0
2240,80.0
2241,190.0
2242,200.0
2243,200.0
2244,200.0
2245,200.0
2246,200.0
2247,200.0
2248,200.0
2249,200.0
2250,199.0
2251,200.0
2252,169.0
2253,198.0
2254,200.0
2255,199.0
2256,200.0
2257,
2258,200.0
2259,196.0
2260,200.0
2261,30.0
2262,195.0
2263,200.0
2264,200.0
2265,200.0
2266,200.0
2267,187.0
2268,200.0
2269,200.0
2270,200.0
2271,200.0
2272,195.0
2273,200.0
2274,200.0
2275,200.0
2276,199.0
2277,200.0
2278,200.0
2279,200.0
2280,200.0
2281,200.0
2282,200.0
2283,10.0
2284,200.0
2285,200.0
2286,200.0
2287,200.0
2288,200.0
2289,30.0
2290,200.0
2291,197.0
2292,199.0
2293,193.0
2294,200.0
2295,30.0
2296,200.0
2297,200.0
2298,199.0
2299,196.0
2300,200.0
2301,200.0
2302,200.0
2303,
2304,197.0
2305,200.0
2306,200.0
2307,200.0
2308,189.0
2309,200.0
2310,200.0
2311,200.0
2312,200.0
2313,200.0
2314,194.0
2315,
2316,200.0
2317,80.0
2318,200.0
2319,200.0
2320,200.0
2321,200.0
2322,200.0
2323,199.0
2324,197.0
2325,200.0
2326,179.0
2327,200.0
2328,200.0
2329,198.0
2330,200.0
2331,200.0
2332,200.0
2333,200.0
2334,110.0
2335,196.0
2336,199.0
2337,200.0
2338,200.0
2339,197.0
2340,200.0
2341,200.0
2342,200.0
2343,200.0
2344,200.0
2345,200.0
2346,200.0
2347,200.0
2348,199.0
2349,200.0
2350,159.0
2351,200.0
2352,200.0
2353,199.0
2354,200.0
2355,200.0
2356,200.0
2357,10.0
2358,158.0
2359,191.0
2360,196.0
2361,200.0
2362,200.0
2363,200.0
2364,199.0
2365,10.0
2366,200.0
2367,196.0
2368,199.0
2369,200.0
2370,199.0
2371,200.0
2372,200.0
2373,200.0
2374,200.0
2375,200.0
2376,200.0
2377,200.0
2378,
2379,200.0
2380,200.0
2381,193.0
2382,198.0
2383,200.0
2384,200.0
2385,200.0
2386,
2387,200.0
2388,200.0
2389,199.0
2390,200.0
2391,199.0
2392,40.0
2393,200.0
2394,200.0
2395,65.0
2396,200.0
2397,200.0
2398,200.0
2399,196.0
2400,199.0
2401,200.0
2402,199.0
2403,200.0
2404,198.0
2405,200.0
2406,200.0
2407,200.0
2408,199.0
2409,200.0
2410,10.0
2411,199.0
2412,200.0
2413,200.0
2414,200.0
2415,200.0
2416,200.0
2417,200.0
2418,198.0
2419,200.0
2420,200.0
2421,200.0
2422,196.0
2423,197.0
2424,200.0
2425,200.0
2426,198.0
2427,200.0
2428,200.0
2429,200.0
2430,200.0
2431,199.0
2432,200.0
2433,200.0
2434,200.0
2435,152.0
2436,200.0
2437,200.0
2438,198.0
2439,196.0
2440,200.0
2441,200.0
2442,200.0
2443,199.0
2444,80.0
2445,200.0
2446,200.0
2447,200.0
2448,200.0
2449,200.0
2450,200.0
2451,200.0
2452,199.0
2453,200.0
2454,196.0
2455,168.0
2456,200.0
2457,188.0
2458,200.0
2459,20.0
2460,200.0
2461,198.0
2462,200.0
2463,200.0
2464,199.0
2465,199.0
2466,199.0
2467,200.0
2468,187.0
2469,200.0
2470,200.0
2471,
2472,200.0
2473,200.0
2474,196.0
2475,200.0
2476,200.0
2477,200.0
2478,160.0
2479,180.0
2480,199.0
2481,200.0
2482,200.0
2483,200.0
2484,200.0
2485,200.0
2486,200.0
2487,150.0
2488,200.0
2489,94.0
2490,200.0
2491,200.0
2492,200.0
2493,198.0
2494,196.0
2495,200.0
2496,200.0
2497,
2498,198.0
2499,200.0
2500,200.0
2501,200.0
2502,199.0
2503,200.0
2504,199.0
2505,199.0
2506,200.0
2507,200.0
2508,200.0
2509,200.0
2510,200.0
2511,200.0
2512,200.0
2513,200.0
2514,200.0
2515,200.0
2516,196.0
2517,200.0
2518,199.0
2519,70.0
2520,200.0
2521,199.0
2522,200.0
2523,200.0
2524,185.0
2525,60.0
2526,200.0
2527,119.0
2528,200.0
2529,140.0
2530,40.0
2531,199.0
2532,200.0
2533,130.0
2534,200.0
2535,200.0
2536,200.0
2537,200.0
2538,120.0
2539,197.0
2540,200.0
2541,190.0
2542,200.0
2543,200.0
2544,20.0
2545,200.0
2546,200.0
2547,65.0
2548,200.0
2549,200.0
2550,200.0
2551,200.0
2552,200.0
2553,200.0
2554,200.0
2555,199.0
2556,200.0
2557,198.0
2558,198.0
2559,194.0
2560,200.0
2561,107.0
2562,198.0
2563,20.0
2564,200.0
2565,117.0
2566,199.0
2567,200.0
2568,
2569,199.0
2570,200.0
2571,196.0
2572,200.0
2573,200.0
2574,200.0
2575,200.0
2576,200.0
2577,200.0
2578,199.0
2579,68.0
2580,195.0
2581,200.0
2582,199.0
2583,200.0
2584,200.0
2585,200.0
2586,200.0
2587,197.0
2588,200.0
2589,50.0
2590,200.0
2591,200.0
2592,200.0
2593,200.0
2594,199.0
2595,199.0
2596,
2597,200.0
2598,200.0
2599,200.0
2600,19.0
2601,200.0
2602,200.0
2603,200.0
2604,200.0
2605,200.0
2606,200.0
2607,200.0
2608,200.0
2609,200.0
2610,196.0
2611,200.0
2612,195.0
2613,200.0
2614,200.0
2615,200.0
2616,200.0
2617,200.0
2618,200.0
2619,200.0
2620,200.0
2621,199.0
2622,200.0
2623,50.0
2624,80.0
2625,197.0
2626,200.0
2627,200.0
2628,200.0
2629,197.0
2630,200.0
2631,200.0
2632,200.0
2633,80.0
2634,199.0
2635,200.0
2636,200.0
2637,200.0
2638,199.0
2639,200.0
2640,200.0
2641,200.0
2642,200.0
2643,200.0
2644,200.0
2645,200.0
2646,200.0
2647,200.0
2648,199.0
2649,199.0
2650,148.0
2651,200.0
2652,200.0
2653,200.0
2654,197.0
2655,200.0
2656,199.0
2657,191.0
2658,200.0
2659,200.0
2660,200.0
2661,199.0
2662,200.0
2663,200.0
2664,199.0
2665,200.0
2666,185.0
2667,200.0
2668,200.0
2669,200.0
2670,200.0
2671,200.0
2672,200.0
2673,200.0
2674,200.0
2675,200.0
2676,199.0
2677,200.0
2678,200.0
2679,130.0
2680,199.0
2681,200.0
2682,200.0
2683,200.0
2684,200.0
2685,200.0
2686,200.0
2687,200.0
2688,199.0
2689,200.0
2690,200.0
2691,199.0
2692,199.0
2693,
2694,200.0
2695,197.0
2696,197.0
2697,78.0
2698,200.0
2699,200.0
2700,200.0
2701,200.0
2702,200.0
2703,200.0
2704,188.0
2705,200.0
2706,200.0
2707,200.0
2708,200.0
2709,200.0
2710,196.0
2711,200.0
2712,200.0
2713,200.0
2714,160.0
2715,198.0
2716,200.0
2717,197.0
2718,30.0
2719,78.0
2720,200.0
2721,199.0
2722,200.0
2723,200.0
2724,140.0
2725,200.0
2726,200.0
2727,200.0
2728,200.0
2729,198.0
2730,110.0
2731,196.0
2732,200.0
2733,200.0
2734,200.0
2735,199.0
2736,200.0
2737,200.0
2738,198.0
2739,196.0
2740,200.0
2741,200.0
2742,200.0
2743,200.0
2744,200.0
2745,200.0
2746,200.0
2747,40.0
2748,200.0
2749,200.0
2750,111.0
2751,197.0
2752,90.0
2753,192.0
2754,199.0
2755,200.0
2756,199.0
2757,200.0
2758,200.0
2759,199.0
2760,200.0
2761,200.0
2762,75.0
2763,199.0
2764,200.0
2765,200.0
2766,198.0
2767,199.0
2768,200.0
2769,198.0
2770,200.0
2771,189.0
2772,200.0
2773,200.0
2774,200.0
2775,200.0
2776,193.0
2777,200.0
2778,200.0
2779,200.0
2780,200.0
2781,193.0
2782,191.0
2783,200.0
2784,200.0
2785,200.0
2786,200.0
2787,200.0
2788,200.0
2789,200.0
2790,200.0
2791,196.0
2792,200.0
2793,88.0
2794,200.0
2795,200.0
2796,199.0
2797,200.0
2798,199.0
2799,200.0
2800,200.0
2801,198.0
2802,10.0
2803,200.0
2804,196.0
2805,200.0
2806,200.0
2807,196.0
2808,200.0
2809,120.0
2810,199.0
2811,194.0
2812,197.0
2813,200.0
2814,200.0
2815,200.0
2816,200.0
2817,200.0
2818,200.0
2819,200.0
2820,90.0
2821,200.0
2822,199.0
2823,10.0
2824,200.0
2825,200.0
2826,200.0
2827,200.0
2828,200.0
2829,200.0
2830,200.0
2831,199.0
2832,200.0
2833,199.0
2834,75.0
2835,199.0
2836,196.0
2837,200.0
2838,197.0
2839,200.0
2840,19.0
2841,200.0
2842,200.0
2843,150.0
2844,198.0
2845,200.0
2846,200.0
2847,198.0
2848,200.0
2849,200.0
2850,200.0
2851,200.0
2852,200.0
2853,199.0
2854,200.0
2855,200.0
2856,200.0
2857,199.0
2858,200.0
2859,200.0
2860,198.0
2861,200.0
2862,200.0
2863,200.0
2864,70.0
2865,200.0
2866,200.0
2867,200.0
2868,10.0
2869,200.0
2870,199.0
2871,197.0
2872,195.0
2873,110.0
2874,196.0
2875,199.0
2876,200.0
2877,200.0
2878,200.0
2879,80.0
2880,200.0
2881,197.0
2882,186.0
2883,200.0
2884,200.0
2885,200.0
2886,200.0
2887,200.0
2888,200.0
2889,200.0
2890,200.0
2891,197.0
2892,200.0
2893,198.0
2894,40.0
2895,194.0
2896,200.0
2897,200.0
2898,100.0
2899,60.0
2900,200.0
2901,200.0
2902,200.0
2903,200.0
2904,200.0
2905,196.0
2906,199.0
2907,199.0
2908,189.0
2909,30.0
2910,200.0
2911,60.0
2912,10.0
2913,196.0
2914,20.0
2915,200.0
2916,200.0
2917,137.0
2918,200.0
2919,200.0
2920,200.0
2921,200.0
2922,199.0
2923,200.0
2924,200.0
2925,200.0
2926,200.0
2927,200.0
2928,200.0
2929,200.0
2930,30.0
2931,200.0
2932,200.0
2933,200.0
2934,200.0
2935,196.0
2936,200.0
2937,199.0
2938,200.0
2939,200.0
2940,200.0
2941,200.0
2942,60.0
2943,200.0
2944,200.0
2945,200.0
2946,130.0
2947,130.0
2948,200.0
2949,200.0
2950,
2951,200.0
2952,198.0
2953,200.0
2954,200.0
2955,200.0
2956,198.0
2957,200.0
2958,70.0
2959,200.0
2960,200.0
2961,200.0
2962,200.0
2963,200.0
2964,200.0
2965,196.0
2966,200.0
2967,196.0
2968,200.0
2969,200.0
2970,200.0
2971,200.0
2972,199.0
2973,200.0
2974,200.0
2975,200.0
2976,139.0
2977,200.0
2978,200.0
2979,196.0
2980,198.0
2981,200.0
2982,140.0
2983,200.0
2984,50.0
2985,200.0
2986,110.0
2987,200.0
2988,200.0
2989,200.0
2990,200.0
2991,200.0
2992,199.0
2993,200.0
2994,200.0
2995,110.0
2996,200.0
2997,200.0
2998,199.0
2999,
3000,200.0
3001,200.0
3002,200.0
3003,50.0
3004,200.0
3005,200.0
3006,200.0
3007,20.0
3008,50.0
3009,20.0
3010,200.0
3011,160.0
3012,200.0
3013,196.0
3014,190.0
3015,200.0
3016,199.0
3017,199.0
3018,199.0
3019,200.0
3020,200.0
3021,200.0
3022,80.0
3023,200.0
3024,200.0
3025,110.0
3026,198.0
3027,200.0
3028,200.0
3029,200.0
3030,20.0
3031,110.0
3032,200.0
3033,200.0
3034,190.0
3035,197.0
3036,200.0
3037,200.0
3038,75.0
3039,199.0
3040,200.0
3041,200.0
3042,200.0
3043,120.0
3044,200.0
3045,200.0
3046,10.0
3047,200.0
3048,200.0
3049,196.0
3050,70.0
3051,200.0
3052,200.0
3053,30.0
3054,200.0
3055,100.0
3056,200.0
3057,196.0
3058,200.0
3059,200.0
3060,200.0
3061,200.0
3062,200.0
3063,196.0
3064,199.0
3065,198.0
3066,80.0
3067,199.0
3068,200.0
3069,200.0
3070,200.0
3071,200.0
3072,200.0
3073,200.0
3074,199.0
3075,200.0
3076,160.0
3077,200.0
3078,200.0
3079,200.0
3080,200.0
3081,200.0
3082,20.0
3083,196.0
3084,200.0
3085,90.0
3086,119.0
3087,
3088,196.0
3089,198.0
3090,199.0
3091,200.0
3092,200.0
3093,198.0
3094,200.0
3095,200.0
3096,194.0
3097,200.0
3098,200.0
3099,199.0
3100,200.0
3101,200.0
3102,199.0
3103,198.0
3104,196.0
3105,200.0
3106,200.0
3107,199.0
3108,199.0
3109,200.0
3110,200.0
3111,200.0
3112,200.0
3113,199.0
3114,196.0
3115,200.0
3116,30.0
3117,196.0
3118,200.0
3119,200.0
3120,199.0
3121,199.0
3122,200.0
3123,199.0
3124,200.0
3125,200.0
3126,200.0
3127,200.0
3128,60.0
3129,200.0
3130,199.0
3131,200.0
3132,
3133,37.0
3134,150.0
3135,200.0
3136,200.0
3137,200.0
3138,200.0
3139,60.0
3140,200.0
3141,200.0
3142,200.0
3143,30.0
3144,200.0
3145,200.0
3146,199.0
3147,200.0
3148,198.0
3149,200.0
3150,200.0
3151,200.0
3152,196.0
3153,200.0
3154,199.0
3155,200.0
3156,200.0
3157,200.0
3158,200.0
3159,181.0
3160,200.0
3161,200.0
3162,200.0
3163,200.0
3164,200.0
3165,191.0
3166,200.0
3167,200.0
3168,200.0
3169,200.0
3170,199.0
3171,200.0
3172,200.0
3173,200.0
3174,200.0
3175,
3176,200.0
3177,200.0
3178,200.0
3179,200.0
3180,184.0
3181,30.0
3182,197.0
3183,200.0
3184,200.0
3185,200.0
3186,200.0
3187,198.0
3188,200.0
3189,200.0
3190,198.0
3191,199.0
3192,200.0
3193,200.0
3194,110.0
3195,200.0
3196,200.0
3197,200.0
3198,200.0
3199,200.0
3200,200.0
3201,200.0
3202,200.0
3203,200.0
3204,50.0
3205,198.0
3206,200.0
3207,200.0
3208,170.0
3209,199.0
3210,199.0
3211,200.0
3212,75.0
3213,200.0
3214,200.0
3215,200.0
3216,200.0
3217,200.0
3218,200.0
3219,200.0
3220,197.0
3221,198.0
3222,200.0
3223,50.0
3224,200.0
3225,200.0
3226,150.0
3227,200.0
3228,200.0
3229,200.0
3230,200.0
3231,200.0
3232,199.0
3233,200.0
3234,199.0
3235,200.0
3236,200.0
3237,200.0
3238,200.0
3239,193.0
3240,200.0
3241,200.0
3242,200.0
3243,196.0
3244,200.0
3245,197.0
3246,200.0
3247,198.0
3248,200.0
3249,139.0
3250,200.0
3251,189.0
3252,200.0
3253,186.0
3254,196.0
3255,196.0
3256,170.0
3257,198.0
3258,200.0
3259,200.0
3260,181.0
3261,199.0
3262,150.0
3263,200.0
3264,200.0
3265,200.0
3266,200.0
3267,40.0
3268,199.0
3269,200.0
3270,200.0
3271,200.0
3272,200.0
3273,200.0
3274,200.0
3275,200.0
3276,130.0
3277,199.0
3278,200.0
3279,200.0
3280,200.0
3281,60.0
3282,75.0
3283,200.0
3284,200.0
3285,200.0
3286,200.0
3287,
3288,128.0
3289,80.0
3290,200.0
3291,200.0
3292,200.0
3293,200.0
3294,200.0
3295,200.0
3296,200.0
3297,198.0
3298,100.0
3299,200.0
3300,199.0
3301,199.0
3302,200.0
3303,199.0
3304,200.0
3305,200.0
3306,196.0
3307,200.0
3308,191.0
3309,130.0
3310,80.0
3311,199.0
3312,20.0
3313,200.0
3314,200.0
3315,199.0
3316,200.0
3317,200.0
3318,200.0
3319,200.0
3320,196.0
3321,199.0
3322,50.0
3323,196.0
3324,200.0
3325,200.0
3326,200.0
3327,200.0
3328,200.0
3329,200.0
3330,70.0
3331,200.0
3332,196.0
3333,200.0
3334,200.0
3335,200.0
3336,200.0
3337,200.0
3338,200.0
3339,199.0
