0,1.0
1,19.0
2,
3,24.0
4,8.0
5,2.0
6,64.0
7,4.0
8,2.0
9,
10,
11,
12,37.0
13,22.0
14,1.0
15,5.0
16,5.0
17,14.0
18,25.0
19,79.0
20,19.0
21,5.0
22,43.0
23,23.0
24,6.0
25,36.0
26,24.0
27,31.0
28,9.0
29,19.0
30,26.0
31,1.0
32,8.0
33,2.0
34,4.0
35,79.0
36,4.0
37,155.0
38,1.0
39,1.0
40,1.0
41,170.0
42,10.0
43,3.0
44,11.0
45,170.0
46,2.0
47,31.0
48,11.0
49,6.0
50,44.0
51,5.0
52,1.0
53,63.0
54,38.0
55,
56,
57,8.0
58,4.0
59,21.0
60,7.0
61,3.0
62,
63,
64,1.0
65,22.0
66,13.0
67,3.0
68,2.0
69,63.0
70,23.0
71,9.0
72,7.0
73,303.0
74,
75,1.0
76,5.0
77,9.0
78,10.0
79,1.0
80,33.0
81,
82,9.0
83,
84,11.0
85,111.0
86,5.0
87,10.0
88,1.0
89,
90,21.0
91,3.0
92,19.0
93,58.0
94,
95,159.0
96,9.0
97,79.0
98,34.0
99,4.0
100,
101,5.0
102,2.0
103,
104,8.0
105,1.0
106,4.0
107,64.0
108,4.0
109,44.0
110,155.0
111,2.0
112,8.0
113,32.0
114,8.0
115,32.0
116,3.0
117,25.0
118,79.0
119,43.0
120,
121,21.0
122,21.0
123,33.0
124,1.0
125,11.0
126,25.0
127,1.0
128,3.0
129,
130,2.0
131,111.0
132,1.0
133,18.0
134,111.0
135,19.0
136,36.0
137,111.0
138,47.0
139,7.0
140,46.0
141,7.0
142,16.0
143,3.0
144,2.0
145,22.0
146,537.0
147,5.0
148,
149,45.0
150,2.0
151,3.0
152,1.0
153,3.0
154,3.0
155,10.0
156,12.0
157,
158,8.0
159,43.0
160,64.0
161,2.0
162,145.0
163,2.0
164,15.0
165,4.0
166,
167,33.0
168,
169,79.0
170,15.0
171,3.0
172,58.0
173,2.0
174,62.0
175,12.0
176,16.0
177,1.0
178,19.0
179,148.0
180,19.0
181,2.0
182,1.0
183,4.0
184,195.0
185,2.0
186,97.0
187,32.0
188,11.0
189,
190,12.0
191,4.0
192,10.0
193,
194,11.0
195,4.0
196,1.0
197,79.0
198,2.0
199,12.0
200,14.0
201,11.0
202,58.0
203,15.0
204,118.0
205,8.0
206,26.0
207,
208,13.0
209,47.0
210,
211,3.0
212,
213,79.0
214,3.0
215,45.0
216,111.0
217,1.0
218,27.0
219,493.0
220,
221,4.0
222,26.0
223,3.0
224,6.0
225,18.0
226,186.0
227,90.0
228,26.0
229,4.0
230,3.0
231,21.0
232,44.0
233,155.0
234,1.0
235,34.0
236,7.0
237,50.0
238,2.0
239,9.0
240,12.0
241,3.0
242,3.0
243,17.0
244,86.0
245,31.0
246,
247,1.0
248,11.0
249,23.0
250,
251,
252,1.0
253,5.0
254,26.0
255,32.0
256,22.0
257,
258,2.0
259,44.0
260,16.0
261,8.0
262,1.0
263,6.0
264,44.0
265,4.0
266,4.0
267,
268,493.0
269,
270,
271,
272,9.0
273,9.0
274,111.0
275,
276,31.0
277,
278,3.0
279,1.0
280,
281,
282,3.0
283,3.0
284,7.0
285,4.0
286,1.0
287,3.0
288,8.0
289,50.0
290,
291,3.0
292,118.0
293,5.0
294,17.0
295,10.0
296,9.0
297,73.0
298,14.0
299,41.0
300,9.0
301,24.0
302,40.0
303,5.0
304,1.0
305,
306,57.0
307,23.0
308,
309,111.0
310,43.0
311,1.0
312,2.0
313,1.0
314,5.0
315,4.0
316,21.0
317,9.0
318,1.0
319,7.0
320,303.0
321,493.0
322,16.0
323,4.0
324,111.0
325,
326,1.0
327,79.0
328,1.0
329,13.0
330,1.0
331,
332,79.0
333,1.0
334,13.0
335,4.0
336,2.0
337,36.0
338,43.0
339,3.0
340,4.0
341,19.0
342,2.0
343,5.0
344,10.0
345,5.0
346,58.0
347,
348,56.0
349,1.0
350,6.0
351,36.0
352,
353,3.0
354,
355,
356,4.0
357,44.0
358,3.0
359,13.0
360,58.0
361,4.0
362,18.0
363,6.0
364,
365,
366,21.0
367,2.0
368,12.0
369,2.0
370,7.0
371,3.0
372,1.0
373,16.0
374,13.0
375,22.0
376,21.0
377,79.0
378,36.0
379,45.0
380,125.0
381,258.0
382,4.0
383,
384,10.0
385,111.0
386,7.0
387,148.0
388,14.0
389,
390,
391,
392,10.0
393,4.0
394,32.0
395,58.0
396,1.0
397,4.0
398,4.0
399,19.0
400,18.0
401,23.0
402,7.0
403,
404,
405,15.0
406,
407,
408,5.0
409,44.0
410,5.0
411,323.0
412,6.0
413,13.0
414,8.0
415,1.0
416,58.0
417,79.0
418,3.0
419,1.0
420,1.0
421,
422,
423,
424,
425,1.0
426,4.0
427,2.0
428,90.0
429,2.0
430,21.0
431,6.0
432,1.0
433,2.0
434,3.0
435,63.0
436,5.0
437,3.0
438,21.0
439,10.0
440,1.0
441,27.0
442,159.0
443,493.0
444,23.0
445,43.0
446,36.0
447,23.0
448,44.0
449,
450,5.0
451,3.0
452,2.0
453,15.0
454,111.0
455,323.0
456,8.0
457,
458,4.0
459,1.0
460,
461,79.0
462,111.0
463,
464,12.0
465,3.0
466,11.0
467,1.0
468,17.0
469,8.0
470,16.0
471,1.0
472,11.0
473,3.0
474,34.0
475,1.0
476,
477,21.0
478,3.0
479,2.0
480,
481,118.0
482,74.0
483,22.0
484,3.0
485,170.0
486,34.0
487,8.0
488,4.0
489,5.0
490,9.0
491,90.0
492,2.0
493,
494,90.0
495,15.0
496,3.0
497,9.0
498,40.0
499,1.0
500,21.0
501,2.0
502,1.0
503,24.0
504,5.0
505,44.0
506,7.0
507,2.0
508,1.0
509,3.0
510,2.0
511,
512,1.0
513,2.0
514,2.0
515,2.0
516,20.0
517,1.0
518,8.0
519,2.0
520,1.0
521,3.0
522,8.0
523,44.0
524,15.0
525,155.0
526,36.0
527,
528,6.0
529,10.0
530,3.0
531,
532,4.0
533,3.0
534,43.0
535,
536,125.0
537,258.0
538,4.0
539,66.0
540,1.0
541,3.0
542,
543,
544,
545,4.0
546,1.0
547,1.0
548,16.0
549,28.0
550,13.0
551,27.0
552,3.0
553,58.0
554,3.0
555,12.0
556,4.0
557,1.0
558,46.0
559,2.0
560,78.0
561,2.0
562,5.0
563,258.0
564,3.0
565,
566,9.0
567,3.0
568,19.0
569,
570,1.0
571,1.0
572,
573,
574,3.0
575,
576,2.0
577,64.0
578,148.0
579,493.0
580,21.0
581,14.0
582,3.0
583,21.0
584,79.0
585,76.0
586,
587,
588,
589,7.0
590,
591,1.0
592,58.0
593,31.0
594,2.0
595,8.0
596,4.0
597,
598,90.0
599,91.0
600,148.0
601,
602,13.0
603,3.0
604,68.0
605,
606,90.0
607,34.0
608,1.0
609,
610,10.0
611,323.0
612,42.0
613,3.0
614,1.0
615,36.0
616,18.0
617,11.0
618,31.0
619,43.0
620,1.0
621,29.0
622,
623,3.0
624,2.0
625,14.0
626,155.0
627,1.0
628,
629,
630,43.0
631,9.0
632,5.0
633,
634,
635,6.0
636,4.0
637,
638,56.0
639,
640,258.0
641,79.0
642,34.0
643,1.0
644,34.0
645,148.0
646,60.0
647,46.0
648,
649,32.0
650,
651,3.0
652,35.0
653,1.0
654,9.0
655,21.0
656,22.0
657,3.0
658,56.0
659,
660,
661,111.0
662,10.0
663,
664,8.0
665,
666,2.0
667,1.0
668,7.0
669,58.0
670,10.0
671,170.0
672,
673,58.0
674,10.0
675,
676,42.0
677,1.0
678,8.0
679,5.0
680,1.0
681,8.0
682,
683,4.0
684,6.0
685,493.0
686,44.0
687,159.0
688,27.0
689,3.0
690,155.0
691,6.0
692,10.0
693,
694,32.0
695,7.0
696,20.0
697,2.0
698,23.0
699,11.0
700,43.0
701,6.0
702,
703,
704,3.0
705,3.0
706,4.0
707,86.0
708,1.0
709,10.0
710,63.0
711,3.0
712,
713,
714,43.0
715,10.0
716,2.0
717,9.0
718,
719,10.0
720,155.0
721,65.0
722,16.0
723,
724,24.0
725,
726,
727,46.0
728,
729,5.0
730,12.0
731,20.0
732,
733,
734,15.0
735,
736,1.0
737,9.0
738,3.0
739,
740,19.0
741,64.0
742,
743,13.0
744,18.0
745,2.0
746,
747,16.0
748,28.0
749,79.0
750,36.0
751,2.0
752,1.0
753,537.0
754,
755,7.0
756,
757,37.0
758,19.0
759,19.0
760,4.0
761,
762,16.0
763,6.0
764,
765,
766,303.0
767,97.0
768,40.0
769,155.0
770,
771,10.0
772,35.0
773,29.0
774,111.0
775,
776,3.0
777,17.0
778,2.0
779,2.0
780,10.0
781,24.0
782,62.0
783,9.0
784,58.0
785,33.0
786,21.0
787,11.0
788,16.0
789,
790,1.0
791,16.0
792,13.0
793,74.0
794,
795,24.0
796,32.0
797,33.0
798,
799,90.0
800,65.0
801,16.0
802,25.0
803,23.0
804,9.0
805,
806,6.0
807,25.0
808,
809,1.0
810,56.0
811,3.0
812,9.0
813,2.0
814,43.0
815,63.0
816,58.0
817,76.0
818,32.0
819,
820,9.0
821,125.0
822,38.0
823,
824,1.0
825,11.0
826,10.0
827,86.0
828,90.0
829,6.0
830,1.0
831,21.0
832,1.0
833,79.0
834,58.0
835,2.0
836,
837,36.0
838,32.0
839,13.0
840,21.0
841,1.0
842,64.0
843,
844,2.0
845,
846,3.0
847,9.0
848,3.0
849,2.0
850,1.0
851,13.0
852,45.0
853,15.0
854,37.0
855,
856,24.0
857,111.0
858,
859,12.0
860,6.0
861,195.0
862,
863,
864,23.0
865,3.0
866,5.0
867,1.0
868,
869,
870,5.0
871,3.0
872,
873,3.0
874,145.0
875,43.0
876,36.0
877,8.0
878,2.0
879,7.0
880,323.0
881,
882,3.0
883,
884,7.0
885,14.0
886,33.0
887,74.0
888,45.0
889,3.0
890,90.0
891,60.0
892,58.0
893,1.0
894,13.0
895,2.0
896,11.0
897,46.0
898,9.0
899,
900,1.0
901,3.0
902,1.0
903,8.0
904,8.0
905,493.0
906,
907,90.0
908,74.0
909,1.0
910,90.0
911,6.0
912,125.0
913,6.0
914,76.0
915,11.0
916,1.0
917,
918,155.0
919,8.0
920,493.0
921,
922,17.0
923,
924,
925,
926,3.0
927,4.0
928,493.0
929,1.0
930,44.0
931,41.0
932,111.0
933,17.0
934,10.0
935,493.0
936,2.0
937,3.0
938,27.0
939,2.0
940,7.0
941,
942,
943,44.0
944,4.0
945,
946,2.0
947,1.0
948,17.0
949,23.0
950,90.0
951,78.0
952,12.0
953,10.0
954,9.0
955,78.0
956,3.0
957,97.0
958,56.0
959,12.0
960,1.0
961,4.0
962,111.0
963,3.0
964,13.0
965,25.0
966,
967,79.0
968,4.0
969,37.0
970,15.0
971,1.0
972,1.0
973,34.0
974,111.0
975,3.0
976,8.0
977,5.0
978,31.0
979,15.0
980,
981,6.0
982,6.0
983,97.0
984,32.0
985,12.0
986,8.0
987,27.0
988,42.0
989,13.0
990,44.0
991,
992,2.0
993,9.0
994,
995,1.0
996,170.0
997,9.0
998,3.0
999,118.0
1000,24.0
1001,1.0
1002,20.0
1003,44.0
1004,1.0
1005,
1006,79.0
1007,2.0
1008,6.0
1009,
1010,3.0
1011,90.0
1012,13.0
1013,2.0
1014,22.0
1015,
1016,2.0
1017,12.0
1018,6.0
1019,3.0
1020,8.0
1021,4.0
1022,2.0
1023,57.0
1024,3.0
1025,4.0
1026,1.0
1027,6.0
1028,3.0
1029,8.0
1030,11.0
1031,18.0
1032,
1033,78.0
1034,62.0
1035,3.0
1036,
1037,
1038,25.0
1039,12.0
1040,10.0
1041,34.0
1042,
1043,7.0
1044,36.0
1045,86.0
1046,1.0
1047,1.0
1048,5.0
1049,2.0
1050,13.0
1051,4.0
1052,13.0
1053,16.0
1054,73.0
1055,
1056,2.0
1057,249.0
1058,8.0
1059,
1060,3.0
1061,
1062,4.0
1063,15.0
1064,
1065,1.0
1066,
1067,6.0
1068,79.0
1069,4.0
1070,155.0
1071,36.0
1072,79.0
1073,19.0
1074,12.0
1075,11.0
1076,12.0
1077,5.0
1078,3.0
1079,22.0
1080,1.0
1081,14.0
1082,3.0
1083,18.0
1084,90.0
1085,1.0
1086,1.0
1087,258.0
1088,2.0
1089,79.0
1090,27.0
1091,21.0
1092,2.0
1093,2.0
1094,22.0
1095,1.0
1096,21.0
1097,537.0
1098,38.0
1099,4.0
1100,66.0
1101,8.0
1102,6.0
1103,79.0
1104,6.0
1105,
1106,493.0
1107,9.0
1108,88.0
1109,2.0
1110,59.0
1111,6.0
1112,3.0
1113,50.0
1114,28.0
1115,26.0
1116,79.0
1117,1.0
1118,1.0
1119,303.0
1120,2.0
1121,2.0
1122,44.0
1123,2.0
1124,24.0
1125,33.0
1126,
1127,303.0
1128,6.0
1129,79.0
1130,43.0
1131,43.0
1132,23.0
1133,1.0
1134,2.0
1135,13.0
1136,5.0
1137,4.0
1138,43.0
1139,16.0
1140,1.0
1141,1.0
1142,
1143,31.0
1144,6.0
1145,6.0
1146,4.0
1147,17.0
1148,14.0
1149,4.0
1150,7.0
1151,1.0
1152,493.0
1153,21.0
1154,27.0
1155,36.0
1156,
1157,23.0
1158,
1159,2.0
1160,1.0
1161,6.0
1162,73.0
1163,2.0
1164,36.0
1165,2.0
1166,1.0
1167,1.0
1168,1.0
1169,
1170,4.0
1171,8.0
1172,1.0
1173,22.0
1174,4.0
1175,35.0
1176,10.0
1177,37.0
1178,29.0
1179,2.0
1180,15.0
1181,27.0
1182,64.0
1183,4.0
1184,33.0
1185,1.0
1186,
1187,5.0
1188,
1189,170.0
1190,3.0
1191,16.0
1192,7.0
1193,25.0
1194,3.0
1195,
1196,1.0
1197,58.0
1198,58.0
1199,11.0
1200,11.0
1201,2.0
1202,13.0
1203,11.0
1204,111.0
1205,43.0
1206,3.0
1207,8.0
1208,
1209,62.0
1210,91.0
1211,6.0
1212,59.0
1213,10.0
1214,
1215,5.0
1216,41.0
1217,21.0
1218,13.0
1219,23.0
1220,36.0
1221,2.0
1222,170.0
1223,31.0
1224,
1225,79.0
1226,32.0
1227,
1228,8.0
1229,1.0
1230,8.0
1231,36.0
1232,4.0
1233,
1234,17.0
1235,16.0
1236,
1237,6.0
1238,
1239,32.0
1240,
1241,2.0
1242,
1243,2.0
1244,
1245,97.0
1246,39.0
1247,10.0
1248,44.0
1249,170.0
1250,
1251,6.0
1252,3.0
1253,2.0
1254,6.0
1255,4.0
1256,5.0
1257,7.0
1258,5.0
1259,
1260,1.0
1261,31.0
1262,7.0
1263,26.0
1264,493.0
1265,
1266,14.0
1267,3.0
1268,7.0
1269,10.0
1270,27.0
1271,25.0
1272,2.0
1273,10.0
1274,4.0
1275,2.0
1276,6.0
1277,493.0
1278,3.0
1279,
1280,
1281,
1282,86.0
1283,19.0
1284,3.0
1285,493.0
1286,23.0
1287,14.0
1288,9.0
1289,21.0
1290,79.0
1291,1.0
1292,1.0
1293,
1294,4.0
1295,
1296,36.0
1297,33.0
1298,4.0
1299,13.0
1300,58.0
1301,4.0
1302,1.0
1303,493.0
1304,3.0
1305,17.0
1306,
1307,2.0
1308,8.0
1309,14.0
1310,2.0
1311,19.0
1312,6.0
1313,58.0
1314,9.0
1315,
1316,14.0
1317,34.0
1318,159.0
1319,5.0
1320,40.0
1321,125.0
1322,2.0
1323,2.0
1324,38.0
1325,
1326,16.0
1327,9.0
1328,34.0
1329,2.0
1330,2.0
1331,1.0
1332,
1333,1.0
1334,1.0
1335,10.0
1336,
1337,1.0
1338,5.0
1339,16.0
1340,23.0
1341,2.0
1342,1.0
1343,111.0
1344,1.0
1345,2.0
1346,14.0
1347,99.0
1348,36.0
1349,47.0
1350,3.0
1351,3.0
1352,5.0
1353,7.0
1354,
1355,21.0
1356,
1357,32.0
1358,35.0
1359,3.0
1360,
1361,97.0
1362,
1363,16.0
1364,13.0
1365,6.0
1366,11.0
1367,3.0
1368,3.0
1369,5.0
1370,17.0
1371,90.0
1372,28.0
1373,303.0
1374,44.0
1375,19.0
1376,28.0
1377,8.0
1378,195.0
1379,8.0
1380,3.0
1381,44.0
1382,2.0
1383,2.0
1384,39.0
1385,38.0
1386,1.0
1387,
1388,16.0
1389,
1390,4.0
1391,1.0
1392,
1393,2.0
1394,33.0
1395,1.0
1396,
1397,
1398,7.0
1399,
1400,2.0
1401,1.0
1402,17.0
1403,5.0
1404,65.0
1405,
1406,2.0
1407,10.0
1408,5.0
1409,79.0
1410,1.0
1411,8.0
1412,90.0
1413,
1414,
1415,1.0
1416,3.0
1417,2.0
1418,5.0
1419,1.0
1420,8.0
1421,2.0
1422,15.0
1423,3.0
1424,3.0
1425,8.0
1426,2.0
1427,3.0
1428,4.0
1429,62.0
1430,8.0
1431,
1432,111.0
1433,2.0
1434,1.0
1435,44.0
1436,
1437,1.0
1438,15.0
1439,
1440,19.0
1441,
1442,111.0
1443,24.0
1444,39.0
1445,76.0
1446,90.0
1447,323.0
1448,39.0
1449,1.0
1450,1.0
1451,
1452,7.0
1453,21.0
1454,4.0
1455,
1456,1.0
1457,4.0
1458,26.0
1459,26.0
1460,1.0
1461,19.0
1462,79.0
1463,1.0
1464,8.0
1465,2.0
1466,71.0
1467,3.0
1468,21.0
1469,16.0
1470,6.0
1471,10.0
1472,3.0
1473,91.0
1474,46.0
1475,1.0
1476,
1477,159.0
1478,1.0
1479,37.0
1480,25.0
1481,6.0
1482,15.0
1483,16.0
1484,5.0
1485,90.0
1486,170.0
1487,12.0
1488,12.0
1489,493.0
1490,5.0
1491,4.0
1492,493.0
1493,6.0
1494,25.0
1495,66.0
1496,38.0
1497,
1498,4.0
1499,2.0
1500,
1501,3.0
1502,50.0
1503,
1504,19.0
1505,
1506,8.0
1507,44.0
1508,36.0
1509,19.0
1510,36.0
1511,3.0
1512,3.0
1513,91.0
1514,2.0
1515,2.0
1516,1.0
1517,27.0
1518,
1519,25.0
1520,18.0
1521,159.0
1522,22.0
1523,
1524,45.0
1525,7.0
1526,14.0
1527,
1528,2.0
1529,
1530,258.0
1531,4.0
1532,29.0
1533,10.0
1534,22.0
1535,1.0
1536,13.0
1537,3.0
1538,5.0
1539,537.0
1540,99.0
1541,3.0
1542,4.0
1543,3.0
1544,
1545,25.0
1546,2.0
1547,58.0
1548,38.0
1549,2.0
1550,90.0
1551,6.0
1552,2.0
1553,3.0
1554,23.0
1555,47.0
1556,2.0
1557,125.0
1558,
1559,1.0
1560,16.0
1561,17.0
1562,50.0
1563,537.0
1564,11.0
1565,2.0
1566,8.0
1567,4.0
1568,
1569,33.0
1570,125.0
1571,36.0
1572,8.0
1573,19.0
1574,36.0
1575,15.0
1576,125.0
1577,3.0
1578,10.0
1579,493.0
1580,47.0
1581,2.0
1582,56.0
1583,1.0
1584,7.0
1585,13.0
1586,13.0
1587,11.0
1588,13.0
1589,10.0
1590,493.0
1591,5.0
1592,1.0
1593,1.0
1594,36.0
1595,34.0
1596,111.0
1597,79.0
1598,
1599,2.0
1600,1.0
1601,44.0
1602,33.0
1603,
1604,79.0
1605,
1606,1.0
1607,97.0
1608,41.0
1609,5.0
1610,3.0
1611,8.0
1612,125.0
1613,5.0
1614,537.0
1615,57.0
1616,5.0
1617,11.0
1618,4.0
1619,25.0
1620,16.0
1621,1.0
1622,21.0
1623,2.0
1624,
1625,9.0
1626,34.0
1627,9.0
1628,1.0
1629,14.0
1630,
1631,15.0
1632,1.0
1633,323.0
1634,2.0
1635,44.0
1636,
1637,2.0
1638,8.0
1639,43.0
1640,8.0
1641,
1642,111.0
1643,76.0
1644,16.0
1645,4.0
1646,2.0
1647,2.0
1648,3.0
1649,6.0
1650,
1651,170.0
1652,
1653,1.0
1654,
1655,1.0
1656,12.0
1657,32.0
1658,11.0
1659,2.0
1660,11.0
1661,35.0
1662,
1663,3.0
1664,9.0
1665,2.0
1666,42.0
1667,
1668,4.0
1669,25.0
1670,5.0
1671,38.0
1672,27.0
1673,79.0
1674,58.0
1675,13.0
1676,2.0
1677,1.0
1678,36.0
1679,4.0
1680,32.0
1681,
1682,16.0
1683,8.0
1684,18.0
1685,5.0
1686,
1687,90.0
1688,1.0
1689,3.0
1690,1.0
1691,30.0
1692,11.0
1693,1.0
1694,64.0
1695,1.0
1696,23.0
1697,3.0
1698,19.0
1699,36.0
1700,1.0
1701,2.0
1702,21.0
1703,36.0
1704,59.0
1705,5.0
1706,1.0
1707,493.0
1708,2.0
1709,2.0
1710,18.0
1711,26.0
1712,10.0
1713,493.0
1714,125.0
1715,10.0
1716,7.0
1717,6.0
1718,90.0
1719,10.0
1720,1.0
1721,37.0
1722,31.0
1723,19.0
1724,
1725,537.0
1726,2.0
1727,13.0
1728,2.0
1729,13.0
1730,27.0
1731,33.0
1732,17.0
1733,
1734,11.0
1735,5.0
1736,9.0
1737,118.0
1738,11.0
1739,
1740,2.0
1741,16.0
1742,
1743,3.0
1744,2.0
1745,86.0
1746,
1747,12.0
1748,19.0
1749,33.0
1750,21.0
1751,1.0
1752,79.0
1753,19.0
1754,14.0
1755,37.0
1756,17.0
1757,23.0
1758,2.0
1759,
1760,9.0
1761,33.0
1762,1.0
1763,1.0
1764,1.0
1765,
1766,76.0
1767,2.0
1768,18.0
1769,10.0
1770,1.0
1771,25.0
1772,21.0
1773,36.0
1774,5.0
1775,4.0
1776,2.0
1777,
1778,
1779,2.0
1780,24.0
1781,1.0
1782,41.0
1783,7.0
1784,18.0
1785,21.0
1786,1.0
1787,1.0
1788,13.0
1789,2.0
1790,41.0
1791,38.0
1792,39.0
1793,6.0
1794,7.0
1795,9.0
1796,
1797,5.0
1798,1.0
1799,
1800,36.0
1801,11.0
1802,6.0
1803,22.0
1804,15.0
1805,10.0
1806,3.0
1807,4.0
1808,493.0
1809,2.0
1810,58.0
1811,25.0
1812,5.0
1813,1.0
1814,3.0
1815,1.0
1816,74.0
1817,14.0
1818,111.0
1819,18.0
1820,4.0
1821,39.0
1822,3.0
1823,12.0
1824,2.0
1825,10.0
1826,7.0
1827,35.0
1828,31.0
1829,2.0
1830,5.0
1831,
1832,
1833,43.0
1834,4.0
1835,118.0
1836,3.0
1837,11.0
1838,62.0
1839,3.0
1840,3.0
1841,13.0
1842,
1843,
1844,
1845,5.0
1846,1.0
1847,11.0
1848,24.0
1849,6.0
1850,
1851,12.0
1852,40.0
1853,12.0
1854,1.0
1855,1.0
1856,13.0
1857,1.0
1858,2.0
1859,2.0
1860,59.0
1861,6.0
1862,36.0
1863,90.0
1864,11.0
1865,16.0
1866,34.0
1867,46.0
1868,6.0
1869,1.0
1870,1.0
1871,5.0
1872,6.0
1873,5.0
1874,
1875,44.0
1876,2.0
1877,10.0
1878,79.0
1879,64.0
1880,
1881,97.0
1882,2.0
1883,3.0
1884,32.0
1885,2.0
1886,
1887,1.0
1888,5.0
1889,170.0
1890,1.0
1891,15.0
1892,4.0
1893,1.0
1894,13.0
1895,11.0
1896,1.0
1897,56.0
1898,58.0
1899,1.0
1900,
1901,
1902,7.0
1903,9.0
1904,34.0
1905,33.0
1906,125.0
1907,6.0
1908,4.0
1909,88.0
1910,
1911,2.0
1912,2.0
1913,37.0
1914,
1915,5.0
1916,1.0
1917,17.0
1918,2.0
1919,8.0
1920,19.0
1921,33.0
1922,36.0
1923,3.0
1924,
1925,14.0
1926,57.0
1927,90.0
1928,
1929,1.0
1930,1.0
1931,2.0
1932,37.0
1933,16.0
1934,3.0
1935,11.0
1936,36.0
1937,
1938,
1939,10.0
1940,10.0
1941,1.0
1942,1.0
1943,79.0
1944,
1945,258.0
1946,12.0
1947,
1948,
1949,90.0
1950,6.0
1951,155.0
1952,16.0
1953,21.0
1954,3.0
1955,68.0
1956,5.0
1957,
1958,15.0
