0,,0
1,,1
2, ent,2
3,,0
4,,0
5,,0
6,,0
7,,0
8,,0
9,,0
10,,0
11,,1
12,,0
13,,0
14,,1
15,,1
16,,1
17,,1
18,,1
19,,0
20,,0
21,,1
22,,0
23,,0
24,,1
25,,1
26,,0
27,,1
28,,0
29,,0
30,,1
31,,0
32,,0
33, surgery,2
34,,0
35, pain,2
36, throat pain,3
37,,0
38,,1
39,,1
40,,1
41,,1
42,,0
43,pain,1
44,,1
45,,1
46,,1
47,,0
48,,0
49, tmj,2
50,,0
51,,1
52,,0
53, pain,2
54,,1
55,,1
56,,0
57,,1
58,,0
59,,0
60,,0
61,,0
62,,0
63,,0
64,,1
65,,0
66,,1
67, pain,2
68,,0
69,,1
70,,1
71,,1
72, sleep,2
73,,0
74,,1
75,,0
76, broken,2
77,,1
78,,1
79,,0
80, insomnia headaches,3
81,,0
82,,1
83,,0
84, cancer,2
85,,1
86,,1
87,,0
88,,1
89,,1
90,,0
91,,0
92,,0
93,,0
94,,0
95,,1
96,,0
97,,1
98, pain,2
99,,1
100,,0
101,,0
102,,1
103,,1
104, surgery,2
105,,0
106,,1
107,,0
108,,1
109,,0
110,,1
111,,1
112,,1
113,,0
114,,1
115,,0
116,,1
117, pain,2
118,,0
119,,1
120,,1
121, sex,2
122,,0
123,,1
124,,0
125,,1
126,,0
127,,0
128,,0
129,,1
130,,1
131,,1
132,,1
133,,0
134,,0
135,,1
136,,0
137,,1
138,,0
139,,1
140,,1
141,,1
142,,0
143,,1
144,pain,1
145, pain back,3
146,,1
147,,0
148,,0
149,,0
150, dizziness headache,3
151,,1
152,,1
153,,0
154,,0
155,,0
156,,1
157,,1
158,,0
159,,0
160,,1
161,,0
162,,1
163,,0
164,,1
165,,0
166,,1
167,,0
168,better,1
169,,1
170, sore back,3
171,,0
172,,0
173,,1
174,,0
175,,0
176,,0
177,pain,1
178,,1
179,,1
180,,1
181,,1
182,,0
183,,0
184,,1
185,,1
186, abdominal,2
187,,1
188,,1
189,,0
190,,0
191,,1
192,,1
193,,1
194, stress pain headache,4
195,,1
196,,0
197,,1
198,,1
199,,1
200,,0
201,,1
202,,1
203,,1
204,,0
205,,1
206,,0
207,,0
208,,1
209,,1
210,,0
211,,1
212,,1
213,,1
214,chest,1
215,,0
216,,0
217,,1
218,,1
219,,1
220,,0
221,,1
222,,0
223,,1
224,,1
225,,0
226,,1
227,,0
228,,0
229,,1
230,,0
231,,1
232,,0
233,,1
234,,0
235,headache,1
236,,0
237,,1
238,,0
239,,0
240,,0
241,,0
242,,0
243,,1
244,,0
245,,0
246,,1
247,,1
248,,1
249,,0
250,,1
251,cough infection,2
252,,0
253,,1
254,,1
255,,1
256,,1
257, lung cancer,3
258,,0
259, pain,2
260,,1
261,,0
262,,0
263,,1
264,,0
265,,1
266,,0
267,,0
268,,1
269,,1
270, pain,2
271,,1
272,,0
273,,0
274,,1
275,,1
276,,1
277,,0
278,,0
279,,0
280,,1
281,nasal,1
282,ultrasound mammogram breast,3
283,,1
284,,0
285,,1
286, blood,2
287, virus,2
288,,0
289,ultrasound mammogram breast,3
290,,0
291,,1
292,,0
293,,0
294,,1
295,,0
296,,1
297,,1
298,,0
299, cancer,2
300, pain,2
301,,1
302,,0
303,,0
304,,0
305,,0
306,,1
307,,0
308,,0
309, pain,2
310,,0
311,,0
312,,1
313,,1
314,,0
315,,0
316,,1
317,,1
318,,1
319,,0
320,,0
321,,0
322,,0
323,,1
324,child,1
325, stress pain,3
326,,1
327,,0
328, cough infection,3
329,,1
330,,1
331,,1
332,,0
333,,0
334,,1
335,,0
336,,0
337,,1
338,,1
339,,1
340,,0
341,,0
342,,0
343,,0
344,,0
345,,0
346,,1
347, surgery,2
348,,1
349,,1
350,,1
351,,0
352,surgery,1
353, breast,2
354,,0
355,,1
356,,0
357,,0
358,,0
359,,1
360,,1
361,,0
362,,1
363,,0
364,,0
365,,0
366,surgery,1
367,,1
368,,0
369, infection,2
370,dental,1
371,,1
372,,1
373,,0
374,surgery,1
375,surgery,1
376,,1
377,,1
378,,0
379,,0
380,,0
381,,0
382,,0
383,headache,1
384, pain,2
385,,1
386, jaw pain tooth,4
387,,0
388,,1
389,,0
390,,0
391,,0
392,,1
393,,0
394,,0
395,,0
396,,1
397,,0
398,,0
399,,0
400,,0
401,,1
402, surgery,2
403,,0
404,,1
405,,1
406,,1
407,,1
408,,1
409, surgery,2
410,,0
411,,1
412,,1
413, cancer,2
414,,1
415,,1
416,,1
417,,0
418, injury,2
419,,1
420,,0
421,,1
422,,1
423,,1
424,b,1
425,,1
426,,0
427,,0
428,,1
429,,0
430,,1
431,,1
432,,1
433,,0
434,,0
435,,0
436,surgery,1
437,,0
438,,1
439,,1
440,,0
441,,1
442,,1
443,pain,1
444, surgery,2
445,,0
446,,1
447,,1
448, pain,2
449,,1
450,,0
451,,0
452,,1
453,,0
454,,0
455,,1
456,,0
457, foot,2
458,,1
459,,0
460,,1
461,,1
462, brain,2
463,,0
464,,0
465,,1
466,,1
467,,1
468,,0
469,,0
470,,1
471,,1
472,,0
473,,0
474,,1
475,,1
476,,0
477, pain,2
478,surgery,1
479, surgery,2
480,,0
481,,1
482,,1
483,,1
484, infection,2
485,,0
486,pain,1
487,,1
488,,1
489,,0
490,,1
491,,0
492,,1
493,,1
494,,0
495,,0
496,,0
497,,0
498,,0
499,,1
500,,0
501,,0
502,,0
503,,0
504,,1
505,,1
506,,1
507, pain back,3
508,,0
509,surgery,1
510,,1
511,,1
512,,0
513,,1
514,,0
515, leg,2
516,,0
517,,0
518, sleep,2
519,,1
520, brain,2
521,,1
522,,1
523, fever infection,3
524,,1
525,,0
526,,1
527,,0
528,,0
529,,0
530,,0
531,,1
532,,0
533,,1
534,,1
535,,0
536,,0
537, pain,2
538,,0
539,,0
540,,1
541,,1
542,,0
543,,0
544,,1
545,,0
546,,0
547,,0
548,,0
549,,0
550,,1
551, tmj teeth,3
552,,0
553,,0
554,,0
555,,0
556,,0
557,,1
558,,0
559,heart,1
560,,1
561,,0
562,,0
563,,1
564,,0
565,,1
566,,1
567, pain,2
568,,0
569,,0
570,,1
571,,0
572, pain,2
573,breast,1
574, eye,2
575,tumor,1
576,surgery,1
577,,0
578,,1
579,,0
580, weight,2
581,,1
582,,0
583,,0
584, pain,2
585,,1
586,,0
587, dizziness,2
588,,1
589,,0
590,,1
591,,1
592, pain,2
593,,1
594,,0
595,,1
596,,0
597,,1
598,,1
599,,0
600,,0
601,,0
602,,1
603,,1
604,,1
605,,0
606,,0
607,,0
608,,0
609,,0
610,,1
611,,0
612,,1
613,,1
614,,0
615,,0
616,,0
617,,1
618,,0
619,,1
620,,0
621,,0
622,,1
623,pain,1
624, heart,2
625,,0
626,,1
627,,1
628, pain,2
629,,1
630,,1
631,,0
632,,0
633,,0
634,,1
635,,1
636,,1
637,,0
638,,0
639,,1
640,,0
641,surgery,1
642,,0
643, sore,2
644,,1
645,,1
646,,1
647,,1
648,,1
649,,0
650,,0
651,,1
652, high pain,3
653,,1
654,,1
655,,0
656,,1
657,,1
658,,0
659,,0
660, pain,2
661,,0
662,diabetes,1
663,,0
664,,0
665,cancer,1
666,,1
667,,0
668,,0
669,,0
670,,0
671,,1
672,,1
673,,0
674,cancer skin,2
675,,0
676,,0
677,,1
678,,0
679,,1
680,,1
681,,0
682,,0
683,,0
684,,1
685,,1
686,,0
687,,1
688,,0
689,,1
690,,0
691,,1
692,,0
693,,1
694,,0
695,,1
696,,1
697,,1
698,,1
699,,1
700,,1
701,,1
702,,1
703,,1
704,,1
705,,0
706,cosmetic,1
707,,0
708,,0
709,,1
710,,1
711,,1
712,,0
713,,0
714,,1
715,,1
716,,0
717,,0
718,,0
719,,0
720,,1
721,,1
722,,0
723,,0
724,,1
725,,0
726,,1
727,,1
728, gi,2
729,,1
730,,1
731,small,1
732,,1
733,,0
734,,0
735,,0
736, pain,2
737,,0
738,,0
739,,1
740,,0
741,,0
742,,1
743,,0
744,vascular,1
745,,1
746,,0
747,,1
748,,0
749, health,2
750,,0
751,,1
752,,0
753,,1
754,,0
755,,1
756,,1
757,,1
758,,0
759,,0
760,,0
761,,1
762, sleep,2
763,,0
764,,0
765,,0
766,,1
767,,0
768,,1
769,,0
770,,0
771, pain,2
772,breast,1
773,,1
774,,1
775,,1
776,,0
777,,0
778, cancer,2
779,,1
780,,1
781,melanoma,1
782,,0
783,,0
784,,0
785,,1
786,,0
787,pain,1
788,,1
789,,1
790,,0
791,,0
792,,0
793,,0
794,,1
795,,1
796,,0
797,,0
798,,0
799,,1
800,,0
801,,0
802,dental,1
803,,0
804,,0
805,,1
806,,1
807,,0
808, tunnel carpal,3
809,,0
810,,1
811,,0
812,,1
813,,1
814,,0
815,,1
816,,1
817,dizziness headache tooth,3
818,,0
819,breast,1
820, heart,2
821,,0
822,,1
823,bone,1
824,,0
825,,0
826,,1
827,,1
828,,1
829,,1
830,,1
831, arthritis,2
832,,0
833,,0
834,,0
835,,0
836,,0
837,,0
838,,1
839,,1
840,,1
841,,1
842, pain,2
843,,0
844,,0
845,,0
846,,1
847,,0
848,,0
849,,0
850,,1
851, pain,2
852,,0
853,,1
854,,0
855,,1
856,,0
857, blood diabetes,3
858,,0
859,,0
860,,0
861,,0
862,,0
863,,0
864,,0
865,,0
866,,1
867,,0
868,,1
869,,0
870,,0
871,,0
872,,0
873,,0
874,,0
875,,1
876,,1
877,,0
878, pain,2
879,,0
880,,1
881,,1
882,,1
883,,1
884,,1
885,,0
886,,0
887,,0
888,,0
889,,1
890,,0
891,,0
892,,0
893,,0
894,,1
895,,0
896,,1
897,,0
898,like,1
899,root pain,2
900, high,2
901,,1
902,,0
903,,0
904,,0
905,,0
906,,0
907,,0
908,,1
909,,1
910,,0
911,,0
912,,0
913,,1
914,,1
915,,0
916,,1
917,,1
918,,1
919,,1
920,,0
921,,0
922,,1
923,,1
924,,1
925,,0
926,,1
927,,0
928,,0
929,,0
930,,1
931, cancer,2
932,teeth,1
933,,1
934,,1
935,,1
936,,1
937,,1
938,,1
939, back,2
940,,0
941,,0
942,,0
943,,0
944,,1
945,,0
946,filling,1
947,,0
948,,0
949,,1
950,,0
951,,0
952,,1
953,,0
954,,1
955,,0
956,,0
957,,0
958,,1
959, gum,2
960,,0
961,,0
962,,0
963,,1
964,,1
965,,0
966,,1
967,,0
968,,0
969,,0
970,,0
971,,1
972,,1
973,,0
974,,0
975, surgery pain,3
976,,0
977,,0
978,,1
979,,1
980,,0
981, back,2
982,,0
983, mammogram,2
984,,0
985,,0
986,,1
987,,1
988,,1
989,,0
990,,0
991,neuropathy,1
992,,1
993,,0
994,,1
995,,0
996,,0
997,,1
998,,0
999,,1
1000,,0
1001,,1
1002,,0
1003,,1
1004,,1
1005,,0
1006,,1
1007,,0
1008,,0
1009,,0
1010, pain,2
1011,,0
1012,,0
1013,,0
1014,,0
1015,,1
1016,,0
1017,,1
1018, pain,2
1019,,1
1020,,1
1021,,0
1022,,0
1023, surgery,2
1024,,1
1025,,0
1026,braces tooth,2
1027,,0
1028,,1
1029,,1
1030,,1
1031,,0
1032,,0
1033, pain,2
1034,,0
1035,,0
1036,,1
1037,,0
1038,,1
1039,pain,1
1040,,0
1041,,0
1042,,1
1043,,0
1044,,1
1045,,0
1046,,0
1047,,0
1048,,0
1049,,0
1050, stomach,2
1051,,0
1052,,0
1053,,0
1054,,0
1055,,0
1056,,1
1057, low,2
1058,,0
1059,,1
1060,,0
1061,,0
1062,,0
1063,,0
1064,,0
1065,,0
1066,,0
1067,,0
1068,,1
1069,pain,1
1070,,0
1071, cancer,2
1072,,0
1073,,1
1074,,0
1075, pain,2
1076,,1
1077,,0
1078,,0
1079,,1
1080,,1
1081,,1
1082,,0
1083,,0
1084,,1
1085,,1
1086,,1
1087,,0
1088,blood,1
1089,breast,1
1090,,0
1091,,0
1092,,1
1093,,0
1094,,0
1095,,0
1096,pain leg,2
1097,,0
1098,,0
1099,,1
1100,pain,1
1101,,1
1102,,0
1103,,0
1104,,0
1105,,1
1106,,1
1107,,0
1108,,0
1109,,1
1110,,0
1111,,0
1112,,0
1113,,1
1114,,1
1115,,1
1116,,0
1117,,0
1118,,1
1119,,0
1120,,1
1121, pain,2
1122,,0
1123,,1
1124,,1
1125,,0
1126,,0
1127,,0
1128,,0
1129,,1
1130, bone,2
1131,,0
1132,,0
1133,,1
1134, surgery,2
1135,,0
1136,,0
1137,,0
1138,,0
1139,,0
1140,,1
1141,,0
1142,,1
1143,,1
1144, medications,2
1145, pain,2
1146,,1
1147,,1
1148,breast,1
1149,,0
1150,,0
1151, wisdom tooth,3
1152,,0
1153,,0
1154,,1
1155,dental teeth,2
1156,,1
1157,,0
1158,,0
1159,,1
1160,,1
1161,,1
1162,,0
1163,cervical,1
1164,,0
1165, pain,2
1166,,0
1167,,1
1168,tooth,1
1169,,0
1170,,1
1171,,0
1172,,0
1173,,1
1174,,1
1175,,0
1176,depression,1
1177,,0
1178,,0
1179,,0
1180,,0
1181,,0
1182,,0
1183,,0
1184,disease,1
1185,,1
1186, surgery,2
1187,,1
1188,,0
1189,,1
1190,,0
1191,,0
1192,,0
1193,,0
1194,,1
1195,,0
1196,,0
1197,,1
1198,,1
1199,,0
1200,,0
1201,,0
1202,,0
1203,,0
1204, tooth,2
1205,,0
1206,,0
1207,,0
1208,,0
1209,,0
1210,,1
1211, stomach pain,3
1212,,1
1213,,1
1214,,0
1215,,1
1216,,0
1217,,0
1218,,0
1219,,0
1220,,0
1221,,1
1222,,1
1223,,0
1224,,1
1225,,1
1226,,1
1227,,0
1228,,0
1229,,1
1230,,0
1231,,0
1232, prednisone,2
1233,,1
1234,,1
1235, pain,2
1236,,0
1237,surgery,1
1238,,1
1239, breast cancer,3
1240,,0
1241,,0
1242,,1
1243, surgery pain,3
1244,,1
1245,,0
1246,,0
1247,,0
1248,,0
1249,,1
1250,,1
1251,,0
1252,fever,1
1253,,1
1254,,0
1255,,0
1256,breast,1
1257, pain,2
1258,pain,1
1259,,1
1260,,1
1261,,0
1262,,0
1263,,0
1264,,0
1265,,1
1266,,1
1267,,0
1268,,0
1269,,1
1270, pain,2
1271,,1
1272,,0
1273,,0
1274,,1
1275,,1
1276,,0
1277,,0
1278,,0
1279, disorder,2
1280,,0
1281,,1
1282,,0
1283,,1
1284, acne,2
1285, pain,2
1286, legs,2
1287, pain,2
1288,,1
1289,,1
1290,,0
1291,,0
1292,,0
1293,,1
1294,,1
1295,,0
1296,,1
1297,,0
1298,,1
1299,,0
1300, headaches,2
1301, pain,2
1302,,0
1303,,0
1304, oral teeth pain maxillofacial,5
1305,,1
1306,,0
1307,,1
1308,,0
1309,,1
1310,,1
1311,,0
1312,,1
1313,,1
1314,back numbness,2
1315,,1
1316,,0
1317, wound,2
1318,,1
1319,,1
1320,,0
1321,,0
1322, surgery,2
1323,pain,1
1324,,1
1325,,0
1326,,0
1327,,0
1328,,0
1329,,0
1330,,0
1331,,0
1332,,1
1333,,1
1334,,0
1335,,1
1336,neck,1
1337,,1
1338,,0
1339,,0
1340,,0
1341,,0
1342,,0
1343,,0
1344,mammogram,1
1345,,0
1346,,1
1347, mouth,2
1348,,1
1349, heart attack,3
1350,,1
1351,,0
1352,,0
1353, tmj,2
1354,,1
1355,,1
1356,,0
1357,,1
1358,,1
1359,,0
1360,,0
1361,,1
1362,veins varicose leg,3
1363,,0
1364,,1
1365,,0
1366,,0
1367,,0
1368, tooth,2
1369,pain,1
1370,,1
1371,,1
1372,,0
1373,tmj,1
1374,,1
1375,,0
1376,,1
1377, sleep,2
1378,,1
1379,,0
1380,,0
1381,,1
1382,,0
1383, pain,2
1384,,0
1385,,0
1386,,1
1387,,0
1388,,1
1389,,0
1390,,1
1391, wisdom tooth,3
1392,,1
1393,,1
1394,,0
1395,,0
1396,,0
1397,,1
1398,,0
1399,,0
1400,,1
1401, infection,2
1402,,1
1403,,1
1404,,1
1405,,1
1406,,1
1407,,1
1408,,1
1409, cleaning teeth,3
1410,,1
1411,,0
1412,,1
1413,,1
1414,,1
1415,depression,1
1416,,0
1417,,1
1418,,0
1419,,1
1420,,1
1421,,1
1422,,1
1423,,0
1424,,0
1425,,1
1426,,1
1427,pain,1
1428,,0
1429,,0
1430,,1
1431,,0
1432,,1
1433,,1
1434,,0
1435,,0
1436,,0
1437,,0
1438,teeth,1
1439,,1
1440,,0
1441,,0
1442,,1
1443, cancer,2
1444,,1
1445,mammogram breast cancer,3
1446,,1
1447,,1
1448,,1
1449,,0
1450,cough,1
1451,,1
1452, pain back,3
1453,,0
1454,,0
1455,,1
1456,,0
1457,tylenol,1
1458,,0
1459,,0
1460,,1
1461,,0
1462,,0
1463,,1
1464,,1
1465,,0
1466,,0
1467,,0
1468,,1
1469,,0
1470,sleep,1
1471,,0
1472,,0
1473,,0
1474,,0
1475,,1
1476,,1
1477,pain,1
1478,,1
1479,,1
1480,,0
1481,,1
1482,,1
1483,,0
1484,,1
1485,,0
1486,,0
1487,,1
1488,,0
1489,,0
1490,,0
1491,,1
1492,,1
1493,,0
1494,anxiety,1
1495,,1
1496,,1
1497,pain,1
1498,,0
1499,,0
1500,,1
1501,,1
1502,cancer normal,2
1503, numbness,2
1504,,1
1505,,1
1506,,1
1507,,1
1508,,0
1509,,1
1510,,0
1511,,0
1512,,0
1513,,1
1514,,0
1515,pain,1
1516, sleep,2
1517,,0
1518,,0
1519,,1
1520,,0
1521,,0
1522,,0
1523,,1
1524,,1
1525,,0
1526,,1
1527,,1
1528,,1
1529,,1
1530,,0
1531,,0
1532,,1
1533, cancer,2
1534,,0
1535,,0
1536,,0
1537, pain,2
1538, pain,2
1539,breast,1
1540,,1
1541,,0
1542,,0
1543,,0
1544,,0
1545,,1
1546,,0
1547,,0
1548,,1
1549,,0
1550,,0
1551,,0
1552,,0
1553,,1
1554,,1
1555,,0
1556,,1
1557,,0
1558,,0
1559,,0
1560,,0
1561,,1
1562,,0
1563,pain,1
1564,,0
1565,,1
1566,,0
1567,,0
1568,,1
1569,,1
1570,,1
1571,,0
1572,,0
1573,,1
1574,,1
1575,cough,1
1576,,0
1577,cancer,1
1578,wisdom,1
1579,,0
1580,,1
1581,pain,1
1582, pain,2
1583,,1
1584,,1
1585,,1
1586,,1
1587,,0
1588,,0
1589,,1
1590,,1
1591,,1
1592,,1
1593,,0
1594,,0
1595,,1
1596,,1
1597,,1
1598,,1
1599,,0
1600,,0
1601,,0
1602,,1
1603,,0
1604,,1
1605,,1
1606, pain cancer,3
1607,,1
1608,,0
1609,,1
1610,,0
1611,,0
1612,,0
1613,,0
1614,,1
1615,,0
1616,,0
1617,,0
1618,,0
1619,,1
1620,,0
1621,,1
1622,,1
1623,,0
1624, neck,2
1625,,1
1626,,0
1627,,0
1628,,1
1629,,1
1630, pain,2
1631, pain,2
1632,,0
1633,,0
1634,,0
1635,,1
1636,,1
1637,,1
1638,,1
1639,,0
1640,,0
1641, chest,2
1642,,0
1643,,0
1644,,1
1645,,0
1646,,0
1647,chest lung,2
1648,,1
1649,,0
1650,,0
1651, pain back,3
1652,,1
1653,,1
1654,,1
1655,,0
1656,,1
1657,,1
1658,,0
1659,,0
1660, pain,2
1661,,1
1662,,0
1663,,0
1664,,0
1665,,0
1666,,0
1667,,1
1668,,0
1669,,0
1670,,0
1671,ankle,1
1672,,0
1673, breast,2
1674,,1
1675,,0
1676, pain,2
1677,,0
1678,,0
1679,,0
1680,,1
1681,,0
1682,,0
1683,,0
1684,,1
1685,,0
1686,,1
1687,,0
1688,,0
1689,,0
1690,pain,1
1691,,0
1692,,0
1693,,0
1694,,0
1695,,0
1696,,0
1697,,0
1698,,0
1699,,0
1700,,1
1701,,1
1702,,1
1703,,0
1704,,1
1705,,0
1706,,0
1707,,1
1708,,0
1709,,1
1710,,0
1711,,1
1712,,1
1713,pain,1
1714,,0
1715,,0
1716,,0
1717,,0
1718,,0
1719,,1
1720,,1
1721,,1
1722,,0
1723,,0
1724,,1
1725,,1
1726,,1
1727,,1
1728,,0
1729,surgery,1
1730,,0
1731,,1
1732,,0
1733,,1
1734,,0
1735,tooth,1
1736,,1
1737,xray,1
1738,pain,1
1739,,0
1740,,1
1741,,0
1742, pain neck,3
1743,,0
1744,,1
1745, healthy pain,3
1746,sleep dental apnea,3
1747,,0
1748,,1
1749,,0
1750,,0
1751,,1
1752,,1
1753,,0
1754,,1
1755,,0
1756,,0
1757, pain,2
1758,,0
1759, cancer,2
1760,,1
1761,,0
1762,,1
1763,,0
1764,,1
1765,,1
1766,,0
1767,,1
1768,,1
1769,pain,1
1770,,0
1771,,1
1772,,0
1773,,0
1774,,0
1775,,0
1776, surgery,2
1777,,0
1778,,0
1779,,1
1780,,1
1781,,0
1782,,1
1783,,1
1784,pain,1
1785,,0
1786,,0
1787,pain,1
1788, vaginal,2
1789,,1
1790,,0
1791,,0
1792,,1
1793,,1
1794,,0
1795,,1
1796,,0
1797,,1
1798,,1
1799,,1
1800,,1
1801,,0
1802,,1
1803,,0
1804,,1
1805,,0
1806,,1
1807, pain,2
1808,,0
1809,,0
1810,,1
1811,,0
1812,,1
1813,,0
1814,,1
1815,,0
1816,,0
1817,,1
1818,,1
1819,arm,1
1820,,0
1821,,1
1822,,1
1823,,1
1824,,1
1825,,0
1826,,1
1827, pain neck,3
1828,,1
1829,,0
1830, tmj,2
1831,,1
1832,,1
1833,,1
1834,,0
1835,,0
1836,,0
1837,,1
1838,,0
1839,,1
1840,,1
1841,,0
1842,,1
1843,,1
1844, better,2
1845,,0
1846,,0
1847,,0
1848,,1
1849, pain,2
1850,,1
1851,,1
1852,,1
1853,fever cough,2
1854,,1
1855,,1
1856,,0
1857,,1
1858,,1
1859,,1
1860,,0
1861,,1
1862,,1
1863,,0
1864,,1
1865,pain,1
1866,,0
1867,,0
1868,,0
1869,,1
1870,,1
1871,,0
1872,,0
1873,,1
1874,,1
1875,,1
1876,,0
1877,,1
1878,,1
1879,,0
1880,,0
1881,,1
1882,,1
1883,,1
1884,,1
1885,pain,1
1886,,1
1887,,1
1888,,1
1889,,0
1890,,1
1891,,0
1892, vaginal,2
1893,,0
1894,,1
1895,,1
1896,,1
1897,,0
1898,,0
1899,,1
1900, test,2
1901,,1
1902,,0
1903,pain headache,2
1904,,0
1905,,1
1906,,0
1907,,0
1908,,0
1909,,0
1910,,0
1911,,1
1912,,1
1913,,1
1914,,1
1915,,1
1916, pain,2
1917,,0
1918,,1
1919,,1
1920,,0
1921,,0
1922,,0
1923,,0
1924,,0
1925,,1
1926,,1
1927,,0
1928,,1
1929,,0
1930,,1
1931,,0
1932,,0
1933,,0
1934,,1
1935,,1
1936,,1
1937,,0
1938,,1
1939,,0
1940,,0
1941,,0
1942,,0
1943,,0
1944,,0
1945, leg,2
1946,,0
1947,,1
1948, cancer,2
1949,,1
1950,,0
1951,throat,1
1952,,0
1953,,0
1954,,1
1955,,1
1956,,1
1957,,1
1958,,0
1959,,1
1960,,0
1961, breast cancer,3
1962,,0
1963,,0
1964,,0
1965, pain,2
1966,,0
1967,,0
1968,,0
1969,,0
1970,,1
1971,,0
1972,,0
1973,,0
1974,,0
1975,,1
1976,,1
1977, 2,2
1978,,0
1979,,1
1980,,0
1981,,1
1982,,0
1983,,0
1984,,0
1985,,1
1986,,0
1987,,0
1988,,0
1989,,1
1990,,0
1991,,1
1992,,1
1993, pain,2
1994,,1
1995,,0
1996,,0
1997,,1
1998,,0
1999,,1
2000,cancer,1
2001, canal root tooth,4
2002,,1
2003,,1
2004,,1
2005,,1
2006,,1
2007,,0
2008,,1
2009, surgery pain,3
2010,pain,1
2011,,1
2012,,0
2013, cancer,2
2014,,1
2015,,1
2016,,1
2017,,0
2018, allergies,2
2019,,0
2020,,0
2021,,0
2022,,1
2023,,0
2024,,1
2025,,0
2026,,0
2027,,0
2028,,1
2029,,1
2030,tooth,1
2031,,1
2032,,1
2033,,0
2034,,1
2035,,0
2036,,0
2037,,0
2038,,0
2039,,1
2040,,0
2041,,0
2042,,0
2043,,0
2044,pelvic,1
2045,pregnant,1
2046,,0
2047,,0
2048,,0
2049,,1
2050,chest,1
2051,,0
2052,,1
2053,gum tooth,2
2054, foot surgery,3
2055,,0
2056,,0
2057,,1
2058,,0
2059,,0
2060,,0
2061,,0
2062,,1
2063,,0
2064,,0
2065, cough infection,3
2066,better,1
2067,,1
2068,,1
2069,,0
2070,,1
2071, surgery,2
2072,,0
2073,lung cancer,2
2074,,0
2075,,1
2076,,0
2077, pain,2
2078,,0
2079, medicine,2
2080,,1
2081,,1
2082, cough,2
2083,,0
2084, surgery,2
2085, health female,3
2086,,0
2087,,1
2088,,0
2089,,1
2090,,0
2091,,1
2092,,1
2093,,1
2094,,1
2095,,0
2096,,1
2097, chronic pain,3
2098,,0
2099,,0
2100,,1
2101,,0
2102,,0
2103,cancer,1
2104,,1
2105,breast,1
2106,,0
2107,,1
2108,,1
2109,,0
2110,,0
2111,,0
2112,,1
2113,,0
2114,,0
2115,,0
2116,,1
2117, fracture,2
2118,,0
2119,,1
2120,,1
2121,surgery,1
2122,,0
2123,,0
2124,,1
2125,,1
2126,,0
2127, tooth,2
2128, heart,2
2129,,0
2130,,1
2131,,0
2132,,1
2133,,1
2134,,0
2135,,0
2136,,0
2137, health,2
2138,,0
2139,,1
2140,,0
2141,,1
2142,,1
2143,,0
2144,,0
2145,,0
2146,,1
2147,diseases,1
2148,,0
2149,,0
2150,,0
2151,,1
2152,,1
2153,,1
2154,,1
2155,,0
2156,,1
2157,,0
2158,,1
2159,,0
2160, surgery,2
2161,,0
2162,,1
2163,,0
2164,,1
2165,,1
2166,,1
2167,,1
2168,,1
2169,,0
2170,,0
2171,,1
2172,,0
2173,,0
2174,,0
2175,,1
2176,,0
2177,,1
2178,,1
2179,,0
2180,throat sore,2
2181,,1
2182,,0
2183,,1
2184,,0
2185,,0
2186,,0
2187,pain,1
2188,,1
2189,,0
2190,,0
2191,,0
2192,,1
2193,,0
2194,,1
2195,,0
2196,,1
2197,ovarian cancer,2
2198,,0
2199,,1
2200,,0
2201,,1
2202,,1
2203,,1
2204, loss,2
2205,,1
2206, sore throat pain,4
2207, cancer,2
2208,,0
2209,,0
2210,,1
2211,,0
2212,,1
2213,,1
2214,,1
2215,,1
2216,,1
2217, swelling,2
2218,,0
2219,,0
2220,,0
2221,,0
2222,dental tooth,2
2223,,1
2224, pain,2
2225,,0
2226,,1
2227,,0
2228,,1
2229, thyroid disease,3
2230,,0
2231,,1
2232,,0
2233,,1
2234,,1
2235,,1
2236,,1
2237,,0
2238,,1
2239,,1
2240, dry eyes,3
2241,,0
2242,,0
2243,surgery,1
2244,,0
2245,,1
2246,,0
2247,,1
2248,,0
2249,,1
2250,,0
2251,,0
2252,,0
2253,,0
2254,,1
2255,,1
2256,,0
2257, pain,2
2258,,0
2259,,0
2260,,1
2261,,0
2262,,0
2263,,1
2264,,0
2265, pain,2
2266,,1
2267,,1
2268,,1
2269, pain,2
2270,,1
2271,,0
2272, child,2
2273,,1
2274,,0
2275, pain,2
2276,,0
2277,,0
2278,cancer,1
2279,,0
2280,,1
2281,,1
2282,,1
2283,,0
2284,,1
2285, root canal pain tooth,5
2286,,1
2287,,0
2288,,0
2289,,1
2290,,0
2291, cancer,2
2292,,1
2293,pain,1
2294,,1
2295,surgery,1
2296,,0
2297,,1
2298,,0
2299,,0
2300,knee pain replacement,3
2301,,1
2302,,0
2303,,0
2304,,1
2305,,1
2306,,1
2307,,1
2308,,1
2309,,1
2310,,0
2311,,0
2312,,1
2313,,1
2314,,0
2315,,0
2316,,1
2317,,1
2318,,0
2319,,0
2320,tooth,1
2321,,0
2322,,1
2323,,0
2324,,0
2325,,1
2326,,1
2327,,0
2328,,0
2329,,0
2330,,0
2331, pregnancy,2
2332, pain,2
2333,,0
2334,,0
2335,,0
2336,infection,1
2337,,1
2338,teeth wisdom,2
2339,,0
2340,,1
2341,,1
2342, pain,2
2343,,1
2344,,0
2345,,0
2346,,0
2347,,0
2348, cancer,2
2349,,1
2350,,0
2351,,1
2352,,1
2353,,0
2354,,0
2355,,1
2356,,1
2357,,0
2358,,1
2359,,0
2360,,0
2361,mouth,1
2362, exercise,2
2363,,0
2364,cancer,1
2365,,1
2366,,0
2367,,1
2368,,1
2369,,0
2370,,0
2371,cancer,1
2372,,0
2373,,1
2374,,1
2375, pain,2
2376,,1
2377,,0
2378,,0
2379,,1
2380,,0
2381,,0
2382,,0
2383,,1
2384, pain,2
2385,,0
2386,,1
2387,,0
2388,,0
2389,,0
2390,,0
2391,,0
2392,,1
2393,,0
2394,,1
2395, pain blood,3
2396, pain,2
2397, headache,2
2398,,0
2399, pain,2
2400,,1
2401,,0
2402,,0
2403,,0
2404,,1
2405,,0
2406,,0
2407,,1
2408,breast cancer,2
2409,,1
2410,,0
2411,,0
2412,,1
2413, ankle,2
2414, positive,2
2415, pain,2
2416,,1
2417,,0
2418,,1
2419,,0
2420,,1
2421,,1
2422,,0
2423,,0
2424,,1
2425,,1
2426,,1
2427,,0
2428,,0
2429,,1
2430,,0
2431,,0
2432, dental pain tooth,4
2433,,1
2434,,1
2435,,0
2436,,1
2437, pain,2
2438,,1
2439,,0
2440,,1
2441,,0
2442, cancer,2
2443, tooth,2
2444,brain,1
2445,,1
2446,,0
2447, pain,2
2448,,1
2449,,1
2450, tmj tooth wisdom,4
2451,,1
2452,,1
2453,,1
2454,,0
2455,,1
2456,,1
2457,,1
2458,,0
2459,,1
2460,,0
2461,,1
2462,,1
2463,,0
2464,,1
2465,,0
2466,,0
2467, mri,2
2468,,1
2469,,0
2470,,0
2471,,1
2472,,1
2473,,0
2474,,1
2475,,0
2476,,0
2477,,0
2478,,1
2479,,1
2480,disorder,1
2481, ct,2
2482,,1
2483,,0
2484,,0
2485,,0
2486,,0
2487,,0
2488,stress,1
2489,,1
2490,,0
2491,,1
2492,,0
2493,,1
2494, pain,2
2495,,1
2496,,1
2497,,1
2498,,0
2499,,0
2500,,1
2501,,1
2502,,1
2503,,0
2504,,0
2505,,0
2506,,1
2507,,0
2508,,0
2509,,1
2510,,1
2511,,0
2512,,0
2513,,1
2514,,0
2515,,1
2516,,0
2517,,0
2518,,0
2519,,0
2520,,0
2521,,0
2522,anxiety,1
2523,,0
2524,cancer,1
2525,weight,1
2526,,0
2527, breast,2
2528,,1
2529,,0
2530,,0
2531,,1
2532,,0
2533,,1
2534,,1
2535,,1
2536,,1
2537,,0
2538,,0
2539,,1
2540,,1
2541,,1
2542,,0
2543,,1
2544,,0
2545,,0
2546, chest,2
2547,,0
2548, cancer,2
2549,,0
2550,,0
2551,,0
2552,,0
2553,tumor brain,2
2554,,1
2555,,1
2556,,0
2557,,1
2558,,1
2559, pain,2
2560, health,2
2561,,1
2562,blood cancer,2
2563,,1
2564,,0
2565,,0
2566,,0
2567,,0
2568, neck,2
2569, numbness,2
2570,,1
2571,,1
2572,,1
2573,,0
2574,,1
2575, pain blood cancer normal,5
2576,,0
2577,,0
2578,,1
2579,,1
2580,,0
2581,,0
2582,,0
2583,,1
2584,,0
2585,,1
2586,,1
2587,tmj anxiety mouth,3
2588,,0
2589,,0
2590,,0
2591,,0
2592,,0
2593,,0
2594,,0
2595,,1
2596,teeth wisdom,2
2597,,0
2598,,1
2599,,1
2600,,0
2601,,1
2602,,0
2603,,0
2604,,0
2605,knee,1
2606,,1
2607,,1
2608,,0
2609,,1
2610,,0
2611,,1
2612,,0
2613,,1
2614,,0
2615, pain,2
2616,,1
2617,,1
2618,feeling asthma,2
2619,cancer,1
2620,,0
2621,,0
2622,,1
2623,,0
2624,,1
2625,,0
2626,,0
2627,,0
2628,,1
2629,,0
2630,,1
2631,,1
2632, diseases cancer,3
2633,,1
2634,,0
2635,,0
2636,,1
2637,,1
2638,,1
2639,,1
2640,,1
2641,,1
2642,,1
2643, head trauma,3
2644,,1
2645,,0
2646,,0
2647,,1
2648, blood,2
2649,,1
2650, test pregnancy,3
2651,surgery,1
2652,chest pain,2
2653,,1
2654,,0
2655,,0
2656,,0
2657,,0
2658,,1
2659,,0
2660,,1
2661,,1
2662,,0
2663,,1
2664,,0
2665,sleep,1
2666,,0
2667,,1
2668,,1
2669,,0
2670,,1
2671,,0
2672,mri,1
2673,,0
2674,,0
2675,,0
2676,,1
2677,,1
2678,,1
2679,,0
2680,,1
2681,,0
2682,,1
2683,,1
2684,,0
2685,,0
2686,,1
2687,,1
2688, pain,2
2689,,0
2690,,1
2691,,1
2692, facial,2
2693,,1
2694,cancer,1
2695,,1
2696,,1
2697,,0
2698,,0
2699,,1
2700,,0
2701,,1
2702,,0
2703,,0
2704, pain,2
2705,,0
2706,,1
2707,,0
2708,,0
2709,,0
2710,,1
2711,tooth,1
2712,,0
2713,,1
2714,,1
2715,,0
2716, foot,2
2717,,0
2718,,0
2719,,0
2720,,0
2721,,0
2722,,1
2723,,0
2724,,1
2725,,0
2726,,0
2727,,0
2728,,1
2729,,0
2730,,1
2731,,0
2732,,0
2733,,0
2734,,1
2735,,0
2736,,1
2737, surgery septum,3
2738,,1
2739,,1
2740,,0
2741,,0
2742,,1
2743, pain,2
2744,,0
2745, xray chest cancer,4
2746,,0
2747,,0
2748,,0
2749,,1
2750,,0
2751,,0
2752,,0
2753,,0
2754,,0
2755,,1
2756,,1
2757,bleeding,1
2758,,1
2759,,1
2760,,0
2761,,0
2762,,0
2763,,0
2764,,0
2765,,0
2766,cancer,1
2767,,1
2768,,0
2769,,0
2770, pain,2
2771,,1
2772,,0
2773,,1
2774,,1
2775,,0
2776,,1
2777,,1
2778,,1
2779,,0
2780,,0
2781,,0
2782,,1
2783,,0
2784,,0
2785,,1
2786,,1
2787,,0
2788,,1
2789,,0
2790,,0
2791,,0
2792, infection,2
2793,,1
2794, cancer,2
2795,,0
2796,,1
2797,,0
2798,,1
2799,,1
2800,,1
2801,,0
2802,,1
2803,,1
2804,,0
2805,,0
2806,,0
2807,,0
2808,,0
2809,,0
2810,,1
2811,,0
2812,,0
2813,,0
2814,,0
2815,,1
2816,teeth,1
2817,,1
2818,,1
2819,,1
2820,,1
2821,,1
2822,,1
2823,,1
2824,,1
2825,,0
2826,,1
2827,,1
2828,,0
2829,,0
2830,,1
2831,pain,1
2832,,1
2833,,1
2834,,0
2835,,0
2836,,0
2837,,1
2838,,0
2839, pain,2
2840,back,1
2841,,1
2842,,0
2843, pain,2
2844,,1
2845, cancer,2
2846,,1
2847,abdominal,1
2848, pain,2
2849,,1
2850,,0
2851,,1
2852,,0
2853,,0
2854,,0
2855,,0
2856,,0
2857,,1
2858,,0
2859,,1
2860,,1
2861,,0
2862,,1
2863,,0
2864, blood,2
2865,,0
2866,,0
2867,,0
2868,,0
2869,,0
2870,,0
2871,,1
2872,,1
2873,,0
2874,,1
2875,,0
2876,,1
2877,,1
2878,,1
2879,,0
2880,,1
2881,,0
2882,,1
2883,,0
2884,,0
2885, pain,2
2886,,0
2887,,1
2888,surgery,1
2889,,1
2890,,1
2891,disease,1
2892,,0
2893,,0
2894,,0
2895, cancer,2
2896,,1
2897,,1
2898,,1
2899,,0
2900,,0
2901,,0
2902,,1
2903,,1
2904, pain,2
2905, cancer,2
2906,,0
2907,,1
2908,,0
2909,,1
2910,pregnancy ectopic,2
2911,,1
2912,,1
2913,,1
2914,,1
2915,,0
2916,,0
2917,,0
2918,,1
2919,,1
2920,,1
2921,,0
2922,,1
2923,,1
2924,,1
2925,,0
2926,,0
2927,,0
2928,,0
2929,surgery,1
2930,,0
2931,,0
2932,,0
2933,,0
2934,,1
2935,,0
2936,,0
2937,,1
2938,,0
2939,,0
2940,,0
2941,,0
2942, surgery,2
2943,,0
2944,,0
2945,,0
2946,,0
2947,,0
2948,,1
2949,,1
2950,,1
2951,,0
2952,,1
2953, allergies allergy,3
2954,,0
2955,,1
2956,,1
2957,,0
2958,,1
2959,,0
2960,,1
2961,,0
2962,,1
2963,,1
2964,,1
2965,,1
2966,,0
2967,,1
2968,,1
2969,,1
2970,,0
2971,,1
2972,,1
2973,,0
2974,,0
2975,pain,1
2976,,1
2977,,0
2978,,1
2979,pain care,2
2980,,1
2981,,1
2982, sleep,2
2983,,0
2984,,0
2985,,1
2986, health,2
2987,,0
2988,,0
2989,,1
2990,,1
2991,,1
2992,,0
2993,,0
2994,,0
2995,,0
2996,,0
2997,,0
2998,,0
2999,,0
3000,,0
3001,,1
3002,,0
3003, foot,2
3004,,0
3005,,0
3006,,1
3007,,0
3008,,0
3009,,0
3010,,1
3011,,0
3012,,1
3013, normal,2
3014,,0
3015,,0
3016,,1
3017,,0
3018,,1
3019,,0
3020,,0
3021,,0
3022,,0
3023,,0
3024,,1
3025,,0
3026,pain,1
3027,,1
3028,,0
3029,,1
3030,,0
3031,,1
3032,tooth,1
3033,,0
3034,,1
3035,,1
3036,,0
3037,,1
3038,,0
3039,,0
3040,,1
3041,,0
3042,,0
3043,,1
3044, pain,2
3045,,0
3046,,1
3047,,0
3048,,0
3049,,0
3050,pain,1
3051,,0
3052,,0
3053,,0
3054,,0
3055,,1
3056,,1
3057,,1
3058, surgery,2
3059,,1
3060,,0
3061,,0
3062,,0
3063,,1
3064, 1 2,3
3065,,0
3066,,0
3067,,1
3068,,0
3069,,0
3070,,0
3071,,1
3072,,0
3073, pressure abnormal blood female,5
3074,,1
3075,,1
3076,,1
3077,,1
3078,,0
3079,,0
3080, pain,2
3081,,1
3082,,0
3083,,1
3084,,1
3085, diabetes,2
3086,,1
3087,,0
3088,,1
3089,,0
3090,,0
3091,,1
3092,,0
3093,,0
3094, pain,2
3095,,0
3096,,0
3097,,0
3098,ear,1
3099,,0
3100,,1
3101,,1
3102,,1
3103, heart 2 pain,4
3104,,0
3105, tmj pain,3
3106,,1
3107,,0
3108,,0
3109,,0
3110,,1
3111,,1
3112,,1
3113,,1
3114, pain,2
3115,,0
3116,,1
3117,,0
3118,,1
3119,,0
3120,,0
3121,chest pain,2
3122,,0
3123,,1
3124,,0
3125,,0
3126, surgery weight,3
3127,,1
3128,,0
3129,,1
3130,,0
3131,female,1
3132,,0
3133,,1
3134,,1
3135, medicine,2
3136,foot knee,2
3137,,0
3138,,0
3139,,0
3140,,1
3141,,1
3142,,1
3143,,0
3144,,1
3145,,0
3146,,1
3147,,1
3148,,0
3149,,1
3150,,0
3151,,0
3152,,0
3153,,0
3154,,1
3155,,1
3156,,0
3157,,0
3158,,1
3159,,0
3160,,0
3161,,0
3162,,1
3163,,1
3164,,1
3165,,1
3166,,0
3167,,1
3168,,1
3169,,0
3170,,0
3171,,0
3172,,0
3173,,0
3174,,1
3175,,0
3176,,1
3177,,0
3178,,0
3179,,0
3180,,0
3181,,1
3182,,0
3183, pain,2
3184,,0
3185,,0
3186,,0
3187,,0
3188,,1
3189,,0
3190,,1
3191,,0
3192, pain,2
3193,,1
3194,vaginal,1
3195,pain,1
3196,,0
3197,,1
3198,,1
3199,,0
3200,gallbladder,1
3201,,0
3202,,1
3203,,1
3204,,1
3205,,1
3206,,1
3207,,1
3208, pain,2
3209,,1
3210,,1
3211,,0
3212,,1
3213,,1
3214,,1
3215,,0
3216,,1
3217, pain,2
3218,,0
3219,,0
3220,,1
3221,,1
3222,,1
3223,,1
3224,,0
3225,,1
3226,,0
3227,,0
3228, ovulation,2
3229,,0
3230,,1
3231,,0
3232,,1
3233,,1
3234,,1
3235,,0
3236,,0
3237,,1
3238,,1
3239,,1
3240,,1
3241,,1
3242,,0
3243,,1
3244,,1
3245, ultrasound,2
3246, sore,2
3247, surgery,2
3248,,1
3249,,1
3250,,1
3251,,1
3252,,0
3253, ct scan,3
3254,,0
3255,,0
3256,,0
3257,,1
3258,,1
3259, cancer,2
3260,,0
3261,surgery,1
3262,,1
3263,,0
3264,,0
3265, surgery,2
3266, brain,2
3267,,1
3268,,0
3269,,0
3270,,1
3271,,1
3272,,1
3273, male cancer,3
3274, pain,2
3275,,0
3276,,1
3277,,1
3278,,0
3279,,0
3280,,0
3281,,0
3282,,0
3283,,0
3284,,1
3285,,1
3286,,0
3287,,1
3288,,0
3289,,1
3290, pain disease,3
3291,,1
3292,,0
3293,acne,1
3294,,0
3295, dizziness,2
3296,,0
3297,,0
3298,,0
3299,,0
3300,,1
3301,,0
3302,,1
3303,,1
3304, treatment cancer,3
3305,cold pain,2
3306, cancer,2
3307,,0
3308,,1
3309,pain,1
3310, throat child sore,4
3311,,0
3312,,0
3313,,0
3314,,1
3315,,1
3316,,1
3317,,0
3318,,0
3319,,1
3320,,1
3321,,0
3322,,1
3323,,1
3324, pain,2
3325,,1
3326,,0
3327,,1
3328, pain,2
3329, sleep,2
3330,cancer,1
3331,,1
3332,cough,1
3333,,1
3334,,1
3335,,1
3336,,0
3337,,1
3338,,1
3339,,1
