0,use,1
1,,0
2,,0
3,,0
4,,0
5,,0
6,,0
7,,0
8,,0
9,,0
10,,0
11,,0
12,,0
13,,0
14,,0
15,,0
16,see ent,2
17,sound like,2
18,,0
19,,0
20,,0
21,ive get,2
22,need,1
23,,0
24,,0
25,,0
26,like,1
27,,0
28,,0
29,,0
30,,0
31,pleas,1
32,,0
33,,0
34,,0
35,pain,1
36,,0
37,,0
38,,0
39,,0
40,,0
41,,0
42,,0
43,,0
44,,0
45,,0
46,,0
47,,0
48,,0
49,,0
50,muscl,1
51,,0
52,,0
53,relat,1
54,may,1
55,evalu,1
56,,0
57,,0
58,still last,2
59,,0
60,,0
61,would,1
62,like best,2
63,,0
64,caus,1
65,,0
66,multipl,1
67,,0
68,week,1
69,,0
70,,0
71,see want,2
72,,0
73,,0
74,ankl,1
75,,0
76,skin,1
77,,0
78,,0
79,,0
80,,0
81,,0
82,besid mouth,2
83,,0
84,,0
85,,0
86,,0
87,,0
88,hurt,1
89,,0
90,,0
91,,0
92,,0
93,,0
94,,0
95,,0
96,help,1
97,,0
98,test pain blood,3
99,use,1
100,,0
101,,0
102,antibiot,1
103,shot,1
104,2,1
105,,0
106,,0
107,,0
108,,0
109,,0
110,,0
111,,0
112,,0
113,sound see doctor,3
114,,0
115,pain,1
116,week,1
117,,0
118,,0
119,,0
120,,0
121,,0
122,,0
123,teeth,1
124,cancer,1
125,small,1
126,could,1
127,,0
128,done,1
129,,0
130,,0
131,,0
132,,0
133,caus,1
134,heart rate,2
135,,0
136,,0
137,,0
138,caus,1
139,,0
140,,0
141,almost like,2
142,,0
143,,0
144,,0
145,,0
146,dentist,1
147,,0
148,like,1
149,,0
150,,0
151,,0
152,caus,1
153,,0
154,,0
155,like,1
156,,0
157,,0
158,,0
159,,0
160,,0
161,,0
162,,0
163,1,1
164,take,1
165,,0
166,mri,1
167,,0
168,one get,2
169,,0
170,,0
171,,0
172,,0
173,,0
174,,0
175,,0
176,,0
177,without,1
178,,0
179,good,1
180,help,1
181,,0
182,,0
183,,0
184,throat,1
185,,0
186,,0
187,,0
188,,0
189,,0
190,,0
191,,0
192,month,1
193,,0
194,lower,1
195,,0
196,,0
197,,0
198,,0
199,,0
200,,0
201,pain,1
202,seem pain,2
203,,0
204,caus,1
205,,0
206,,0
207,,0
208,,0
209,,0
210,,0
211,,0
212,could,1
213,,0
214,,0
215,normal,1
216,,0
217,,0
218,,0
219,,0
220,,0
221,,0
222,,0
223,,0
224,,0
225,,0
226,,0
227,,0
228,,0
229,,0
230,well,1
231,,0
232,help,1
233,,0
234,,0
235,day,1
236,,0
237,,0
238,help,1
239,,0
240,,0
241,infect,1
242,,0
243,,0
244,,0
245,,0
246,,0
247,,0
248,migrain,1
249,,0
250,,0
251,go throat,2
252,,0
253,symptom,1
254,,0
255,,0
256,,0
257,someth,1
258,,0
259,,0
260,,0
261,,0
262,,0
263,,0
264,infect help,2
265,,0
266,,0
267,,0
268,,0
269,doctor,1
270,pain,1
271,,0
272,,0
273,,0
274,like help,2
275,,0
276,,0
277,,0
278,go,1
279,,0
280,,0
281,,0
282,need ultrasound mammogram diagnost,4
283,sinus,1
284,,0
285,,0
286,urin blood,2
287,,0
288,,0
289,,0
290,want,1
291,,0
292,,0
293,,0
294,,0
295,,0
296,,0
297,pain sever get,3
298,,0
299,,0
300,pain,1
301,,0
302,,0
303,,0
304,,0
305,,0
306,,0
307,,0
308,,0
309,see,1
310,sometim,1
311,,0
312,like,1
313,n,1
314,breast tissu normal,3
315,,0
316,,0
317,,0
318,,0
319,,0
320,,0
321,,0
322,,0
323,,0
324,,0
325,test think,2
326,may ie,2
327,,0
328,throat,1
329,,0
330,side,1
331,dentist teeth,2
332,,0
333,,0
334,could,1
335,,0
336,anoth,1
337,,0
338,wrong,1
339,,0
340,caus like,2
341,,0
342,,0
343,ultrasound,1
344,,0
345,,0
346,old,1
347,,0
348,,0
349,,0
350,,0
351,,0
352,,0
353,breast doctor,2
354,like,1
355,,0
356,,0
357,callus,1
358,,0
359,,0
360,,0
361,,0
362,,0
363,,0
364,develop,1
365,,0
366,,0
367,,0
368,lower,1
369,back surgic,2
370,,0
371,,0
372,,0
373,,0
374,,0
375,,0
376,,0
377,,0
378,wors,1
379,tooth,1
380,,0
381,,0
382,,0
383,take,1
384,,0
385,start,1
386,,0
387,,0
388,three,1
389,symptom,1
390,,0
391,,0
392,,0
393,knee,1
394,,0
395,,0
396,pain,1
397,,0
398,famili,1
399,,0
400,,0
401,treatment,1
402,one,1
403,,0
404,,0
405,also,1
406,symptom,1
407,,0
408,shoulder lot,2
409,,0
410,,0
411,eye blood,2
412,,0
413,,0
414,red,1
415,,0
416,,0
417,past,1
418,,0
419,,0
420,,0
421,,0
422,,0
423,,0
424,good one,2
425,,0
426,,0
427,,0
428,,0
429,,0
430,would,1
431,,0
432,,0
433,well,1
434,new,1
435,,0
436,,0
437,,0
438,,0
439,canal need root teeth,4
440,,0
441,,0
442,,0
443,,0
444,need,1
445,concern,1
446,,0
447,,0
448,,0
449,,0
450,,0
451,,0
452,,0
453,sinus,1
454,area,1
455,,0
456,headach,1
457,,0
458,,0
459,,0
460,,0
461,,0
462,headach dizzi,2
463,pain period blood,3
464,,0
465,,0
466,,0
467,pregnanc period,2
468,,0
469,,0
470,,0
471,,0
472,problem,1
473,,0
474,throat,1
475,caus bad,2
476,,0
477,,0
478,leg,1
479,,0
480,,0
481,sore fever,2
482,3 pregnant,2
483,take,1
484,infect,1
485,,0
486,,0
487,,0
488,week get,2
489,,0
490,,0
491,,0
492,,0
493,,0
494,,0
495,,0
496,,0
497,,0
498,,0
499,oral help,2
500,,0
501,,0
502,,0
503,could,1
504,,0
505,,0
506,also sleep,2
507,could blood,2
508,,0
509,,0
510,,0
511,,0
512,get,1
513,,0
514,,0
515,help,1
516,,0
517,heart attack,2
518,,0
519,,0
520,,0
521,,0
522,day,1
523,infect,1
524,shoulder,1
525,,0
526,,0
527,,0
528,,0
529,,0
530,,0
531,,0
532,pain,1
533,,0
534,,0
535,problem doctor,2
536,,0
537,,0
538,,0
539,,0
540,pain,1
541,tooth,1
542,,0
543,,0
544,foot,1
545,get,1
546,surgeri,1
547,,0
548,,0
549,,0
550,right pain,2
551,tmj,1
552,,0
553,caus,1
554,,0
555,test,1
556,,0
557,,0
558,,0
559,,0
560,,0
561,,0
562,,0
563,normal,1
564,lower,1
565,,0
566,caus could,2
567,,0
568,,0
569,,0
570,,0
571,,0
572,,0
573,,0
574,,0
575,,0
576,,0
577,,0
578,,0
579,,0
580,,0
581,,0
582,,0
583,chest,1
584,go,1
585,possibl month,2
586,,0
587,,0
588,,0
589,,0
590,,0
591,,0
592,left,1
593,pain,1
594,,0
595,,0
596,,0
597,,0
598,,0
599,,0
600,,0
601,,0
602,caus,1
603,,0
604,,0
605,,0
606,help,1
607,,0
608,,0
609,,0
610,,0
611,,0
612,,0
613,,0
614,,0
615,,0
616,,0
617,,0
618,,0
619,,0
620,,0
621,,0
622,,0
623,,0
624,,0
625,,0
626,3 2,2
627,use,1
628,pain,1
629,test,1
630,,0
631,like,1
632,,0
633,,0
634,,0
635,,0
636,,0
637,,0
638,,0
639,pain,1
640,,0
641,send,1
642,,0
643,,0
644,infect,1
645,,0
646,,0
647,,0
648,,0
649,,0
650,pain,1
651,,0
652,,0
653,red,1
654,,0
655,caus,1
656,4 day,2
657,sleep,1
658,,0
659,first,1
660,,0
661,,0
662,head,1
663,,0
664,sign,1
665,cancer,1
666,,0
667,dizzi sinc,2
668,,0
669,,0
670,see pain,2
671,,0
672,make,1
673,help,1
674,cancer,1
675,,0
676,,0
677,,0
678,,0
679,,0
680,,0
681,pain,1
682,,0
683,caus,1
684,,0
685,,0
686,,0
687,,0
688,treatment,1
689,arm,1
690,,0
691,,0
692,2,1
693,symptom,1
694,,0
695,year,1
696,,0
697,,0
698,possibl,1
699,bad,1
700,,0
701,,0
702,,0
703,,0
704,,0
705,cant,1
706,,0
707,,0
708,,0
709,,0
710,,0
711,infect,1
712,pregnanc,1
713,,0
714,,0
715,,0
716,,0
717,,0
718,,0
719,,0
720,could,1
721,,0
722,,0
723,,0
724,,0
725,time doctor,2
726,,0
727,,0
728,,0
729,,0
730,,0
731,,0
732,,0
733,everi,1
734,,0
735,,0
736,pain,1
737,,0
738,could,1
739,studi,1
740,,0
741,,0
742,,0
743,,0
744,,0
745,dentist like tooth,3
746,caus tight extrem,3
747,,0
748,pain,1
749,,0
750,,0
751,use,1
752,,0
753,,0
754,,0
755,,0
756,,0
757,,0
758,,0
759,,0
760,test blood,2
761,,0
762,,0
763,,0
764,,0
765,get,1
766,,0
767,,0
768,,0
769,,0
770,tooth,1
771,could,1
772,breast,1
773,,0
774,caus,1
775,symptom one,2
776,like,1
777,,0
778,,0
779,get,1
780,,0
781,,0
782,antibiot take,2
783,get,1
784,,0
785,,0
786,,0
787,,0
788,need,1
789,,0
790,,0
791,,0
792,,0
793,,0
794,,0
795,help,1
796,,0
797,,0
798,infect doctor,2
799,without,1
800,,0
801,,0
802,,0
803,,0
804,,0
805,neck,1
806,,0
807,,0
808,,0
809,,0
810,,0
811,,0
812,,0
813,get,1
814,,0
815,see,1
816,,0
817,,0
818,,0
819,,0
820,,0
821,,0
822,,0
823,extract,1
824,,0
825,patient help procedur usual,4
826,pain,1
827,,0
828,,0
829,,0
830,,0
831,,0
832,,0
833,,0
834,cancer,1
835,,0
836,,0
837,,0
838,,0
839,,0
840,,0
841,,0
842,,0
843,,0
844,,0
845,,0
846,want,1
847,need,1
848,,0
849,,0
850,caus,1
851,infect help,2
852,caus,1
853,,0
854,,0
855,,0
856,benign,1
857,normal,1
858,,0
859,,0
860,call,1
861,year,1
862,,0
863,,0
864,caus,1
865,,0
866,,0
867,,0
868,,0
869,,0
870,,0
871,,0
872,,0
873,node lymph,2
874,,0
875,,0
876,,0
877,,0
878,need pain help,3
879,caus could,2
880,,0
881,,0
882,,0
883,,0
884,go,1
885,,0
886,,0
887,,0
888,get,1
889,,0
890,week caus pain,3
891,,0
892,pain,1
893,,0
894,week,1
895,,0
896,,0
897,dr,1
898,like,1
899,root,1
900,,0
901,like,1
902,,0
903,infect,1
904,,0
905,,0
906,,0
907,,0
908,,0
909,,0
910,,0
911,,0
912,,0
913,,0
914,,0
915,,0
916,,0
917,,0
918,,0
919,sore,1
920,,0
921,,0
922,,0
923,,0
924,,0
925,,0
926,,0
927,,0
928,,0
929,,0
930,,0
931,cancer,1
932,,0
933,,0
934,,0
935,,0
936,,0
937,infect,1
938,,0
939,,0
940,see,1
941,,0
942,still,1
943,,0
944,,0
945,,0
946,,0
947,also,1
948,,0
949,,0
950,,0
951,,0
952,,0
953,,0
954,,0
955,,0
956,,0
957,,0
958,,0
959,,0
960,pain breast,2
961,,0
962,,0
963,pain,1
964,gum,1
965,could,1
966,,0
967,,0
968,,0
969,,0
970,,0
971,,0
972,,0
973,,0
974,,0
975,,0
976,allergi,1
977,,0
978,breath negat,2
979,,0
980,doctor,1
981,,0
982,middl,1
983,,0
984,,0
985,,0
986,,0
987,,0
988,,0
989,,0
990,,0
991,biopsi,1
992,,0
993,open,1
994,,0
995,,0
996,,0
997,negat,1
998,,0
999,,0
1000,,0
1001,,0
1002,,0
1003,,0
1004,,0
1005,get less,2
1006,,0
1007,,0
1008,infect normal,2
1009,could pregnant,2
1010,see,1
1011,,0
1012,blood,1
1013,,0
1014,,0
1015,test sign,2
1016,pea size,2
1017,test specif,2
1018,,0
1019,,0
1020,,0
1021,,0
1022,,0
1023,,0
1024,,0
1025,,0
1026,,0
1027,,0
1028,test,1
1029,,0
1030,,0
1031,,0
1032,,0
1033,,0
1034,,0
1035,,0
1036,,0
1037,get,1
1038,caus,1
1039,,0
1040,,0
1041,doctor,1
1042,,0
1043,,0
1044,,0
1045,,0
1046,,0
1047,,0
1048,,0
1049,,0
1050,,0
1051,,0
1052,,0
1053,,0
1054,,0
1055,,0
1056,,0
1057,,0
1058,,0
1059,three,1
1060,,0
1061,get,1
1062,,0
1063,,0
1064,,0
1065,,0
1066,,0
1067,diseas,1
1068,,0
1069,,0
1070,go symptom,2
1071,,0
1072,,0
1073,itch,1
1074,,0
1075,,0
1076,breath need,2
1077,,0
1078,,0
1079,pain,1
1080,,0
1081,,0
1082,,0
1083,start,1
1084,,0
1085,,0
1086,,0
1087,,0
1088,blood,1
1089,,0
1090,,0
1091,caus,1
1092,,0
1093,,0
1094,,0
1095,pressur,1
1096,pain back,2
1097,,0
1098,,0
1099,burn,1
1100,,0
1101,,0
1102,,0
1103,,0
1104,,0
1105,may,1
1106,,0
1107,,0
1108,feel,1
1109,,0
1110,,0
1111,,0
1112,pain,1
1113,,0
1114,see,1
1115,,0
1116,,0
1117,,0
1118,,0
1119,,0
1120,,0
1121,,0
1122,pain help,2
1123,one,1
1124,,0
1125,caus pain,2
1126,,0
1127,,0
1128,,0
1129,,0
1130,,0
1131,,0
1132,sever,1
1133,,0
1134,pain neck,2
1135,,0
1136,,0
1137,need,1
1138,,0
1139,,0
1140,40,1
1141,,0
1142,,0
1143,may,1
1144,,0
1145,,0
1146,,0
1147,,0
1148,doctor,1
1149,,0
1150,bleed,1
1151,see dentist,2
1152,,0
1153,,0
1154,could,1
1155,infect dentist wisdom,3
1156,,0
1157,extract,1
1158,spot like,2
1159,,0
1160,like symptom,2
1161,,0
1162,,0
1163,4,1
1164,,0
1165,,0
1166,,0
1167,,0
1168,,0
1169,,0
1170,,0
1171,,0
1172,see,1
1173,,0
1174,,0
1175,,0
1176,,0
1177,,0
1178,,0
1179,,0
1180,,0
1181,,0
1182,month,1
1183,,0
1184,,0
1185,,0
1186,,0
1187,time,1
1188,,0
1189,,0
1190,,0
1191,swell pain,2
1192,,0
1193,,0
1194,,0
1195,,0
1196,,0
1197,node also lymph,3
1198,,0
1199,,0
1200,,0
1201,,0
1202,bone,1
1203,,0
1204,,0
1205,,0
1206,,0
1207,tooth wisdom,2
1208,teeth wisdom,2
1209,,0
1210,,0
1211,normal,1
1212,,0
1213,one hurt,2
1214,,0
1215,,0
1216,,0
1217,,0
1218,,0
1219,,0
1220,6,1
1221,,0
1222,,0
1223,area,1
1224,,0
1225,,0
1226,,0
1227,infect,1
1228,,0
1229,,0
1230,,0
1231,,0
1232,,0
1233,,0
1234,,0
1235,see pain,2
1236,,0
1237,,0
1238,,0
1239,breast,1
1240,get,1
1241,,0
1242,doctor,1
1243,make surgeri,2
1244,,0
1245,,0
1246,,0
1247,get,1
1248,,0
1249,chang,1
1250,,0
1251,,0
1252,2 day,2
1253,done,1
1254,,0
1255,doctor,1
1256,,0
1257,bad get,2
1258,could pain,2
1259,,0
1260,,0
1261,,0
1262,normal,1
1263,,0
1264,,0
1265,,0
1266,,0
1267,,0
1268,,0
1269,,0
1270,,0
1271,,0
1272,continu,1
1273,,0
1274,,0
1275,infect neck,2
1276,,0
1277,spread,1
1278,,0
1279,headach,1
1280,,0
1281,ankl swell 2 pain,4
1282,breast,1
1283,,0
1284,,0
1285,,0
1286,could,1
1287,,0
1288,,0
1289,,0
1290,,0
1291,,0
1292,,0
1293,alway,1
1294,spot like,2
1295,,0
1296,,0
1297,,0
1298,could would,2
1299,,0
1300,,0
1301,need,1
1302,side,1
1303,,0
1304,oral surgeon pain,3
1305,,0
1306,,0
1307,,0
1308,,0
1309,get,1
1310,,0
1311,jaw,1
1312,dentist,1
1313,one,1
1314,,0
1315,,0
1316,,0
1317,big,1
1318,,0
1319,,0
1320,dont,1
1321,,0
1322,,0
1323,sensit need call,3
1324,,0
1325,,0
1326,without,1
1327,,0
1328,,0
1329,,0
1330,,0
1331,infect,1
1332,,0
1333,could,1
1334,,0
1335,,0
1336,,0
1337,,0
1338,,0
1339,,0
1340,,0
1341,pain sever,2
1342,,0
1343,,0
1344,mammogram breast,2
1345,pain,1
1346,,0
1347,,0
1348,,0
1349,,0
1350,,0
1351,see,1
1352,,0
1353,,0
1354,,0
1355,,0
1356,,0
1357,,0
1358,use,1
1359,,0
1360,,0
1361,,0
1362,knee,1
1363,ms,1
1364,,0
1365,,0
1366,,0
1367,,0
1368,jaw,1
1369,,0
1370,,0
1371,,0
1372,,0
1373,symptom,1
1374,,0
1375,,0
1376,,0
1377,,0
1378,,0
1379,,0
1380,,0
1381,,0
1382,,0
1383,,0
1384,,0
1385,,0
1386,,0
1387,,0
1388,,0
1389,pain,1
1390,,0
1391,,0
1392,,0
1393,need,1
1394,,0
1395,,0
1396,well,1
1397,,0
1398,,0
1399,,0
1400,,0
1401,,0
1402,,0
1403,breast famili,2
1404,,0
1405,,0
1406,,0
1407,,0
1408,,0
1409,teeth,1
1410,,0
1411,,0
1412,,0
1413,,0
1414,,0
1415,,0
1416,need,1
1417,,0
1418,part,1
1419,,0
1420,problem,1
1421,,0
1422,,0
1423,time,1
1424,,0
1425,,0
1426,get,1
1427,,0
1428,,0
1429,,0
1430,,0
1431,,0
1432,right,1
1433,month,1
1434,,0
1435,,0
1436,right pain,2
1437,,0
1438,,0
1439,,0
1440,site,1
1441,,0
1442,,0
1443,,0
1444,,0
1445,chest,1
1446,,0
1447,,0
1448,,0
1449,,0
1450,,0
1451,,0
1452,take,1
1453,,0
1454,,0
1455,,0
1456,,0
1457,,0
1458,,0
1459,,0
1460,,0
1461,normal,1
1462,caus,1
1463,,0
1464,,0
1465,,0
1466,,0
1467,sever,1
1468,idea,1
1469,get,1
1470,,0
1471,test blood,2
1472,,0
1473,,0
1474,,0
1475,,0
1476,,0
1477,,0
1478,infect could,2
1479,,0
1480,infect one,2
1481,,0
1482,,0
1483,,0
1484,,0
1485,,0
1486,help,1
1487,get,1
1488,could,1
1489,,0
1490,,0
1491,treat,1
1492,,0
1493,pregnanc,1
1494,,0
1495,,0
1496,better,1
1497,,0
1498,,0
1499,like,1
1500,,0
1501,,0
1502,,0
1503,,0
1504,,0
1505,,0
1506,,0
1507,pain like would,3
1508,,0
1509,,0
1510,,0
1511,,0
1512,,0
1513,tri,1
1514,,0
1515,,0
1516,,0
1517,,0
1518,,0
1519,,0
1520,,0
1521,,0
1522,,0
1523,,0
1524,like,1
1525,,0
1526,,0
1527,,0
1528,,0
1529,,0
1530,node lymph,2
1531,need,1
1532,also pain sometim,3
1533,,0
1534,also,1
1535,,0
1536,,0
1537,,0
1538,pain,1
1539,breast cancer think,3
1540,,0
1541,see,1
1542,,0
1543,,0
1544,,0
1545,,0
1546,,0
1547,problem,1
1548,,0
1549,,0
1550,month get,2
1551,symptom worri,2
1552,see,1
1553,,0
1554,pain,1
1555,,0
1556,,0
1557,caus,1
1558,,0
1559,,0
1560,,0
1561,,0
1562,,0
1563,,0
1564,,0
1565,,0
1566,also extrem,2
1567,,0
1568,,0
1569,,0
1570,,0
1571,,0
1572,sound,1
1573,,0
1574,,0
1575,,0
1576,,0
1577,,0
1578,tooth,1
1579,want,1
1580,,0
1581,,0
1582,,0
1583,,0
1584,numb nerv,2
1585,,0
1586,,0
1587,bad like,2
1588,,0
1589,head,1
1590,near,1
1591,,0
1592,,0
1593,,0
1594,,0
1595,,0
1596,,0
1597,,0
1598,,0
1599,,0
1600,,0
1601,,0
1602,,0
1603,,0
1604,,0
1605,,0
1606,cancer,1
1607,see,1
1608,,0
1609,,0
1610,like sometim,2
1611,,0
1612,,0
1613,use,1
1614,,0
1615,,0
1616,,0
1617,,0
1618,,0
1619,,0
1620,see get infect back dentist come,6
1621,,0
1622,symptom,1
1623,,0
1624,,0
1625,,0
1626,,0
1627,,0
1628,,0
1629,,0
1630,,0
1631,,0
1632,test,1
1633,,0
1634,,0
1635,,0
1636,pain,1
1637,may keep,2
1638,,0
1639,,0
1640,,0
1641,,0
1642,need,1
1643,,0
1644,,0
1645,zero,1
1646,,0
1647,,0
1648,test doctor,2
1649,,0
1650,,0
1651,headach,1
1652,,0
1653,even like,2
1654,,0
1655,,0
1656,pain,1
1657,,0
1658,,0
1659,surgeri wisdom teeth,3
1660,could,1
1661,,0
1662,,0
1663,,0
1664,,0
1665,,0
1666,,0
1667,get,1
1668,,0
1669,,0
1670,,0
1671,,0
1672,,0
1673,,0
1674,,0
1675,canal,1
1676,,0
1677,,0
1678,,0
1679,,0
1680,pain,1
1681,caus,1
1682,,0
1683,,0
1684,need,1
1685,,0
1686,,0
1687,doctor get,2
1688,,0
1689,pain help day,3
1690,,0
1691,,0
1692,,0
1693,caus,1
1694,,0
1695,,0
1696,,0
1697,,0
1698,,0
1699,even,1
1700,,0
1701,,0
1702,,0
1703,,0
1704,cough,1
1705,pain done back blood,4
1706,,0
1707,,0
1708,,0
1709,headach,1
1710,pain get,2
1711,,0
1712,,0
1713,caus,1
1714,,0
1715,,0
1716,,0
1717,,0
1718,,0
1719,,0
1720,,0
1721,,0
1722,,0
1723,,0
1724,pain,1
1725,,0
1726,,0
1727,,0
1728,,0
1729,,0
1730,,0
1731,pneumonia,1
1732,,0
1733,,0
1734,need tooth,2
1735,tooth,1
1736,,0
1737,,0
1738,,0
1739,,0
1740,,0
1741,,0
1742,,0
1743,,0
1744,mri,1
1745,,0
1746,,0
1747,,0
1748,numb hand,2
1749,help,1
1750,,0
1751,,0
1752,,0
1753,,0
1754,,0
1755,,0
1756,get,1
1757,,0
1758,,0
1759,lump,1
1760,could,1
1761,,0
1762,,0
1763,side,1
1764,,0
1765,,0
1766,,0
1767,,0
1768,doctor,1
1769,,0
1770,,0
1771,,0
1772,,0
1773,sore,1
1774,month,1
1775,,0
1776,surgeri,1
1777,,0
1778,,0
1779,im,1
1780,,0
1781,,0
1782,,0
1783,,0
1784,,0
1785,ms,1
1786,,0
1787,pain,1
1788,,0
1789,,0
1790,,0
1791,xray use ct one,4
1792,,0
1793,,0
1794,,0
1795,,0
1796,,0
1797,,0
1798,,0
1799,need,1
1800,,0
1801,,0
1802,,0
1803,,0
1804,,0
1805,,0
1806,pain mouth,2
1807,pain help,2
1808,,0
1809,,0
1810,rule get,2
1811,good,1
1812,,0
1813,,0
1814,pain,1
1815,test blood,2
1816,,0
1817,bodi bad,2
1818,well,1
1819,,0
1820,make,1
1821,,0
1822,,0
1823,,0
1824,2,1
1825,,0
1826,echo,1
1827,,0
1828,could,1
1829,,0
1830,,0
1831,around,1
1832,fever,1
1833,,0
1834,,0
1835,,0
1836,,0
1837,,0
1838,,0
1839,week tri,2
1840,,0
1841,right,1
1842,,0
1843,need,1
1844,breast,1
1845,,0
1846,,0
1847,,0
1848,pain,1
1849,,0
1850,,0
1851,,0
1852,low,1
1853,,0
1854,,0
1855,,0
1856,,0
1857,,0
1858,,0
1859,,0
1860,,0
1861,,0
1862,,0
1863,,0
1864,,0
1865,,0
1866,see,1
1867,surgeri pain,2
1868,,0
1869,,0
1870,,0
1871,infect,1
1872,,0
1873,,0
1874,risk,1
1875,,0
1876,caus,1
1877,,0
1878,,0
1879,,0
1880,,0
1881,chest breast,2
1882,,0
1883,,0
1884,get,1
1885,,0
1886,,0
1887,,0
1888,would,1
1889,breast cancer one,3
1890,,0
1891,get,1
1892,,0
1893,,0
1894,,0
1895,,0
1896,,0
1897,,0
1898,,0
1899,,0
1900,need doctor,2
1901,,0
1902,symptom,1
1903,headach pain,2
1904,,0
1905,,0
1906,,0
1907,2 pain,2
1908,,0
1909,,0
1910,,0
1911,,0
1912,,0
1913,,0
1914,pain,1
1915,,0
1916,,0
1917,,0
1918,,0
1919,,0
1920,,0
1921,,0
1922,give,1
1923,infect treat,2
1924,,0
1925,symptom,1
1926,test pain,2
1927,,0
1928,,0
1929,,0
1930,,0
1931,normal,1
1932,,0
1933,,0
1934,amoxicillin,1
1935,,0
1936,think,1
1937,asap,1
1938,go,1
1939,,0
1940,concern unprotect,2
1941,breast,1
1942,normal cancer scan,3
1943,caus ruptur,2
1944,,0
1945,pain,1
1946,,0
1947,,0
1948,cancer,1
1949,take,1
1950,,0
1951,chest,1
1952,,0
1953,,0
1954,,0
1955,,0
1956,,0
1957,,0
1958,,0
1959,long,1
1960,,0
1961,,0
1962,,0
1963,see irrit,2
1964,,0
1965,,0
1966,,0
1967,,0
1968,,0
1969,,0
1970,,0
1971,,0
1972,,0
1973,,0
1974,get,1
1975,,0
1976,could,1
1977,caus,1
1978,,0
1979,,0
1980,,0
1981,like get,2
1982,,0
1983,,0
1984,,0
1985,,0
1986,,0
1987,,0
1988,,0
1989,good,1
1990,,0
1991,,0
1992,,0
1993,start pain,2
1994,,0
1995,painless,1
1996,,0
1997,pull,1
1998,,0
1999,acid,1
2000,bone,1
2001,need infect tooth,3
2002,pain,1
2003,,0
2004,,0
2005,,0
2006,,0
2007,,0
2008,,0
2009,need,1
2010,,0
2011,,0
2012,,0
2013,,0
2014,,0
2015,,0
2016,feel,1
2017,,0
2018,allergi like,2
2019,,0
2020,,0
2021,,0
2022,,0
2023,,0
2024,,0
2025,,0
2026,,0
2027,pain,1
2028,would,1
2029,,0
2030,,0
2031,,0
2032,time,1
2033,,0
2034,,0
2035,red,1
2036,,0
2037,,0
2038,,0
2039,,0
2040,,0
2041,,0
2042,,0
2043,,0
2044,also,1
2045,period blood,2
2046,,0
2047,,0
2048,,0
2049,,0
2050,xray anoth chest densiti,4
2051,,0
2052,,0
2053,problem,1
2054,surgeri swell,2
2055,,0
2056,,0
2057,pain,1
2058,,0
2059,,0
2060,new,1
2061,,0
2062,,0
2063,,0
2064,,0
2065,,0
2066,,0
2067,feel,1
2068,,0
2069,,0
2070,,0
2071,,0
2072,,0
2073,remov cancer,2
2074,,0
2075,throat swallow pain,3
2076,,0
2077,,0
2078,,0
2079,,0
2080,around,1
2081,,0
2082,,0
2083,get,1
2084,,0
2085,,0
2086,,0
2087,,0
2088,,0
2089,,0
2090,,0
2091,,0
2092,,0
2093,,0
2094,,0
2095,pain,1
2096,,0
2097,,0
2098,mild,1
2099,possibl,1
2100,take,1
2101,,0
2102,,0
2103,,0
2104,,0
2105,,0
2106,,0
2107,,0
2108,,0
2109,,0
2110,could,1
2111,,0
2112,,0
2113,,0
2114,pain,1
2115,,0
2116,,0
2117,,0
2118,,0
2119,,0
2120,,0
2121,,0
2122,,0
2123,,0
2124,,0
2125,eat,1
2126,,0
2127,tooth,1
2128,,0
2129,,0
2130,,0
2131,,0
2132,,0
2133,,0
2134,,0
2135,,0
2136,,0
2137,get,1
2138,time,1
2139,get,1
2140,,0
2141,caus,1
2142,pain,1
2143,,0
2144,,0
2145,,0
2146,,0
2147,,0
2148,get,1
2149,,0
2150,,0
2151,,0
2152,mild,1
2153,,0
2154,left,1
2155,,0
2156,,0
2157,,0
2158,,0
2159,,0
2160,,0
2161,fever,1
2162,caus,1
2163,,0
2164,go,1
2165,,0
2166,go littl,2
2167,,0
2168,cours get,2
2169,feel,1
2170,,0
2171,get,1
2172,surgeri,1
2173,doctor,1
2174,,0
2175,,0
2176,,0
2177,,0
2178,,0
2179,,0
2180,,0
2181,,0
2182,,0
2183,feel,1
2184,,0
2185,pain,1
2186,,0
2187,,0
2188,,0
2189,,0
2190,treat,1
2191,,0
2192,doctor,1
2193,doctor,1
2194,,0
2195,,0
2196,,0
2197,cancer,1
2198,,0
2199,,0
2200,,0
2201,,0
2202,normal,1
2203,,0
2204,,0
2205,,0
2206,day,1
2207,,0
2208,,0
2209,,0
2210,,0
2211,pain,1
2212,,0
2213,,0
2214,,0
2215,test,1
2216,,0
2217,,0
2218,,0
2219,,0
2220,,0
2221,extrem lump,2
2222,extract,1
2223,,0
2224,,0
2225,,0
2226,,0
2227,,0
2228,see,1
2229,,0
2230,nose,1
2231,side,1
2232,,0
2233,,0
2234,,0
2235,,0
2236,,0
2237,problem,1
2238,1 2,2
2239,,0
2240,eye,1
2241,,0
2242,result,1
2243,,0
2244,,0
2245,,0
2246,,0
2247,,0
2248,,0
2249,,0
2250,,0
2251,,0
2252,,0
2253,cyst,1
2254,,0
2255,,0
2256,,0
2257,,0
2258,,0
2259,,0
2260,side,1
2261,,0
2262,,0
2263,,0
2264,could,1
2265,3,1
2266,,0
2267,,0
2268,get,1
2269,,0
2270,,0
2271,,0
2272,eczema,1
2273,,0
2274,,0
2275,,0
2276,could,1
2277,,0
2278,,0
2279,left,1
2280,,0
2281,,0
2282,,0
2283,,0
2284,,0
2285,sever,1
2286,,0
2287,,0
2288,dr,1
2289,,0
2290,,0
2291,cancer would,2
2292,acn,1
2293,could pain,2
2294,,0
2295,,0
2296,,0
2297,viral,1
2298,,0
2299,,0
2300,knee pain,2
2301,,0
2302,,0
2303,infect,1
2304,,0
2305,,0
2306,,0
2307,infect,1
2308,,0
2309,,0
2310,,0
2311,someth,1
2312,need fever,2
2313,pain,1
2314,gland,1
2315,test,1
2316,,0
2317,,0
2318,help,1
2319,iv,1
2320,see soon tooth,3
2321,,0
2322,base,1
2323,,0
2324,,0
2325,,0
2326,,0
2327,,0
2328,,0
2329,,0
2330,around,1
2331,could,1
2332,,0
2333,also,1
2334,,0
2335,,0
2336,,0
2337,,0
2338,,0
2339,test,1
2340,line,1
2341,,0
2342,bad,1
2343,day,1
2344,,0
2345,4 time,2
2346,,0
2347,,0
2348,chest smoke cancer,3
2349,neck,1
2350,symptom,1
2351,pain,1
2352,,0
2353,suffer,1
2354,warm,1
2355,pressur like,2
2356,,0
2357,cough asthma,2
2358,,0
2359,,0
2360,,0
2361,open,1
2362,,0
2363,week,1
2364,,0
2365,,0
2366,,0
2367,,0
2368,,0
2369,pain,1
2370,test,1
2371,,0
2372,,0
2373,,0
2374,,0
2375,pain,1
2376,,0
2377,,0
2378,old,1
2379,,0
2380,radiat,1
2381,,0
2382,pain,1
2383,,0
2384,,0
2385,well,1
2386,,0
2387,,0
2388,,0
2389,,0
2390,like get,2
2391,,0
2392,node lymph,2
2393,,0
2394,pain,1
2395,test could say,3
2396,headach month,2
2397,,0
2398,,0
2399,start pain,2
2400,doctor,1
2401,,0
2402,,0
2403,,0
2404,,0
2405,,0
2406,,0
2407,,0
2408,breast cancer,2
2409,,0
2410,,0
2411,pain,1
2412,,0
2413,ankl pain check,3
2414,,0
2415,pain,1
2416,,0
2417,,0
2418,,0
2419,,0
2420,,0
2421,intermitt,1
2422,infect ear pain jaw tooth,5
2423,,0
2424,,0
2425,,0
2426,could dentist,2
2427,,0
2428,,0
2429,,0
2430,tooth,1
2431,,0
2432,,0
2433,,0
2434,,0
2435,,0
2436,,0
2437,,0
2438,,0
2439,,0
2440,,0
2441,,0
2442,breast,1
2443,,0
2444,tumor brain,2
2445,,0
2446,good,1
2447,,0
2448,,0
2449,,0
2450,,0
2451,,0
2452,,0
2453,doctor,1
2454,,0
2455,,0
2456,,0
2457,,0
2458,,0
2459,,0
2460,entrap nerv,2
2461,,0
2462,year,1
2463,see,1
2464,,0
2465,,0
2466,,0
2467,,0
2468,get,1
2469,,0
2470,,0
2471,,0
2472,,0
2473,caus,1
2474,,0
2475,,0
2476,pain,1
2477,,0
2478,,0
2479,,0
2480,,0
2481,surgeri,1
2482,md,1
2483,,0
2484,,0
2485,,0
2486,,0
2487,,0
2488,,0
2489,1,1
2490,,0
2491,,0
2492,,0
2493,,0
2494,teeth,1
2495,help,1
2496,,0
2497,attack symptom,2
2498,,0
2499,,0
2500,week,1
2501,,0
2502,,0
2503,good possibl,2
2504,,0
2505,,0
2506,,0
2507,,0
2508,pain,1
2509,week,1
2510,,0
2511,miscarriag help,2
2512,,0
2513,need,1
2514,,0
2515,,0
2516,use,1
2517,get,1
2518,,0
2519,like,1
2520,,0
2521,,0
2522,,0
2523,back,1
2524,,0
2525,,0
2526,,0
2527,,0
2528,,0
2529,,0
2530,headach could pain vision,4
2531,dri,1
2532,,0
2533,,0
2534,,0
2535,,0
2536,,0
2537,,0
2538,,0
2539,,0
2540,,0
2541,,0
2542,,0
2543,,0
2544,,0
2545,,0
2546,xray go chest lung,4
2547,,0
2548,recommend,1
2549,push,1
2550,,0
2551,better,1
2552,,0
2553,,0
2554,,0
2555,,0
2556,,0
2557,wors,1
2558,,0
2559,,0
2560,,0
2561,,0
2562,blood,1
2563,,0
2564,,0
2565,symptom,1
2566,high,1
2567,,0
2568,,0
2569,,0
2570,,0
2571,,0
2572,find,1
2573,,0
2574,,0
2575,normal,1
2576,,0
2577,,0
2578,,0
2579,,0
2580,,0
2581,,0
2582,,0
2583,,0
2584,,0
2585,,0
2586,,0
2587,,0
2588,,0
2589,,0
2590,,0
2591,,0
2592,,0
2593,,0
2594,,0
2595,,0
2596,wisdom,1
2597,,0
2598,,0
2599,,0
2600,,0
2601,get,1
2602,,0
2603,,0
2604,,0
2605,,0
2606,,0
2607,,0
2608,,0
2609,sever,1
2610,,0
2611,,0
2612,,0
2613,,0
2614,eye,1
2615,,0
2616,,0
2617,,0
2618,,0
2619,cancer,1
2620,,0
2621,,0
2622,,0
2623,could,1
2624,,0
2625,,0
2626,indic,1
2627,,0
2628,good,1
2629,,0
2630,,0
2631,,0
2632,cancer,1
2633,,0
2634,,0
2635,,0
2636,,0
2637,,0
2638,,0
2639,,0
2640,,0
2641,,0
2642,,0
2643,,0
2644,,0
2645,,0
2646,,0
2647,,0
2648,,0
2649,,0
2650,test,1
2651,,0
2652,,0
2653,caus,1
2654,,0
2655,,0
2656,,0
2657,,0
2658,caus,1
2659,,0
2660,,0
2661,,0
2662,,0
2663,,0
2664,,0
2665,,0
2666,,0
2667,,0
2668,,0
2669,expos get,2
2670,,0
2671,,0
2672,,0
2673,,0
2674,,0
2675,,0
2676,dont,1
2677,,0
2678,,0
2679,,0
2680,infect,1
2681,,0
2682,,0
2683,,0
2684,,0
2685,,0
2686,,0
2687,,0
2688,swell pain,2
2689,,0
2690,,0
2691,also,1
2692,,0
2693,like,1
2694,,0
2695,muscl,1
2696,,0
2697,,0
2698,,0
2699,,0
2700,,0
2701,,0
2702,,0
2703,,0
2704,,0
2705,,0
2706,,0
2707,nose,1
2708,,0
2709,,0
2710,,0
2711,,0
2712,,0
2713,day,1
2714,,0
2715,,0
2716,,0
2717,,0
2718,,0
2719,,0
2720,,0
2721,,0
2722,,0
2723,,0
2724,,0
2725,could,1
2726,diagnosi,1
2727,pain,1
2728,,0
2729,,0
2730,pain,1
2731,,0
2732,,0
2733,,0
2734,,0
2735,els,1
2736,,0
2737,surgeri,1
2738,back,1
2739,,0
2740,,0
2741,,0
2742,,0
2743,,0
2744,last,1
2745,doctor,1
2746,,0
2747,get,1
2748,,0
2749,,0
2750,,0
2751,,0
2752,,0
2753,caus,1
2754,,0
2755,,0
2756,,0
2757,start,1
2758,,0
2759,,0
2760,doctor,1
2761,,0
2762,,0
2763,,0
2764,,0
2765,,0
2766,need cancer,2
2767,,0
2768,,0
2769,,0
2770,,0
2771,,0
2772,,0
2773,,0
2774,,0
2775,,0
2776,test blood,2
2777,day,1
2778,,0
2779,,0
2780,,0
2781,,0
2782,,0
2783,,0
2784,,0
2785,,0
2786,,0
2787,,0
2788,,0
2789,,0
2790,,0
2791,,0
2792,,0
2793,,0
2794,,0
2795,see doctor,2
2796,,0
2797,cancer,1
2798,,0
2799,,0
2800,,0
2801,,0
2802,,0
2803,take,1
2804,,0
2805,,0
2806,right long,2
2807,,0
2808,,0
2809,pain,1
2810,,0
2811,pain,1
2812,,0
2813,,0
2814,,0
2815,,0
2816,teeth wisdom,2
2817,,0
2818,like,1
2819,could month,2
2820,stop,1
2821,,0
2822,,0
2823,2,1
2824,blood,1
2825,,0
2826,,0
2827,,0
2828,day,1
2829,,0
2830,pain,1
2831,pain,1
2832,,0
2833,,0
2834,take,1
2835,numb,1
2836,,0
2837,,0
2838,pain,1
2839,could,1
2840,,0
2841,,0
2842,,0
2843,,0
2844,,0
2845,,0
2846,,0
2847,,0
2848,,0
2849,,0
2850,,0
2851,,0
2852,,0
2853,,0
2854,,0
2855,,0
2856,,0
2857,symptom,1
2858,,0
2859,think,1
2860,,0
2861,,0
2862,,0
2863,,0
2864,dr,1
2865,need,1
2866,,0
2867,,0
2868,,0
2869,,0
2870,migrain like,2
2871,doctor,1
2872,treatment,1
2873,,0
2874,,0
2875,,0
2876,,0
2877,,0
2878,,0
2879,,0
2880,,0
2881,,0
2882,,0
2883,,0
2884,prescrib allergi would,3
2885,,0
2886,3 day,2
2887,,0
2888,,0
2889,,0
2890,,0
2891,,0
2892,,0
2893,take,1
2894,need,1
2895,cancer,1
2896,infect,1
2897,possibl,1
2898,also,1
2899,,0
2900,,0
2901,,0
2902,,0
2903,,0
2904,,0
2905,,0
2906,,0
2907,,0
2908,tri,1
2909,,0
2910,pregnanc,1
2911,,0
2912,factor,1
2913,,0
2914,could,1
2915,,0
2916,need,1
2917,brain,1
2918,,0
2919,,0
2920,see would,2
2921,,0
2922,doctor,1
2923,,0
2924,,0
2925,,0
2926,,0
2927,,0
2928,,0
2929,,0
2930,,0
2931,,0
2932,,0
2933,,0
2934,,0
2935,,0
2936,like doctor,2
2937,,0
2938,,0
2939,swell,1
2940,,0
2941,,0
2942,need surgeri remov,3
2943,,0
2944,,0
2945,,0
2946,els someth,2
2947,,0
2948,would,1
2949,,0
2950,problem blood,2
2951,alway,1
2952,,0
2953,test allergi,2
2954,,0
2955,use,1
2956,6,1
2957,problem,1
2958,3,1
2959,,0
2960,,0
2961,,0
2962,,0
2963,,0
2964,,0
2965,,0
2966,,0
2967,,0
2968,,0
2969,,0
2970,,0
2971,,0
2972,,0
2973,help,1
2974,,0
2975,pain,1
2976,,0
2977,,0
2978,,0
2979,,0
2980,,0
2981,,0
2982,,0
2983,,0
2984,,0
2985,,0
2986,,0
2987,,0
2988,,0
2989,low level,2
2990,,0
2991,test symptom,2
2992,infect day,2
2993,,0
2994,,0
2995,,0
2996,,0
2997,,0
2998,year,1
2999,could pain,2
3000,,0
3001,get,1
3002,,0
3003,foot knee,2
3004,,0
3005,along,1
3006,could,1
3007,ask,1
3008,,0
3009,,0
3010,,0
3011,,0
3012,,0
3013,,0
3014,,0
3015,one,1
3016,irrit,1
3017,,0
3018,,0
3019,,0
3020,,0
3021,,0
3022,,0
3023,doctor,1
3024,,0
3025,doctor,1
3026,,0
3027,,0
3028,,0
3029,,0
3030,,0
3031,,0
3032,,0
3033,,0
3034,,0
3035,,0
3036,,0
3037,,0
3038,,0
3039,,0
3040,,0
3041,,0
3042,,0
3043,,0
3044,pain,1
3045,check,1
3046,,0
3047,,0
3048,,0
3049,,0
3050,,0
3051,ankl pain fractur,3
3052,night,1
3053,,0
3054,,0
3055,,0
3056,like,1
3057,,0
3058,,0
3059,,0
3060,,0
3061,,0
3062,,0
3063,,0
3064,,0
3065,,0
3066,,0
3067,,0
3068,,0
3069,,0
3070,,0
3071,,0
3072,,0
3073,,0
3074,look special,2
3075,,0
3076,,0
3077,,0
3078,,0
3079,,0
3080,,0
3081,,0
3082,,0
3083,,0
3084,,0
3085,get,1
3086,,0
3087,,0
3088,,0
3089,,0
3090,,0
3091,,0
3092,,0
3093,,0
3094,month,1
3095,,0
3096,ago,1
3097,,0
3098,,0
3099,,0
3100,,0
3101,work,1
3102,check,1
3103,heart good failur,3
3104,wisdom,1
3105,,0
3106,face,1
3107,,0
3108,er,1
3109,test,1
3110,,0
3111,,0
3112,dentist mouth,2
3113,symptom,1
3114,work pain,2
3115,,0
3116,,0
3117,,0
3118,,0
3119,,0
3120,,0
3121,,0
3122,,0
3123,,0
3124,blood,1
3125,safe,1
3126,,0
3127,,0
3128,,0
3129,,0
3130,,0
3131,,0
3132,like,1
3133,,0
3134,symptom,1
3135,,0
3136,,0
3137,,0
3138,,0
3139,,0
3140,take like,2
3141,,0
3142,,0
3143,,0
3144,,0
3145,,0
3146,,0
3147,doctor,1
3148,area,1
3149,,0
3150,,0
3151,,0
3152,,0
3153,pain,1
3154,infect,1
3155,,0
3156,,0
3157,,0
3158,,0
3159,,0
3160,week,1
3161,without,1
3162,,0
3163,,0
3164,,0
3165,shower use symptom,3
3166,,0
3167,doctor,1
3168,,0
3169,,0
3170,,0
3171,see,1
3172,,0
3173,,0
3174,,0
3175,,0
3176,,0
3177,,0
3178,,0
3179,,0
3180,,0
3181,,0
3182,abl,1
3183,go,1
3184,also,1
3185,,0
3186,problem come,2
3187,pain help,2
3188,,0
3189,,0
3190,,0
3191,,0
3192,,0
3193,possibl,1
3194,infect,1
3195,pain,1
3196,,0
3197,,0
3198,age,1
3199,,0
3200,,0
3201,symptom,1
3202,help,1
3203,,0
3204,,0
3205,,0
3206,surgeon procedur,2
3207,,0
3208,,0
3209,,0
3210,infect fever nasal,3
3211,symptom,1
3212,,0
3213,,0
3214,,0
3215,produc,1
3216,,0
3217,pain,1
3218,,0
3219,,0
3220,,0
3221,day,1
3222,,0
3223,,0
3224,,0
3225,,0
3226,,0
3227,,0
3228,pregnanc,1
3229,,0
3230,,0
3231,,0
3232,doctor,1
3233,,0
3234,day,1
3235,,0
3236,,0
3237,like,1
3238,,0
3239,,0
3240,,0
3241,,0
3242,,0
3243,go,1
3244,,0
3245,,0
3246,,0
3247,surgeri,1
3248,say possibl,2
3249,,0
3250,,0
3251,,0
3252,,0
3253,,0
3254,get,1
3255,seem,1
3256,,0
3257,,0
3258,like,1
3259,cancer,1
3260,,0
3261,reduc,1
3262,,0
3263,,0
3264,,0
3265,,0
3266,,0
3267,3,1
3268,,0
3269,get,1
3270,,0
3271,,0
3272,,0
3273,,0
3274,pain side,2
3275,,0
3276,like,1
3277,,0
3278,,0
3279,,0
3280,diagnosi,1
3281,,0
3282,,0
3283,,0
3284,,0
3285,,0
3286,,0
3287,heart stress,2
3288,,0
3289,,0
3290,,0
3291,almost could,2
3292,,0
3293,treatment,1
3294,,0
3295,,0
3296,,0
3297,,0
3298,,0
3299,much,1
3300,,0
3301,,0
3302,,0
3303,,0
3304,u cancer,2
3305,,0
3306,,0
3307,,0
3308,,0
3309,pain sever time,3
3310,,0
3311,,0
3312,want,1
3313,,0
3314,node lymph,2
3315,,0
3316,,0
3317,,0
3318,,0
3319,,0
3320,pain,1
3321,,0
3322,might,1
3323,,0
3324,,0
3325,,0
3326,pain,1
3327,,0
3328,,0
3329,,0
3330,,0
3331,,0
3332,,0
3333,pain,1
3334,headach take get,3
3335,,0
3336,,0
3337,,0
3338,,0
3339,,0
