0,100241
1,735666
2,5206517
3,290088
4,5206517
5,3848987
6,9673403
7,5206517
8,531089008
9,177466560
10,5206517
11,1883991
12,485346
13,491300
14,121475
15,5817414
16,5206517
17,50262392
18,342351
19,5206517
20,78909263
21,420508
22,14611276
23,1597606
24,533251
25,5206517
26,50262392
27,1809
28,5206517
29,2746286
30,1416186
31,6474241
32,396746
33,3832735
34,40809
35,5206517
36,813573
37,1597606
38,337446
39,11102
40,5206517
41,301686
42,650650
43,5206517
44,69755853
45,150477
46,167831
47,8431619
48,3996371
49,167831
50,420483
51,806211
52,8431619
53,531089008
54,1539139
55,8431619
56,368076
57,533860
58,8431619
59,2053991
60,103687075
61,8431619
62,531089008
63,251126
64,8431619
65,4198848
66,531089008
67,96171993
68,254492
69,984383
70,891351
71,8431619
72,143281232
73,40562620
74,8431619
75,3996371
76,5909204
77,2807977
78,3996371
79,112918
80,328882
81,3996371
82,4198848
83,1978637
84,3791163
85,10169895
86,3996371
87,1476934
88,356851
89,3996371
90,390677
91,220919
92,320445
93,4198848
94,93735
95,420483
96,684360
97,546069
98,4036745
99,806211
100,1221683
101,239349
102,806211
103,177466560
104,143281232
105,806211
106,646753
107,469042
108,574034
109,531089008
110,337247
111,718414
112,531089008
113,1941114
114,4939185
115,531089008
116,1221683
117,251126
118,531089008
119,
120,3791163
121,801608
122,531089008
123,177466560
124,17441589
125,531089008
126,50262392
127,54945759
128,841967
129,57489
130,531089008
131,8519353
132,12393168
133,7672224
134,6221169
135,531089008
136,17563839
137,430575
138,162053
139,531089008
140,3260621
141,936106
142,531089008
143,144953246
144,16307285
145,531089008
146,23828997
147,3921877
148,520358
149,531089008
150,33562578
151,28278171
152,531089008
153,2450411
154,1996553
155,531089008
156,6524958
157,330742
158,531089008
159,93764937
160,238338
161,531089008
162,948351
163,1659374
164,149041
165,531089008
166,49673
167,395972
168,531089008
169,177466560
170,17441589
171,531089008
172,1606673
173,395223
174,531089008
175,3260621
176,3705281
177,531089008
178,21331186
179,8519353
180,531089008
181,428741
182,16752154
183,531089008
184,103687075
185,9432411
186,531089008
187,66261384
188,1980863
189,1542546
190,64471
191,531089008
192,177466560
193,9439321
194,531089008
195,2718756
196,2746286
197,531089008
198,5909204
199,2136235
200,531089008
201,552734
202,980471
203,430973
204,571018
205,1403967
206,5518098
207,177466560
208,
209,46914
210,5518098
211,412575
212,3042924
213,1978637
214,3141447
215,538253
216,177466560
217,
218,9354
219,327059582
220,177466560
221,2467216
222,8958123
223,177466560
224,1361980
225,106034
226,177466560
227,295993
228,64714
229,177466560
230,33562578
231,101411
232,5502
233,177466560
234,7507147
235,80315
236,177466560
237,1364361
238,5666
239,177466560
240,424129
241,737687
242,177466560
243,
244,718964
245,47005000
246,177466560
247,2070733
248,4737968
249,
250,718964
251,529919
252,
253,54945759
254,825924
255,
256,762116
257,2932491
258,
259,967947
260,986603
261,
262,6014406
263,587094
264,
265,140029
266,10904382
267,
268,2657942
269,639786
270,84600
271,
272,5678892
273,1042430
274,
275,21730786
276,259120
277,23828997
278,4301048
279,72559521
280,23828997
281,104312
282,383112
283,23828997
284,561971
285,33562578
286,23828997
287,4355470
288,870094
289,13648
290,23828997
291,72559521
292,7672224
293,28278171
294,469434
295,94314
296,3921877
297,23828997
298,7672224
299,2018019
300,23828997
301,33562578
302,1980863
303,1788640
304,23828997
305,7672224
306,17704292
307,23828997
308,96171993
309,245733
310,23828997
311,7672224
312,520358
313,184081
314,1590535
315,526145
316,2699254
317,23828997
318,465434
319,2972379
320,23828997
321,33562578
322,17704292
323,28278171
324,245733
325,305076
326,23828997
327,28278171
328,2311206
329,23828997
330,18030109
331,3921877
332,23828997
333,28278171
334,212171
335,23828997
336,6221169
337,28278171
338,562357
339,6524958
340,23828997
341,25423
342,3114751
343,23828997
344,6221169
345,28278171
346,6524958
347,23828997
348,6221169
349,28278171
350,23828997
351,33562578
352,28278171
353,23828997
354,819600
355,7672224
356,17704292
357,141576
358,1149409
359,23828997
360,33562578
361,28278171
362,23828997
363,7672224
364,6524958
365,23828997
366,7672224
367,1996553
368,23828997
369,7672224
370,16985
371,428053
372,23828997
373,28278171
374,231086
375,44139
376,23828997
377,33562578
378,28278171
379,321898
380,23828997
381,465757
382,167366
383,23828997
384,33562578
385,562357
386,23828997
387,18030109
388,4191954
389,6221169
390,1980863
391,1608541
392,438414
393,
394,165869
395,23828997
396,17704292
397,28278171
398,2327
399,23828997
400,33562578
401,3921877
402,464664
403,151205
404,23828997
405,17704292
406,28278171
407,1027089
408,23828997
409,28278171
410,265259
411,23828997
412,28278171
413,1980863
414,464664
415,944467
416,23828997
417,33562578
418,7672224
419,3921877
420,23828997
421,17441589
422,1239885
423,23828997
424,7672224
425,578606
426,2657942
427,1231040
428,1634597
429,507214
430,23828997
431,7672224
432,1202290
433,23828997
434,7672224
435,520358
436,405708
437,6524958
438,4404350
439,23828997
440,33562578
441,7672224
442,1788640
443,53016
444,23828997
445,7672224
446,652761
447,23828997
448,7672224
449,6221169
450,6524958
451,23828997
452,33562578
453,17704292
454,514937
455,23828997
456,6221169
457,115590
458,23828997
459,6221169
460,17704292
461,2972379
462,1239885
463,638968
464,23828997
465,6221169
466,28278171
467,23828997
468,17441589
469,870094
470,7672224
471,6221169
472,654496
473,1239885
474,23828997
475,33562578
476,28278171
477,3114751
478,23828997
479,17441589
480,17704292
481,526145
482,33116
483,1587094
484,15729083
485,23828997
486,2718756
487,33562578
488,7672224
489,23828997
490,7672224
491,17704292
492,28278171
493,23828997
494,7672224
495,6221169
496,6524958
497,257319
498,23828997
499,33562578
500,6221169
501,28278171
502,464664
503,3332627
504,6258580
505,23828997
506,3921877
507,1762830
508,23828997
509,33562578
510,395223
511,23828997
512,7672224
513,184081
514,678801
515,1231040
516,126780
517,23828997
518,17441589
519,870094
520,7672224
521,1996553
522,245733
523,661401
524,23828997
525,3921877
526,6014406
527,15187919
528,23828997
529,17704292
530,28278171
531,464664
532,254533
533,50757
534,304195
535,74275
536,23828997
537,33562578
538,28278171
539,4622171
540,23828997
541,7672224
542,3921877
543,1031134
544,6524958
545,2990115
546,443667
547,985894
548,23828997
549,28278171
550,319939
551,23828997
552,561971
553,33562578
554,23828997
555,33562578
556,6221169
557,28278171
558,23828997
559,383112
560,672192
561,1123644
562,23828997
563,561971
564,28278171
565,3921877
566,728542
567,2042428
568,23828997
569,362049
570,174665
571,23828997
572,33562578
573,7672224
574,28278171
575,10299
576,23828997
577,50262392
578,1672763
579,2444082
580,23828997
581,6304159
582,6014406
583,23828997
584,514937
585,944467
586,2847448
587,23828997
588,3921877
589,165869
590,944467
591,23828997
592,6221169
593,15729083
594,23828997
595,7672224
596,237489
597,277400
598,550903
599,316395
600,23828997
601,7672224
602,578273
603,23828997
604,7672224
605,526145
606,443667
607,227158
608,23828997
609,6221169
610,8812786
611,130117
612,23828997
613,9172795
614,2703
615,434643
616,23828997
617,5973446
618,10894568
619,23828997
620,122465
621,761729
622,95221
623,4301048
624,1678180
625,5875508
626,72559521
627,191035
628,88663
629,72559521
630,9906
631,8583506
632,72559521
633,66261384
634,2516533
635,49911053
636,694101
637,72559521
638,975510
639,790337
640,72559521
641,12699659
642,66670
643,72559521
644,176435
645,4830764
646,4095568
647,72559521
648,42791708
649,42536
650,72559521
651,150560
652,385861
653,72559521
654,7063591
655,3705281
656,72559521
657,9172795
658,34315593
659,327059582
660,5909204
661,140313
662,327059582
663,96171993
664,1444171
665,16658025
666,327059582
667,30748291
668,1828845
669,327059582
670,18030109
671,21193
672,327059582
673,3848987
674,93764937
675,327059582
676,6014406
677,5678892
678,327059582
679,1235662
680,214740
681,984592
682,327059582
683,1542546
684,454979
685,327059582
686,1412931
687,210532
688,327059582
689,1062361
690,1762559
691,47583
692,103422
693,327059582
694,47005000
695,264475
696,327059582
697,16939579
698,755785
699,327059582
700,1972190
701,887778
702,327059582
703,860262
704,56663
705,143281232
706,143281232
707,408703
708,143281232
709,10187176
710,1799448
711,143281232
712,1762830
713,1555155
714,143281232
715,1555957
716,970132
717,1074537
718,11046
719,16422
720,3013736
721,3013736
722,3412155
723,4451047
724,4205549
725,35079712
726,3013736
727,5885879
728,3708406
729,3013736
730,6851173
731,358132
732,70014
733,14290282
734,4901282
735,14290282
736,2362418
737,24258
738,14290282
739,79184
740,474695
741,1555957
742,14290282
743,3804739
744,123607
745,14290282
746,2114178
747,1354142
748,14290282
749,58892677
750,970132
751,1868920
752,1995497
753,14290282
754,35079712
755,234902
756,14290282
757,54945759
758,3412155
759,14290282
760,793354
761,3191237
762,14290282
763,58892677
764,378399
765,14290282
766,58892677
767,31842
768,14290282
769,58892677
770,2535888
771,3191237
772,14290282
773,73904
774,58892677
775,14290282
776,1503968
777,363508
778,14290282
779,18030109
780,360879
781,412575
782,1929422
783,2229599
784,3141447
785,1929422
786,310750
787,2302175
788,5885879
789,2853089
790,2302175
791,66261384
792,3086133
793,363412
794,2302175
795,17170039
796,5456278
797,40365949
798,2302175
799,7819283
800,1845400
801,5885879
802,1008831
803,1597606
804,5885879
805,703268
806,190417
807,5885879
808,1355628
809,1597606
810,5885879
811,6851173
812,1597606
813,289484
814,5885879
815,1415735
816,41617
817,9672
818,724172
819,5885879
820,990604
821,35085
822,2853089
823,66261384
824,2742757
825,2853089
826,50262392
827,9432411
828,2723033
829,2853089
830,50262392
831,1809141
832,2853089
833,2467216
834,50262392
835,2853089
836,50262392
837,4775075
838,2853089
839,3572362
840,71700
841,2853089
842,50262392
843,34419577
844,3848987
845,146053
846,2723033
847,24615
848,9673403
849,772360
850,1211377
851,9673403
852,235894
853,2696
854,9673403
855,150560
856,3363764
857,9673403
858,7819283
859,73502
860,9673403
861,137130190
862,1287878
863,9673403
864,229753
865,6786
866,9673403
867,2604594
868,66261384
869,6014406
870,5909204
871,1173571
872,1126984
873,5909204
874,1772431
875,3659188
876,1173571
877,1361980
878,368076
879,2362418
880,55797187
881,6258580
882,4247078
883,2467216
884,103687075
885,101775
886,2467216
887,17441589
888,4622171
889,8958123
890,50262392
891,1287878
892,720917
893,50262392
894,813573
895,720917
896,78909263
897,1845400
898,720917
899,7819283
900,406674
901,17877
902,50262392
903,54945759
904,100169
905,50262392
906,58892677
907,95976
908,50262392
909,1008831
910,2731
911,50262392
912,406485
913,10748512
914,50262392
915,8056484
916,917364
917,50262392
918,15409646
919,59963
920,50262392
921,2444082
922,4070
923,50262392
924,482202
925,378399
926,50262392
927,1489885
928,2917523
929,50262392
930,14611276
931,1556884
932,50262392
933,107814
934,533131
935,50262392
936,733367
937,855492
938,50262392
939,1845400
940,733367
941,50262392
942,50058
943,244784
944,50262392
945,5973446
946,16307285
947,50262392
948,60366
949,141222
950,50262392
951,35079712
952,271728
953,50262392
954,58244087
955,1845400
956,1354142
957,813573
958,18030109
959,15192671
960,974779
961,77239
962,19554619
963,390677
964,301686
965,38439
966,19554619
967,2275143
968,306442
969,301686
970,78909263
971,1608541
972,5973446
973,330195
974,57740
975,5973446
976,502601
977,159315
978,5973446
979,1238985
980,57189
981,582861
982,450611
983,40562620
984,329974
985,191936
986,450611
987,17621934
988,930736
989,40562620
990,1147121
991,565112
992,40562620
993,4549121
994,196513
995,40562620
996,953195
997,2886
998,40562620
999,24858105
1000,198800
1001,40562620
1002,90747
1003,9608
1004,40562620
1005,49911053
1006,1159011
1007,329974
1008,281792
1009,499963
1010,11323387
1011,11323387
1012,18145239
1013,2178471
1014,2604594
1015,300891
1016,54945759
1017,54945759
1018,1326405
1019,1952797
1020,244854
1021,54945759
1022,2688561
1023,131830180
1024,6298260
1025,15192671
1026,54945759
1027,4188077
1028,17000
1029,54945759
1030,385538
1031,1651937
1032,2770
1033,54945759
1034,599463
1035,6342
1036,54945759
1037,15192671
1038,10483293
1039,862415
1040,16307285
1041,54945759
1042,17441589
1043,17704292
1044,1788640
1045,2699254
1046,6524958
1047,192966
1048,485346
1049,1522057
1050,54945759
1051,113770
1052,159268
1053,2970568
1054,54945759
1055,2657942
1056,34315593
1057,54945759
1058,236102
1059,129743
1060,54945759
1061,1822073
1062,26723
1063,54945759
1064,4549121
1065,2114178
1066,54945759
1067,192851
1068,386599
1069,3058445
1070,54945759
1071,18145239
1072,960571
1073,54945759
1074,311140
1075,707816
1076,54945759
1077,3832735
1078,793777
1079,10894568
1080,66261384
1081,2018019
1082,17563839
1083,66261384
1084,1892521
1085,319939
1086,66261384
1087,25302963
1088,21730786
1089,2742757
1090,5245897
1091,6298260
1092,916894
1093,193890
1094,2742757
1095,131830180
1096,8056484
1097,17441589
1098,8154044
1099,1416186
1100,17441589
1101,7672224
1102,3674759
1103,17441589
1104,5632861
1105,7819283
1106,17441589
1107,7819283
1108,42791708
1109,147051
1110,17441589
1111,93764937
1112,10549113
1113,226346
1114,26509
1115,17441589
1116,9172795
1117,187298
1118,17441589
1119,8519353
1120,6014406
1121,17441589
1122,30748291
1123,974093
1124,70134
1125,17441589
1126,137130190
1127,65147
1128,318356
1129,126792
1130,295820
1131,143885
1132,109891
1133,21331186
1134,2339747
1135,1754046
1136,21331186
1137,9172795
1138,18649913
1139,21331186
1140,12240935
1141,175113
1142,21331186
1143,66065069
1144,9894984
1145,21331186
1146,2932491
1147,164472
1148,21331186
1149,17704292
1150,860262
1151,1149409
1152,12223086
1153,6786
1154,21331186
1155,1553139
1156,214740
1157,21331186
1158,93764937
1159,1364361
1160,204860
1161,21331186
1162,236102
1163,1049954
1164,487356
1165,796230
1166,21331186
1167,8124046
1168,6524958
1169,438885
1170,21331186
1171,15729083
1172,3910740
1173,21331186
1174,137130190
1175,1583081
1176,1754046
1177,58892677
1178,193890
1179,1235662
1180,78909263
1181,66065069
1182,26391
1183,2519061
1184,1235662
1185,3332627
1186,5399289
1187,1098110
1188,1235662
1189,108573
1190,645786
1191,337446
1192,1235662
1193,66065069
1194,3332627
1195,6258580
1196,41430
1197,78909263
1198,514843
1199,1972190
1200,78909263
1201,3332627
1202,14088
1203,362049
1204,78909263
1205,683128
1206,683128
1207,66065069
1208,252709
1209,3086133
1210,146053
1211,66065069
1212,736586
1213,9668789
1214,38585
1215,66065069
1216,192009
1217,363508
1218,66065069
1219,7819283
1220,2275943
1221,189187
1222,1044410
1223,192424
1224,198905
1225,1906488
1226,465032
1227,66065069
1228,538233
1229,796307
1230,66065069
1231,15192671
1232,193890
1233,362828
1234,66065069
1235,1398118
1236,93764937
1237,8694
1238,2053991
1239,344619
1240,316431
1241,2053991
1242,35169223
1243,440173
1244,103687075
1245,17621934
1246,559538
1247,103687075
1248,17704292
1249,1372838
1250,237489
1251,103687075
1252,2657942
1253,5759140
1254,269349
1255,90881
1256,103687075
1257,56437
1258,3714178
1259,103687075
1260,13562226
1261,443667
1262,103687075
1263,2972379
1264,1904030
1265,103687075
1266,1329755
1267,1257678
1268,103687075
1269,69755853
1270,2894150
1271,490661
1272,103687075
1273,18030109
1274,1110389
1275,103687075
1276,6009901
1277,150265
1278,103687075
1279,21991321
1280,225446
1281,103687075
1282,5678892
1283,204905
1284,103687075
1285,1887023
1286,17529059
1287,103687075
1288,259914
1289,15577
1290,103687075
1291,103687075
1292,321216
1293,103687075
1294,22339932
1295,4549121
1296,1163299
1297,22789
1298,164849
1299,103687075
1300,33562578
1301,17704292
1302,1123644
1303,103687075
1304,1163299
1305,4785543
1306,8583506
1307,6621454
1308,1409923
1309,6621454
1310,1553139
1311,166659
1312,6621454
1313,7672224
1314,74935
1315,1996553
1316,6621454
1317,8124046
1318,48670
1319,6621454
1320,18145239
1321,126857
1322,1072004
1323,17529059
1324,6621454
1325,10748512
1326,1236376
1327,166659
1328,601922
1329,909546
1330,507521
1331,1432836
1332,5830527
1333,21311936
1334,1432836
1335,875062
1336,8164582
1337,35169223
1338,391982
1339,21311936
1340,701889
1341,907499
1342,18030109
1343,3437402
1344,2718756
1345,18030109
1346,131830180
1347,1398118
1348,9034108
1349,2726
1350,18030109
1351,5245897
1352,882719
1353,18030109
1354,7672224
1355,6221169
1356,305076
1357,277400
1358,18030109
1359,69755853
1360,117370
1361,18030109
1362,15192671
1363,974779
1364,18030109
1365,179807
1366,404573
1367,2718756
1368,5966059
1369,2444082
1370,739089
1371,787043
1372,4191954
1373,38295514
1374,4191954
1375,42894
1376,363537
1377,4191954
1378,482202
1379,4332023
1380,18649913
1381,3332627
1382,4622171
1383,582921
1384,18649913
1385,582936
1386,30968020
1387,18649913
1388,2311206
1389,638968
1390,18649913
1391,5966059
1392,785786
1393,5245897
1394,77880
1395,4355456
1396,4355456
1397,331837
1398,2137997
1399,27062152
1400,189314
1401,215000
1402,27062152
1403,96171993
1404,2612228
1405,27062152
1406,110842
1407,36763
1408,215000
1409,225199
1410,20802
1411,215000
1412,18145239
1413,6690239
1414,376088
1415,43988
1416,3303322
1417,3303322
1418,6343276
1419,12699659
1420,108334
1421,1961610
1422,96171993
1423,341782
1424,1961610
1425,4629563
1426,545622
1427,1961610
1428,2453651
1429,133101
1430,96171993
1431,8180459
1432,8936779
1433,96171993
1434,8180459
1435,13562226
1436,96171993
1437,5744117
1438,127186
1439,96171993
1440,11323387
1441,1176886
1442,96171993
1443,5854419
1444,12195
1445,71335
1446,96171993
1447,3086133
1448,10549113
1449,58814
1450,96171993
1451,10187176
1452,3127895
1453,96171993
1454,13562226
1455,25302963
1456,96171993
1457,8180459
1458,198800
1459,96171993
1460,1083583
1461,154302
1462,1294491
1463,520892
1464,581362
1465,96171993
1466,25302963
1467,193890
1468,602654
1469,818019
1470,96171993
1471,482202
1472,1418114
1473,2612228
1474,7672224
1475,171364
1476,144953246
1477,1875024
1478,169047
1479,144953246
1480,16849379
1481,1286381
1482,38968
1483,144953246
1484,16939579
1485,2932491
1486,144953246
1487,872335
1488,567700
1489,144953246
1490,619722
1491,697305
1492,144953246
1493,135788
1494,288548
1495,383112
1496,7672224
1497,17704292
1498,1952797
1499,6221169
1500,59233
1501,875062
1502,74885
1503,819600
1504,8180459
1505,819600
1506,469434
1507,171364
1508,212328
1509,8180459
1510,203576
1511,498315
1512,2516533
1513,494180
1514,594684
1515,2516533
1516,4355470
1517,210283
1518,694101
1519,1845400
1520,34419577
1521,236701
1522,36339
1523,428741
1524,1450695
1525,15118
1526,90892
1527,1883991
1528,123724
1529,1883991
1530,33562578
1531,3921877
1532,419044
1533,123724
1534,931487
1535,2496076
1536,190688
1537,22339932
1538,12240935
1539,88141
1540,703806
1541,6851173
1542,130942
1543,1912578
1544,72717
1545,9432411
1546,281792
1547,105284
1548,464625
1549,549427
1550,161275
1551,499963
1552,190688
1553,1735029
1554,10748512
1555,22339932
1556,1135168
1557,1966363
1558,22339932
1559,6851173
1560,83936
1561,990604
1562,22339932
1563,1097820
1564,4626157
1565,1800490
1566,12240935
1567,30748291
1568,42791708
1569,12240935
1570,15729083
1571,2970568
1572,16843
1573,12240935
1574,2178471
1575,7090166
1576,2899020
1577,12240935
1578,427930
1579,72108
1580,72108
1581,6851173
1582,1735029
1583,219858
1584,6851173
1585,2688561
1586,99014
1587,6851173
1588,259114
1589,528970
1590,6851173
1591,15409646
1592,1597606
1593,358132
1594,25302963
1595,6851173
1596,7672224
1597,35169223
1598,2061174
1599,6851173
1600,1467560
1601,6888849
1602,9432411
1603,391385
1604,225199
1605,1355628
1606,9432411
1607,4619961
1608,306761
1609,9432411
1610,7507147
1611,1966363
1612,561971
1613,17704292
1614,28278171
1615,3921877
1616,2657942
1617,1239885
1618,1066445
1619,512542
1620,74603
1621,815848
1622,243277
1623,228536
1624,561971
1625,541720
1626,296892
1627,33562578
1628,870094
1629,833448
1630,33562578
1631,192556
1632,5759140
1633,33562578
1634,578606
1635,1980863
1636,2990115
1637,33562578
1638,58244087
1639,1032024
1640,29059
1641,1239885
1642,146305
1643,33562578
1644,17704292
1645,6524958
1646,33562578
1647,771388
1648,1057312
1649,33562578
1650,494180
1651,1123644
1652,33562578
1653,1892521
1654,4227
1655,33562578
1656,28278171
1657,572520
1658,33562578
1659,2699254
1660,926851
1661,33562578
1662,7672224
1663,526145
1664,205562
1665,33562578
1666,7672224
1667,6524958
1668,342451
1669,33562578
1670,237489
1671,6524958
1672,199204
1673,33562578
1674,28278171
1675,771388
1676,169193
1677,33562578
1678,1427221
1679,2657942
1680,33562578
1681,28278171
1682,6524958
1683,904446
1684,33562578
1685,1590535
1686,2990115
1687,33562578
1688,28278171
1689,2450411
1690,33562578
1691,6221169
1692,93764937
1693,33562578
1694,7672224
1695,6221169
1696,520358
1697,33562578
1698,3921877
1699,514937
1700,33562578
1701,17704292
1702,2061174
1703,68517
1704,279972
1705,33562578
1706,1892521
1707,1239885
1708,228536
1709,1235544
1710,55772
1711,33562578
1712,1239885
1713,385770
1714,33562578
1715,28278171
1716,1034023
1717,1590535
1718,172491
1719,4355470
1720,1542546
1721,7901
1722,870094
1723,2042428
1724,1239885
1725,115162
1726,8519353
1727,1887023
1728,10105
1729,2390769
1730,8519353
1731,2970568
1732,1489885
1733,8519353
1734,1246148
1735,406703
1736,7672224
1737,7153918
1738,2746286
1739,7672224
1740,883285
1741,115539
1742,7672224
1743,1460740
1744,1553880
1745,1771095
1746,6979339
1747,7672224
1748,2657942
1749,5744117
1750,1892521
1751,7672224
1752,28278171
1753,3921877
1754,1980863
1755,7672224
1756,28278171
1757,1980863
1758,7672224
1759,145087
1760,27680
1761,7672224
1762,1996553
1763,156589
1764,12283
1765,7672224
1766,6221169
1767,1427221
1768,7672224
1769,2699254
1770,129001
1771,1003725
1772,7672224
1773,594684
1774,141398
1775,7672224
1776,17704292
1777,6524958
1778,369833
1779,1231040
1780,271814
1781,1066445
1782,89297
1783,7672224
1784,1996553
1785,6524958
1786,7672224
1787,2657942
1788,520358
1789,6524958
1790,426774
1791,774861
1792,134319
1793,7672224
1794,17704292
1795,1231040
1796,350774
1797,7672224
1798,2699254
1799,6524958
1800,1057312
1801,457229
1802,7672224
1803,6524958
1804,672192
1805,426774
1806,7672224
1807,6524958
1808,84413
1809,90910
1810,7672224
1811,833448
1812,6524958
1813,31644
1814,142272
1815,7672224
1816,6524958
1817,989868
1818,7672224
1819,28278171
1820,2236804
1821,2746286
1822,950973
1823,613407
1824,605807
1825,7672224
1826,17704292
1827,6524958
1828,672192
1829,1522057
1830,7672224
1831,17704292
1832,661401
1833,321898
1834,90531
1835,406937
1836,138201
1837,7672224
1838,5744117
1839,2990115
1840,454791
1841,16661
1842,141723
1843,7672224
1844,577361
1845,712684
1846,7672224
1847,6524958
1848,90910
1849,470623
1850,198117
1851,7672224
1852,6524958
1853,2990115
1854,169752
1855,116213
1856,7672224
1857,28278171
1858,25186
1859,6221169
1860,4335306
1861,860262
1862,6221169
1863,28278171
1864,369833
1865,57759
1866,6221169
1867,428053
1868,
1869,6221169
1870,17704292
1871,8560
1872,266459
1873,6221169
1874,1590535
1875,771388
1876,6221169
1877,29308
1878,8344
1879,17704292
1880,28278171
1881,1427221
1882,2450411
1883,17704292
1884,93764937
1885,819132
1886,17704292
1887,424572
1888,672192
1889,17704292
1890,3921877
1891,833448
1892,170342
1893,678801
1894,17704292
1895,105866
1896,703268
1897,17704292
1898,406937
1899,136099
1900,17704292
1901,1427221
1902,5744117
1903,277346
1904,17704292
1905,819132
1906,2990115
1907,1066445
1908,259049
1909,17704292
1910,22150
1911,64818
1912,17704292
1913,1788640
1914,68053
1915,17704292
1916,1239885
1917,34315593
1918,2061174
1919,19973282
1920,137789
1921,28278171
1922,1996553
1923,1031134
1924,28278171
1925,2699254
1926,469027
1927,781651
1928,28278171
1929,2042428
1930,469027
1931,28278171
1932,31884
1933,644566
1934,28278171
1935,5744117
1936,414769
1937,28278171
1938,1972190
1939,199204
1940,28278171
1941,3921877
1942,166391
1943,28278171
1944,1235544
1945,135086
1946,28278171
1947,1980863
1948,485346
1949,28278171
1950,22570
1951,55458
1952,28278171
1953,1239885
1954,2295704
1955,28278171
1956,1980863
1957,63563
1958,1427221
1959,204600
1960,50438
1961,7063591
1962,2878430
1963,690783
1964,7063591
1965,13562226
1966,5632861
1967,8812786
1968,7063591
1969,2932491
1970,8812786
1971,2878430
1972,12699659
1973,1062213
1974,299501
1975,3921877
1976,271184
1977,541720
1978,3921877
1979,781651
1980,200336
1981,13713
1982,67402
1983,63563
1984,3921877
1985,5744117
1986,728542
1987,833448
1988,1239885
1989,549980
1990,1235544
1991,19297
1992,523799
1993,985894
1994,306793
1995,3921877
1996,781651
1997,712600
1998,683631
1999,3921877
2000,17563839
2001,17621934
2002,2688561
2003,2731927
2004,2928
2005,131830180
2006,28553
2007,632269
2008,6298260
2009,274743
2010,37323
2011,6298260
2012,6014406
2013,1220091
2014,6298260
2015,330742
2016,266196
2017,1364300
2018,6298260
2019,3324639
2020,286420
2021,6298260
2022,137130190
2023,7986810
2024,1832977
2025,91336
2026,3674759
2027,49990
2028,917944
2029,
2030,2236804
2031,275504
2032,452884
2033,408703
2034,30157
2035,242679
2036,556507
2037,556507
2038,333952
2039,2183073
2040,9894984
2041,2972379
2042,14611276
2043,1904030
2044,9894984
2045,3332627
2046,2275943
2047,9894984
2048,10483293
2049,
2050,4008
2051,2137720
2052,762684
2053,63563009
2054,108673
2055,808516
2056,63563009
2057,2018019
2058,13562226
2059,5023539
2060,63563009
2061,6014406
2062,700682
2063,28801096
2064,63563009
2065,17170039
2066,39027
2067,63563009
2068,12699659
2069,6983
2070,494180
2071,192556
2072,7591488
2073,594684
2074,6524958
2075,514937
2076,455105
2077,1972190
2078,5958254
2079,242559
2080,735205
2081,2019185
2082,133374
2083,16939579
2084,2019185
2085,24858105
2086,185391
2087,16939579
2088,978215
2089,948821
2090,600413
2091,107428
2092,405843
2093,495435
2094,7153918
2095,1246519
2096,1733103
2097,7153918
2098,526145
2099,10549113
2100,2746286
2101,552734
2102,1220091
2103,333060
2104,1034023
2105,1634921
2106,578606
2107,89478
2108,578606
2109,1788640
2110,237489
2111,89478
2112,2699254
2113,373122
2114,10483293
2115,8124046
2116,862415
2117,2070733
2118,10483293
2119,
2120,9829603
2121,8124046
2122,2479544
2123,1072004
2124,2018019
2125,206335
2126,236683
2127,1980863
2128,5744117
2129,1892521
2130,1980863
2131,4205549
2132,35079712
2133,1788640
2134,2867777
2135,1364
2136,1788640
2137,209133
2138,273585
2139,97595
2140,5417654
2141,1229101
2142,5417654
2143,69755853
2144,765519
2145,1460740
2146,3260621
2147,2479544
2148,6979339
2149,1130416
2150,196412
2151,6979339
2152,289703
2153,261275
2154,2153854
2155,107119
2156,195819
2157,10922439
2158,107119
2159,101839
2160,110629
2161,18736
2162,207072
2163,616778
2164,6343276
2165,293604
2166,1398118
2167,4549121
2168,4549121
2169,4024985
2170,1919407
2171,1996553
2172,2657942
2173,464664
2174,6115287
2175,5097
2176,193411
2177,1996553
2178,926851
2179,564754
2180,167525
2181,1996553
2182,305356
2183,73230
2184,2657942
2185,3357110
2186,4849193
2187,5744117
2188,8234
2189,654496
2190,5744117
2191,661401
2192,160181
2193,1737720
2194,5744117
2195,5744117
2196,219830
2197,5744117
2198,327242
2199,1003725
2200,5744117
2201,577361
2202,1634597
2203,1892521
2204,654496
2205,373122
2206,916686
2207,1892521
2208,5759140
2209,47005000
2210,795448
2211,1892521
2212,547284
2213,1587094
2214,2699254
2215,5966059
2216,3332627
2217,2699254
2218,728542
2219,678801
2220,1239885
2221,18779
2222,2699254
2223,443667
2224,9439321
2225,3260621
2226,4205549
2227,175959
2228,793354
2229,3260621
2230,58892677
2231,283750
2232,3260621
2233,111673
2234,9258033
2235,88754
2236,17563839
2237,694205
2238,17563839
2239,7507147
2240,821074
2241,17563839
2242,5854419
2243,683128
2244,17563839
2245,7819283
2246,1799108
2247,5399289
2248,17621934
2249,1845400
2250,2535888
2251,17621934
2252,3412155
2253,5817414
2254,457942
2255,559538
2256,465757
2257,19046
2258,559538
2259,950973
2260,64475
2261,2972379
2262,58892677
2263,1093594
2264,2972379
2265,16307285
2266,15729083
2267,543764
2268,2972379
2269,2705713
2270,153480
2271,34017813
2272,1097820
2273,9125
2274,34017813
2275,1184138
2276,1583081
2277,34017813
2278,101776
2279,1294840
2280,61074
2281,121080
2282,2690530
2283,3132142
2284,3894296
2285,43731
2286,1425536
2287,750663
2288,359102
2289,1325606
2290,34017813
2291,509327
2292,486340
2293,1031134
2294,101449
2295,709503
2296,1031134
2297,2990115
2298,1003725
2299,105349
2300,1031134
2301,3708406
2302,172180
2303,1031134
2304,129951
2305,108706
2306,728542
2307,405708
2308,2042428
2309,728542
2310,395856
2311,17108
2312,2042428
2313,1239885
2314,414769
2315,395856
2316,17170039
2317,1130416
2318,16284
2319,17170039
2320,940929
2321,2390357
2322,17170039
2323,226346
2324,1959908
2325,654496
2326,1032024
2327,2727638
2328,2295704
2329,1822073
2330,218637
2331,55797187
2332,55797187
2333,42052
2334,82116
2335,599463
2336,25302963
2337,37066
2338,8154044
2339,16849379
2340,1062361
2341,165033
2342,2932491
2343,308095
2344,4142944
2345,2932491
2346,127732
2347,3522129
2348,2932491
2349,942528
2350,51300
2351,2932491
2352,58892677
2353,1335223
2354,1134165
2355,2932491
2356,430175
2357,83960
2358,572904
2359,6304159
2360,137130190
2361,6304159
2362,137130190
2363,618583
2364,137130190
2365,6524958
2366,2453651
2367,137130190
2368,1003725
2369,711484
2370,137130190
2371,13562226
2372,1219774
2373,3193828
2374,137130190
2375,24858105
2376,733367
2377,137130190
2378,2183073
2379,2265847
2380,137130190
2381,175672
2382,724425
2383,137130190
2384,85672
2385,548653
2386,51886
2387,833448
2388,577361
2389,126132
2390,168436
2391,661401
2392,189730
2393,454791
2394,837302
2395,160181
2396,1003725
2397,153585
2398,1737720
2399,7166
2400,619444
2401,1368
2402,93764937
2403,2970568
2404,996041
2405,93764937
2406,150560
2407,493856
2408,106005
2409,458167
2410,930736
2411,93764937
2412,7819283
2413,765459
2414,93764937
2415,58244087
2416,716589
2417,13562226
2418,7819283
2419,164294
2420,1205653
2421,13562226
2422,11590
2423,437432
2424,1975002
2425,13562226
2426,2390769
2427,24858105
2428,3127895
2429,112723
2430,42078
2431,211995
2432,13562226
2433,7819283
2434,30968020
2435,92153
2436,6524958
2437,1606673
2438,7507147
2439,6524958
2440,1231040
2441,950973
2442,309618
2443,6524958
2444,5966059
2445,3332627
2446,4622171
2447,6524958
2448,2990115
2449,1231040
2450,203100
2451,148168
2452,6524958
2453,426774
2454,4024985
2455,4335306
2456,2295704
2457,211871
2458,58244087
2459,2212399
2460,5253757
2461,58244087
2462,27661
2463,536685
2464,11301
2465,58244087
2466,47005000
2467,1961501
2468,58244087
2469,1095710
2470,500565
2471,58244087
2472,3578882
2473,480653
2474,1334
2475,1032024
2476,496936
2477,157039
2478,146305
2479,118304
2480,203483
2481,5659207
2482,771388
2483,577361
2484,14128
2485,327242
2486,9467552
2487,547284
2488,16024
2489,60366
2490,118304
2491,18145239
2492,35169223
2493,62831
2494,464664
2495,15038
2496,578273
2497,16849379
2498,5235375
2499,5235375
2500,1001431
2501,1286381
2502,58892677
2503,550820
2504,1333
2505,465757
2506,837302
2507,1606673
2508,1246519
2509,1412931
2510,3832547
2511,572520
2512,10748512
2513,2034597
2514,3332627
2515,3363764
2516,1049954
2517,1606673
2518,6177
2519,326286
2520,186928
2521,1606673
2522,145571
2523,173963
2524,7507147
2525,4205549
2526,1008831
2527,1503968
2528,1522057
2529,15729083
2530,1117411
2531,3176067
2532,1027089
2533,5632861
2534,32024
2535,8936779
2536,256965
2537,191509
2538,703268
2539,4451047
2540,4775075
2541,15409646
2542,703268
2543,15409646
2544,68967
2545,197046
2546,1412931
2547,2826907
2548,2826907
2549,8814
2550,5399289
2551,2826907
2552,888292
2553,1489885
2554,67402
2555,228536
2556,831334
2557,2727638
2558,1295858
2559,3825616
2560,2727638
2561,140838
2562,205191
2563,2727638
2564,24858105
2565,129047
2566,137680
2567,2727638
2568,24858105
2569,129047
2570,2727638
2571,401275
2572,129034
2573,1135168
2574,3068882
2575,3705281
2576,716589
2577,1966363
2578,
2579,6474241
2580,4622171
2581,1672763
2582,2635526
2583,350607
2584,737289
2585,178540
2586,521061
2587,737289
2588,737289
2589,53547851
2590,1169012
2591,737289
2592,32706
2593,353047
2594,1202290
2595,161717
2596,65545
2597,4404350
2598,233798
2599,3357110
2600,457229
2601,227158
2602,145364
2603,420508
2604,24025
2605,14611276
2606,14611276
2607,888292
2608,244346
2609,14611276
2610,1762830
2611,3889095
2612,1286587
2613,142272
2614,169752
2615,129951
2616,1059634
2617,482178
2618,1540409
2619,391385
2620,724172
2621,88226
2622,1355628
2623,17612372
2624,1038148
2625,1355628
2626,362044
2627,398276
2628,1355628
2629,1542546
2630,1409923
2631,22269
2632,3412155
2633,166296
2634,8164582
2635,3412155
2636,2997741
2637,53853
2638,108353
2639,3412155
2640,4451047
2641,396427
2642,58892677
2643,3412155
2644,4205549
2645,122465
2646,3412155
2647,12223086
2648,5230507
2649,3412155
2650,4205549
2651,550820
2652,20619
2653,8164582
2654,793571
2655,530436
2656,73904
2657,197872
2658,7591488
2659,
2660,105205
2661,589200
2662,711484
2663,6474241
2664,4247078
2665,200352
2666,2997741
2667,4205549
2668,212276
2669,2997741
2670,58892677
2671,1583594
2672,550820
2673,2997741
2674,58892677
2675,
2676,4451047
2677,31397678
2678,1037678
2679,4451047
2680,121901
2681,643482
2682,4451047
2683,58892677
2684,494211
2685,81330
2686,4451047
2687,69755853
2688,1246148
2689,4451047
2690,58892677
2691,35079712
2692,5230507
2693,4451047
2694,396427
2695,58892677
2696,35079712
2697,5230507
2698,58892677
2699,35079712
2700,1340310
2701,58892677
2702,1467560
2703,7986810
2704,58892677
2705,1041350
2706,241209
2707,232398
2708,58892677
2709,1403424
2710,13822
2711,58892677
2712,852759
2713,215536
2714,142937
2715,58892677
2716,1093594
2717,3363764
2718,385290
2719,335093
2720,8056484
2721,1735029
2722,244346
2723,15729083
2724,1170847
2725,5958254
2726,189008
2727,5363
2728,5958254
2729,2599835
2730,30443
2731,5958254
2732,31749225
2733,348760
2734,638968
2735,1213836
2736,887778
2737,1988354
2738,15409646
2739,494211
2740,80752
2741,712684
2742,28801096
2743,1329755
2744,990604
2745,336612
2746,535930
2747,1340310
2748,480653
2749,3191237
2750,549980
2751,27905
2752,1235544
2753,15729083
2754,189187
2755,259092
2756,15729083
2757,57856
2758,385290
2759,15729083
2760,1294491
2761,279962
2762,34315593
2763,5854419
2764,4619961
2765,5854419
2766,7819283
2767,9346
2768,5854419
2769,7819283
2770,3580709
2771,54800
2772,5854419
2773,7819283
2774,528330
2775,101174
2776,464549
2777,122344
2778,5854419
2779,5854419
2780,686869
2781,4619961
2782,1080426
2783,4973510
2784,197011
2785,2772603
2786,2970568
2787,30748291
2788,4518093
2789,671186
2790,136421
2791,229491
2792,1123446
2793,1597606
2794,414161
2795,66314
2796,1597606
2797,7819283
2798,441736
2799,95583
2800,459404
2801,1599106
2802,1599106
2803,561550
2804,3825616
2805,1093594
2806,24600
2807,657
2808,984383
2809,2444082
2810,214973
2811,32172
2812,6014406
2813,1887023
2814,253321
2815,6014406
2816,
2817,61142
2818,6014406
2819,83342
2820,1041350
2821,700682
2822,1359783
2823,168516
2824,700682
2825,3705281
2826,984592
2827,28801096
2828,7819283
2829,24858105
2830,3127895
2831,1549986
2832,603207
2833,603207
2834,3705281
2835,1295858
2836,170587
2837,130074
2838,10187176
2839,1381
2840,681246
2841,3705281
2842,1799108
2843,1083583
2844,3705281
2845,210766
2846,3721843
2847,1295858
2848,10187176
2849,681246
2850,1007171
2851,1295858
2852,10187176
2853,1069671
2854,10187176
2855,3127895
2856,281907
2857,10187176
2858,1583081
2859,200352
2860,7819283
2861,4629563
2862,879965
2863,7819283
2864,24858105
2865,152665
2866,15930
2867,11170535
2868,7819283
2869,53319
2870,405138
2871,135973
2872,7819283
2873,94999
2874,64986
2875,7819283
2876,3127895
2877,564467
2878,7819283
2879,164294
2880,129047
2881,105833
2882,7819283
2883,1425536
2884,2211842
2885,7819283
2886,3580709
2887,133087
2888,7819283
2889,881927
2890,528330
2891,7819283
2892,1418114
2893,127495
2894,7819283
2895,65668
2896,101174
2897,7819283
2898,6690239
2899,8019
2900,7819283
2901,1799448
2902,1040184
2903,7819283
2904,4830764
2905,3127895
2906,7819283
2907,25302963
2908,1287878
2909,4629563
2910,197011
2911,370918
2912,172280
2913,2963587
2914,10549113
2915,1799108
2916,2500637
2917,5678892
2918,173965
2919,13964
2920,1583594
2921,1041099
2922,362062
2923,93159
2924,1041099
2925,3572362
2926,1377479
2927,1250015
2928,1767387
2929,533251
2930,1767387
2931,3572362
2932,785786
2933,1659374
2934,730188
2935,30215
2936,1659374
2937,589200
2938,11119
2939,309212
2940,122213
2941,38812
2942,70599
2943,600747
2944,15458
2945,600747
2946,148835
2947,1363
2948,
2949,104201
2950,34941298
2951,13218054
2952,35169223
2953,914131
2954,116709
2955,35169223
2956,17612372
2957,1772431
2958,391982
2959,29978484
2960,1682314
2961,1428
2962,1672763
2963,552734
2964,289484
2965,849493
2966,262787
2967,25302963
2968,2390769
2969,728528
2970,748967
2971,
2972,115929
2973,
2974,198905
2975,761729
2976,69755853
2977,136190
2978,6238187
2979,30748291
2980,209133
2981,151662
2982,4518093
2983,94953
2984,974093
2985,555676
2986,5575262
2987,293129
2988,435235
2989,1097365
2990,385951
2991,512915
2992,5253757
2993,882719
2994,586677
2995,261275
2996,92586
2997,108916
2998,4830764
2999,2221650
3000,549010
3001,5678892
3002,2811550
3003,631795
3004,23907
3005,882719
3006,561550
3007,882719
3008,2439758
3009,73495
3010,145537
3011,882719
3012,1095710
3013,173615
3014,561550
3015,133101
3016,1696343
3017,414109
3018,377305
3019,419937
3020,3580709
3021,414109
3022,1062213
3023,579814
3024,419937
3025,685816
3026,466277
3027,3580709
3028,94999
3029,305585
3030,31529
3031,2390769
3032,77173
3033,208543
3034,376555
3035,757705
3036,728139
3037,5456278
3038,316928
3039,2040135
3040,24858105
3041,94999
3042,1919407
3043,1359783
3044,2390357
3045,5819
3046,169884
3047,29978484
3048,668826
3049,29978484
3050,21991321
3051,1397929
3052,15187919
3053,3832735
3054,25082
3055,6009901
3056,4284
3057,128580
3058,6009901
3059,493598
3060,525465
3061,6009901
3062,35010
3063,119481
3064,1213836
3065,32319
3066,5679
3067,1600185
3068,17888
3069,1991104
3070,144120
3071,1800943
3072,345818
3073,940929
3074,77616
3075,161760
3076,1845400
3077,240795
3078,64410
3079,102290
3080,66520
3081,3832547
3082,401275
3083,289084
3084,1472454
3085,2114178
3086,226346
3087,5944828
3088,23836
3089,750663
3090,14769549
3091,2755810
3092,5877296
3093,362828
3094,365640
3095,5877296
3096,39669
3097,489370
3098,887778
3099,862238
3100,182897
3101,71683
3102,3127895
3103,2594063
3104,94639
3105,34419577
3106,1550436
3107,550820
3108,948002
3109,30968020
3110,1549986
3111,1185650
3112,403039
3113,2594063
3114,872335
3115,1004448
3116,930202
3117,1520895
3118,9868
3119,970132
3120,3058445
3121,1444715
3122,81756
3123,63014
3124,1195256
3125,24384
3126,32846
3127,33776
3128,89194
3129,2223367
3130,54804
3131,402661
3132,2223367
3133,31430099
3134,31430099
3135,988421
3136,195496
3137,104250
3138,1056405
3139,262335
3140,5944828
3141,351938
3142,3578882
3143,3578882
3144,16897495
3145,79653
3146,480653
3147,3191237
3148,
3149,728528
3150,359766
3151,1151687
3152,119828
3153,1537816
3154,417618
3155,307793
3156,1246148
3157,1246148
3158,455111
3159,1409923
3160,863530
3161,189185
3162,64899
3163,471568
3164,28235
3165,109174
3166,1044410
3167,849493
3168,2805
3169,1044410
3170,199580
3171,28516
3172,44614
3173,1044410
3174,500565
3175,237261
3176,441736
3177,2818168
3178,
3179,232521
3180,173401
3181,131822
3182,62340
3183,63102
3184,5490191
3185,124912
3186,809524
3187,154281
3188,476364
3189,3705861
3190,38418
3191,11971974
3192,307729
3193,2041179
3194,20
