0,2.0
1,6.0
2,6.0
3,3.0
4,6.0
5,6.0
6,6.0
7,6.0
8,6.0
9,6.0
10,6.0
11,6.0
12,1.0
13,1.0
14,2.0
15,5.0
16,6.0
17,6.0
18,1.0
19,6.0
20,6.0
21,2.0
22,6.0
23,1.0
24,2.0
25,6.0
26,6.0
27,4.0
28,6.0
29,1.0
30,1.0
31,5.0
32,2.0
33,1.0
34,2.0
35,6.0
36,4.0
37,1.0
38,1.0
39,1.0
40,6.0
41,6.0
42,1.0
43,6.0
44,6.0
45,2.0
46,1.0
47,6.0
48,3.0
49,1.0
50,2.0
51,2.0
52,6.0
53,6.0
54,1.0
55,6.0
56,3.0
57,2.0
58,6.0
59,1.0
60,6.0
61,6.0
62,6.0
63,2.0
64,6.0
65,6.0
66,6.0
67,6.0
68,2.0
69,3.0
70,6.0
71,6.0
72,6.0
73,6.0
74,6.0
75,3.0
76,6.0
77,6.0
78,3.0
79,2.0
80,4.0
81,3.0
82,6.0
83,3.0
84,6.0
85,6.0
86,3.0
87,3.0
88,1.0
89,3.0
90,2.0
91,1.0
92,2.0
93,6.0
94,2.0
95,2.0
96,2.0
97,2.0
98,6.0
99,2.0
100,4.0
101,2.0
102,2.0
103,6.0
104,6.0
105,2.0
106,2.0
107,1.0
108,1.0
109,6.0
110,1.0
111,2.0
112,6.0
113,3.0
114,6.0
115,6.0
116,4.0
117,2.0
118,6.0
119,
120,6.0
121,2.0
122,6.0
123,6.0
124,6.0
125,6.0
126,6.0
127,6.0
128,6.0
129,2.0
130,6.0
131,6.0
132,6.0
133,6.0
134,6.0
135,6.0
136,6.0
137,1.0
138,1.0
139,6.0
140,3.0
141,2.0
142,6.0
143,6.0
144,6.0
145,6.0
146,6.0
147,6.0
148,1.0
149,6.0
150,6.0
151,6.0
152,6.0
153,6.0
154,4.0
155,6.0
156,6.0
157,3.0
158,6.0
159,6.0
160,6.0
161,6.0
162,4.0
163,6.0
164,2.0
165,6.0
166,2.0
167,2.0
168,6.0
169,6.0
170,6.0
171,6.0
172,3.0
173,1.0
174,6.0
175,3.0
176,5.0
177,6.0
178,5.0
179,6.0
180,6.0
181,2.0
182,6.0
183,6.0
184,6.0
185,6.0
186,6.0
187,6.0
188,5.0
189,4.0
190,2.0
191,6.0
192,6.0
193,2.0
194,6.0
195,6.0
196,1.0
197,6.0
198,6.0
199,6.0
200,6.0
201,2.0
202,6.0
203,6.0
204,2.0
205,3.0
206,4.0
207,6.0
208,
209,2.0
210,4.0
211,4.0
212,5.0
213,3.0
214,5.0
215,1.0
216,6.0
217,
218,2.0
219,6.0
220,6.0
221,3.0
222,6.0
223,6.0
224,5.0
225,2.0
226,6.0
227,4.0
228,3.0
229,6.0
230,6.0
231,2.0
232,1.0
233,6.0
234,6.0
235,2.0
236,6.0
237,6.0
238,1.0
239,6.0
240,2.0
241,2.0
242,6.0
243,
244,3.0
245,6.0
246,6.0
247,2.0
248,2.0
249,
250,3.0
251,2.0
252,
253,6.0
254,3.0
255,
256,2.0
257,2.0
258,
259,3.0
260,2.0
261,
262,6.0
263,2.0
264,
265,2.0
266,1.0
267,
268,6.0
269,2.0
270,2.0
271,
272,1.0
273,6.0
274,
275,6.0
276,2.0
277,6.0
278,3.0
279,6.0
280,6.0
281,2.0
282,2.0
283,6.0
284,2.0
285,6.0
286,6.0
287,6.0
288,6.0
289,2.0
290,6.0
291,6.0
292,6.0
293,6.0
294,1.0
295,2.0
296,6.0
297,6.0
298,6.0
299,2.0
300,6.0
301,6.0
302,5.0
303,3.0
304,6.0
305,6.0
306,6.0
307,6.0
308,6.0
309,3.0
310,6.0
311,6.0
312,1.0
313,1.0
314,5.0
315,1.0
316,2.0
317,6.0
318,2.0
319,5.0
320,6.0
321,6.0
322,6.0
323,6.0
324,3.0
325,2.0
326,6.0
327,6.0
328,3.0
329,6.0
330,6.0
331,6.0
332,6.0
333,6.0
334,1.0
335,6.0
336,6.0
337,6.0
338,3.0
339,6.0
340,6.0
341,2.0
342,6.0
343,6.0
344,6.0
345,6.0
346,6.0
347,6.0
348,6.0
349,6.0
350,6.0
351,6.0
352,6.0
353,6.0
354,3.0
355,6.0
356,6.0
357,5.0
358,2.0
359,6.0
360,6.0
361,6.0
362,6.0
363,6.0
364,6.0
365,6.0
366,6.0
367,4.0
368,6.0
369,6.0
370,2.0
371,3.0
372,6.0
373,6.0
374,1.0
375,2.0
376,6.0
377,6.0
378,6.0
379,2.0
380,6.0
381,3.0
382,2.0
383,6.0
384,6.0
385,3.0
386,6.0
387,6.0
388,6.0
389,6.0
390,5.0
391,4.0
392,2.0
393,
394,1.0
395,6.0
396,6.0
397,6.0
398,4.0
399,6.0
400,6.0
401,6.0
402,5.0
403,2.0
404,6.0
405,6.0
406,6.0
407,1.0
408,6.0
409,6.0
410,1.0
411,6.0
412,6.0
413,5.0
414,5.0
415,2.0
416,6.0
417,6.0
418,6.0
419,6.0
420,6.0
421,6.0
422,2.0
423,6.0
424,6.0
425,1.0
426,6.0
427,2.0
428,5.0
429,3.0
430,6.0
431,6.0
432,4.0
433,6.0
434,6.0
435,1.0
436,6.0
437,6.0
438,1.0
439,6.0
440,6.0
441,6.0
442,3.0
443,2.0
444,6.0
445,6.0
446,4.0
447,6.0
448,6.0
449,6.0
450,6.0
451,6.0
452,6.0
453,6.0
454,3.0
455,6.0
456,6.0
457,2.0
458,6.0
459,6.0
460,6.0
461,5.0
462,2.0
463,2.0
464,6.0
465,6.0
466,6.0
467,6.0
468,6.0
469,6.0
470,6.0
471,6.0
472,1.0
473,2.0
474,6.0
475,6.0
476,6.0
477,6.0
478,6.0
479,6.0
480,6.0
481,1.0
482,2.0
483,2.0
484,6.0
485,6.0
486,6.0
487,6.0
488,6.0
489,6.0
490,6.0
491,6.0
492,6.0
493,6.0
494,6.0
495,6.0
496,6.0
497,2.0
498,6.0
499,6.0
500,6.0
501,6.0
502,5.0
503,6.0
504,6.0
505,6.0
506,6.0
507,2.0
508,6.0
509,6.0
510,1.0
511,6.0
512,6.0
513,1.0
514,1.0
515,2.0
516,1.0
517,6.0
518,6.0
519,6.0
520,6.0
521,4.0
522,3.0
523,2.0
524,6.0
525,6.0
526,6.0
527,4.0
528,6.0
529,6.0
530,6.0
531,5.0
532,3.0
533,1.0
534,2.0
535,6.0
536,6.0
537,6.0
538,6.0
539,4.0
540,6.0
541,6.0
542,6.0
543,1.0
544,6.0
545,6.0
546,3.0
547,2.0
548,6.0
549,6.0
550,1.0
551,6.0
552,2.0
553,6.0
554,6.0
555,6.0
556,6.0
557,6.0
558,6.0
559,2.0
560,1.0
561,6.0
562,6.0
563,2.0
564,6.0
565,6.0
566,6.0
567,6.0
568,6.0
569,3.0
570,1.0
571,6.0
572,6.0
573,6.0
574,6.0
575,2.0
576,6.0
577,6.0
578,6.0
579,6.0
580,6.0
581,1.0
582,6.0
583,6.0
584,3.0
585,2.0
586,3.0
587,6.0
588,6.0
589,1.0
590,2.0
591,6.0
592,6.0
593,6.0
594,6.0
595,6.0
596,2.0
597,1.0
598,2.0
599,1.0
600,6.0
601,6.0
602,1.0
603,6.0
604,6.0
605,1.0
606,3.0
607,1.0
608,6.0
609,6.0
610,6.0
611,2.0
612,6.0
613,6.0
614,1.0
615,2.0
616,6.0
617,6.0
618,1.0
619,6.0
620,2.0
621,3.0
622,2.0
623,3.0
624,1.0
625,4.0
626,6.0
627,3.0
628,2.0
629,6.0
630,2.0
631,6.0
632,6.0
633,6.0
634,1.0
635,6.0
636,2.0
637,6.0
638,1.0
639,5.0
640,6.0
641,6.0
642,2.0
643,6.0
644,3.0
645,6.0
646,6.0
647,6.0
648,6.0
649,2.0
650,6.0
651,2.0
652,2.0
653,6.0
654,6.0
655,5.0
656,6.0
657,6.0
658,6.0
659,6.0
660,6.0
661,1.0
662,6.0
663,6.0
664,5.0
665,6.0
666,6.0
667,6.0
668,3.0
669,6.0
670,6.0
671,2.0
672,6.0
673,6.0
674,6.0
675,6.0
676,6.0
677,1.0
678,6.0
679,3.0
680,3.0
681,3.0
682,6.0
683,4.0
684,1.0
685,6.0
686,2.0
687,1.0
688,6.0
689,6.0
690,4.0
691,2.0
692,2.0
693,6.0
694,6.0
695,2.0
696,6.0
697,6.0
698,1.0
699,6.0
700,6.0
701,1.0
702,6.0
703,2.0
704,2.0
705,6.0
706,6.0
707,3.0
708,6.0
709,5.0
710,3.0
711,6.0
712,2.0
713,3.0
714,6.0
715,4.0
716,2.0
717,4.0
718,2.0
719,2.0
720,3.0
721,3.0
722,5.0
723,2.0
724,3.0
725,5.0
726,3.0
727,3.0
728,2.0
729,3.0
730,6.0
731,2.0
732,2.0
733,4.0
734,5.0
735,4.0
736,6.0
737,2.0
738,4.0
739,2.0
740,6.0
741,4.0
742,4.0
743,6.0
744,1.0
745,4.0
746,2.0
747,4.0
748,4.0
749,6.0
750,2.0
751,2.0
752,3.0
753,4.0
754,5.0
755,2.0
756,4.0
757,6.0
758,5.0
759,4.0
760,2.0
761,4.0
762,4.0
763,6.0
764,2.0
765,4.0
766,6.0
767,2.0
768,4.0
769,6.0
770,3.0
771,4.0
772,4.0
773,2.0
774,6.0
775,4.0
776,1.0
777,2.0
778,4.0
779,6.0
780,1.0
781,4.0
782,3.0
783,1.0
784,5.0
785,3.0
786,2.0
787,4.0
788,3.0
789,6.0
790,4.0
791,6.0
792,3.0
793,1.0
794,4.0
795,6.0
796,4.0
797,6.0
798,4.0
799,6.0
800,5.0
801,3.0
802,5.0
803,1.0
804,3.0
805,1.0
806,1.0
807,3.0
808,3.0
809,1.0
810,3.0
811,6.0
812,1.0
813,2.0
814,3.0
815,2.0
816,2.0
817,2.0
818,3.0
819,3.0
820,2.0
821,2.0
822,6.0
823,6.0
824,6.0
825,6.0
826,6.0
827,6.0
828,1.0
829,6.0
830,6.0
831,2.0
832,6.0
833,3.0
834,6.0
835,6.0
836,6.0
837,6.0
838,6.0
839,6.0
840,2.0
841,6.0
842,6.0
843,5.0
844,6.0
845,1.0
846,1.0
847,2.0
848,6.0
849,3.0
850,2.0
851,6.0
852,1.0
853,1.0
854,6.0
855,2.0
856,1.0
857,6.0
858,6.0
859,2.0
860,6.0
861,6.0
862,2.0
863,6.0
864,4.0
865,1.0
866,6.0
867,4.0
868,6.0
869,6.0
870,6.0
871,1.0
872,1.0
873,6.0
874,4.0
875,5.0
876,1.0
877,5.0
878,3.0
879,6.0
880,6.0
881,6.0
882,3.0
883,3.0
884,6.0
885,2.0
886,3.0
887,6.0
888,4.0
889,6.0
890,6.0
891,2.0
892,2.0
893,6.0
894,4.0
895,2.0
896,6.0
897,5.0
898,2.0
899,6.0
900,3.0
901,2.0
902,6.0
903,6.0
904,2.0
905,6.0
906,6.0
907,2.0
908,6.0
909,5.0
910,2.0
911,6.0
912,2.0
913,3.0
914,6.0
915,3.0
916,1.0
917,6.0
918,5.0
919,2.0
920,6.0
921,6.0
922,2.0
923,6.0
924,1.0
925,2.0
926,6.0
927,6.0
928,6.0
929,6.0
930,6.0
931,2.0
932,6.0
933,5.0
934,2.0
935,6.0
936,1.0
937,1.0
938,6.0
939,5.0
940,1.0
941,6.0
942,2.0
943,1.0
944,6.0
945,6.0
946,6.0
947,6.0
948,2.0
949,2.0
950,6.0
951,5.0
952,3.0
953,6.0
954,6.0
955,5.0
956,4.0
957,4.0
958,6.0
959,2.0
960,3.0
961,2.0
962,6.0
963,2.0
964,6.0
965,6.0
966,6.0
967,6.0
968,2.0
969,6.0
970,6.0
971,4.0
972,6.0
973,6.0
974,2.0
975,6.0
976,1.0
977,1.0
978,6.0
979,5.0
980,3.0
981,2.0
982,3.0
983,6.0
984,1.0
985,2.0
986,3.0
987,6.0
988,1.0
989,6.0
990,2.0
991,2.0
992,6.0
993,4.0
994,2.0
995,6.0
996,2.0
997,1.0
998,6.0
999,6.0
1000,2.0
1001,6.0
1002,2.0
1003,2.0
1004,6.0
1005,6.0
1006,4.0
1007,1.0
1008,1.0
1009,4.0
1010,6.0
1011,6.0
1012,6.0
1013,4.0
1014,4.0
1015,3.0
1016,6.0
1017,6.0
1018,1.0
1019,2.0
1020,2.0
1021,6.0
1022,1.0
1023,6.0
1024,1.0
1025,2.0
1026,6.0
1027,6.0
1028,1.0
1029,6.0
1030,2.0
1031,2.0
1032,1.0
1033,6.0
1034,2.0
1035,1.0
1036,6.0
1037,2.0
1038,1.0
1039,2.0
1040,6.0
1041,6.0
1042,6.0
1043,6.0
1044,3.0
1045,2.0
1046,6.0
1047,2.0
1048,1.0
1049,1.0
1050,6.0
1051,2.0
1052,2.0
1053,6.0
1054,6.0
1055,6.0
1056,6.0
1057,6.0
1058,1.0
1059,1.0
1060,6.0
1061,1.0
1062,3.0
1063,6.0
1064,4.0
1065,2.0
1066,6.0
1067,2.0
1068,2.0
1069,3.0
1070,6.0
1071,6.0
1072,2.0
1073,6.0
1074,2.0
1075,3.0
1076,6.0
1077,1.0
1078,2.0
1079,1.0
1080,6.0
1081,2.0
1082,6.0
1083,6.0
1084,3.0
1085,1.0
1086,6.0
1087,6.0
1088,6.0
1089,6.0
1090,5.0
1091,1.0
1092,1.0
1093,2.0
1094,6.0
1095,6.0
1096,3.0
1097,6.0
1098,6.0
1099,1.0
1100,6.0
1101,6.0
1102,4.0
1103,6.0
1104,6.0
1105,6.0
1106,6.0
1107,6.0
1108,6.0
1109,2.0
1110,6.0
1111,6.0
1112,6.0
1113,1.0
1114,2.0
1115,6.0
1116,6.0
1117,2.0
1118,6.0
1119,6.0
1120,6.0
1121,6.0
1122,6.0
1123,1.0
1124,2.0
1125,6.0
1126,6.0
1127,2.0
1128,1.0
1129,2.0
1130,2.0
1131,2.0
1132,2.0
1133,5.0
1134,6.0
1135,3.0
1136,5.0
1137,6.0
1138,2.0
1139,5.0
1140,6.0
1141,2.0
1142,5.0
1143,6.0
1144,6.0
1145,5.0
1146,2.0
1147,2.0
1148,5.0
1149,6.0
1150,2.0
1151,2.0
1152,6.0
1153,
1154,5.0
1155,5.0
1156,3.0
1157,5.0
1158,6.0
1159,6.0
1160,2.0
1161,5.0
1162,1.0
1163,6.0
1164,2.0
1165,4.0
1166,5.0
1167,6.0
1168,6.0
1169,2.0
1170,5.0
1171,6.0
1172,1.0
1173,5.0
1174,6.0
1175,6.0
1176,3.0
1177,6.0
1178,2.0
1179,3.0
1180,6.0
1181,6.0
1182,2.0
1183,1.0
1184,3.0
1185,6.0
1186,6.0
1187,6.0
1188,3.0
1189,1.0
1190,1.0
1191,1.0
1192,3.0
1193,6.0
1194,6.0
1195,6.0
1196,2.0
1197,6.0
1198,1.0
1199,6.0
1200,6.0
1201,6.0
1202,2.0
1203,3.0
1204,6.0
1205,2.0
1206,2.0
1207,6.0
1208,3.0
1209,3.0
1210,1.0
1211,6.0
1212,1.0
1213,6.0
1214,2.0
1215,6.0
1216,2.0
1217,2.0
1218,6.0
1219,6.0
1220,2.0
1221,3.0
1222,4.0
1223,2.0
1224,2.0
1225,6.0
1226,2.0
1227,6.0
1228,2.0
1229,1.0
1230,6.0
1231,2.0
1232,2.0
1233,5.0
1234,6.0
1235,6.0
1236,6.0
1237,2.0
1238,1.0
1239,3.0
1240,2.0
1241,1.0
1242,6.0
1243,1.0
1244,6.0
1245,6.0
1246,3.0
1247,6.0
1248,6.0
1249,6.0
1250,2.0
1251,6.0
1252,6.0
1253,6.0
1254,1.0
1255,1.0
1256,6.0
1257,2.0
1258,6.0
1259,6.0
1260,6.0
1261,3.0
1262,6.0
1263,5.0
1264,6.0
1265,6.0
1266,2.0
1267,6.0
1268,6.0
1269,6.0
1270,1.0
1271,2.0
1272,6.0
1273,6.0
1274,4.0
1275,6.0
1276,4.0
1277,1.0
1278,6.0
1279,6.0
1280,2.0
1281,6.0
1282,1.0
1283,2.0
1284,6.0
1285,2.0
1286,6.0
1287,6.0
1288,1.0
1289,2.0
1290,6.0
1291,6.0
1292,2.0
1293,6.0
1294,6.0
1295,4.0
1296,3.0
1297,2.0
1298,2.0
1299,6.0
1300,6.0
1301,6.0
1302,6.0
1303,6.0
1304,3.0
1305,4.0
1306,6.0
1307,6.0
1308,4.0
1309,6.0
1310,5.0
1311,3.0
1312,6.0
1313,6.0
1314,1.0
1315,4.0
1316,6.0
1317,6.0
1318,2.0
1319,6.0
1320,6.0
1321,2.0
1322,2.0
1323,6.0
1324,6.0
1325,3.0
1326,2.0
1327,3.0
1328,3.0
1329,1.0
1330,6.0
1331,1.0
1332,6.0
1333,6.0
1334,1.0
1335,4.0
1336,6.0
1337,6.0
1338,2.0
1339,6.0
1340,5.0
1341,4.0
1342,6.0
1343,2.0
1344,6.0
1345,6.0
1346,6.0
1347,6.0
1348,6.0
1349,1.0
1350,6.0
1351,5.0
1352,2.0
1353,6.0
1354,6.0
1355,6.0
1356,2.0
1357,1.0
1358,6.0
1359,6.0
1360,2.0
1361,6.0
1362,2.0
1363,3.0
1364,6.0
1365,2.0
1366,4.0
1367,6.0
1368,6.0
1369,6.0
1370,1.0
1371,4.0
1372,6.0
1373,6.0
1374,6.0
1375,2.0
1376,3.0
1377,6.0
1378,1.0
1379,4.0
1380,2.0
1381,6.0
1382,4.0
1383,4.0
1384,2.0
1385,6.0
1386,6.0
1387,2.0
1388,3.0
1389,2.0
1390,2.0
1391,6.0
1392,1.0
1393,5.0
1394,1.0
1395,6.0
1396,6.0
1397,2.0
1398,2.0
1399,6.0
1400,2.0
1401,5.0
1402,6.0
1403,6.0
1404,1.0
1405,6.0
1406,2.0
1407,4.0
1408,5.0
1409,2.0
1410,2.0
1411,5.0
1412,6.0
1413,6.0
1414,2.0
1415,2.0
1416,6.0
1417,6.0
1418,6.0
1419,6.0
1420,1.0
1421,1.0
1422,6.0
1423,2.0
1424,1.0
1425,2.0
1426,4.0
1427,1.0
1428,6.0
1429,1.0
1430,6.0
1431,6.0
1432,6.0
1433,6.0
1434,6.0
1435,6.0
1436,6.0
1437,6.0
1438,1.0
1439,6.0
1440,6.0
1441,4.0
1442,6.0
1443,3.0
1444,2.0
1445,1.0
1446,6.0
1447,3.0
1448,6.0
1449,2.0
1450,6.0
1451,5.0
1452,5.0
1453,6.0
1454,6.0
1455,6.0
1456,6.0
1457,6.0
1458,2.0
1459,6.0
1460,6.0
1461,2.0
1462,6.0
1463,3.0
1464,2.0
1465,6.0
1466,6.0
1467,2.0
1468,2.0
1469,6.0
1470,6.0
1471,1.0
1472,2.0
1473,1.0
1474,6.0
1475,2.0
1476,6.0
1477,4.0
1478,2.0
1479,6.0
1480,6.0
1481,6.0
1482,1.0
1483,6.0
1484,6.0
1485,2.0
1486,6.0
1487,2.0
1488,4.0
1489,6.0
1490,2.0
1491,1.0
1492,6.0
1493,2.0
1494,2.0
1495,2.0
1496,6.0
1497,6.0
1498,2.0
1499,6.0
1500,1.0
1501,4.0
1502,1.0
1503,3.0
1504,6.0
1505,3.0
1506,1.0
1507,2.0
1508,1.0
1509,6.0
1510,2.0
1511,3.0
1512,1.0
1513,1.0
1514,2.0
1515,1.0
1516,6.0
1517,4.0
1518,2.0
1519,5.0
1520,5.0
1521,1.0
1522,3.0
1523,2.0
1524,3.0
1525,2.0
1526,1.0
1527,6.0
1528,2.0
1529,6.0
1530,6.0
1531,6.0
1532,1.0
1533,2.0
1534,5.0
1535,5.0
1536,1.0
1537,6.0
1538,6.0
1539,2.0
1540,2.0
1541,6.0
1542,1.0
1543,1.0
1544,2.0
1545,6.0
1546,1.0
1547,1.0
1548,1.0
1549,2.0
1550,3.0
1551,4.0
1552,1.0
1553,1.0
1554,3.0
1555,6.0
1556,3.0
1557,2.0
1558,6.0
1559,6.0
1560,2.0
1561,2.0
1562,6.0
1563,2.0
1564,6.0
1565,2.0
1566,6.0
1567,6.0
1568,6.0
1569,6.0
1570,6.0
1571,6.0
1572,5.0
1573,6.0
1574,4.0
1575,4.0
1576,3.0
1577,6.0
1578,1.0
1579,1.0
1580,1.0
1581,6.0
1582,1.0
1583,2.0
1584,6.0
1585,1.0
1586,2.0
1587,6.0
1588,3.0
1589,2.0
1590,6.0
1591,5.0
1592,1.0
1593,2.0
1594,6.0
1595,6.0
1596,6.0
1597,6.0
1598,2.0
1599,6.0
1600,4.0
1601,1.0
1602,6.0
1603,6.0
1604,2.0
1605,3.0
1606,6.0
1607,6.0
1608,2.0
1609,6.0
1610,6.0
1611,2.0
1612,2.0
1613,6.0
1614,6.0
1615,6.0
1616,6.0
1617,2.0
1618,6.0
1619,6.0
1620,1.0
1621,2.0
1622,6.0
1623,6.0
1624,2.0
1625,2.0
1626,3.0
1627,6.0
1628,6.0
1629,2.0
1630,6.0
1631,2.0
1632,6.0
1633,6.0
1634,1.0
1635,5.0
1636,6.0
1637,6.0
1638,6.0
1639,3.0
1640,2.0
1641,2.0
1642,2.0
1643,6.0
1644,6.0
1645,6.0
1646,6.0
1647,2.0
1648,3.0
1649,6.0
1650,1.0
1651,6.0
1652,6.0
1653,3.0
1654,1.0
1655,6.0
1656,6.0
1657,1.0
1658,6.0
1659,2.0
1660,2.0
1661,6.0
1662,6.0
1663,1.0
1664,1.0
1665,6.0
1666,6.0
1667,6.0
1668,1.0
1669,6.0
1670,2.0
1671,6.0
1672,1.0
1673,6.0
1674,6.0
1675,2.0
1676,1.0
1677,6.0
1678,4.0
1679,6.0
1680,6.0
1681,6.0
1682,6.0
1683,1.0
1684,6.0
1685,5.0
1686,6.0
1687,6.0
1688,6.0
1689,6.0
1690,6.0
1691,6.0
1692,6.0
1693,6.0
1694,6.0
1695,6.0
1696,1.0
1697,6.0
1698,6.0
1699,3.0
1700,6.0
1701,6.0
1702,2.0
1703,2.0
1704,2.0
1705,6.0
1706,3.0
1707,2.0
1708,6.0
1709,6.0
1710,3.0
1711,6.0
1712,2.0
1713,1.0
1714,6.0
1715,6.0
1716,6.0
1717,5.0
1718,2.0
1719,6.0
1720,4.0
1721,2.0
1722,6.0
1723,6.0
1724,2.0
1725,1.0
1726,6.0
1727,2.0
1728,1.0
1729,4.0
1730,6.0
1731,6.0
1732,6.0
1733,6.0
1734,4.0
1735,1.0
1736,6.0
1737,6.0
1738,1.0
1739,6.0
1740,1.0
1741,2.0
1742,6.0
1743,3.0
1744,6.0
1745,2.0
1746,5.0
1747,6.0
1748,6.0
1749,6.0
1750,3.0
1751,6.0
1752,6.0
1753,6.0
1754,5.0
1755,6.0
1756,6.0
1757,5.0
1758,6.0
1759,6.0
1760,6.0
1761,6.0
1762,4.0
1763,2.0
1764,1.0
1765,6.0
1766,6.0
1767,4.0
1768,6.0
1769,2.0
1770,1.0
1771,5.0
1772,6.0
1773,2.0
1774,2.0
1775,6.0
1776,6.0
1777,6.0
1778,2.0
1779,2.0
1780,1.0
1781,6.0
1782,2.0
1783,6.0
1784,4.0
1785,6.0
1786,6.0
1787,6.0
1788,1.0
1789,6.0
1790,2.0
1791,4.0
1792,1.0
1793,6.0
1794,6.0
1795,2.0
1796,1.0
1797,6.0
1798,2.0
1799,6.0
1800,3.0
1801,6.0
1802,6.0
1803,6.0
1804,1.0
1805,2.0
1806,6.0
1807,6.0
1808,1.0
1809,1.0
1810,6.0
1811,2.0
1812,6.0
1813,1.0
1814,2.0
1815,6.0
1816,6.0
1817,2.0
1818,6.0
1819,6.0
1820,2.0
1821,1.0
1822,2.0
1823,3.0
1824,6.0
1825,6.0
1826,6.0
1827,6.0
1828,1.0
1829,1.0
1830,6.0
1831,6.0
1832,2.0
1833,2.0
1834,1.0
1835,2.0
1836,2.0
1837,6.0
1838,6.0
1839,6.0
1840,3.0
1841,2.0
1842,1.0
1843,6.0
1844,1.0
1845,2.0
1846,6.0
1847,6.0
1848,1.0
1849,2.0
1850,3.0
1851,6.0
1852,6.0
1853,6.0
1854,2.0
1855,1.0
1856,6.0
1857,6.0
1858,2.0
1859,6.0
1860,6.0
1861,2.0
1862,6.0
1863,6.0
1864,2.0
1865,2.0
1866,6.0
1867,3.0
1868,
1869,6.0
1870,6.0
1871,2.0
1872,2.0
1873,6.0
1874,5.0
1875,2.0
1876,6.0
1877,2.0
1878,5.0
1879,6.0
1880,6.0
1881,4.0
1882,6.0
1883,6.0
1884,6.0
1885,6.0
1886,6.0
1887,5.0
1888,1.0
1889,6.0
1890,6.0
1891,2.0
1892,1.0
1893,1.0
1894,6.0
1895,1.0
1896,1.0
1897,6.0
1898,2.0
1899,1.0
1900,6.0
1901,4.0
1902,6.0
1903,2.0
1904,6.0
1905,6.0
1906,6.0
1907,6.0
1908,1.0
1909,6.0
1910,1.0
1911,2.0
1912,6.0
1913,3.0
1914,1.0
1915,6.0
1916,2.0
1917,6.0
1918,2.0
1919,6.0
1920,6.0
1921,6.0
1922,4.0
1923,1.0
1924,6.0
1925,2.0
1926,5.0
1927,6.0
1928,6.0
1929,6.0
1930,5.0
1931,6.0
1932,1.0
1933,3.0
1934,6.0
1935,6.0
1936,4.0
1937,6.0
1938,6.0
1939,1.0
1940,6.0
1941,6.0
1942,1.0
1943,6.0
1944,6.0
1945,6.0
1946,6.0
1947,5.0
1948,1.0
1949,6.0
1950,2.0
1951,1.0
1952,6.0
1953,2.0
1954,3.0
1955,6.0
1956,5.0
1957,6.0
1958,4.0
1959,2.0
1960,2.0
1961,6.0
1962,4.0
1963,1.0
1964,6.0
1965,6.0
1966,6.0
1967,6.0
1968,6.0
1969,2.0
1970,6.0
1971,4.0
1972,6.0
1973,6.0
1974,3.0
1975,6.0
1976,1.0
1977,2.0
1978,6.0
1979,6.0
1980,1.0
1981,1.0
1982,6.0
1983,6.0
1984,6.0
1985,6.0
1986,6.0
1987,2.0
1988,2.0
1989,6.0
1990,6.0
1991,6.0
1992,2.0
1993,2.0
1994,2.0
1995,6.0
1996,6.0
1997,3.0
1998,2.0
1999,6.0
2000,6.0
2001,6.0
2002,1.0
2003,2.0
2004,1.0
2005,6.0
2006,2.0
2007,2.0
2008,1.0
2009,2.0
2010,1.0
2011,1.0
2012,6.0
2013,3.0
2014,1.0
2015,3.0
2016,1.0
2017,2.0
2018,1.0
2019,1.0
2020,3.0
2021,1.0
2022,6.0
2023,6.0
2024,2.0
2025,2.0
2026,4.0
2027,2.0
2028,3.0
2029,
2030,2.0
2031,1.0
2032,3.0
2033,3.0
2034,2.0
2035,1.0
2036,2.0
2037,2.0
2038,1.0
2039,2.0
2040,6.0
2041,5.0
2042,6.0
2043,6.0
2044,6.0
2045,6.0
2046,2.0
2047,6.0
2048,1.0
2049,
2050,
2051,4.0
2052,5.0
2053,6.0
2054,2.0
2055,3.0
2056,6.0
2057,2.0
2058,6.0
2059,3.0
2060,6.0
2061,6.0
2062,2.0
2063,5.0
2064,6.0
2065,6.0
2066,2.0
2067,6.0
2068,6.0
2069,2.0
2070,1.0
2071,2.0
2072,6.0
2073,2.0
2074,6.0
2075,3.0
2076,6.0
2077,6.0
2078,1.0
2079,2.0
2080,3.0
2081,2.0
2082,3.0
2083,6.0
2084,2.0
2085,6.0
2086,2.0
2087,6.0
2088,1.0
2089,3.0
2090,1.0
2091,2.0
2092,2.0
2093,2.0
2094,6.0
2095,1.0
2096,2.0
2097,6.0
2098,1.0
2099,6.0
2100,1.0
2101,2.0
2102,3.0
2103,1.0
2104,6.0
2105,1.0
2106,1.0
2107,1.0
2108,1.0
2109,3.0
2110,2.0
2111,1.0
2112,2.0
2113,2.0
2114,1.0
2115,6.0
2116,2.0
2117,2.0
2118,1.0
2119,
2120,5.0
2121,6.0
2122,1.0
2123,2.0
2124,2.0
2125,1.0
2126,2.0
2127,5.0
2128,6.0
2129,3.0
2130,5.0
2131,3.0
2132,5.0
2133,3.0
2134,1.0
2135,1.0
2136,3.0
2137,1.0
2138,3.0
2139,1.0
2140,2.0
2141,1.0
2142,2.0
2143,6.0
2144,3.0
2145,3.0
2146,3.0
2147,1.0
2148,5.0
2149,6.0
2150,2.0
2151,5.0
2152,4.0
2153,2.0
2154,1.0
2155,2.0
2156,4.0
2157,6.0
2158,2.0
2159,2.0
2160,3.0
2161,1.0
2162,2.0
2163,1.0
2164,6.0
2165,1.0
2166,6.0
2167,4.0
2168,4.0
2169,3.0
2170,1.0
2171,4.0
2172,6.0
2173,5.0
2174,6.0
2175,2.0
2176,1.0
2177,4.0
2178,2.0
2179,2.0
2180,1.0
2181,4.0
2182,6.0
2183,2.0
2184,6.0
2185,4.0
2186,6.0
2187,6.0
2188,1.0
2189,1.0
2190,6.0
2191,2.0
2192,1.0
2193,3.0
2194,6.0
2195,6.0
2196,4.0
2197,6.0
2198,1.0
2199,5.0
2200,6.0
2201,1.0
2202,5.0
2203,3.0
2204,1.0
2205,2.0
2206,3.0
2207,3.0
2208,6.0
2209,6.0
2210,2.0
2211,3.0
2212,3.0
2213,2.0
2214,2.0
2215,6.0
2216,6.0
2217,2.0
2218,6.0
2219,1.0
2220,2.0
2221,1.0
2222,2.0
2223,3.0
2224,2.0
2225,3.0
2226,3.0
2227,1.0
2228,2.0
2229,3.0
2230,6.0
2231,2.0
2232,3.0
2233,2.0
2234,3.0
2235,2.0
2236,6.0
2237,1.0
2238,6.0
2239,6.0
2240,3.0
2241,6.0
2242,3.0
2243,2.0
2244,6.0
2245,6.0
2246,1.0
2247,6.0
2248,6.0
2249,5.0
2250,3.0
2251,6.0
2252,5.0
2253,5.0
2254,3.0
2255,3.0
2256,3.0
2257,2.0
2258,3.0
2259,2.0
2260,2.0
2261,5.0
2262,6.0
2263,2.0
2264,5.0
2265,6.0
2266,6.0
2267,1.0
2268,5.0
2269,5.0
2270,2.0
2271,6.0
2272,2.0
2273,1.0
2274,6.0
2275,2.0
2276,6.0
2277,6.0
2278,2.0
2279,3.0
2280,1.0
2281,1.0
2282,5.0
2283,6.0
2284,1.0
2285,2.0
2286,2.0
2287,4.0
2288,1.0
2289,3.0
2290,6.0
2291,4.0
2292,3.0
2293,1.0
2294,1.0
2295,2.0
2296,1.0
2297,6.0
2298,5.0
2299,1.0
2300,1.0
2301,2.0
2302,1.0
2303,1.0
2304,1.0
2305,2.0
2306,6.0
2307,6.0
2308,6.0
2309,6.0
2310,6.0
2311,1.0
2312,6.0
2313,2.0
2314,4.0
2315,6.0
2316,6.0
2317,6.0
2318,2.0
2319,6.0
2320,2.0
2321,2.0
2322,6.0
2323,1.0
2324,4.0
2325,1.0
2326,3.0
2327,2.0
2328,3.0
2329,1.0
2330,4.0
2331,6.0
2332,6.0
2333,2.0
2334,2.0
2335,2.0
2336,6.0
2337,2.0
2338,6.0
2339,6.0
2340,6.0
2341,1.0
2342,2.0
2343,2.0
2344,6.0
2345,2.0
2346,2.0
2347,4.0
2348,2.0
2349,6.0
2350,1.0
2351,2.0
2352,6.0
2353,5.0
2354,1.0
2355,2.0
2356,2.0
2357,2.0
2358,2.0
2359,1.0
2360,6.0
2361,1.0
2362,6.0
2363,1.0
2364,6.0
2365,6.0
2366,6.0
2367,6.0
2368,5.0
2369,2.0
2370,6.0
2371,6.0
2372,2.0
2373,2.0
2374,6.0
2375,6.0
2376,1.0
2377,6.0
2378,2.0
2379,6.0
2380,6.0
2381,6.0
2382,2.0
2383,6.0
2384,2.0
2385,4.0
2386,2.0
2387,2.0
2388,1.0
2389,2.0
2390,1.0
2391,2.0
2392,1.0
2393,3.0
2394,6.0
2395,1.0
2396,5.0
2397,2.0
2398,3.0
2399,2.0
2400,2.0
2401,1.0
2402,6.0
2403,6.0
2404,3.0
2405,6.0
2406,2.0
2407,2.0
2408,2.0
2409,2.0
2410,1.0
2411,6.0
2412,6.0
2413,1.0
2414,6.0
2415,6.0
2416,3.0
2417,6.0
2418,6.0
2419,2.0
2420,5.0
2421,6.0
2422,
2423,2.0
2424,3.0
2425,6.0
2426,4.0
2427,6.0
2428,5.0
2429,2.0
2430,2.0
2431,3.0
2432,6.0
2433,6.0
2434,6.0
2435,2.0
2436,6.0
2437,3.0
2438,6.0
2439,6.0
2440,2.0
2441,2.0
2442,2.0
2443,6.0
2444,6.0
2445,6.0
2446,4.0
2447,6.0
2448,6.0
2449,2.0
2450,2.0
2451,1.0
2452,6.0
2453,2.0
2454,3.0
2455,6.0
2456,3.0
2457,2.0
2458,6.0
2459,2.0
2460,5.0
2461,6.0
2462,2.0
2463,1.0
2464,2.0
2465,6.0
2466,6.0
2467,1.0
2468,6.0
2469,2.0
2470,3.0
2471,6.0
2472,6.0
2473,2.0
2474,
2475,3.0
2476,1.0
2477,1.0
2478,2.0
2479,1.0
2480,1.0
2481,1.0
2482,2.0
2483,1.0
2484,2.0
2485,1.0
2486,6.0
2487,3.0
2488,2.0
2489,2.0
2490,1.0
2491,6.0
2492,6.0
2493,2.0
2494,5.0
2495,1.0
2496,1.0
2497,6.0
2498,6.0
2499,6.0
2500,1.0
2501,6.0
2502,6.0
2503,2.0
2504,
2505,3.0
2506,6.0
2507,3.0
2508,1.0
2509,2.0
2510,5.0
2511,1.0
2512,3.0
2513,2.0
2514,6.0
2515,1.0
2516,6.0
2517,3.0
2518,2.0
2519,1.0
2520,1.0
2521,3.0
2522,2.0
2523,1.0
2524,6.0
2525,3.0
2526,5.0
2527,1.0
2528,1.0
2529,6.0
2530,6.0
2531,1.0
2532,1.0
2533,6.0
2534,2.0
2535,6.0
2536,2.0
2537,2.0
2538,1.0
2539,2.0
2540,6.0
2541,5.0
2542,1.0
2543,5.0
2544,2.0
2545,2.0
2546,2.0
2547,6.0
2548,6.0
2549,1.0
2550,6.0
2551,6.0
2552,4.0
2553,6.0
2554,6.0
2555,6.0
2556,4.0
2557,2.0
2558,1.0
2559,6.0
2560,2.0
2561,2.0
2562,2.0
2563,2.0
2564,6.0
2565,1.0
2566,2.0
2567,2.0
2568,6.0
2569,1.0
2570,2.0
2571,1.0
2572,2.0
2573,3.0
2574,2.0
2575,5.0
2576,3.0
2577,2.0
2578,
2579,5.0
2580,4.0
2581,6.0
2582,1.0
2583,1.0
2584,1.0
2585,2.0
2586,1.0
2587,1.0
2588,1.0
2589,6.0
2590,3.0
2591,1.0
2592,2.0
2593,1.0
2594,4.0
2595,2.0
2596,1.0
2597,1.0
2598,3.0
2599,4.0
2600,6.0
2601,1.0
2602,1.0
2603,2.0
2604,1.0
2605,6.0
2606,6.0
2607,4.0
2608,4.0
2609,6.0
2610,2.0
2611,1.0
2612,3.0
2613,2.0
2614,2.0
2615,1.0
2616,2.0
2617,1.0
2618,2.0
2619,6.0
2620,3.0
2621,2.0
2622,3.0
2623,6.0
2624,1.0
2625,3.0
2626,1.0
2627,1.0
2628,3.0
2629,4.0
2630,4.0
2631,2.0
2632,5.0
2633,2.0
2634,6.0
2635,5.0
2636,6.0
2637,2.0
2638,2.0
2639,5.0
2640,2.0
2641,2.0
2642,6.0
2643,5.0
2644,3.0
2645,2.0
2646,5.0
2647,6.0
2648,3.0
2649,5.0
2650,3.0
2651,2.0
2652,2.0
2653,6.0
2654,3.0
2655,1.0
2656,2.0
2657,2.0
2658,6.0
2659,
2660,3.0
2661,6.0
2662,2.0
2663,5.0
2664,3.0
2665,2.0
2666,6.0
2667,3.0
2668,1.0
2669,6.0
2670,6.0
2671,3.0
2672,2.0
2673,6.0
2674,6.0
2675,
2676,2.0
2677,1.0
2678,2.0
2679,2.0
2680,3.0
2681,2.0
2682,2.0
2683,6.0
2684,2.0
2685,3.0
2686,2.0
2687,6.0
2688,4.0
2689,2.0
2690,6.0
2691,5.0
2692,3.0
2693,2.0
2694,2.0
2695,6.0
2696,5.0
2697,3.0
2698,6.0
2699,5.0
2700,3.0
2701,6.0
2702,4.0
2703,6.0
2704,6.0
2705,1.0
2706,1.0
2707,2.0
2708,6.0
2709,2.0
2710,2.0
2711,6.0
2712,6.0
2713,2.0
2714,2.0
2715,6.0
2716,2.0
2717,1.0
2718,2.0
2719,1.0
2720,3.0
2721,1.0
2722,4.0
2723,6.0
2724,1.0
2725,1.0
2726,2.0
2727,1.0
2728,1.0
2729,5.0
2730,2.0
2731,1.0
2732,6.0
2733,2.0
2734,2.0
2735,1.0
2736,1.0
2737,2.0
2738,5.0
2739,2.0
2740,2.0
2741,2.0
2742,5.0
2743,2.0
2744,2.0
2745,1.0
2746,2.0
2747,3.0
2748,2.0
2749,4.0
2750,6.0
2751,6.0
2752,6.0
2753,6.0
2754,3.0
2755,1.0
2756,6.0
2757,2.0
2758,2.0
2759,6.0
2760,6.0
2761,3.0
2762,6.0
2763,3.0
2764,6.0
2765,3.0
2766,6.0
2767,2.0
2768,3.0
2769,6.0
2770,2.0
2771,2.0
2772,3.0
2773,6.0
2774,3.0
2775,2.0
2776,2.0
2777,2.0
2778,3.0
2779,3.0
2780,6.0
2781,6.0
2782,2.0
2783,2.0
2784,2.0
2785,2.0
2786,6.0
2787,6.0
2788,1.0
2789,2.0
2790,2.0
2791,2.0
2792,1.0
2793,1.0
2794,1.0
2795,2.0
2796,1.0
2797,6.0
2798,3.0
2799,2.0
2800,2.0
2801,6.0
2802,6.0
2803,4.0
2804,6.0
2805,2.0
2806,1.0
2807,1.0
2808,3.0
2809,6.0
2810,3.0
2811,2.0
2812,6.0
2813,2.0
2814,2.0
2815,6.0
2816,
2817,2.0
2818,6.0
2819,1.0
2820,1.0
2821,2.0
2822,2.0
2823,2.0
2824,2.0
2825,5.0
2826,3.0
2827,5.0
2828,6.0
2829,6.0
2830,5.0
2831,1.0
2832,3.0
2833,3.0
2834,5.0
2835,1.0
2836,1.0
2837,3.0
2838,5.0
2839,1.0
2840,2.0
2841,5.0
2842,1.0
2843,6.0
2844,5.0
2845,1.0
2846,1.0
2847,1.0
2848,5.0
2849,2.0
2850,3.0
2851,1.0
2852,5.0
2853,1.0
2854,5.0
2855,5.0
2856,1.0
2857,5.0
2858,6.0
2859,2.0
2860,6.0
2861,2.0
2862,2.0
2863,6.0
2864,6.0
2865,2.0
2866,6.0
2867,4.0
2868,6.0
2869,2.0
2870,2.0
2871,2.0
2872,6.0
2873,2.0
2874,2.0
2875,6.0
2876,5.0
2877,2.0
2878,6.0
2879,2.0
2880,1.0
2881,2.0
2882,6.0
2883,2.0
2884,3.0
2885,6.0
2886,2.0
2887,2.0
2888,6.0
2889,4.0
2890,3.0
2891,6.0
2892,2.0
2893,2.0
2894,6.0
2895,2.0
2896,2.0
2897,6.0
2898,6.0
2899,
2900,6.0
2901,3.0
2902,3.0
2903,6.0
2904,6.0
2905,5.0
2906,6.0
2907,6.0
2908,2.0
2909,2.0
2910,2.0
2911,2.0
2912,2.0
2913,4.0
2914,6.0
2915,1.0
2916,2.0
2917,1.0
2918,1.0
2919,2.0
2920,3.0
2921,3.0
2922,2.0
2923,2.0
2924,3.0
2925,6.0
2926,4.0
2927,2.0
2928,3.0
2929,2.0
2930,3.0
2931,6.0
2932,1.0
2933,6.0
2934,1.0
2935,2.0
2936,6.0
2937,6.0
2938,2.0
2939,2.0
2940,2.0
2941,2.0
2942,2.0
2943,2.0
2944,2.0
2945,2.0
2946,6.0
2947,1.0
2948,
2949,2.0
2950,6.0
2951,6.0
2952,6.0
2953,2.0
2954,2.0
2955,6.0
2956,6.0
2957,4.0
2958,2.0
2959,3.0
2960,1.0
2961,2.0
2962,6.0
2963,2.0
2964,2.0
2965,6.0
2966,2.0
2967,6.0
2968,4.0
2969,2.0
2970,2.0
2971,
2972,1.0
2973,
2974,2.0
2975,3.0
2976,6.0
2977,2.0
2978,6.0
2979,6.0
2980,1.0
2981,2.0
2982,1.0
2983,2.0
2984,1.0
2985,4.0
2986,6.0
2987,2.0
2988,2.0
2989,2.0
2990,1.0
2991,2.0
2992,5.0
2993,2.0
2994,1.0
2995,2.0
2996,5.0
2997,2.0
2998,6.0
2999,6.0
3000,5.0
3001,1.0
3002,2.0
3003,1.0
3004,2.0
3005,2.0
3006,4.0
3007,2.0
3008,1.0
3009,2.0
3010,1.0
3011,2.0
3012,2.0
3013,3.0
3014,4.0
3015,1.0
3016,6.0
3017,3.0
3018,2.0
3019,1.0
3020,2.0
3021,3.0
3022,6.0
3023,2.0
3024,1.0
3025,3.0
3026,2.0
3027,2.0
3028,2.0
3029,2.0
3030,2.0
3031,4.0
3032,2.0
3033,2.0
3034,1.0
3035,1.0
3036,1.0
3037,4.0
3038,2.0
3039,2.0
3040,6.0
3041,2.0
3042,1.0
3043,2.0
3044,2.0
3045,1.0
3046,1.0
3047,3.0
3048,2.0
3049,3.0
3050,6.0
3051,1.0
3052,4.0
3053,1.0
3054,2.0
3055,4.0
3056,2.0
3057,2.0
3058,4.0
3059,1.0
3060,2.0
3061,4.0
3062,2.0
3063,1.0
3064,1.0
3065,2.0
3066,3.0
3067,1.0
3068,2.0
3069,6.0
3070,2.0
3071,6.0
3072,2.0
3073,2.0
3074,1.0
3075,1.0
3076,5.0
3077,2.0
3078,2.0
3079,4.0
3080,3.0
3081,5.0
3082,1.0
3083,3.0
3084,3.0
3085,2.0
3086,1.0
3087,6.0
3088,2.0
3089,4.0
3090,3.0
3091,2.0
3092,6.0
3093,5.0
3094,1.0
3095,6.0
3096,3.0
3097,6.0
3098,1.0
3099,2.0
3100,2.0
3101,2.0
3102,5.0
3103,1.0
3104,2.0
3105,5.0
3106,2.0
3107,2.0
3108,2.0
3109,6.0
3110,1.0
3111,2.0
3112,3.0
3113,1.0
3114,2.0
3115,4.0
3116,2.0
3117,1.0
3118,2.0
3119,2.0
3120,3.0
3121,1.0
3122,2.0
3123,2.0
3124,6.0
3125,4.0
3126,2.0
3127,1.0
3128,2.0
3129,3.0
3130,2.0
3131,2.0
3132,3.0
3133,5.0
3134,5.0
3135,1.0
3136,2.0
3137,2.0
3138,2.0
3139,2.0
3140,6.0
3141,1.0
3142,6.0
3143,6.0
3144,4.0
3145,2.0
3146,2.0
3147,4.0
3148,
3149,2.0
3150,2.0
3151,2.0
3152,2.0
3153,1.0
3154,1.0
3155,3.0
3156,4.0
3157,4.0
3158,6.0
3159,4.0
3160,2.0
3161,2.0
3162,2.0
3163,3.0
3164,2.0
3165,2.0
3166,4.0
3167,6.0
3168,2.0
3169,4.0
3170,2.0
3171,3.0
3172,2.0
3173,4.0
3174,3.0
3175,2.0
3176,3.0
3177,3.0
3178,
3179,3.0
3180,2.0
3181,2.0
3182,2.0
3183,1.0
3184,2.0
3185,2.0
3186,3.0
3187,1.0
3188,1.0
3189,2.0
3190,2.0
3191,6.0
3192,2.0
3193,6.0
3194,1.0
