0,2.0
1,5.0
2,17.0
3,4.0
4,17.0
5,4.0
6,3.0
7,17.0
8,20.0
9,20.0
10,17.0
11,12.0
12,20.0
13,5.0
14,
15,5.0
16,17.0
17,20.0
18,17.0
19,17.0
20,4.0
21,9.0
22,7.0
23,5.0
24,11.0
25,17.0
26,20.0
27,10.0
28,17.0
29,5.0
30,1.0
31,17.0
32,4.0
33,7.0
34,5.0
35,17.0
36,11.0
37,5.0
38,3.0
39,
40,17.0
41,5.0
42,2.0
43,17.0
44,19.0
45,5.0
46,3.0
47,6.0
48,4.0
49,3.0
50,7.0
51,6.0
52,6.0
53,20.0
54,17.0
55,6.0
56,5.0
57,5.0
58,6.0
59,12.0
60,12.0
61,6.0
62,20.0
63,8.0
64,6.0
65,4.0
66,20.0
67,4.0
68,4.0
69,8.0
70,13.0
71,6.0
72,5.0
73,5.0
74,6.0
75,4.0
76,18.0
77,2.0
78,4.0
79,3.0
80,13.0
81,4.0
82,4.0
83,8.0
84,10.0
85,20.0
86,4.0
87,9.0
88,1.0
89,4.0
90,
91,18.0
92,5.0
93,4.0
94,4.0
95,7.0
96,13.0
97,7.0
98,20.0
99,6.0
100,5.0
101,4.0
102,6.0
103,20.0
104,5.0
105,6.0
106,13.0
107,7.0
108,16.0
109,20.0
110,9.0
111,14.0
112,20.0
113,8.0
114,17.0
115,20.0
116,5.0
117,8.0
118,20.0
119,
120,10.0
121,5.0
122,20.0
123,20.0
124,4.0
125,20.0
126,20.0
127,19.0
128,6.0
129,
130,20.0
131,11.0
132,13.0
133,14.0
134,12.0
135,20.0
136,14.0
137,19.0
138,20.0
139,20.0
140,15.0
141,
142,20.0
143,5.0
144,20.0
145,20.0
146,5.0
147,14.0
148,4.0
149,20.0
150,8.0
151,8.0
152,20.0
153,14.0
154,1.0
155,20.0
156,20.0
157,20.0
158,20.0
159,1.0
160,3.0
161,20.0
162,4.0
163,3.0
164,4.0
165,20.0
166,3.0
167,3.0
168,20.0
169,20.0
170,4.0
171,20.0
172,
173,
174,20.0
175,15.0
176,14.0
177,20.0
178,10.0
179,11.0
180,20.0
181,5.0
182,13.0
183,20.0
184,12.0
185,17.0
186,20.0
187,20.0
188,19.0
189,10.0
190,9.0
191,20.0
192,20.0
193,2.0
194,20.0
195,
196,5.0
197,20.0
198,18.0
199,3.0
200,20.0
201,1.0
202,4.0
203,10.0
204,18.0
205,1.0
206,4.0
207,20.0
208,
209,3.0
210,4.0
211,4.0
212,5.0
213,8.0
214,7.0
215,3.0
216,20.0
217,
218,5.0
219,13.0
220,20.0
221,5.0
222,15.0
223,20.0
224,11.0
225,4.0
226,20.0
227,11.0
228,2.0
229,20.0
230,8.0
231,3.0
232,
233,20.0
234,10.0
235,
236,20.0
237,20.0
238,
239,20.0
240,4.0
241,8.0
242,20.0
243,
244,11.0
245,7.0
246,20.0
247,1.0
248,4.0
249,
250,11.0
251,3.0
252,
253,19.0
254,20.0
255,
256,4.0
257,5.0
258,
259,7.0
260,5.0
261,
262,
263,9.0
264,
265,11.0
266,6.0
267,
268,20.0
269,4.0
270,5.0
271,
272,7.0
273,19.0
274,
275,20.0
276,20.0
277,5.0
278,9.0
279,18.0
280,5.0
281,
282,5.0
283,5.0
284,2.0
285,8.0
286,5.0
287,14.0
288,2.0
289,5.0
290,5.0
291,18.0
292,14.0
293,8.0
294,17.0
295,6.0
296,14.0
297,5.0
298,14.0
299,7.0
300,5.0
301,8.0
302,19.0
303,7.0
304,5.0
305,14.0
306,20.0
307,5.0
308,4.0
309,20.0
310,5.0
311,14.0
312,4.0
313,5.0
314,20.0
315,3.0
316,10.0
317,5.0
318,4.0
319,2.0
320,5.0
321,8.0
322,20.0
323,8.0
324,20.0
325,7.0
326,5.0
327,8.0
328,12.0
329,5.0
330,6.0
331,14.0
332,5.0
333,8.0
334,2.0
335,5.0
336,12.0
337,8.0
338,4.0
339,20.0
340,5.0
341,
342,15.0
343,5.0
344,12.0
345,8.0
346,20.0
347,5.0
348,12.0
349,8.0
350,5.0
351,8.0
352,8.0
353,5.0
354,14.0
355,14.0
356,20.0
357,
358,5.0
359,5.0
360,8.0
361,8.0
362,5.0
363,14.0
364,20.0
365,5.0
366,14.0
367,1.0
368,5.0
369,14.0
370,5.0
371,5.0
372,5.0
373,8.0
374,
375,20.0
376,5.0
377,8.0
378,8.0
379,
380,5.0
381,4.0
382,
383,5.0
384,8.0
385,4.0
386,5.0
387,6.0
388,19.0
389,12.0
390,19.0
391,5.0
392,3.0
393,
394,6.0
395,5.0
396,20.0
397,8.0
398,7.0
399,5.0
400,8.0
401,14.0
402,20.0
403,14.0
404,5.0
405,20.0
406,8.0
407,19.0
408,5.0
409,8.0
410,20.0
411,5.0
412,8.0
413,19.0
414,20.0
415,20.0
416,5.0
417,8.0
418,14.0
419,14.0
420,5.0
421,4.0
422,18.0
423,5.0
424,14.0
425,8.0
426,20.0
427,14.0
428,12.0
429,7.0
430,5.0
431,14.0
432,20.0
433,5.0
434,14.0
435,4.0
436,
437,20.0
438,
439,5.0
440,8.0
441,14.0
442,7.0
443,
444,5.0
445,14.0
446,6.0
447,5.0
448,14.0
449,12.0
450,20.0
451,5.0
452,8.0
453,20.0
454,7.0
455,5.0
456,12.0
457,
458,5.0
459,12.0
460,20.0
461,2.0
462,18.0
463,
464,5.0
465,12.0
466,8.0
467,5.0
468,4.0
469,2.0
470,14.0
471,12.0
472,
473,18.0
474,5.0
475,8.0
476,8.0
477,15.0
478,5.0
479,4.0
480,20.0
481,3.0
482,3.0
483,6.0
484,15.0
485,5.0
486,
487,8.0
488,14.0
489,5.0
490,14.0
491,20.0
492,8.0
493,5.0
494,14.0
495,12.0
496,20.0
497,1.0
498,5.0
499,8.0
500,12.0
501,8.0
502,20.0
503,7.0
504,15.0
505,5.0
506,14.0
507,13.0
508,5.0
509,8.0
510,
511,5.0
512,14.0
513,5.0
514,20.0
515,14.0
516,4.0
517,5.0
518,4.0
519,2.0
520,14.0
521,1.0
522,20.0
523,20.0
524,5.0
525,14.0
526,
527,20.0
528,5.0
529,20.0
530,8.0
531,20.0
532,6.0
533,1.0
534,19.0
535,5.0
536,5.0
537,8.0
538,8.0
539,16.0
540,5.0
541,14.0
542,14.0
543,5.0
544,20.0
545,5.0
546,9.0
547,19.0
548,5.0
549,8.0
550,
551,5.0
552,2.0
553,8.0
554,5.0
555,8.0
556,12.0
557,8.0
558,5.0
559,5.0
560,19.0
561,6.0
562,5.0
563,2.0
564,8.0
565,14.0
566,7.0
567,18.0
568,5.0
569,
570,4.0
571,5.0
572,8.0
573,14.0
574,8.0
575,
576,5.0
577,20.0
578,20.0
579,17.0
580,5.0
581,6.0
582,
583,5.0
584,7.0
585,20.0
586,14.0
587,5.0
588,14.0
589,6.0
590,20.0
591,5.0
592,12.0
593,15.0
594,5.0
595,14.0
596,4.0
597,3.0
598,2.0
599,11.0
600,5.0
601,14.0
602,7.0
603,5.0
604,14.0
605,3.0
606,9.0
607,5.0
608,5.0
609,12.0
610,10.0
611,3.0
612,5.0
613,16.0
614,5.0
615,5.0
616,5.0
617,14.0
618,20.0
619,5.0
620,10.0
621,11.0
622,10.0
623,9.0
624,3.0
625,19.0
626,18.0
627,3.0
628,2.0
629,18.0
630,
631,20.0
632,18.0
633,20.0
634,4.0
635,20.0
636,2.0
637,18.0
638,20.0
639,
640,18.0
641,12.0
642,1.0
643,18.0
644,
645,1.0
646,17.0
647,18.0
648,3.0
649,7.0
650,18.0
651,18.0
652,20.0
653,18.0
654,5.0
655,14.0
656,18.0
657,16.0
658,18.0
659,13.0
660,18.0
661,
662,13.0
663,4.0
664,20.0
665,20.0
666,13.0
667,20.0
668,5.0
669,13.0
670,6.0
671,
672,13.0
673,4.0
674,1.0
675,13.0
676,
677,7.0
678,13.0
679,20.0
680,
681,12.0
682,13.0
683,10.0
684,12.0
685,13.0
686,
687,11.0
688,13.0
689,20.0
690,18.0
691,
692,1.0
693,13.0
694,7.0
695,
696,13.0
697,11.0
698,12.0
699,13.0
700,3.0
701,1.0
702,13.0
703,4.0
704,20.0
705,5.0
706,5.0
707,3.0
708,5.0
709,3.0
710,5.0
711,5.0
712,13.0
713,13.0
714,5.0
715,1.0
716,
717,15.0
718,
719,1.0
720,3.0
721,3.0
722,7.0
723,5.0
724,6.0
725,7.0
726,3.0
727,9.0
728,15.0
729,3.0
730,19.0
731,12.0
732,20.0
733,17.0
734,18.0
735,17.0
736,15.0
737,
738,17.0
739,5.0
740,6.0
741,1.0
742,17.0
743,5.0
744,5.0
745,17.0
746,18.0
747,5.0
748,17.0
749,3.0
750,
751,20.0
752,
753,17.0
754,7.0
755,8.0
756,17.0
757,19.0
758,7.0
759,17.0
760,3.0
761,13.0
762,17.0
763,3.0
764,
765,17.0
766,3.0
767,3.0
768,17.0
769,3.0
770,6.0
771,13.0
772,17.0
773,
774,3.0
775,17.0
776,7.0
777,6.0
778,17.0
779,6.0
780,2.0
781,4.0
782,2.0
783,
784,7.0
785,2.0
786,3.0
787,3.0
788,9.0
789,5.0
790,3.0
791,20.0
792,6.0
793,6.0
794,3.0
795,20.0
796,19.0
797,5.0
798,3.0
799,19.0
800,16.0
801,9.0
802,5.0
803,5.0
804,9.0
805,15.0
806,4.0
807,9.0
808,6.0
809,5.0
810,9.0
811,19.0
812,5.0
813,14.0
814,9.0
815,6.0
816,5.0
817,1.0
818,5.0
819,9.0
820,9.0
821,9.0
822,5.0
823,20.0
824,14.0
825,5.0
826,20.0
827,17.0
828,2.0
829,5.0
830,20.0
831,11.0
832,5.0
833,5.0
834,20.0
835,5.0
836,20.0
837,19.0
838,5.0
839,5.0
840,
841,5.0
842,20.0
843,10.0
844,4.0
845,1.0
846,2.0
847,
848,3.0
849,1.0
850,
851,3.0
852,20.0
853,
854,3.0
855,18.0
856,12.0
857,3.0
858,19.0
859,
860,3.0
861,16.0
862,4.0
863,3.0
864,13.0
865,3.0
866,3.0
867,20.0
868,20.0
869,
870,18.0
871,4.0
872,20.0
873,18.0
874,4.0
875,12.0
876,4.0
877,11.0
878,5.0
879,15.0
880,9.0
881,15.0
882,5.0
883,5.0
884,12.0
885,5.0
886,5.0
887,4.0
888,16.0
889,15.0
890,20.0
891,4.0
892,20.0
893,20.0
894,11.0
895,20.0
896,4.0
897,16.0
898,20.0
899,19.0
900,12.0
901,
902,20.0
903,19.0
904,
905,20.0
906,3.0
907,12.0
908,20.0
909,5.0
910,
911,20.0
912,1.0
913,19.0
914,20.0
915,3.0
916,5.0
917,20.0
918,17.0
919,
920,20.0
921,17.0
922,5.0
923,20.0
924,4.0
925,
926,20.0
927,14.0
928,5.0
929,20.0
930,7.0
931,3.0
932,20.0
933,4.0
934,6.0
935,20.0
936,5.0
937,7.0
938,20.0
939,16.0
940,5.0
941,20.0
942,
943,6.0
944,20.0
945,14.0
946,20.0
947,20.0
948,3.0
949,4.0
950,20.0
951,7.0
952,20.0
953,20.0
954,20.0
955,16.0
956,5.0
957,11.0
958,6.0
959,4.0
960,2.0
961,
962,11.0
963,
964,5.0
965,20.0
966,11.0
967,5.0
968,6.0
969,5.0
970,4.0
971,5.0
972,14.0
973,16.0
974,5.0
975,14.0
976,
977,3.0
978,14.0
979,4.0
980,3.0
981,9.0
982,10.0
983,5.0
984,9.0
985,6.0
986,10.0
987,6.0
988,4.0
989,5.0
990,10.0
991,3.0
992,5.0
993,20.0
994,5.0
995,5.0
996,6.0
997,
998,5.0
999,12.0
1000,4.0
1001,5.0
1002,3.0
1003,3.0
1004,5.0
1005,20.0
1006,5.0
1007,9.0
1008,5.0
1009,9.0
1010,8.0
1011,8.0
1012,10.0
1013,14.0
1014,20.0
1015,
1016,19.0
1017,19.0
1018,5.0
1019,4.0
1020,
1021,19.0
1022,3.0
1023,6.0
1024,4.0
1025,4.0
1026,19.0
1027,17.0
1028,
1029,19.0
1030,4.0
1031,3.0
1032,5.0
1033,19.0
1034,5.0
1035,5.0
1036,19.0
1037,4.0
1038,2.0
1039,
1040,20.0
1041,19.0
1042,4.0
1043,20.0
1044,7.0
1045,10.0
1046,20.0
1047,1.0
1048,20.0
1049,6.0
1050,19.0
1051,5.0
1052,
1053,1.0
1054,19.0
1055,20.0
1056,18.0
1057,19.0
1058,1.0
1059,5.0
1060,19.0
1061,5.0
1062,
1063,19.0
1064,20.0
1065,18.0
1066,19.0
1067,
1068,
1069,13.0
1070,19.0
1071,10.0
1072,1.0
1073,19.0
1074,3.0
1075,6.0
1076,19.0
1077,7.0
1078,8.0
1079,20.0
1080,20.0
1081,7.0
1082,14.0
1083,20.0
1084,20.0
1085,
1086,20.0
1087,4.0
1088,20.0
1089,14.0
1090,1.0
1091,4.0
1092,
1093,3.0
1094,14.0
1095,6.0
1096,3.0
1097,4.0
1098,7.0
1099,1.0
1100,4.0
1101,14.0
1102,19.0
1103,4.0
1104,2.0
1105,19.0
1106,4.0
1107,19.0
1108,3.0
1109,3.0
1110,4.0
1111,1.0
1112,13.0
1113,12.0
1114,2.0
1115,4.0
1116,16.0
1117,5.0
1118,4.0
1119,11.0
1120,
1121,4.0
1122,20.0
1123,
1124,
1125,4.0
1126,16.0
1127,
1128,5.0
1129,1.0
1130,2.0
1131,7.0
1132,
1133,10.0
1134,16.0
1135,20.0
1136,10.0
1137,16.0
1138,4.0
1139,10.0
1140,2.0
1141,5.0
1142,10.0
1143,5.0
1144,20.0
1145,10.0
1146,5.0
1147,7.0
1148,10.0
1149,20.0
1150,4.0
1151,5.0
1152,15.0
1153,5.0
1154,10.0
1155,11.0
1156,
1157,10.0
1158,1.0
1159,20.0
1160,5.0
1161,10.0
1162,1.0
1163,5.0
1164,
1165,2.0
1166,10.0
1167,1.0
1168,20.0
1169,17.0
1170,10.0
1171,15.0
1172,5.0
1173,10.0
1174,16.0
1175,5.0
1176,20.0
1177,3.0
1178,3.0
1179,20.0
1180,4.0
1181,5.0
1182,3.0
1183,5.0
1184,20.0
1185,7.0
1186,14.0
1187,5.0
1188,20.0
1189,18.0
1190,5.0
1191,3.0
1192,20.0
1193,5.0
1194,7.0
1195,15.0
1196,2.0
1197,4.0
1198,20.0
1199,3.0
1200,4.0
1201,7.0
1202,
1203,
1204,4.0
1205,7.0
1206,7.0
1207,5.0
1208,5.0
1209,6.0
1210,1.0
1211,5.0
1212,10.0
1213,18.0
1214,5.0
1215,5.0
1216,11.0
1217,6.0
1218,5.0
1219,19.0
1220,
1221,
1222,1.0
1223,5.0
1224,5.0
1225,11.0
1226,1.0
1227,5.0
1228,6.0
1229,14.0
1230,5.0
1231,4.0
1232,3.0
1233,20.0
1234,5.0
1235,17.0
1236,1.0
1237,4.0
1238,12.0
1239,3.0
1240,5.0
1241,12.0
1242,
1243,5.0
1244,12.0
1245,6.0
1246,1.0
1247,12.0
1248,20.0
1249,11.0
1250,4.0
1251,12.0
1252,20.0
1253,3.0
1254,4.0
1255,5.0
1256,12.0
1257,4.0
1258,20.0
1259,12.0
1260,20.0
1261,9.0
1262,12.0
1263,2.0
1264,
1265,12.0
1266,1.0
1267,17.0
1268,12.0
1269,19.0
1270,4.0
1271,20.0
1272,12.0
1273,6.0
1274,11.0
1275,12.0
1276,4.0
1277,6.0
1278,12.0
1279,12.0
1280,16.0
1281,12.0
1282,7.0
1283,5.0
1284,12.0
1285,
1286,19.0
1287,12.0
1288,3.0
1289,
1290,12.0
1291,12.0
1292,2.0
1293,12.0
1294,13.0
1295,20.0
1296,8.0
1297,5.0
1298,5.0
1299,12.0
1300,8.0
1301,20.0
1302,6.0
1303,12.0
1304,8.0
1305,4.0
1306,20.0
1307,20.0
1308,4.0
1309,20.0
1310,11.0
1311,7.0
1312,20.0
1313,14.0
1314,9.0
1315,1.0
1316,20.0
1317,1.0
1318,
1319,20.0
1320,10.0
1321,
1322,7.0
1323,19.0
1324,20.0
1325,19.0
1326,19.0
1327,7.0
1328,9.0
1329,20.0
1330,4.0
1331,14.0
1332,4.0
1333,20.0
1334,14.0
1335,2.0
1336,10.0
1337,
1338,3.0
1339,20.0
1340,6.0
1341,11.0
1342,6.0
1343,
1344,
1345,6.0
1346,6.0
1347,17.0
1348,14.0
1349,
1350,6.0
1351,1.0
1352,10.0
1353,6.0
1354,14.0
1355,12.0
1356,7.0
1357,3.0
1358,6.0
1359,19.0
1360,5.0
1361,6.0
1362,4.0
1363,2.0
1364,6.0
1365,2.0
1366,5.0
1367,
1368,
1369,17.0
1370,20.0
1371,5.0
1372,19.0
1373,20.0
1374,19.0
1375,10.0
1376,4.0
1377,19.0
1378,4.0
1379,20.0
1380,4.0
1381,7.0
1382,16.0
1383,20.0
1384,4.0
1385,5.0
1386,6.0
1387,4.0
1388,12.0
1389,
1390,4.0
1391,
1392,5.0
1393,1.0
1394,3.0
1395,9.0
1396,9.0
1397,2.0
1398,1.0
1399,12.0
1400,4.0
1401,10.0
1402,12.0
1403,4.0
1404,5.0
1405,12.0
1406,2.0
1407,17.0
1408,10.0
1409,6.0
1410,5.0
1411,10.0
1412,10.0
1413,7.0
1414,5.0
1415,4.0
1416,4.0
1417,4.0
1418,6.0
1419,12.0
1420,20.0
1421,2.0
1422,4.0
1423,5.0
1424,2.0
1425,1.0
1426,4.0
1427,2.0
1428,12.0
1429,10.0
1430,4.0
1431,4.0
1432,13.0
1433,4.0
1434,4.0
1435,20.0
1436,4.0
1437,14.0
1438,4.0
1439,4.0
1440,8.0
1441,14.0
1442,4.0
1443,7.0
1444,3.0
1445,4.0
1446,4.0
1447,6.0
1448,13.0
1449,5.0
1450,4.0
1451,3.0
1452,15.0
1453,4.0
1454,20.0
1455,4.0
1456,4.0
1457,4.0
1458,4.0
1459,4.0
1460,
1461,5.0
1462,10.0
1463,
1464,3.0
1465,4.0
1466,4.0
1467,3.0
1468,9.0
1469,7.0
1470,4.0
1471,4.0
1472,12.0
1473,5.0
1474,14.0
1475,7.0
1476,5.0
1477,4.0
1478,20.0
1479,5.0
1480,17.0
1481,5.0
1482,4.0
1483,5.0
1484,11.0
1485,5.0
1486,5.0
1487,3.0
1488,3.0
1489,5.0
1490,12.0
1491,6.0
1492,5.0
1493,3.0
1494,2.0
1495,5.0
1496,14.0
1497,20.0
1498,4.0
1499,12.0
1500,6.0
1501,2.0
1502,
1503,14.0
1504,4.0
1505,14.0
1506,17.0
1507,7.0
1508,20.0
1509,4.0
1510,6.0
1511,5.0
1512,4.0
1513,5.0
1514,6.0
1515,4.0
1516,14.0
1517,8.0
1518,2.0
1519,16.0
1520,10.0
1521,5.0
1522,
1523,5.0
1524,3.0
1525,2.0
1526,2.0
1527,12.0
1528,2.0
1529,12.0
1530,8.0
1531,14.0
1532,17.0
1533,2.0
1534,19.0
1535,11.0
1536,9.0
1537,13.0
1538,2.0
1539,4.0
1540,2.0
1541,19.0
1542,6.0
1543,9.0
1544,15.0
1545,17.0
1546,5.0
1547,12.0
1548,11.0
1549,3.0
1550,5.0
1551,9.0
1552,9.0
1553,5.0
1554,19.0
1555,13.0
1556,17.0
1557,20.0
1558,13.0
1559,19.0
1560,7.0
1561,9.0
1562,13.0
1563,15.0
1564,19.0
1565,5.0
1566,2.0
1567,20.0
1568,3.0
1569,2.0
1570,15.0
1571,1.0
1572,
1573,2.0
1574,14.0
1575,3.0
1576,12.0
1577,2.0
1578,4.0
1579,4.0
1580,4.0
1581,19.0
1582,5.0
1583,
1584,19.0
1585,3.0
1586,2.0
1587,19.0
1588,4.0
1589,
1590,19.0
1591,17.0
1592,5.0
1593,12.0
1594,4.0
1595,19.0
1596,14.0
1597,
1598,10.0
1599,19.0
1600,11.0
1601,4.0
1602,17.0
1603,3.0
1604,6.0
1605,6.0
1606,17.0
1607,15.0
1608,5.0
1609,17.0
1610,10.0
1611,20.0
1612,2.0
1613,20.0
1614,8.0
1615,14.0
1616,20.0
1617,18.0
1618,12.0
1619,1.0
1620,1.0
1621,5.0
1622,1.0
1623,
1624,2.0
1625,19.0
1626,12.0
1627,8.0
1628,2.0
1629,19.0
1630,8.0
1631,15.0
1632,3.0
1633,8.0
1634,8.0
1635,19.0
1636,5.0
1637,8.0
1638,20.0
1639,14.0
1640,5.0
1641,18.0
1642,5.0
1643,8.0
1644,20.0
1645,20.0
1646,8.0
1647,6.0
1648,5.0
1649,8.0
1650,5.0
1651,6.0
1652,8.0
1653,20.0
1654,
1655,8.0
1656,8.0
1657,
1658,8.0
1659,10.0
1660,19.0
1661,8.0
1662,14.0
1663,3.0
1664,11.0
1665,8.0
1666,14.0
1667,20.0
1668,
1669,8.0
1670,4.0
1671,20.0
1672,1.0
1673,8.0
1674,8.0
1675,6.0
1676,11.0
1677,8.0
1678,5.0
1679,20.0
1680,8.0
1681,8.0
1682,20.0
1683,3.0
1684,8.0
1685,20.0
1686,5.0
1687,8.0
1688,8.0
1689,14.0
1690,8.0
1691,12.0
1692,1.0
1693,8.0
1694,14.0
1695,12.0
1696,4.0
1697,8.0
1698,14.0
1699,7.0
1700,8.0
1701,20.0
1702,10.0
1703,
1704,3.0
1705,8.0
1706,20.0
1707,18.0
1708,
1709,7.0
1710,20.0
1711,8.0
1712,18.0
1713,2.0
1714,8.0
1715,8.0
1716,20.0
1717,20.0
1718,4.0
1719,14.0
1720,10.0
1721,4.0
1722,2.0
1723,18.0
1724,18.0
1725,2.0
1726,11.0
1727,
1728,
1729,20.0
1730,11.0
1731,1.0
1732,14.0
1733,11.0
1734,5.0
1735,1.0
1736,14.0
1737,8.0
1738,5.0
1739,14.0
1740,4.0
1741,
1742,14.0
1743,19.0
1744,11.0
1745,
1746,17.0
1747,14.0
1748,20.0
1749,14.0
1750,20.0
1751,14.0
1752,8.0
1753,14.0
1754,19.0
1755,14.0
1756,8.0
1757,19.0
1758,14.0
1759,12.0
1760,8.0
1761,14.0
1762,1.0
1763,10.0
1764,3.0
1765,14.0
1766,12.0
1767,5.0
1768,14.0
1769,10.0
1770,5.0
1771,9.0
1772,14.0
1773,6.0
1774,3.0
1775,14.0
1776,20.0
1777,20.0
1778,
1779,14.0
1780,1.0
1781,12.0
1782,1.0
1783,14.0
1784,1.0
1785,20.0
1786,14.0
1787,20.0
1788,4.0
1789,20.0
1790,5.0
1791,15.0
1792,2.0
1793,14.0
1794,20.0
1795,14.0
1796,9.0
1797,14.0
1798,10.0
1799,20.0
1800,5.0
1801,11.0
1802,14.0
1803,20.0
1804,19.0
1805,5.0
1806,14.0
1807,20.0
1808,5.0
1809,5.0
1810,14.0
1811,19.0
1812,20.0
1813,18.0
1814,6.0
1815,14.0
1816,20.0
1817,3.0
1818,14.0
1819,8.0
1820,10.0
1821,5.0
1822,11.0
1823,3.0
1824,8.0
1825,14.0
1826,20.0
1827,20.0
1828,19.0
1829,6.0
1830,14.0
1831,20.0
1832,20.0
1833,
1834,1.0
1835,6.0
1836,5.0
1837,14.0
1838,14.0
1839,5.0
1840,6.0
1841,
1842,6.0
1843,14.0
1844,4.0
1845,9.0
1846,14.0
1847,20.0
1848,5.0
1849,4.0
1850,
1851,14.0
1852,20.0
1853,5.0
1854,4.0
1855,5.0
1856,14.0
1857,8.0
1858,7.0
1859,12.0
1860,16.0
1861,4.0
1862,12.0
1863,8.0
1864,
1865,
1866,12.0
1867,5.0
1868,
1869,12.0
1870,20.0
1871,
1872,
1873,12.0
1874,20.0
1875,6.0
1876,12.0
1877,1.0
1878,5.0
1879,20.0
1880,8.0
1881,5.0
1882,14.0
1883,20.0
1884,1.0
1885,7.0
1886,20.0
1887,5.0
1888,19.0
1889,20.0
1890,14.0
1891,19.0
1892,19.0
1893,20.0
1894,20.0
1895,
1896,15.0
1897,20.0
1898,6.0
1899,5.0
1900,20.0
1901,5.0
1902,14.0
1903,5.0
1904,20.0
1905,7.0
1906,5.0
1907,12.0
1908,1.0
1909,20.0
1910,9.0
1911,
1912,20.0
1913,7.0
1914,1.0
1915,20.0
1916,18.0
1917,18.0
1918,10.0
1919,13.0
1920,8.0
1921,8.0
1922,1.0
1923,5.0
1924,8.0
1925,10.0
1926,7.0
1927,9.0
1928,8.0
1929,18.0
1930,7.0
1931,8.0
1932,
1933,8.0
1934,8.0
1935,14.0
1936,20.0
1937,8.0
1938,3.0
1939,1.0
1940,8.0
1941,14.0
1942,5.0
1943,8.0
1944,7.0
1945,20.0
1946,8.0
1947,19.0
1948,20.0
1949,8.0
1950,4.0
1951,
1952,8.0
1953,18.0
1954,9.0
1955,8.0
1956,19.0
1957,15.0
1958,5.0
1959,5.0
1960,20.0
1961,5.0
1962,4.0
1963,1.0
1964,5.0
1965,20.0
1966,2.0
1967,10.0
1968,5.0
1969,5.0
1970,10.0
1971,4.0
1972,12.0
1973,6.0
1974,2.0
1975,14.0
1976,18.0
1977,19.0
1978,14.0
1979,9.0
1980,2.0
1981,3.0
1982,10.0
1983,15.0
1984,14.0
1985,14.0
1986,7.0
1987,19.0
1988,18.0
1989,8.0
1990,7.0
1991,15.0
1992,6.0
1993,19.0
1994,9.0
1995,14.0
1996,9.0
1997,18.0
1998,
1999,14.0
2000,14.0
2001,6.0
2002,3.0
2003,9.0
2004,5.0
2005,6.0
2006,
2007,3.0
2008,4.0
2009,12.0
2010,20.0
2011,4.0
2012,
2013,7.0
2014,4.0
2015,20.0
2016,10.0
2017,4.0
2018,4.0
2019,
2020,
2021,4.0
2022,16.0
2023,20.0
2024,14.0
2025,4.0
2026,19.0
2027,19.0
2028,5.0
2029,
2030,10.0
2031,10.0
2032,4.0
2033,3.0
2034,3.0
2035,19.0
2036,8.0
2037,8.0
2038,5.0
2039,20.0
2040,20.0
2041,2.0
2042,7.0
2043,
2044,20.0
2045,7.0
2046,
2047,20.0
2048,2.0
2049,
2050,
2051,4.0
2052,4.0
2053,4.0
2054,12.0
2055,9.0
2056,4.0
2057,7.0
2058,20.0
2059,13.0
2060,4.0
2061,
2062,2.0
2063,11.0
2064,4.0
2065,20.0
2066,4.0
2067,4.0
2068,12.0
2069,2.0
2070,5.0
2071,15.0
2072,12.0
2073,6.0
2074,20.0
2075,7.0
2076,19.0
2077,3.0
2078,4.0
2079,9.0
2080,18.0
2081,6.0
2082,
2083,11.0
2084,6.0
2085,12.0
2086,5.0
2087,11.0
2088,2.0
2089,6.0
2090,4.0
2091,3.0
2092,2.0
2093,3.0
2094,8.0
2095,
2096,5.0
2097,8.0
2098,3.0
2099,13.0
2100,5.0
2101,1.0
2102,7.0
2103,4.0
2104,20.0
2105,4.0
2106,8.0
2107,8.0
2108,8.0
2109,7.0
2110,4.0
2111,8.0
2112,10.0
2113,4.0
2114,2.0
2115,1.0
2116,
2117,1.0
2118,2.0
2119,
2120,19.0
2121,1.0
2122,6.0
2123,7.0
2124,7.0
2125,8.0
2126,7.0
2127,19.0
2128,14.0
2129,20.0
2130,19.0
2131,6.0
2132,7.0
2133,7.0
2134,3.0
2135,5.0
2136,7.0
2137,5.0
2138,
2139,1.0
2140,20.0
2141,3.0
2142,20.0
2143,19.0
2144,4.0
2145,19.0
2146,15.0
2147,6.0
2148,17.0
2149,6.0
2150,
2151,17.0
2152,17.0
2153,10.0
2154,1.0
2155,4.0
2156,2.0
2157,
2158,4.0
2159,
2160,4.0
2161,2.0
2162,
2163,3.0
2164,6.0
2165,6.0
2166,17.0
2167,20.0
2168,20.0
2169,5.0
2170,3.0
2171,1.0
2172,20.0
2173,20.0
2174,5.0
2175,
2176,1.0
2177,1.0
2178,19.0
2179,3.0
2180,3.0
2181,1.0
2182,4.0
2183,
2184,20.0
2185,
2186,14.0
2187,14.0
2188,
2189,
2190,14.0
2191,20.0
2192,4.0
2193,8.0
2194,14.0
2195,14.0
2196,10.0
2197,14.0
2198,4.0
2199,9.0
2200,14.0
2201,4.0
2202,12.0
2203,20.0
2204,
2205,4.0
2206,20.0
2207,20.0
2208,3.0
2209,7.0
2210,2.0
2211,20.0
2212,6.0
2213,6.0
2214,10.0
2215,
2216,7.0
2217,10.0
2218,7.0
2219,20.0
2220,18.0
2221,
2222,10.0
2223,9.0
2224,2.0
2225,15.0
2226,6.0
2227,6.0
2228,3.0
2229,15.0
2230,3.0
2231,2.0
2232,15.0
2233,5.0
2234,
2235,4.0
2236,14.0
2237,9.0
2238,14.0
2239,10.0
2240,2.0
2241,14.0
2242,7.0
2243,7.0
2244,14.0
2245,19.0
2246,18.0
2247,14.0
2248,6.0
2249,16.0
2250,6.0
2251,6.0
2252,7.0
2253,5.0
2254,1.0
2255,1.0
2256,4.0
2257,
2258,1.0
2259,11.0
2260,20.0
2261,2.0
2262,3.0
2263,5.0
2264,2.0
2265,20.0
2266,15.0
2267,
2268,2.0
2269,7.0
2270,5.0
2271,9.0
2272,15.0
2273,5.0
2274,9.0
2275,14.0
2276,5.0
2277,9.0
2278,3.0
2279,10.0
2280,7.0
2281,4.0
2282,20.0
2283,20.0
2284,6.0
2285,3.0
2286,14.0
2287,3.0
2288,3.0
2289,11.0
2290,9.0
2291,19.0
2292,
2293,5.0
2294,5.0
2295,5.0
2296,5.0
2297,5.0
2298,9.0
2299,3.0
2300,5.0
2301,15.0
2302,5.0
2303,5.0
2304,3.0
2305,
2306,7.0
2307,
2308,18.0
2309,7.0
2310,20.0
2311,10.0
2312,18.0
2313,18.0
2314,20.0
2315,20.0
2316,20.0
2317,6.0
2318,5.0
2319,20.0
2320,
2321,14.0
2322,20.0
2323,12.0
2324,20.0
2325,
2326,14.0
2327,12.0
2328,9.0
2329,5.0
2330,2.0
2331,9.0
2332,9.0
2333,
2334,5.0
2335,5.0
2336,4.0
2337,6.0
2338,7.0
2339,17.0
2340,20.0
2341,1.0
2342,5.0
2343,
2344,10.0
2345,5.0
2346,
2347,4.0
2348,5.0
2349,11.0
2350,5.0
2351,5.0
2352,3.0
2353,
2354,17.0
2355,5.0
2356,6.0
2357,4.0
2358,19.0
2359,6.0
2360,16.0
2361,6.0
2362,16.0
2363,4.0
2364,16.0
2365,20.0
2366,12.0
2367,16.0
2368,9.0
2369,6.0
2370,16.0
2371,20.0
2372,18.0
2373,15.0
2374,16.0
2375,12.0
2376,5.0
2377,16.0
2378,20.0
2379,20.0
2380,16.0
2381,3.0
2382,5.0
2383,16.0
2384,
2385,12.0
2386,
2387,19.0
2388,4.0
2389,5.0
2390,1.0
2391,20.0
2392,4.0
2393,6.0
2394,20.0
2395,4.0
2396,9.0
2397,2.0
2398,8.0
2399,2.0
2400,3.0
2401,
2402,1.0
2403,1.0
2404,
2405,1.0
2406,18.0
2407,1.0
2408,5.0
2409,2.0
2410,4.0
2411,1.0
2412,19.0
2413,5.0
2414,1.0
2415,20.0
2416,
2417,20.0
2418,19.0
2419,5.0
2420,20.0
2421,20.0
2422,3.0
2423,
2424,5.0
2425,20.0
2426,20.0
2427,12.0
2428,15.0
2429,6.0
2430,
2431,4.0
2432,20.0
2433,19.0
2434,6.0
2435,5.0
2436,20.0
2437,
2438,10.0
2439,20.0
2440,14.0
2441,11.0
2442,3.0
2443,20.0
2444,
2445,7.0
2446,16.0
2447,20.0
2448,5.0
2449,14.0
2450,8.0
2451,16.0
2452,20.0
2453,5.0
2454,5.0
2455,16.0
2456,9.0
2457,7.0
2458,20.0
2459,19.0
2460,15.0
2461,20.0
2462,
2463,12.0
2464,2.0
2465,20.0
2466,7.0
2467,
2468,20.0
2469,20.0
2470,
2471,20.0
2472,20.0
2473,5.0
2474,5.0
2475,14.0
2476,5.0
2477,6.0
2478,5.0
2479,1.0
2480,
2481,
2482,6.0
2483,4.0
2484,3.0
2485,4.0
2486,5.0
2487,6.0
2488,
2489,3.0
2490,1.0
2491,10.0
2492,
2493,
2494,20.0
2495,
2496,7.0
2497,17.0
2498,12.0
2499,12.0
2500,
2501,5.0
2502,3.0
2503,5.0
2504,4.0
2505,4.0
2506,20.0
2507,
2508,
2509,
2510,8.0
2511,
2512,19.0
2513,2.0
2514,7.0
2515,12.0
2516,5.0
2517,
2518,3.0
2519,4.0
2520,2.0
2521,
2522,3.0
2523,9.0
2524,10.0
2525,6.0
2526,5.0
2527,7.0
2528,6.0
2529,15.0
2530,11.0
2531,5.0
2532,19.0
2533,2.0
2534,8.0
2535,13.0
2536,
2537,2.0
2538,15.0
2539,5.0
2540,19.0
2541,17.0
2542,15.0
2543,17.0
2544,11.0
2545,3.0
2546,
2547,20.0
2548,20.0
2549,
2550,14.0
2551,20.0
2552,17.0
2553,14.0
2554,10.0
2555,
2556,12.0
2557,12.0
2558,5.0
2559,5.0
2560,12.0
2561,16.0
2562,9.0
2563,12.0
2564,12.0
2565,5.0
2566,14.0
2567,12.0
2568,12.0
2569,5.0
2570,12.0
2571,6.0
2572,1.0
2573,17.0
2574,12.0
2575,14.0
2576,
2577,20.0
2578,
2579,17.0
2580,16.0
2581,20.0
2582,3.0
2583,15.0
2584,7.0
2585,5.0
2586,8.0
2587,7.0
2588,7.0
2589,1.0
2590,5.0
2591,7.0
2592,5.0
2593,5.0
2594,20.0
2595,4.0
2596,10.0
2597,
2598,3.0
2599,
2600,11.0
2601,5.0
2602,3.0
2603,9.0
2604,1.0
2605,7.0
2606,7.0
2607,17.0
2608,
2609,7.0
2610,13.0
2611,1.0
2612,3.0
2613,6.0
2614,4.0
2615,3.0
2616,7.0
2617,5.0
2618,4.0
2619,3.0
2620,5.0
2621,5.0
2622,6.0
2623,18.0
2624,4.0
2625,6.0
2626,12.0
2627,5.0
2628,6.0
2629,10.0
2630,4.0
2631,2.0
2632,7.0
2633,5.0
2634,10.0
2635,7.0
2636,6.0
2637,5.0
2638,
2639,7.0
2640,5.0
2641,9.0
2642,3.0
2643,7.0
2644,6.0
2645,10.0
2646,7.0
2647,15.0
2648,3.0
2649,7.0
2650,6.0
2651,5.0
2652,4.0
2653,10.0
2654,4.0
2655,18.0
2656,
2657,16.0
2658,12.0
2659,
2660,
2661,17.0
2662,6.0
2663,17.0
2664,5.0
2665,20.0
2666,6.0
2667,6.0
2668,10.0
2669,6.0
2670,3.0
2671,9.0
2672,5.0
2673,6.0
2674,3.0
2675,
2676,5.0
2677,
2678,3.0
2679,5.0
2680,5.0
2681,5.0
2682,5.0
2683,3.0
2684,5.0
2685,4.0
2686,5.0
2687,19.0
2688,5.0
2689,5.0
2690,3.0
2691,7.0
2692,3.0
2693,5.0
2694,9.0
2695,3.0
2696,7.0
2697,3.0
2698,3.0
2699,7.0
2700,8.0
2701,3.0
2702,11.0
2703,20.0
2704,3.0
2705,3.0
2706,11.0
2707,5.0
2708,3.0
2709,5.0
2710,2.0
2711,3.0
2712,14.0
2713,11.0
2714,6.0
2715,3.0
2716,5.0
2717,12.0
2718,5.0
2719,15.0
2720,3.0
2721,5.0
2722,
2723,15.0
2724,
2725,4.0
2726,4.0
2727,5.0
2728,4.0
2729,3.0
2730,
2731,4.0
2732,1.0
2733,4.0
2734,
2735,5.0
2736,1.0
2737,
2738,17.0
2739,5.0
2740,
2741,9.0
2742,11.0
2743,1.0
2744,9.0
2745,12.0
2746,6.0
2747,8.0
2748,5.0
2749,13.0
2750,8.0
2751,18.0
2752,7.0
2753,15.0
2754,
2755,
2756,15.0
2757,
2758,5.0
2759,15.0
2760,10.0
2761,4.0
2762,18.0
2763,7.0
2764,15.0
2765,7.0
2766,19.0
2767,2.0
2768,7.0
2769,19.0
2770,20.0
2771,4.0
2772,7.0
2773,19.0
2774,9.0
2775,3.0
2776,20.0
2777,14.0
2778,7.0
2779,7.0
2780,4.0
2781,15.0
2782,4.0
2783,4.0
2784,2.0
2785,4.0
2786,1.0
2787,20.0
2788,10.0
2789,2.0
2790,6.0
2791,3.0
2792,6.0
2793,5.0
2794,3.0
2795,
2796,5.0
2797,19.0
2798,2.0
2799,5.0
2800,
2801,20.0
2802,20.0
2803,1.0
2804,5.0
2805,5.0
2806,5.0
2807,
2808,8.0
2809,17.0
2810,1.0
2811,5.0
2812,
2813,
2814,
2815,
2816,
2817,2.0
2818,
2819,1.0
2820,3.0
2821,2.0
2822,6.0
2823,
2824,2.0
2825,14.0
2826,12.0
2827,11.0
2828,19.0
2829,12.0
2830,15.0
2831,7.0
2832,5.0
2833,5.0
2834,14.0
2835,5.0
2836,8.0
2837,3.0
2838,3.0
2839,5.0
2840,5.0
2841,14.0
2842,18.0
2843,
2844,14.0
2845,2.0
2846,4.0
2847,5.0
2848,3.0
2849,5.0
2850,15.0
2851,5.0
2852,3.0
2853,5.0
2854,3.0
2855,15.0
2856,10.0
2857,3.0
2858,5.0
2859,20.0
2860,19.0
2861,1.0
2862,2.0
2863,19.0
2864,12.0
2865,3.0
2866,7.0
2867,19.0
2868,19.0
2869,5.0
2870,11.0
2871,6.0
2872,19.0
2873,20.0
2874,
2875,19.0
2876,15.0
2877,11.0
2878,19.0
2879,5.0
2880,5.0
2881,10.0
2882,19.0
2883,14.0
2884,4.0
2885,19.0
2886,20.0
2887,4.0
2888,19.0
2889,3.0
2890,9.0
2891,19.0
2892,12.0
2893,
2894,19.0
2895,2.0
2896,3.0
2897,19.0
2898,7.0
2899,
2900,19.0
2901,5.0
2902,5.0
2903,19.0
2904,1.0
2905,15.0
2906,19.0
2907,4.0
2908,4.0
2909,1.0
2910,2.0
2911,5.0
2912,
2913,4.0
2914,13.0
2915,18.0
2916,3.0
2917,7.0
2918,16.0
2919,5.0
2920,9.0
2921,
2922,5.0
2923,
2924,
2925,5.0
2926,4.0
2927,3.0
2928,12.0
2929,11.0
2930,12.0
2931,5.0
2932,5.0
2933,3.0
2934,9.0
2935,4.0
2936,3.0
2937,17.0
2938,12.0
2939,4.0
2940,5.0
2941,8.0
2942,7.0
2943,
2944,1.0
2945,
2946,7.0
2947,5.0
2948,
2949,6.0
2950,4.0
2951,14.0
2952,
2953,6.0
2954,5.0
2955,
2956,18.0
2957,4.0
2958,3.0
2959,1.0
2960,6.0
2961,
2962,20.0
2963,1.0
2964,14.0
2965,14.0
2966,5.0
2967,4.0
2968,20.0
2969,15.0
2970,13.0
2971,
2972,5.0
2973,
2974,5.0
2975,11.0
2976,19.0
2977,
2978,6.0
2979,20.0
2980,5.0
2981,
2982,10.0
2983,5.0
2984,
2985,7.0
2986,11.0
2987,15.0
2988,8.0
2989,1.0
2990,20.0
2991,
2992,15.0
2993,10.0
2994,10.0
2995,10.0
2996,
2997,8.0
2998,1.0
2999,3.0
3000,8.0
3001,7.0
3002,3.0
3003,4.0
3004,
3005,10.0
3006,1.0
3007,10.0
3008,12.0
3009,5.0
3010,20.0
3011,10.0
3012,20.0
3013,13.0
3014,1.0
3015,10.0
3016,20.0
3017,2.0
3018,2.0
3019,18.0
3020,20.0
3021,2.0
3022,6.0
3023,9.0
3024,18.0
3025,14.0
3026,
3027,20.0
3028,20.0
3029,4.0
3030,
3031,20.0
3032,14.0
3033,6.0
3034,15.0
3035,8.0
3036,3.0
3037,19.0
3038,5.0
3039,1.0
3040,12.0
3041,20.0
3042,3.0
3043,6.0
3044,14.0
3045,3.0
3046,6.0
3047,1.0
3048,5.0
3049,1.0
3050,12.0
3051,16.0
3052,20.0
3053,7.0
3054,
3055,4.0
3056,4.0
3057,1.0
3058,4.0
3059,5.0
3060,5.0
3061,4.0
3062,16.0
3063,20.0
3064,5.0
3065,
3066,
3067,3.0
3068,4.0
3069,20.0
3070,
3071,6.0
3072,9.0
3073,
3074,4.0
3075,5.0
3076,16.0
3077,4.0
3078,5.0
3079,6.0
3080,
3081,8.0
3082,6.0
3083,4.0
3084,4.0
3085,18.0
3086,12.0
3087,3.0
3088,4.0
3089,3.0
3090,3.0
3091,5.0
3092,13.0
3093,20.0
3094,20.0
3095,13.0
3096,
3097,
3098,1.0
3099,
3100,
3101,5.0
3102,15.0
3103,
3104,5.0
3105,10.0
3106,17.0
3107,5.0
3108,11.0
3109,6.0
3110,7.0
3111,10.0
3112,3.0
3113,
3114,3.0
3115,19.0
3116,14.0
3117,
3118,5.0
3119,
3120,13.0
3121,5.0
3122,
3123,20.0
3124,14.0
3125,19.0
3126,3.0
3127,3.0
3128,3.0
3129,4.0
3130,4.0
3131,15.0
3132,4.0
3133,4.0
3134,4.0
3135,5.0
3136,6.0
3137,2.0
3138,20.0
3139,5.0
3140,3.0
3141,6.0
3142,20.0
3143,20.0
3144,5.0
3145,20.0
3146,5.0
3147,13.0
3148,
3149,15.0
3150,6.0
3151,11.0
3152,
3153,7.0
3154,4.0
3155,4.0
3156,5.0
3157,5.0
3158,6.0
3159,4.0
3160,13.0
3161,5.0
3162,4.0
3163,
3164,5.0
3165,20.0
3166,1.0
3167,14.0
3168,4.0
3169,1.0
3170,13.0
3171,20.0
3172,
3173,1.0
3174,
3175,2.0
3176,2.0
3177,4.0
3178,
3179,20.0
3180,12.0
3181,1.0
3182,1.0
3183,
3184,
3185,5.0
3186,6.0
3187,5.0
3188,4.0
3189,6.0
3190,3.0
3191,10.0
3192,1.0
3193,16.0
3194,
