0,5.0
1,5.0
2,5.0
3,5.0
4,10.0
5,10.0
6,10.0
7,9.0
8,9.0
9,9.0
10,10.0
11,10.0
12,10.0
13,10.0
14,10.0
15,10.0
16,10.0
17,10.0
18,10.0
19,2.0
20,2.0
21,2.0
22,2.0
23,2.0
24,2.0
25,3.0
26,3.0
27,3.0
28,2.0
29,2.0
30,2.0
31,2.0
32,2.0
33,2.0
34,2.0
35,10.0
36,10.0
37,10.0
38,10.0
39,10.0
40,8.0
41,8.0
42,8.0
43,9.0
44,9.0
45,9.0
46,4.0
47,4.0
48,4.0
49,3.0
50,3.0
51,3.0
52,3.0
53,3.0
54,3.0
55,8.0
56,8.0
57,8.0
58,7.0
59,7.0
60,7.0
61,8.0
62,8.0
63,8.0
64,10.0
65,10.0
66,10.0
67,10.0
68,10.0
69,10.0
70,10.0
71,10.0
72,10.0
73,10.0
74,10.0
75,10.0
76,10.0
77,10.0
78,7.0
79,7.0
80,7.0
81,4.0
82,4.0
83,4.0
84,4.0
85,4.0
86,7.0
87,7.0
88,7.0
89,6.0
90,6.0
91,6.0
92,5.0
93,5.0
94,5.0
95,3.0
96,3.0
97,3.0
98,3.0
99,8.0
100,8.0
101,8.0
102,3.0
103,3.0
104,3.0
105,6.0
106,6.0
107,6.0
108,6.0
109,10.0
110,10.0
111,10.0
112,3.0
113,3.0
114,3.0
115,9.0
116,9.0
117,9.0
118,1.0
119,1.0
120,1.0
121,1.0
122,5.0
123,5.0
124,5.0
125,10.0
126,10.0
127,10.0
128,10.0
129,10.0
130,10.0
131,10.0
132,10.0
133,10.0
134,10.0
135,5.0
136,5.0
137,5.0
138,5.0
139,10.0
140,10.0
141,10.0
142,7.0
143,7.0
144,7.0
145,10.0
146,10.0
147,10.0
148,10.0
149,2.0
150,2.0
151,2.0
152,3.0
153,3.0
154,3.0
155,10.0
156,10.0
157,10.0
158,1.0
159,1.0
160,1.0
161,9.0
162,9.0
163,9.0
164,9.0
165,8.0
166,8.0
167,8.0
168,2.0
169,2.0
170,2.0
171,3.0
172,3.0
173,3.0
174,2.0
175,2.0
176,2.0
177,5.0
178,5.0
179,5.0
180,3.0
181,3.0
182,3.0
183,3.0
184,3.0
185,3.0
186,7.0
187,7.0
188,7.0
189,7.0
190,7.0
191,10.0
192,10.0
193,10.0
194,6.0
195,6.0
196,6.0
197,6.0
198,6.0
199,6.0
200,4.0
201,4.0
202,4.0
203,4.0
204,4.0
205,4.0
206,9.0
207,9.0
208,9.0
209,9.0
210,2.0
211,2.0
212,2.0
213,2.0
214,2.0
215,2.0
216,3.0
217,3.0
218,3.0
219,3.0
220,3.0
221,3.0
222,3.0
223,4.0
224,4.0
225,4.0
226,10.0
227,10.0
228,10.0
229,10.0
230,10.0
231,10.0
232,10.0
233,9.0
234,9.0
235,9.0
236,8.0
237,8.0
238,8.0
239,10.0
240,10.0
241,10.0
242,8.0
243,8.0
244,8.0
245,8.0
246,8.0
247,8.0
248,8.0
249,8.0
250,8.0
251,8.0
252,8.0
253,8.0
254,8.0
255,10.0
256,10.0
257,10.0
258,9.0
259,9.0
260,9.0
261,10.0
262,10.0
263,10.0
264,6.0
265,6.0
266,6.0
267,10.0
268,10.0
269,10.0
270,10.0
271,4.0
272,4.0
273,4.0
274,10.0
275,10.0
276,10.0
277,5.0
278,5.0
279,5.0
280,2.0
281,2.0
282,2.0
283,10.0
284,10.0
285,10.0
286,5.0
287,5.0
288,5.0
289,5.0
290,6.0
291,6.0
292,6.0
293,6.0
294,6.0
295,6.0
296,6.0
297,9.0
298,9.0
299,9.0
300,6.0
301,6.0
302,6.0
303,6.0
304,3.0
305,3.0
306,3.0
307,7.0
308,7.0
309,7.0
310,2.0
311,2.0
312,2.0
313,2.0
314,2.0
315,2.0
316,2.0
317,2.0
318,2.0
319,2.0
320,3.0
321,3.0
322,3.0
323,3.0
324,3.0
325,3.0
326,2.0
327,2.0
328,2.0
329,3.0
330,3.0
331,3.0
332,3.0
333,3.0
334,3.0
335,1.0
336,1.0
337,1.0
338,1.0
339,1.0
340,10.0
341,10.0
342,10.0
343,1.0
344,1.0
345,1.0
346,1.0
347,1.0
348,1.0
349,1.0
350,1.0
351,1.0
352,1.0
353,4.0
354,4.0
355,4.0
356,4.0
357,4.0
358,4.0
359,3.0
360,3.0
361,3.0
362,
363,
364,
365,1.0
366,1.0
367,1.0
368,2.0
369,2.0
370,2.0
371,2.0
372,10.0
373,10.0
374,10.0
375,10.0
376,5.0
377,5.0
378,5.0
379,5.0
380,4.0
381,4.0
382,4.0
383,3.0
384,3.0
385,3.0
386,3.0
387,3.0
388,3.0
389,3.0
390,3.0
391,3.0
392,3.0
393,3.0
394,3.0
395,3.0
396,3.0
397,3.0
398,3.0
399,3.0
400,3.0
401,3.0
402,3.0
403,3.0
404,1.0
405,1.0
406,1.0
407,1.0
408,3.0
409,3.0
410,3.0
411,2.0
412,2.0
413,2.0
414,2.0
415,2.0
416,2.0
417,2.0
418,2.0
419,2.0
420,3.0
421,3.0
422,3.0
423,6.0
424,6.0
425,6.0
426,6.0
427,6.0
428,6.0
429,6.0
430,6.0
431,6.0
432,6.0
433,3.0
434,3.0
435,3.0
436,3.0
437,3.0
438,3.0
439,3.0
440,3.0
441,3.0
442,3.0
443,3.0
444,2.0
445,2.0
446,2.0
447,5.0
448,5.0
449,5.0
450,5.0
451,3.0
452,3.0
453,3.0
454,3.0
455,2.0
456,2.0
457,2.0
458,1.0
459,1.0
460,1.0
461,1.0
462,1.0
463,1.0
464,1.0
465,1.0
466,1.0
467,
468,
469,
470,
471,
472,
473,
474,5.0
475,5.0
476,5.0
477,5.0
478,3.0
479,3.0
480,3.0
481,3.0
482,3.0
483,3.0
484,3.0
485,
486,
487,
488,
489,6.0
490,6.0
491,6.0
492,6.0
493,4.0
494,4.0
495,4.0
496,4.0
497,4.0
498,1.0
499,1.0
500,1.0
501,1.0
502,1.0
503,1.0
504,1.0
505,3.0
506,3.0
507,3.0
508,3.0
509,3.0
510,3.0
511,1.0
512,1.0
513,1.0
514,1.0
515,1.0
516,1.0
517,4.0
518,4.0
519,4.0
520,4.0
521,4.0
522,4.0
523,4.0
524,3.0
525,3.0
526,3.0
527,3.0
528,6.0
529,6.0
530,6.0
531,6.0
532,6.0
533,6.0
534,6.0
535,6.0
536,3.0
537,3.0
538,3.0
539,3.0
540,10.0
541,10.0
542,10.0
543,10.0
544,10.0
545,10.0
546,10.0
547,10.0
548,3.0
549,3.0
550,3.0
551,
552,
553,
554,1.0
555,1.0
556,1.0
557,1.0
558,5.0
559,5.0
560,5.0
561,5.0
562,1.0
563,1.0
564,1.0
565,1.0
566,1.0
567,1.0
568,4.0
569,4.0
570,4.0
571,6.0
572,6.0
573,6.0
574,6.0
575,6.0
576,7.0
577,7.0
578,7.0
579,7.0
580,3.0
581,3.0
582,3.0
583,3.0
584,3.0
585,3.0
586,3.0
587,5.0
588,5.0
589,5.0
590,5.0
591,4.0
592,4.0
593,4.0
594,10.0
595,10.0
596,10.0
597,10.0
598,10.0
599,10.0
600,6.0
601,6.0
602,6.0
603,7.0
604,7.0
605,7.0
606,7.0
607,7.0
608,3.0
609,3.0
610,3.0
611,3.0
612,
613,
614,
615,
616,5.0
617,5.0
618,5.0
619,4.0
620,4.0
621,4.0
622,4.0
623,6.0
624,6.0
625,6.0
626,10.0
627,10.0
628,10.0
629,10.0
630,10.0
631,10.0
632,9.0
633,9.0
634,9.0
635,9.0
636,9.0
637,6.0
638,6.0
639,6.0
640,7.0
641,7.0
642,7.0
643,4.0
644,4.0
645,4.0
646,4.0
647,4.0
648,4.0
649,4.0
650,8.0
651,8.0
652,8.0
653,10.0
654,10.0
655,10.0
656,2.0
657,2.0
658,2.0
659,10.0
660,10.0
661,10.0
662,9.0
663,9.0
664,9.0
665,9.0
666,3.0
667,3.0
668,3.0
669,2.0
670,2.0
671,2.0
672,2.0
673,2.0
674,2.0
675,4.0
676,4.0
677,4.0
678,7.0
679,7.0
680,7.0
681,7.0
682,4.0
683,4.0
684,4.0
685,2.0
686,2.0
687,2.0
688,3.0
689,3.0
690,3.0
691,3.0
692,3.0
693,2.0
694,2.0
695,2.0
696,3.0
697,3.0
698,3.0
699,3.0
700,3.0
701,3.0
702,10.0
703,10.0
704,10.0
705,9.0
706,9.0
707,9.0
708,10.0
709,10.0
710,10.0
711,10.0
712,10.0
713,10.0
714,1.0
715,1.0
716,1.0
717,1.0
718,10.0
719,10.0
720,10.0
721,6.0
722,6.0
723,6.0
724,6.0
725,6.0
726,4.0
727,4.0
728,4.0
729,10.0
730,10.0
731,10.0
732,10.0
733,10.0
734,10.0
735,10.0
736,10.0
737,10.0
738,7.0
739,7.0
740,7.0
741,7.0
742,4.0
743,4.0
744,4.0
745,10.0
746,10.0
747,10.0
748,4.0
749,4.0
750,4.0
751,4.0
752,4.0
753,10.0
754,10.0
755,10.0
756,10.0
757,10.0
758,10.0
759,5.0
760,5.0
761,5.0
762,7.0
763,7.0
764,7.0
765,3.0
766,3.0
767,3.0
768,7.0
769,7.0
770,7.0
771,7.0
772,4.0
773,4.0
774,4.0
775,3.0
776,3.0
777,3.0
778,7.0
779,7.0
780,7.0
781,10.0
782,10.0
783,10.0
784,6.0
785,6.0
786,6.0
787,8.0
788,8.0
789,8.0
790,7.0
791,7.0
792,7.0
793,7.0
794,9.0
795,9.0
796,9.0
797,9.0
798,5.0
799,5.0
800,5.0
801,10.0
802,10.0
803,10.0
804,8.0
805,8.0
806,8.0
807,1.0
808,1.0
809,1.0
810,10.0
811,10.0
812,10.0
813,10.0
814,6.0
815,6.0
816,6.0
817,6.0
818,6.0
819,5.0
820,5.0
821,5.0
822,8.0
823,8.0
824,8.0
825,3.0
826,3.0
827,3.0
828,3.0
829,3.0
830,3.0
831,3.0
832,4.0
833,4.0
834,4.0
835,5.0
836,5.0
837,5.0
838,9.0
839,9.0
840,9.0
841,4.0
842,4.0
843,4.0
844,5.0
845,5.0
846,5.0
847,5.0
848,3.0
849,3.0
850,3.0
851,7.0
852,7.0
853,7.0
854,6.0
855,6.0
856,6.0
857,2.0
858,2.0
859,2.0
860,6.0
861,6.0
862,6.0
863,10.0
864,10.0
865,10.0
866,6.0
867,6.0
868,6.0
869,6.0
870,6.0
871,6.0
872,6.0
873,10.0
874,10.0
875,10.0
876,10.0
877,10.0
878,10.0
879,3.0
880,3.0
881,3.0
882,3.0
883,7.0
884,7.0
885,7.0
886,
887,
888,
889,10.0
890,10.0
891,10.0
892,7.0
893,7.0
894,7.0
895,6.0
896,6.0
897,6.0
898,8.0
899,8.0
900,8.0
901,8.0
902,9.0
903,9.0
904,9.0
905,5.0
906,5.0
907,5.0
908,4.0
909,4.0
910,4.0
911,10.0
912,10.0
913,10.0
914,9.0
915,9.0
916,9.0
917,10.0
918,10.0
919,10.0
920,2.0
921,2.0
922,2.0
923,10.0
924,10.0
925,10.0
926,4.0
927,4.0
928,4.0
929,5.0
930,5.0
931,5.0
932,6.0
933,6.0
934,6.0
935,3.0
936,3.0
937,3.0
938,3.0
939,3.0
940,3.0
941,9.0
942,9.0
943,9.0
944,7.0
945,7.0
946,7.0
947,10.0
948,10.0
949,10.0
950,2.0
951,2.0
952,2.0
953,10.0
954,10.0
955,10.0
956,10.0
957,5.0
958,5.0
959,5.0
960,5.0
961,6.0
962,6.0
963,6.0
964,6.0
965,6.0
966,6.0
967,6.0
968,6.0
969,10.0
970,10.0
971,10.0
972,3.0
973,3.0
974,3.0
975,1.0
976,1.0
977,1.0
978,9.0
979,9.0
980,9.0
981,9.0
982,6.0
983,6.0
984,6.0
985,6.0
986,10.0
987,10.0
988,10.0
989,10.0
990,10.0
991,10.0
992,4.0
993,4.0
994,4.0
995,10.0
996,10.0
997,10.0
998,8.0
999,8.0
1000,8.0
1001,5.0
1002,5.0
1003,5.0
1004,4.0
1005,4.0
1006,4.0
1007,5.0
1008,5.0
1009,5.0
1010,5.0
1011,5.0
1012,5.0
1013,5.0
1014,6.0
1015,6.0
1016,6.0
1017,4.0
1018,4.0
1019,4.0
1020,4.0
1021,6.0
1022,6.0
1023,6.0
1024,6.0
1025,6.0
1026,10.0
1027,10.0
1028,10.0
1029,8.0
1030,8.0
1031,8.0
1032,8.0
1033,10.0
1034,10.0
1035,10.0
1036,3.0
1037,3.0
1038,3.0
1039,3.0
1040,3.0
1041,2.0
1042,2.0
1043,2.0
1044,2.0
1045,2.0
1046,2.0
1047,2.0
1048,2.0
1049,2.0
1050,8.0
1051,8.0
1052,8.0
1053,8.0
1054,10.0
1055,10.0
1056,10.0
1057,5.0
1058,5.0
1059,5.0
1060,9.0
1061,9.0
1062,9.0
1063,10.0
1064,10.0
1065,10.0
1066,7.0
1067,7.0
1068,7.0
1069,7.0
1070,3.0
1071,3.0
1072,3.0
1073,6.0
1074,6.0
1075,6.0
1076,2.0
1077,2.0
1078,2.0
1079,2.0
1080,10.0
1081,10.0
1082,10.0
1083,7.0
1084,7.0
1085,7.0
1086,7.0
1087,7.0
1088,7.0
1089,10.0
1090,10.0
1091,10.0
1092,10.0
1093,10.0
1094,1.0
1095,1.0
1096,1.0
1097,4.0
1098,4.0
1099,4.0
1100,6.0
1101,6.0
1102,6.0
1103,9.0
1104,9.0
1105,9.0
1106,7.0
1107,7.0
1108,7.0
1109,7.0
1110,
1111,
1112,
1113,
1114,
1115,8.0
1116,8.0
1117,8.0
1118,2.0
1119,2.0
1120,2.0
1121,3.0
1122,3.0
1123,3.0
1124,3.0
1125,1.0
1126,1.0
1127,1.0
1128,8.0
1129,8.0
1130,8.0
1131,8.0
1132,8.0
1133,5.0
1134,5.0
1135,5.0
1136,10.0
1137,10.0
1138,10.0
1139,10.0
1140,10.0
1141,10.0
1142,5.0
1143,5.0
1144,5.0
1145,
1146,
1147,
1148,8.0
1149,8.0
1150,8.0
1151,8.0
1152,8.0
1153,8.0
1154,4.0
1155,4.0
1156,4.0
1157,6.0
1158,6.0
1159,6.0
1160,6.0
1161,6.0
1162,6.0
1163,6.0
1164,6.0
1165,6.0
1166,8.0
1167,8.0
1168,8.0
1169,8.0
1170,
1171,
1172,
1173,8.0
1174,8.0
1175,8.0
1176,4.0
1177,4.0
1178,4.0
1179,1.0
1180,1.0
1181,1.0
1182,1.0
1183,1.0
1184,1.0
1185,1.0
1186,1.0
1187,1.0
1188,9.0
1189,9.0
1190,9.0
1191,9.0
1192,3.0
1193,3.0
1194,3.0
1195,3.0
1196,3.0
1197,3.0
1198,3.0
1199,3.0
1200,3.0
1201,3.0
1202,3.0
1203,3.0
1204,7.0
1205,7.0
1206,7.0
1207,1.0
1208,1.0
1209,1.0
1210,1.0
1211,4.0
1212,4.0
1213,4.0
1214,4.0
1215,6.0
1216,6.0
1217,6.0
1218,4.0
1219,4.0
1220,4.0
1221,4.0
1222,4.0
1223,4.0
1224,4.0
1225,4.0
1226,4.0
1227,7.0
1228,7.0
1229,7.0
1230,10.0
1231,10.0
1232,10.0
1233,10.0
1234,10.0
1235,10.0
1236,10.0
1237,10.0
1238,4.0
1239,4.0
1240,4.0
1241,10.0
1242,10.0
1243,10.0
1244,10.0
1245,10.0
1246,10.0
1247,6.0
1248,6.0
1249,6.0
1250,6.0
1251,10.0
1252,10.0
1253,10.0
1254,10.0
1255,10.0
1256,6.0
1257,6.0
1258,6.0
1259,5.0
1260,5.0
1261,5.0
1262,5.0
1263,5.0
1264,5.0
1265,4.0
1266,4.0
1267,4.0
1268,10.0
1269,10.0
1270,10.0
1271,10.0
1272,8.0
1273,8.0
1274,8.0
1275,6.0
1276,6.0
1277,6.0
1278,10.0
1279,10.0
1280,10.0
1281,5.0
1282,5.0
1283,5.0
1284,1.0
1285,1.0
1286,1.0
1287,6.0
1288,6.0
1289,6.0
1290,4.0
1291,4.0
1292,4.0
1293,10.0
1294,10.0
1295,10.0
1296,10.0
1297,10.0
1298,10.0
1299,4.0
1300,4.0
1301,4.0
1302,4.0
1303,8.0
1304,8.0
1305,8.0
1306,10.0
1307,10.0
1308,10.0
1309,10.0
1310,10.0
1311,10.0
1312,3.0
1313,3.0
1314,3.0
1315,3.0
1316,4.0
1317,4.0
1318,4.0
1319,4.0
1320,4.0
1321,4.0
1322,4.0
1323,4.0
1324,10.0
1325,10.0
1326,10.0
1327,7.0
1328,7.0
1329,7.0
1330,7.0
1331,10.0
1332,10.0
1333,10.0
1334,9.0
1335,9.0
1336,9.0
1337,9.0
1338,9.0
1339,10.0
1340,10.0
1341,10.0
1342,10.0
1343,10.0
1344,10.0
1345,5.0
1346,5.0
1347,5.0
1348,5.0
1349,5.0
1350,4.0
1351,4.0
1352,4.0
1353,9.0
1354,9.0
1355,9.0
1356,9.0
1357,9.0
1358,9.0
1359,9.0
1360,9.0
1361,2.0
1362,2.0
1363,2.0
1364,4.0
1365,4.0
1366,4.0
1367,6.0
1368,6.0
1369,6.0
1370,9.0
1371,9.0
1372,9.0
1373,9.0
1374,2.0
1375,2.0
1376,2.0
1377,10.0
1378,10.0
1379,10.0
1380,1.0
1381,1.0
1382,1.0
1383,1.0
1384,4.0
1385,4.0
1386,4.0
1387,4.0
1388,4.0
1389,4.0
1390,4.0
1391,4.0
1392,4.0
1393,7.0
1394,7.0
1395,7.0
1396,10.0
1397,10.0
1398,10.0
1399,10.0
1400,10.0
1401,10.0
1402,10.0
1403,10.0
1404,10.0
1405,9.0
1406,9.0
1407,9.0
1408,10.0
1409,10.0
1410,10.0
1411,10.0
1412,10.0
1413,10.0
1414,5.0
1415,5.0
1416,5.0
1417,5.0
1418,5.0
1419,5.0
1420,9.0
1421,9.0
1422,9.0
1423,9.0
1424,2.0
1425,2.0
1426,2.0
1427,8.0
1428,8.0
1429,8.0
1430,7.0
1431,7.0
1432,7.0
1433,8.0
1434,8.0
1435,8.0
1436,8.0
1437,8.0
1438,8.0
1439,8.0
1440,8.0
1441,8.0
1442,6.0
1443,6.0
1444,6.0
1445,6.0
1446,8.0
1447,8.0
1448,8.0
1449,8.0
1450,5.0
1451,5.0
1452,5.0
1453,8.0
1454,8.0
1455,8.0
1456,7.0
1457,7.0
1458,7.0
1459,2.0
1460,2.0
1461,2.0
1462,2.0
1463,2.0
1464,2.0
1465,3.0
1466,3.0
1467,3.0
1468,3.0
1469,3.0
1470,3.0
1471,3.0
1472,3.0
1473,1.0
1474,1.0
1475,1.0
1476,10.0
1477,10.0
1478,10.0
1479,10.0
1480,10.0
1481,10.0
1482,10.0
1483,10.0
1484,10.0
1485,10.0
1486,10.0
1487,10.0
1488,10.0
1489,5.0
1490,5.0
1491,5.0
1492,10.0
1493,10.0
1494,10.0
1495,4.0
1496,4.0
1497,4.0
1498,2.0
1499,2.0
1500,2.0
1501,8.0
1502,8.0
1503,8.0
1504,8.0
1505,2.0
1506,2.0
1507,2.0
1508,2.0
1509,10.0
1510,10.0
1511,10.0
1512,3.0
1513,3.0
1514,3.0
1515,3.0
1516,3.0
1517,3.0
1518,4.0
1519,4.0
1520,4.0
1521,4.0
1522,5.0
1523,5.0
1524,5.0
1525,10.0
1526,10.0
1527,10.0
1528,10.0
1529,5.0
1530,5.0
1531,5.0
1532,5.0
1533,3.0
1534,3.0
1535,3.0
1536,10.0
1537,10.0
1538,10.0
1539,10.0
1540,10.0
1541,10.0
1542,10.0
1543,10.0
1544,10.0
1545,10.0
1546,10.0
1547,10.0
1548,10.0
1549,10.0
1550,10.0
1551,10.0
1552,10.0
1553,10.0
1554,10.0
1555,10.0
1556,10.0
1557,10.0
1558,8.0
1559,8.0
1560,8.0
1561,8.0
1562,10.0
1563,10.0
1564,10.0
1565,10.0
1566,2.0
1567,2.0
1568,2.0
1569,4.0
1570,4.0
1571,4.0
1572,4.0
1573,10.0
1574,10.0
1575,10.0
1576,10.0
1577,5.0
1578,5.0
1579,5.0
1580,5.0
1581,8.0
1582,8.0
1583,8.0
1584,10.0
1585,10.0
1586,10.0
1587,9.0
1588,9.0
1589,9.0
1590,6.0
1591,6.0
1592,6.0
1593,6.0
1594,6.0
1595,6.0
1596,6.0
1597,6.0
1598,6.0
1599,9.0
1600,9.0
1601,9.0
1602,6.0
1603,6.0
1604,6.0
1605,6.0
1606,7.0
1607,7.0
1608,7.0
1609,8.0
1610,8.0
1611,8.0
1612,3.0
1613,3.0
1614,3.0
1615,3.0
1616,3.0
1617,3.0
1618,3.0
1619,3.0
1620,3.0
1621,3.0
1622,3.0
1623,3.0
1624,6.0
1625,6.0
1626,6.0
1627,2.0
1628,2.0
1629,2.0
1630,3.0
1631,3.0
1632,3.0
1633,1.0
1634,1.0
1635,1.0
1636,1.0
1637,7.0
1638,7.0
1639,7.0
1640,7.0
1641,7.0
1642,7.0
1643,1.0
1644,1.0
1645,1.0
1646,10.0
1647,10.0
1648,10.0
1649,3.0
1650,3.0
1651,3.0
1652,7.0
1653,7.0
1654,7.0
1655,6.0
1656,6.0
1657,6.0
1658,5.0
1659,5.0
1660,5.0
1661,4.0
1662,4.0
1663,4.0
1664,4.0
1665,7.0
1666,7.0
1667,7.0
1668,7.0
1669,6.0
1670,6.0
1671,6.0
1672,6.0
1673,4.0
1674,4.0
1675,4.0
1676,4.0
1677,10.0
1678,10.0
1679,10.0
1680,2.0
1681,2.0
1682,2.0
1683,2.0
1684,
1685,
1686,
1687,3.0
1688,3.0
1689,3.0
1690,2.0
1691,2.0
1692,2.0
1693,1.0
1694,1.0
1695,1.0
1696,1.0
1697,1.0
1698,1.0
1699,1.0
1700,2.0
1701,2.0
1702,2.0
1703,2.0
1704,2.0
1705,10.0
1706,10.0
1707,10.0
1708,10.0
1709,10.0
1710,10.0
1711,3.0
1712,3.0
1713,3.0
1714,5.0
1715,5.0
1716,5.0
1717,5.0
1718,5.0
1719,5.0
1720,5.0
1721,5.0
1722,1.0
1723,1.0
1724,1.0
1725,1.0
1726,9.0
1727,9.0
1728,9.0
1729,9.0
1730,7.0
1731,7.0
1732,7.0
1733,5.0
1734,5.0
1735,5.0
1736,5.0
1737,5.0
1738,5.0
1739,8.0
1740,8.0
1741,8.0
1742,5.0
1743,5.0
1744,5.0
1745,5.0
1746,5.0
1747,1.0
1748,1.0
1749,1.0
1750,1.0
1751,3.0
1752,3.0
1753,3.0
1754,3.0
1755,1.0
1756,1.0
1757,1.0
1758,7.0
1759,7.0
1760,7.0
1761,10.0
1762,10.0
1763,10.0
1764,10.0
1765,5.0
1766,5.0
1767,5.0
1768,10.0
1769,10.0
1770,10.0
1771,10.0
1772,6.0
1773,6.0
1774,6.0
1775,5.0
1776,5.0
1777,5.0
1778,5.0
1779,5.0
1780,5.0
1781,5.0
1782,5.0
1783,1.0
1784,1.0
1785,1.0
1786,3.0
1787,3.0
1788,3.0
1789,3.0
1790,3.0
1791,3.0
1792,3.0
1793,1.0
1794,1.0
1795,1.0
1796,1.0
1797,4.0
1798,4.0
1799,4.0
1800,4.0
1801,4.0
1802,2.0
1803,2.0
1804,2.0
1805,2.0
1806,4.0
1807,4.0
1808,4.0
1809,4.0
1810,2.0
1811,2.0
1812,2.0
1813,2.0
1814,2.0
1815,6.0
1816,6.0
1817,6.0
1818,7.0
1819,7.0
1820,7.0
1821,7.0
1822,7.0
1823,7.0
1824,7.0
1825,4.0
1826,4.0
1827,4.0
1828,4.0
1829,4.0
1830,6.0
1831,6.0
1832,6.0
1833,6.0
1834,6.0
1835,6.0
1836,6.0
1837,10.0
1838,10.0
1839,10.0
1840,10.0
1841,10.0
1842,10.0
1843,5.0
1844,5.0
1845,5.0
1846,4.0
1847,4.0
1848,4.0
1849,4.0
1850,4.0
1851,10.0
1852,10.0
1853,10.0
1854,10.0
1855,10.0
1856,1.0
1857,1.0
1858,1.0
1859,10.0
1860,10.0
1861,10.0
1862,2.0
1863,2.0
1864,2.0
1865,2.0
1866,6.0
1867,6.0
1868,6.0
1869,3.0
1870,3.0
1871,3.0
1872,3.0
1873,5.0
1874,5.0
1875,5.0
1876,10.0
1877,10.0
1878,10.0
1879,5.0
1880,5.0
1881,5.0
1882,5.0
1883,5.0
1884,5.0
1885,5.0
1886,5.0
1887,5.0
1888,5.0
1889,1.0
1890,1.0
1891,1.0
1892,1.0
1893,1.0
1894,5.0
1895,5.0
1896,5.0
1897,3.0
1898,3.0
1899,3.0
1900,8.0
1901,8.0
1902,8.0
1903,8.0
1904,2.0
1905,2.0
1906,2.0
1907,2.0
1908,2.0
1909,5.0
1910,5.0
1911,5.0
1912,6.0
1913,6.0
1914,6.0
1915,2.0
1916,2.0
1917,2.0
1918,2.0
1919,2.0
1920,2.0
1921,4.0
1922,4.0
1923,4.0
1924,4.0
1925,4.0
1926,4.0
1927,4.0
1928,8.0
1929,8.0
1930,8.0
1931,3.0
1932,3.0
1933,3.0
1934,6.0
1935,6.0
1936,6.0
1937,4.0
1938,4.0
1939,4.0
1940,
1941,
1942,
1943,8.0
1944,8.0
1945,8.0
1946,3.0
1947,3.0
1948,3.0
1949,3.0
1950,3.0
1951,3.0
1952,4.0
1953,4.0
1954,4.0
1955,4.0
1956,4.0
1957,4.0
1958,7.0
1959,7.0
1960,7.0
1961,3.0
1962,3.0
1963,3.0
1964,8.0
1965,8.0
1966,8.0
1967,8.0
1968,7.0
1969,7.0
1970,7.0
1971,2.0
1972,2.0
1973,2.0
1974,2.0
1975,10.0
1976,10.0
1977,10.0
1978,6.0
1979,6.0
1980,6.0
1981,6.0
1982,6.0
1983,6.0
1984,10.0
1985,10.0
1986,10.0
1987,10.0
1988,10.0
1989,10.0
1990,10.0
1991,10.0
1992,10.0
1993,10.0
1994,10.0
1995,6.0
1996,6.0
1997,6.0
1998,6.0
1999,10.0
2000,10.0
2001,10.0
2002,2.0
2003,2.0
2004,2.0
2005,4.0
2006,4.0
2007,4.0
2008,10.0
2009,10.0
2010,10.0
2011,2.0
2012,2.0
2013,2.0
2014,10.0
2015,10.0
2016,10.0
2017,10.0
2018,8.0
2019,8.0
2020,8.0
2021,10.0
2022,10.0
2023,10.0
2024,10.0
2025,10.0
2026,10.0
2027,10.0
2028,10.0
2029,10.0
2030,10.0
2031,10.0
2032,10.0
2033,10.0
2034,10.0
2035,10.0
2036,10.0
2037,10.0
2038,10.0
2039,10.0
2040,3.0
2041,3.0
2042,3.0
2043,3.0
2044,4.0
2045,4.0
2046,4.0
2047,2.0
2048,2.0
2049,2.0
2050,10.0
2051,10.0
2052,10.0
2053,10.0
2054,10.0
2055,10.0
2056,8.0
2057,8.0
2058,8.0
2059,8.0
2060,10.0
2061,10.0
2062,10.0
2063,10.0
2064,10.0
2065,10.0
2066,10.0
2067,9.0
2068,9.0
2069,9.0
2070,6.0
2071,6.0
2072,6.0
2073,2.0
2074,2.0
2075,2.0
2076,2.0
2077,1.0
2078,1.0
2079,1.0
2080,5.0
2081,5.0
2082,5.0
2083,5.0
2084,10.0
2085,10.0
2086,10.0
2087,10.0
2088,10.0
2089,10.0
2090,10.0
2091,10.0
2092,10.0
2093,10.0
2094,
2095,
2096,
2097,9.0
2098,9.0
2099,9.0
2100,5.0
2101,5.0
2102,5.0
2103,5.0
2104,10.0
2105,10.0
2106,10.0
2107,10.0
2108,4.0
2109,4.0
2110,4.0
2111,3.0
2112,3.0
2113,3.0
2114,5.0
2115,5.0
2116,5.0
2117,5.0
2118,4.0
2119,4.0
2120,4.0
2121,10.0
2122,10.0
2123,10.0
2124,7.0
2125,7.0
2126,7.0
2127,9.0
2128,9.0
2129,9.0
2130,2.0
2131,2.0
2132,2.0
2133,1.0
2134,1.0
2135,1.0
2136,9.0
2137,9.0
2138,9.0
2139,7.0
2140,7.0
2141,7.0
2142,10.0
2143,10.0
2144,10.0
2145,10.0
2146,10.0
2147,10.0
2148,1.0
2149,1.0
2150,1.0
2151,2.0
2152,2.0
2153,2.0
2154,2.0
2155,5.0
2156,5.0
2157,5.0
2158,7.0
2159,7.0
2160,7.0
2161,7.0
2162,10.0
2163,10.0
2164,10.0
2165,10.0
2166,10.0
2167,10.0
2168,10.0
2169,10.0
2170,10.0
2171,10.0
2172,10.0
2173,10.0
2174,10.0
2175,10.0
2176,10.0
2177,6.0
2178,6.0
2179,6.0
2180,6.0
2181,
2182,
2183,
2184,10.0
2185,10.0
2186,10.0
2187,4.0
2188,4.0
2189,4.0
2190,5.0
2191,5.0
2192,5.0
2193,5.0
2194,5.0
2195,5.0
2196,5.0
2197,3.0
2198,3.0
2199,3.0
2200,7.0
2201,7.0
2202,7.0
2203,4.0
2204,4.0
2205,4.0
2206,4.0
2207,9.0
2208,9.0
2209,9.0
2210,9.0
2211,
2212,
2213,
2214,1.0
2215,1.0
2216,1.0
2217,5.0
2218,5.0
2219,5.0
2220,5.0
2221,5.0
2222,6.0
2223,6.0
2224,6.0
2225,5.0
2226,5.0
2227,5.0
2228,5.0
2229,3.0
2230,3.0
2231,3.0
2232,1.0
2233,1.0
2234,1.0
2235,10.0
2236,10.0
2237,10.0
2238,6.0
2239,6.0
2240,6.0
2241,7.0
2242,7.0
2243,7.0
2244,3.0
2245,3.0
2246,3.0
2247,3.0
2248,6.0
2249,6.0
2250,6.0
2251,8.0
2252,8.0
2253,8.0
2254,8.0
2255,4.0
2256,4.0
2257,4.0
2258,4.0
2259,4.0
2260,4.0
2261,2.0
2262,2.0
2263,2.0
2264,5.0
2265,5.0
2266,5.0
2267,5.0
2268,6.0
2269,6.0
2270,6.0
2271,7.0
2272,7.0
2273,7.0
2274,3.0
2275,3.0
2276,3.0
2277,8.0
2278,8.0
2279,8.0
2280,8.0
2281,8.0
2282,8.0
2283,8.0
2284,8.0
2285,8.0
2286,8.0
2287,8.0
2288,8.0
2289,8.0
2290,1.0
2291,1.0
2292,1.0
2293,6.0
2294,6.0
2295,6.0
2296,10.0
2297,10.0
2298,10.0
2299,10.0
2300,6.0
2301,6.0
2302,6.0
2303,1.0
2304,1.0
2305,1.0
2306,10.0
2307,10.0
2308,10.0
2309,3.0
2310,3.0
2311,3.0
2312,2.0
2313,2.0
2314,2.0
2315,2.0
2316,4.0
2317,4.0
2318,4.0
2319,6.0
2320,6.0
2321,6.0
2322,4.0
2323,4.0
2324,4.0
2325,4.0
2326,4.0
2327,4.0
2328,4.0
2329,5.0
2330,5.0
2331,5.0
2332,9.0
2333,9.0
2334,9.0
2335,4.0
2336,4.0
2337,4.0
2338,4.0
2339,4.0
2340,4.0
2341,4.0
2342,9.0
2343,9.0
2344,9.0
2345,9.0
2346,9.0
2347,9.0
2348,10.0
2349,10.0
2350,10.0
2351,4.0
2352,4.0
2353,4.0
2354,4.0
2355,1.0
2356,1.0
2357,1.0
2358,7.0
2359,7.0
2360,7.0
2361,1.0
2362,1.0
2363,1.0
2364,2.0
2365,2.0
2366,2.0
2367,5.0
2368,5.0
2369,5.0
2370,3.0
2371,3.0
2372,3.0
2373,3.0
2374,9.0
2375,9.0
2376,9.0
2377,7.0
2378,7.0
2379,7.0
2380,5.0
2381,5.0
2382,5.0
2383,4.0
2384,4.0
2385,4.0
2386,4.0
2387,4.0
2388,4.0
2389,4.0
2390,4.0
2391,2.0
2392,2.0
2393,2.0
2394,2.0
2395,4.0
2396,4.0
2397,4.0
2398,
2399,
2400,
2401,
2402,2.0
2403,2.0
2404,2.0
2405,7.0
2406,7.0
2407,7.0
2408,7.0
2409,7.0
2410,7.0
2411,5.0
2412,5.0
2413,5.0
2414,
2415,
2416,
2417,6.0
2418,6.0
2419,6.0
2420,6.0
2421,10.0
2422,10.0
2423,10.0
2424,10.0
2425,6.0
2426,6.0
2427,6.0
2428,6.0
2429,6.0
2430,6.0
2431,6.0
2432,4.0
2433,4.0
2434,4.0
2435,4.0
2436,10.0
2437,10.0
2438,10.0
2439,9.0
2440,9.0
2441,9.0
2442,9.0
2443,2.0
2444,2.0
2445,2.0
2446,2.0
2447,9.0
2448,9.0
2449,9.0
2450,9.0
2451,9.0
2452,10.0
2453,10.0
2454,10.0
2455,4.0
2456,4.0
2457,4.0
2458,5.0
2459,5.0
2460,5.0
2461,10.0
2462,10.0
2463,10.0
2464,10.0
2465,5.0
2466,5.0
2467,5.0
2468,2.0
2469,2.0
2470,2.0
2471,2.0
2472,2.0
2473,2.0
2474,2.0
2475,5.0
2476,5.0
2477,5.0
2478,2.0
2479,2.0
2480,2.0
2481,2.0
2482,3.0
2483,3.0
2484,3.0
2485,10.0
2486,10.0
2487,10.0
2488,2.0
2489,2.0
2490,2.0
2491,9.0
2492,9.0
2493,9.0
2494,2.0
2495,2.0
2496,2.0
2497,7.0
2498,7.0
2499,7.0
2500,7.0
2501,2.0
2502,2.0
2503,2.0
2504,2.0
2505,1.0
2506,1.0
2507,1.0
2508,8.0
2509,8.0
2510,8.0
2511,4.0
2512,4.0
2513,4.0
2514,6.0
2515,6.0
2516,6.0
2517,3.0
2518,3.0
2519,3.0
2520,3.0
2521,4.0
2522,4.0
2523,4.0
2524,9.0
2525,9.0
2526,9.0
2527,9.0
2528,3.0
2529,3.0
2530,3.0
2531,3.0
2532,3.0
2533,3.0
2534,3.0
2535,7.0
2536,7.0
2537,7.0
2538,10.0
2539,10.0
2540,10.0
2541,10.0
2542,3.0
2543,3.0
2544,3.0
2545,1.0
2546,1.0
2547,1.0
2548,4.0
2549,4.0
2550,4.0
2551,1.0
2552,1.0
2553,1.0
2554,10.0
2555,10.0
2556,10.0
2557,4.0
2558,4.0
2559,4.0
2560,10.0
2561,10.0
2562,10.0
2563,10.0
2564,10.0
2565,10.0
2566,10.0
2567,7.0
2568,7.0
2569,7.0
2570,10.0
2571,10.0
2572,10.0
2573,2.0
2574,2.0
2575,2.0
2576,2.0
2577,4.0
2578,4.0
2579,4.0
2580,6.0
2581,6.0
2582,6.0
2583,6.0
2584,4.0
2585,4.0
2586,4.0
2587,4.0
2588,4.0
2589,4.0
2590,4.0
2591,4.0
2592,4.0
2593,4.0
2594,10.0
2595,10.0
2596,10.0
2597,4.0
2598,4.0
2599,4.0
2600,10.0
2601,10.0
2602,10.0
2603,7.0
2604,7.0
2605,7.0
2606,2.0
2607,2.0
2608,2.0
2609,1.0
2610,1.0
2611,1.0
2612,1.0
2613,6.0
2614,6.0
2615,6.0
2616,6.0
2617,6.0
2618,6.0
2619,3.0
2620,3.0
2621,3.0
2622,10.0
2623,10.0
2624,10.0
2625,10.0
2626,10.0
2627,10.0
2628,10.0
2629,10.0
2630,10.0
2631,5.0
2632,5.0
2633,5.0
2634,5.0
2635,7.0
2636,7.0
2637,7.0
2638,7.0
2639,1.0
2640,1.0
2641,1.0
2642,1.0
2643,1.0
2644,1.0
2645,1.0
2646,2.0
2647,2.0
2648,2.0
2649,6.0
2650,6.0
2651,6.0
2652,6.0
2653,3.0
2654,3.0
2655,3.0
2656,5.0
2657,5.0
2658,5.0
2659,10.0
2660,10.0
2661,10.0
2662,10.0
2663,3.0
2664,3.0
2665,3.0
2666,9.0
2667,9.0
2668,9.0
2669,8.0
2670,8.0
2671,8.0
2672,8.0
2673,
2674,
2675,
2676,10.0
2677,10.0
2678,10.0
2679,3.0
2680,3.0
2681,3.0
2682,3.0
2683,3.0
2684,3.0
2685,3.0
2686,2.0
2687,2.0
2688,2.0
2689,4.0
2690,4.0
2691,4.0
2692,4.0
2693,4.0
2694,4.0
2695,4.0
2696,4.0
2697,4.0
2698,5.0
2699,5.0
2700,5.0
2701,6.0
2702,6.0
2703,6.0
2704,7.0
2705,7.0
2706,7.0
2707,7.0
2708,8.0
2709,8.0
2710,8.0
2711,8.0
2712,8.0
2713,8.0
2714,8.0
2715,1.0
2716,1.0
2717,1.0
2718,1.0
2719,5.0
2720,5.0
2721,5.0
2722,4.0
2723,4.0
2724,4.0
2725,10.0
2726,10.0
2727,10.0
2728,
2729,
2730,
2731,10.0
2732,10.0
2733,10.0
2734,4.0
2735,4.0
2736,4.0
2737,4.0
2738,10.0
2739,10.0
2740,10.0
2741,10.0
2742,10.0
2743,10.0
2744,10.0
2745,10.0
2746,10.0
2747,5.0
2748,5.0
2749,5.0
2750,2.0
2751,2.0
2752,2.0
2753,5.0
2754,5.0
2755,5.0
2756,2.0
2757,2.0
2758,2.0
2759,5.0
2760,5.0
2761,5.0
2762,3.0
2763,3.0
2764,3.0
2765,6.0
2766,6.0
2767,6.0
2768,4.0
2769,4.0
2770,4.0
2771,4.0
2772,6.0
2773,6.0
2774,6.0
2775,6.0
2776,6.0
2777,6.0
2778,5.0
2779,5.0
2780,5.0
2781,10.0
2782,10.0
2783,10.0
2784,10.0
2785,10.0
2786,5.0
2787,5.0
2788,5.0
2789,
2790,
2791,
2792,
2793,8.0
2794,8.0
2795,8.0
2796,4.0
2797,4.0
2798,4.0
2799,9.0
2800,9.0
2801,9.0
2802,6.0
2803,6.0
2804,6.0
2805,2.0
2806,2.0
2807,2.0
2808,3.0
2809,3.0
2810,3.0
2811,3.0
2812,10.0
2813,10.0
2814,10.0
2815,6.0
2816,6.0
2817,6.0
2818,3.0
2819,3.0
2820,3.0
2821,8.0
2822,8.0
2823,8.0
2824,5.0
2825,5.0
2826,5.0
2827,5.0
2828,5.0
2829,5.0
2830,5.0
2831,5.0
2832,5.0
2833,5.0
2834,7.0
2835,7.0
2836,7.0
2837,7.0
2838,7.0
2839,7.0
2840,7.0
2841,10.0
2842,10.0
2843,10.0
2844,4.0
2845,4.0
2846,4.0
2847,9.0
2848,9.0
2849,9.0
2850,9.0
2851,8.0
2852,8.0
2853,8.0
2854,7.0
2855,7.0
2856,7.0
2857,7.0
2858,7.0
2859,7.0
2860,2.0
2861,2.0
2862,2.0
2863,5.0
2864,5.0
2865,5.0
2866,5.0
2867,5.0
2868,10.0
2869,10.0
2870,10.0
2871,10.0
2872,4.0
2873,4.0
2874,4.0
2875,4.0
2876,4.0
2877,4.0
2878,5.0
2879,5.0
2880,5.0
2881,5.0
2882,2.0
2883,2.0
2884,2.0
2885,3.0
2886,3.0
2887,3.0
2888,4.0
2889,4.0
2890,4.0
2891,2.0
2892,2.0
2893,2.0
2894,4.0
2895,4.0
2896,4.0
2897,2.0
2898,2.0
2899,2.0
2900,3.0
2901,3.0
2902,3.0
2903,3.0
2904,3.0
2905,3.0
2906,1.0
2907,1.0
2908,1.0
2909,6.0
2910,6.0
2911,6.0
2912,6.0
2913,6.0
2914,6.0
2915,3.0
2916,3.0
2917,3.0
2918,8.0
2919,8.0
2920,8.0
2921,6.0
2922,6.0
2923,6.0
2924,1.0
2925,1.0
2926,1.0
2927,10.0
2928,10.0
2929,10.0
2930,1.0
2931,1.0
2932,1.0
2933,2.0
2934,2.0
2935,2.0
2936,10.0
2937,10.0
2938,10.0
2939,6.0
2940,6.0
2941,6.0
2942,6.0
2943,6.0
2944,6.0
2945,4.0
2946,4.0
2947,4.0
2948,3.0
2949,3.0
2950,3.0
2951,3.0
2952,3.0
2953,3.0
2954,3.0
2955,6.0
2956,6.0
2957,6.0
2958,6.0
2959,6.0
2960,6.0
2961,
2962,
2963,
2964,7.0
2965,7.0
2966,7.0
2967,2.0
2968,2.0
2969,2.0
2970,10.0
2971,10.0
2972,10.0
2973,3.0
2974,3.0
2975,3.0
2976,6.0
2977,6.0
2978,6.0
2979,5.0
2980,5.0
2981,5.0
2982,8.0
2983,8.0
2984,8.0
2985,9.0
2986,9.0
2987,9.0
2988,9.0
2989,4.0
2990,4.0
2991,4.0
2992,10.0
2993,10.0
2994,10.0
2995,2.0
2996,2.0
2997,2.0
2998,1.0
2999,1.0
3000,1.0
3001,10.0
3002,10.0
3003,10.0
3004,10.0
3005,10.0
3006,10.0
3007,3.0
3008,3.0
3009,3.0
3010,3.0
3011,9.0
3012,9.0
3013,9.0
3014,10.0
3015,10.0
3016,10.0
3017,5.0
3018,5.0
3019,5.0
3020,5.0
3021,5.0
3022,5.0
3023,5.0
3024,9.0
3025,9.0
3026,9.0
3027,10.0
3028,10.0
3029,10.0
3030,10.0
3031,4.0
3032,4.0
3033,4.0
3034,8.0
3035,8.0
3036,8.0
3037,1.0
3038,1.0
3039,1.0
3040,6.0
3041,6.0
3042,6.0
3043,6.0
3044,6.0
3045,6.0
3046,3.0
3047,3.0
3048,3.0
3049,5.0
3050,5.0
3051,5.0
3052,6.0
3053,6.0
3054,6.0
3055,10.0
3056,10.0
3057,10.0
3058,9.0
3059,9.0
3060,9.0
3061,4.0
3062,4.0
3063,4.0
3064,2.0
3065,2.0
3066,2.0
3067,7.0
3068,7.0
3069,7.0
3070,5.0
3071,5.0
3072,5.0
3073,7.0
3074,7.0
3075,7.0
3076,7.0
3077,7.0
3078,7.0
3079,7.0
3080,7.0
3081,7.0
3082,3.0
3083,3.0
3084,3.0
3085,2.0
3086,2.0
3087,2.0
3088,2.0
3089,10.0
3090,10.0
3091,10.0
3092,5.0
3093,5.0
3094,5.0
3095,1.0
3096,1.0
3097,1.0
3098,1.0
3099,1.0
3100,1.0
3101,1.0
3102,4.0
3103,4.0
3104,4.0
3105,7.0
3106,7.0
3107,7.0
3108,7.0
3109,10.0
3110,10.0
3111,10.0
3112,1.0
3113,1.0
3114,1.0
3115,8.0
3116,8.0
3117,8.0
3118,8.0
3119,7.0
3120,7.0
3121,7.0
3122,5.0
3123,5.0
3124,5.0
3125,10.0
3126,10.0
3127,10.0
3128,7.0
3129,7.0
3130,7.0
3131,7.0
3132,4.0
3133,4.0
3134,4.0
3135,4.0
3136,4.0
3137,2.0
3138,2.0
3139,2.0
3140,5.0
3141,5.0
3142,5.0
3143,10.0
3144,10.0
3145,10.0
3146,7.0
3147,7.0
3148,7.0
3149,3.0
3150,3.0
3151,3.0
3152,5.0
3153,5.0
3154,5.0
3155,3.0
3156,3.0
3157,3.0
3158,6.0
3159,6.0
3160,6.0
3161,6.0
3162,6.0
3163,4.0
3164,4.0
3165,4.0
3166,6.0
3167,6.0
3168,6.0
3169,5.0
3170,5.0
3171,5.0
3172,5.0
3173,4.0
3174,4.0
3175,4.0
3176,7.0
3177,7.0
3178,7.0
3179,9.0
3180,9.0
3181,9.0
3182,10.0
3183,10.0
3184,10.0
3185,5.0
3186,5.0
3187,5.0
3188,5.0
3189,5.0
3190,5.0
3191,10.0
3192,10.0
3193,10.0
3194,
