0,1
1,9
2,11
3,1
4,11
5,13
6,61
7,11
8,489
9,118
10,11
11,17
12,1
13,5
14,1
15,21
16,11
17,90
18,1
19,11
20,99
21,3
22,38
23,
24,7
25,11
26,90
27,
28,11
29,11
30,9
31,26
32,3
33,12
34,
35,11
36,6
37,
38,1
39,
40,11
41,8
42,8
43,11
44,90
45,2
46,
47,29
48,10
49,
50,2
51,5
52,29
53,489
54,10
55,29
56,2
57,4
58,29
59,17
60,125
61,29
62,489
63,
64,29
65,15
66,489
67,149
68,
69,5
70,2
71,29
72,91
73,47
74,29
75,10
76,18
77,14
78,10
79,
80,2
81,10
82,15
83,4
84,13
85,13
86,10
87,8
88,1
89,10
90,2
91,
92,
93,15
94,2
95,2
96,3
97,8
98,10
99,5
100,14
101,
102,5
103,118
104,91
105,5
106,4
107,1
108,3
109,489
110,2
111,7
112,489
113,12
114,17
115,489
116,14
117,
118,489
119,
120,13
121,5
122,489
123,118
124,56
125,489
126,90
127,170
128,6
129,
130,489
131,57
132,16
133,11
134,16
135,489
136,21
137,1
138,
139,489
140,7
141,
142,489
143,153
144,31
145,489
146,78
147,10
148,1
149,489
150,43
151,36
152,489
153,17
154,2
155,489
156,8
157,
158,489
159,111
160,3
161,489
162,6
163,9
164,1
165,489
166,
167,
168,489
169,118
170,56
171,489
172,3
173,1
174,489
175,7
176,26
177,489
178,72
179,57
180,489
181,2
182,38
183,489
184,125
185,15
186,489
187,58
188,9
189,6
190,
191,489
192,118
193,42
194,489
195,15
196,11
197,489
198,18
199,9
200,489
201,5
202,2
203,1
204,1
205,2
206,8
207,118
208,
209,1
210,8
211,3
212,22
213,4
214,9
215,2
216,118
217,
218,
219,537
220,118
221,12
222,59
223,118
224,3
225,
226,118
227,2
228,
229,118
230,43
231,
232,
233,118
234,35
235,
236,118
237,6
238,
239,118
240,7
241,3
242,118
243,
244,4
245,47
246,118
247,9
248,22
249,
250,4
251,4
252,
253,170
254,3
255,
256,4
257,7
258,
259,1
260,6
261,
262,35
263,2
264,
265,
266,27
267,
268,9
269,7
270,
271,
272,35
273,4
274,
275,31
276,2
277,78
278,6
279,86
280,78
281,1
282,
283,78
284,3
285,43
286,78
287,20
288,4
289,
290,78
291,86
292,11
293,36
294,1
295,
296,10
297,78
298,11
299,3
300,78
301,43
302,9
303,9
304,78
305,11
306,30
307,78
308,149
309,1
310,78
311,11
312,1
313,2
314,7
315,1
316,10
317,78
318,1
319,27
320,78
321,43
322,30
323,36
324,1
325,
326,78
327,36
328,19
329,78
330,57
331,10
332,78
333,36
334,1
335,78
336,16
337,36
338,1
339,8
340,78
341,
342,20
343,78
344,16
345,36
346,8
347,78
348,16
349,36
350,78
351,43
352,36
353,78
354,4
355,11
356,30
357,4
358,3
359,78
360,43
361,36
362,78
363,11
364,8
365,78
366,11
367,2
368,78
369,11
370,
371,1
372,78
373,36
374,1
375,
376,78
377,43
378,36
379,
380,78
381,4
382,1
383,78
384,43
385,1
386,78
387,57
388,20
389,16
390,9
391,17
392,1
393,
394,
395,78
396,30
397,36
398,
399,78
400,43
401,10
402,4
403,
404,78
405,30
406,36
407,9
408,78
409,36
410,
411,78
412,36
413,9
414,4
415,3
416,78
417,43
418,11
419,10
420,78
421,56
422,2
423,78
424,11
425,
426,9
427,3
428,4
429,2
430,78
431,11
432,7
433,78
434,11
435,1
436,1
437,8
438,13
439,78
440,43
441,11
442,9
443,
444,78
445,11
446,5
447,78
448,11
449,16
450,8
451,78
452,43
453,30
454,2
455,78
456,16
457,
458,78
459,16
460,30
461,27
462,2
463,4
464,78
465,16
466,36
467,78
468,56
469,4
470,11
471,16
472,2
473,2
474,78
475,43
476,36
477,20
478,78
479,56
480,30
481,1
482,
483,6
484,69
485,78
486,15
487,43
488,11
489,78
490,11
491,30
492,36
493,78
494,11
495,16
496,8
497,1
498,78
499,43
500,16
501,36
502,4
503,35
504,22
505,78
506,10
507,47
508,78
509,43
510,1
511,78
512,11
513,2
514,
515,3
516,3
517,78
518,56
519,4
520,11
521,2
522,1
523,3
524,78
525,10
526,35
527,9
528,78
529,30
530,36
531,4
532,
533,
534,
535,1
536,78
537,43
538,36
539,19
540,78
541,11
542,10
543,5
544,8
545,5
546,2
547,2
548,78
549,36
550,1
551,78
552,3
553,43
554,78
555,43
556,16
557,36
558,78
559,
560,5
561,5
562,78
563,3
564,36
565,10
566,1
567,2
568,78
569,7
570,1
571,78
572,43
573,11
574,36
575,
576,78
577,90
578,19
579,11
580,78
581,11
582,35
583,78
584,2
585,3
586,9
587,78
588,10
589,
590,3
591,78
592,16
593,69
594,78
595,11
596,2
597,1
598,1
599,1
600,78
601,11
602,5
603,78
604,11
605,1
606,2
607,1
608,78
609,16
610,19
611,
612,78
613,15
614,
615,3
616,78
617,28
618,11
619,78
620,
621,4
622,
623,6
624,4
625,23
626,86
627,
628,
629,86
630,
631,21
632,86
633,58
634,7
635,50
636,2
637,86
638,2
639,2
640,86
641,19
642,1
643,86
644,2
645,17
646,16
647,86
648,68
649,1
650,86
651,2
652,2
653,86
654,16
655,26
656,86
657,15
658,41
659,537
660,18
661,
662,537
663,149
664,18
665,17
666,537
667,19
668,22
669,537
670,57
671,
672,537
673,13
674,111
675,537
676,35
677,35
678,537
679,8
680,2
681,3
682,537
683,6
684,3
685,537
686,8
687,2
688,537
689,11
690,10
691,
692,
693,537
694,47
695,1
696,537
697,23
698,2
699,537
700,5
701,3
702,537
703,3
704,
705,91
706,91
707,
708,91
709,15
710,1
711,91
712,47
713,9
714,91
715,10
716,
717,5
718,
719,
720,11
721,11
722,7
723,5
724,11
725,22
726,11
727,13
728,8
729,11
730,27
731,1
732,
733,18
734,16
735,18
736,32
737,
738,18
739,2
740,2
741,10
742,18
743,6
744,
745,18
746,14
747,8
748,18
749,43
750,
751,4
752,7
753,18
754,22
755,2
756,18
757,170
758,7
759,18
760,5
761,15
762,18
763,43
764,5
765,18
766,43
767,1
768,18
769,43
770,8
771,15
772,18
773,1
774,43
775,18
776,10
777,
778,18
779,57
780,
781,3
782,6
783,9
784,9
785,6
786,4
787,8
788,13
789,16
790,8
791,58
792,14
793,3
794,8
795,45
796,26
797,76
798,8
799,20
800,14
801,13
802,7
803,
804,13
805,8
806,
807,13
808,4
809,
810,13
811,27
812,
813,1
814,13
815,6
816,
817,
818,7
819,13
820,9
821,
822,16
823,58
824,11
825,16
826,90
827,15
828,12
829,16
830,90
831,11
832,16
833,12
834,90
835,16
836,90
837,22
838,16
839,23
840,1
841,16
842,90
843,50
844,13
845,3
846,12
847,
848,61
849,3
850,7
851,61
852,4
853,
854,61
855,2
856,26
857,61
858,20
859,1
860,61
861,257
862,4
863,61
864,6
865,
866,61
867,10
868,58
869,35
870,18
871,6
872,7
873,18
874,11
875,5
876,6
877,3
878,2
879,32
880,88
881,22
882,40
883,12
884,125
885,1
886,12
887,56
888,19
889,59
890,90
891,4
892,3
893,90
894,6
895,3
896,99
897,14
898,3
899,20
900,2
901,
902,90
903,170
904,
905,90
906,43
907,
908,90
909,7
910,
911,90
912,3
913,32
914,90
915,21
916,8
917,90
918,44
919,1
920,90
921,11
922,
923,90
924,2
925,5
926,90
927,9
928,9
929,90
930,38
931,3
932,90
933,1
934,4
935,90
936,2
937,4
938,90
939,14
940,2
941,90
942,
943,
944,90
945,28
946,31
947,90
948,
949,1
950,90
951,22
952,2
953,90
954,43
955,14
956,8
957,6
958,57
959,34
960,8
961,2
962,31
963,2
964,8
965,8
966,31
967,13
968,2
969,8
970,99
971,17
972,28
973,
974,
975,28
976,6
977,1
978,28
979,12
980,1
981,1
982,4
983,47
984,1
985,1
986,4
987,34
988,8
989,47
990,1
991,1
992,47
993,12
994,2
995,47
996,6
997,
998,47
999,33
1000,
1001,47
1002,
1003,
1004,47
1005,50
1006,3
1007,1
1008,6
1009,
1010,195
1011,195
1012,297
1013,8
1014,10
1015,
1016,170
1017,170
1018,16
1019,22
1020,2
1021,170
1022,4
1023,95
1024,41
1025,34
1026,170
1027,12
1028,
1029,170
1030,4
1031,4
1032,
1033,170
1034,2
1035,
1036,170
1037,34
1038,35
1039,4
1040,31
1041,170
1042,56
1043,30
1044,9
1045,10
1046,8
1047,
1048,1
1049,4
1050,170
1051,
1052,2
1053,13
1054,170
1055,9
1056,41
1057,170
1058,4
1059,1
1060,170
1061,14
1062,
1063,170
1064,12
1065,14
1066,170
1067,1
1068,1
1069,16
1070,170
1071,297
1072,9
1073,170
1074,3
1075,
1076,170
1077,12
1078,1
1079,11
1080,58
1081,3
1082,21
1083,58
1084,8
1085,1
1086,58
1087,62
1088,31
1089,11
1090,20
1091,41
1092,3
1093,9
1094,11
1095,95
1096,21
1097,56
1098,34
1099,9
1100,56
1101,11
1102,4
1103,56
1104,15
1105,20
1106,56
1107,20
1108,68
1109,
1110,56
1111,111
1112,16
1113,1
1114,
1115,56
1116,15
1117,2
1118,56
1119,57
1120,35
1121,56
1122,19
1123,10
1124,1
1125,56
1126,257
1127,1
1128,1
1129,
1130,2
1131,
1132,2
1133,72
1134,16
1135,19
1136,72
1137,15
1138,29
1139,72
1140,312
1141,1
1142,72
1143,148
1144,22
1145,72
1146,7
1147,4
1148,72
1149,30
1150,3
1151,3
1152,38
1153,
1154,72
1155,3
1156,2
1157,72
1158,111
1159,6
1160,1
1161,72
1162,4
1163,7
1164,4
1165,3
1166,72
1167,12
1168,8
1169,
1170,72
1171,69
1172,3
1173,72
1174,257
1175,4
1176,19
1177,43
1178,9
1179,8
1180,99
1181,148
1182,
1183,20
1184,8
1185,35
1186,43
1187,2
1188,8
1189,1
1190,
1191,1
1192,8
1193,148
1194,35
1195,22
1196,1
1197,99
1198,6
1199,5
1200,99
1201,35
1202,
1203,7
1204,99
1205,
1206,
1207,148
1208,2
1209,14
1210,3
1211,148
1212,6
1213,40
1214,
1215,148
1216,1
1217,
1218,148
1219,20
1220,24
1221,4
1222,16
1223,1
1224,
1225,10
1226,2
1227,148
1228,2
1229,10
1230,148
1231,34
1232,9
1233,4
1234,148
1235,8
1236,111
1237,
1238,17
1239,2
1240,
1241,17
1242,46
1243,3
1244,125
1245,34
1246,2
1247,125
1248,30
1249,
1250,2
1251,125
1252,9
1253,9
1254,
1255,1
1256,125
1257,1
1258,12
1259,125
1260,25
1261,2
1262,125
1263,27
1264,22
1265,125
1266,6
1267,3
1268,125
1269,90
1270,22
1271,1
1272,125
1273,57
1274,7
1275,125
1276,16
1277,1
1278,125
1279,31
1280,1
1281,125
1282,35
1283,1
1284,125
1285,12
1286,46
1287,125
1288,
1289,1
1290,125
1291,125
1292,3
1293,125
1294,36
1295,12
1296,11
1297,
1298,1
1299,125
1300,43
1301,30
1302,5
1303,125
1304,11
1305,12
1306,21
1307,7
1308,10
1309,7
1310,3
1311,
1312,7
1313,11
1314,
1315,2
1316,7
1317,12
1318,
1319,7
1320,297
1321,
1322,7
1323,46
1324,7
1325,32
1326,4
1327,
1328,1
1329,3
1330,2
1331,8
1332,3
1333,186
1334,8
1335,8
1336,13
1337,46
1338,3
1339,186
1340,1
1341,5
1342,57
1343,9
1344,15
1345,57
1346,95
1347,8
1348,18
1349,
1350,57
1351,20
1352,2
1353,57
1354,11
1355,16
1356,
1357,1
1358,57
1359,90
1360,4
1361,57
1362,34
1363,8
1364,57
1365,
1366,2
1367,15
1368,36
1369,11
1370,8
1371,3
1372,20
1373,97
1374,20
1375,
1376,3
1377,20
1378,2
1379,30
1380,29
1381,35
1382,19
1383,5
1384,29
1385,1
1386,74
1387,29
1388,19
1389,4
1390,29
1391,36
1392,5
1393,20
1394,4
1395,18
1396,18
1397,1
1398,6
1399,56
1400,
1401,37
1402,56
1403,149
1404,4
1405,56
1406,
1407,
1408,37
1409,5
1410,
1411,37
1412,297
1413,20
1414,8
1415,
1416,11
1417,11
1418,5
1419,19
1420,
1421,16
1422,149
1423,2
1424,16
1425,23
1426,2
1427,16
1428,3
1429,
1430,149
1431,21
1432,24
1433,149
1434,21
1435,25
1436,149
1437,16
1438,1
1439,149
1440,195
1441,9
1442,149
1443,6
1444,
1445,
1446,149
1447,14
1448,16
1449,
1450,149
1451,15
1452,3
1453,149
1454,25
1455,62
1456,149
1457,21
1458,
1459,149
1460,7
1461,
1462,8
1463,1
1464,7
1465,149
1466,62
1467,9
1468,6
1469,7
1470,149
1471,2
1472,6
1473,4
1474,11
1475,
1476,153
1477,12
1478,2
1479,153
1480,40
1481,10
1482,1
1483,153
1484,23
1485,7
1486,153
1487,
1488,6
1489,153
1490,7
1491,7
1492,153
1493,
1494,4
1495,
1496,11
1497,30
1498,22
1499,16
1500,3
1501,8
1502,
1503,4
1504,21
1505,4
1506,1
1507,
1508,
1509,21
1510,1
1511,5
1512,7
1513,
1514,
1515,7
1516,20
1517,1
1518,2
1519,14
1520,50
1521,
1522,
1523,2
1524,7
1525,
1526,
1527,17
1528,1
1529,17
1530,43
1531,10
1532,2
1533,1
1534,2
1535,28
1536,
1537,36
1538,312
1539,
1540,1
1541,27
1542,
1543,5
1544,
1545,15
1546,6
1547,
1548,5
1549,5
1550,
1551,
1552,
1553,8
1554,32
1555,36
1556,11
1557,10
1558,36
1559,27
1560,
1561,9
1562,36
1563,4
1564,15
1565,2
1566,312
1567,19
1568,68
1569,312
1570,69
1571,13
1572,
1573,312
1574,8
1575,15
1576,1
1577,312
1578,4
1579,
1580,
1581,27
1582,8
1583,2
1584,27
1585,4
1586,
1587,27
1588,1
1589,5
1590,27
1591,44
1592,
1593,1
1594,62
1595,27
1596,11
1597,46
1598,3
1599,27
1600,12
1601,18
1602,15
1603,2
1604,5
1605,4
1606,15
1607,13
1608,
1609,15
1610,35
1611,10
1612,3
1613,30
1614,36
1615,10
1616,9
1617,2
1618,2
1619,1
1620,
1621,
1622,
1623,
1624,3
1625,
1626,
1627,43
1628,4
1629,6
1630,43
1631,6
1632,9
1633,43
1634,
1635,9
1636,5
1637,43
1638,43
1639,4
1640,
1641,2
1642,1
1643,43
1644,30
1645,8
1646,43
1647,5
1648,1
1649,43
1650,
1651,5
1652,43
1653,8
1654,
1655,43
1656,36
1657,
1658,43
1659,10
1660,3
1661,43
1662,11
1663,1
1664,1
1665,43
1666,11
1667,8
1668,
1669,43
1670,2
1671,8
1672,2
1673,43
1674,36
1675,5
1676,
1677,43
1678,1
1679,9
1680,43
1681,36
1682,8
1683,10
1684,43
1685,7
1686,5
1687,43
1688,36
1689,17
1690,43
1691,16
1692,111
1693,43
1694,11
1695,16
1696,1
1697,43
1698,10
1699,2
1700,43
1701,30
1702,3
1703,
1704,3
1705,43
1706,8
1707,2
1708,
1709,1
1710,
1711,43
1712,2
1713,
1714,43
1715,36
1716,1
1717,7
1718,1
1719,20
1720,6
1721,1
1722,4
1723,2
1724,2
1725,2
1726,57
1727,12
1728,1
1729,8
1730,57
1731,13
1732,9
1733,57
1734,4
1735,1
1736,11
1737,34
1738,11
1739,11
1740,4
1741,1
1742,11
1743,7
1744,6
1745,10
1746,39
1747,11
1748,9
1749,16
1750,8
1751,11
1752,36
1753,10
1754,9
1755,11
1756,36
1757,9
1758,11
1759,6
1760,1
1761,11
1762,2
1763,
1764,
1765,11
1766,16
1767,1
1768,11
1769,10
1770,
1771,
1772,11
1773,
1774,
1775,11
1776,30
1777,8
1778,1
1779,3
1780,
1781,2
1782,
1783,11
1784,2
1785,8
1786,11
1787,9
1788,1
1789,8
1790,1
1791,1
1792,
1793,11
1794,30
1795,3
1796,
1797,11
1798,10
1799,8
1800,1
1801,
1802,11
1803,8
1804,5
1805,1
1806,11
1807,8
1808,
1809,
1810,11
1811,6
1812,8
1813,
1814,2
1815,11
1816,8
1817,1
1818,11
1819,36
1820,3
1821,11
1822,2
1823,
1824,1
1825,11
1826,30
1827,8
1828,5
1829,4
1830,11
1831,30
1832,3
1833,
1834,
1835,1
1836,
1837,11
1838,16
1839,5
1840,2
1841,
1842,
1843,11
1844,1
1845,5
1846,11
1847,8
1848,
1849,2
1850,1
1851,11
1852,8
1853,5
1854,
1855,
1856,11
1857,36
1858,
1859,16
1860,12
1861,3
1862,16
1863,36
1864,1
1865,
1866,16
1867,1
1868,
1869,16
1870,30
1871,
1872,
1873,16
1874,7
1875,5
1876,16
1877,
1878,
1879,30
1880,36
1881,1
1882,17
1883,30
1884,111
1885,6
1886,30
1887,1
1888,5
1889,30
1890,10
1891,6
1892,
1893,
1894,30
1895,
1896,8
1897,30
1898,1
1899,
1900,30
1901,1
1902,16
1903,2
1904,30
1905,6
1906,5
1907,2
1908,
1909,30
1910,
1911,
1912,30
1913,9
1914,
1915,30
1916,2
1917,41
1918,3
1919,41
1920,
1921,36
1922,2
1923,5
1924,36
1925,10
1926,
1927,
1928,36
1929,2
1930,
1931,36
1932,1
1933,2
1934,36
1935,16
1936,1
1937,36
1938,5
1939,2
1940,36
1941,10
1942,
1943,36
1944,1
1945,
1946,36
1947,9
1948,1
1949,36
1950,
1951,
1952,36
1953,2
1954,13
1955,36
1956,9
1957,
1958,1
1959,2
1960,
1961,16
1962,4
1963,8
1964,16
1965,25
1966,15
1967,19
1968,16
1969,7
1970,19
1971,4
1972,19
1973,2
1974,1
1975,10
1976,3
1977,
1978,10
1979,
1980,
1981,
1982,1
1983,
1984,10
1985,16
1986,1
1987,6
1988,2
1989,2
1990,1
1991,
1992,
1993,2
1994,
1995,10
1996,
1997,1
1998,3
1999,10
2000,21
2001,34
2002,4
2003,7
2004,
2005,95
2006,
2007,2
2008,41
2009,
2010,3
2011,41
2012,35
2013,12
2014,41
2015,
2016,
2017,1
2018,41
2019,6
2020,1
2021,41
2022,257
2023,44
2024,2
2025,
2026,4
2027,
2028,3
2029,
2030,3
2031,
2032,4
2033,
2034,
2035,1
2036,
2037,
2038,
2039,14
2040,22
2041,27
2042,38
2043,22
2044,22
2045,35
2046,24
2047,22
2048,35
2049,
2050,
2051,3
2052,2
2053,88
2054,1
2055,9
2056,88
2057,3
2058,25
2059,21
2060,88
2061,35
2062,5
2063,24
2064,88
2065,45
2066,
2067,88
2068,19
2069,
2070,
2071,6
2072,20
2073,
2074,8
2075,2
2076,2
2077,5
2078,17
2079,
2080,1
2081,5
2082,
2083,23
2084,5
2085,33
2086,
2087,23
2088,3
2089,
2090,5
2091,
2092,2
2093,
2094,34
2095,6
2096,6
2097,34
2098,1
2099,16
2100,11
2101,5
2102,12
2103,4
2104,1
2105,8
2106,
2107,1
2108,
2109,9
2110,2
2111,1
2112,10
2113,
2114,35
2115,12
2116,4
2117,9
2118,35
2119,
2120,30
2121,12
2122,3
2123,7
2124,3
2125,
2126,4
2127,9
2128,16
2129,8
2130,9
2131,11
2132,22
2133,9
2134,5
2135,
2136,9
2137,4
2138,
2139,4
2140,5
2141,8
2142,5
2143,90
2144,4
2145,7
2146,7
2147,3
2148,39
2149,6
2150,1
2151,39
2152,1
2153,
2154,15
2155,
2156,
2157,11
2158,
2159,1
2160,
2161,
2162,1
2163,6
2164,5
2165,
2166,8
2167,12
2168,12
2169,14
2170,4
2171,2
2172,9
2173,4
2174,4
2175,
2176,3
2177,2
2178,3
2179,
2180,1
2181,2
2182,
2183,1
2184,9
2185,25
2186,14
2187,16
2188,
2189,2
2190,16
2191,3
2192,
2193,4
2194,16
2195,16
2196,2
2197,16
2198,
2199,
2200,16
2201,1
2202,4
2203,8
2204,2
2205,
2206,3
2207,8
2208,9
2209,47
2210,7
2211,8
2212,2
2213,6
2214,10
2215,36
2216,35
2217,10
2218,1
2219,
2220,2
2221,
2222,10
2223,2
2224,42
2225,7
2226,11
2227,
2228,5
2229,7
2230,43
2231,1
2232,7
2233,1
2234,28
2235,1
2236,21
2237,3
2238,21
2239,35
2240,2
2241,21
2242,6
2243,
2244,21
2245,20
2246,13
2247,43
2248,34
2249,14
2250,8
2251,34
2252,7
2253,21
2254,2
2255,2
2256,4
2257,
2258,2
2259,2
2260,1
2261,27
2262,43
2263,3
2264,27
2265,31
2266,69
2267,3
2268,27
2269,13
2270,3
2271,24
2272,4
2273,
2274,24
2275,3
2276,4
2277,24
2278,
2279,
2280,
2281,
2282,14
2283,3
2284,12
2285,
2286,3
2287,4
2288,
2289,1
2290,24
2291,
2292,
2293,5
2294,1
2295,3
2296,5
2297,5
2298,
2299,
2300,5
2301,8
2302,1
2303,5
2304,3
2305,
2306,1
2307,1
2308,2
2309,1
2310,
2311,
2312,2
2313,2
2314,1
2315,
2316,45
2317,6
2318,
2319,45
2320,1
2321,13
2322,45
2323,1
2324,14
2325,2
2326,4
2327,5
2328,13
2329,14
2330,1
2331,88
2332,88
2333,
2334,
2335,2
2336,62
2337,
2338,34
2339,40
2340,11
2341,1
2342,7
2343,3
2344,21
2345,7
2346,2
2347,18
2348,7
2349,3
2350,
2351,7
2352,43
2353,7
2354,8
2355,7
2356,2
2357,1
2358,1
2359,11
2360,257
2361,11
2362,257
2363,2
2364,257
2365,8
2366,3
2367,257
2368,
2369,3
2370,257
2371,25
2372,5
2373,6
2374,257
2375,33
2376,2
2377,257
2378,14
2379,13
2380,257
2381,1
2382,3
2383,257
2384,
2385,2
2386,
2387,6
2388,1
2389,
2390,
2391,3
2392,
2393,2
2394,2
2395,
2396,
2397,1
2398,4
2399,
2400,10
2401,
2402,111
2403,13
2404,6
2405,111
2406,2
2407,2
2408,
2409,4
2410,8
2411,111
2412,20
2413,2
2414,111
2415,43
2416,
2417,25
2418,20
2419,1
2420,5
2421,25
2422,
2423,
2424,10
2425,25
2426,8
2427,33
2428,3
2429,1
2430,
2431,
2432,25
2433,20
2434,74
2435,1
2436,8
2437,3
2438,35
2439,8
2440,3
2441,2
2442,
2443,8
2444,36
2445,35
2446,19
2447,8
2448,5
2449,3
2450,
2451,1
2452,8
2453,1
2454,14
2455,12
2456,13
2457,1
2458,43
2459,9
2460,17
2461,43
2462,3
2463,
2464,
2465,43
2466,47
2467,21
2468,43
2469,4
2470,10
2471,43
2472,18
2473,1
2474,
2475,4
2476,
2477,2
2478,1
2479,
2480,1
2481,12
2482,5
2483,1
2484,
2485,
2486,19
2487,2
2488,
2489,
2490,
2491,297
2492,46
2493,
2494,4
2495,
2496,5
2497,40
2498,24
2499,24
2500,4
2501,10
2502,43
2503,
2504,
2505,4
2506,2
2507,3
2508,6
2509,8
2510,24
2511,
2512,32
2513,13
2514,35
2515,26
2516,7
2517,3
2518,
2519,1
2520,
2521,3
2522,1
2523,1
2524,35
2525,11
2526,7
2527,10
2528,4
2529,69
2530,3
2531,14
2532,9
2533,15
2534,
2535,24
2536,2
2537,1
2538,8
2539,5
2540,22
2541,44
2542,8
2543,44
2544,
2545,1
2546,8
2547,20
2548,20
2549,
2550,43
2551,20
2552,9
2553,9
2554,1
2555,
2556,
2557,5
2558,1
2559,12
2560,5
2561,
2562,1
2563,5
2564,33
2565,
2566,2
2567,5
2568,33
2569,
2570,5
2571,1
2572,
2573,11
2574,16
2575,26
2576,
2577,10
2578,
2579,26
2580,19
2581,19
2582,16
2583,4
2584,5
2585,1
2586,
2587,5
2588,5
2589,62
2590,4
2591,5
2592,
2593,2
2594,7
2595,2
2596,
2597,13
2598,
2599,25
2600,
2601,1
2602,
2603,3
2604,
2605,38
2606,38
2607,9
2608,1
2609,38
2610,47
2611,11
2612,5
2613,2
2614,
2615,3
2616,3
2617,
2618,10
2619,2
2620,7
2621,1
2622,4
2623,64
2624,9
2625,4
2626,1
2627,1
2628,4
2629,6
2630,10
2631,
2632,7
2633,
2634,13
2635,7
2636,10
2637,
2638,1
2639,7
2640,5
2641,4
2642,43
2643,7
2644,11
2645,
2646,7
2647,38
2648,10
2649,7
2650,11
2651,
2652,
2653,13
2654,8
2655,1
2656,1
2657,
2658,20
2659,
2660,
2661,3
2662,3
2663,26
2664,40
2665,1
2666,10
2667,11
2668,1
2669,10
2670,43
2671,7
2672,
2673,10
2674,43
2675,
2676,5
2677,62
2678,2
2679,5
2680,
2681,3
2682,5
2683,43
2684,1
2685,1
2686,5
2687,90
2688,4
2689,5
2690,43
2691,22
2692,10
2693,5
2694,4
2695,43
2696,22
2697,10
2698,43
2699,22
2700,4
2701,43
2702,12
2703,44
2704,43
2705,9
2706,1
2707,1
2708,43
2709,3
2710,
2711,43
2712,4
2713,
2714,
2715,43
2716,3
2717,26
2718,2
2719,
2720,21
2721,8
2722,1
2723,69
2724,16
2725,17
2726,1
2727,
2728,17
2729,30
2730,
2731,17
2732,145
2733,3
2734,4
2735,8
2736,3
2737,23
2738,44
2739,1
2740,3
2741,5
2742,24
2743,6
2744,9
2745,1
2746,2
2747,4
2748,1
2749,15
2750,2
2751,
2752,1
2753,69
2754,4
2755,1
2756,69
2757,1
2758,2
2759,69
2760,8
2761,2
2762,41
2763,6
2764,13
2765,6
2766,20
2767,
2768,6
2769,20
2770,3
2771,
2772,6
2773,20
2774,1
2775,3
2776,2
2777,
2778,6
2779,6
2780,
2781,13
2782,3
2783,26
2784,
2785,27
2786,13
2787,19
2788,31
2789,3
2790,
2791,
2792,8
2793,
2794,2
2795,
2796,
2797,20
2798,2
2799,
2800,3
2801,2
2802,2
2803,11
2804,12
2805,3
2806,
2807,
2808,5
2809,11
2810,2
2811,
2812,35
2813,12
2814,2
2815,35
2816,
2817,
2818,35
2819,2
2820,9
2821,5
2822,2
2823,
2824,5
2825,26
2826,3
2827,24
2828,20
2829,33
2830,3
2831,7
2832,5
2833,5
2834,26
2835,1
2836,
2837,
2838,15
2839,
2840,
2841,26
2842,13
2843,7
2844,26
2845,3
2846,12
2847,1
2848,15
2849,
2850,3
2851,1
2852,15
2853,2
2854,15
2855,3
2856,1
2857,15
2858,4
2859,1
2860,20
2861,23
2862,10
2863,20
2864,33
2865,1
2866,
2867,14
2868,20
2869,
2870,1
2871,
2872,20
2873,
2874,
2875,20
2876,3
2877,1
2878,20
2879,1
2880,
2881,3
2882,20
2883,3
2884,6
2885,20
2886,3
2887,1
2888,20
2889,4
2890,1
2891,20
2892,6
2893,1
2894,20
2895,
2896,3
2897,20
2898,20
2899,
2900,20
2901,1
2902,5
2903,20
2904,17
2905,3
2906,20
2907,62
2908,4
2909,23
2910,
2911,2
2912,1
2913,5
2914,16
2915,13
2916,11
2917,35
2918,1
2919,
2920,7
2921,1
2922,5
2923,
2924,1
2925,23
2926,6
2927,2
2928,16
2929,7
2930,16
2931,23
2932,5
2933,9
2934,9
2935,
2936,9
2937,3
2938,
2939,1
2940,
2941,
2942,4
2943,1
2944,
2945,1
2946,
2947,
2948,
2949,
2950,71
2951,29
2952,46
2953,10
2954,1
2955,46
2956,64
2957,11
2958,3
2959,57
2960,3
2961,
2962,19
2963,5
2964,1
2965,7
2966,1
2967,62
2968,8
2969,4
2970,7
2971,
2972,1
2973,
2974,
2975,4
2976,90
2977,2
2978,22
2979,19
2980,4
2981,2
2982,31
2983,2
2984,10
2985,4
2986,21
2987,5
2988,3
2989,3
2990,5
2991,7
2992,17
2993,2
2994,2
2995,
2996,
2997,1
2998,17
2999,13
3000,1
3001,35
3002,19
3003,3
3004,
3005,2
3006,11
3007,2
3008,8
3009,
3010,
3011,2
3012,4
3013,
3014,11
3015,
3016,5
3017,1
3018,2
3019,2
3020,3
3021,1
3022,2
3023,6
3024,2
3025,7
3026,
3027,3
3028,
3029,1
3030,
3031,8
3032,
3033,3
3034,
3035,3
3036,
3037,26
3038,4
3039,21
3040,33
3041,
3042,4
3043,2
3044,13
3045,
3046,1
3047,57
3048,2
3049,57
3050,31
3051,9
3052,9
3053,12
3054,
3055,16
3056,
3057,
3058,16
3059,
3060,10
3061,16
3062,
3063,
3064,8
3065,
3066,
3067,6
3068,
3069,12
3070,3
3071,6
3072,3
3073,1
3074,
3075,1
3076,14
3077,
3078,
3079,1
3080,
3081,24
3082,1
3083,6
3084,5
3085,14
3086,1
3087,30
3088,
3089,4
3090,26
3091,13
3092,23
3093,4
3094,9
3095,23
3096,2
3097,3
3098,3
3099,
3100,
3101,1
3102,3
3103,16
3104,1
3105,50
3106,2
3107,
3108,4
3109,74
3110,7
3111,8
3112,5
3113,16
3114,
3115,6
3116,1
3117,8
3118,
3119,
3120,16
3121,2
3122,
3123,
3124,7
3125,
3126,
3127,
3128,
3129,2
3130,
3131,
3132,2
3133,53
3134,53
3135,2
3136,
3137,
3138,2
3139,
3140,30
3141,3
3142,18
3143,18
3144,13
3145,
3146,1
3147,15
3148,
3149,4
3150,
3151,12
3152,
3153,8
3154,3
3155,
3156,4
3157,4
3158,
3159,10
3160,1
3161,
3162,
3163,5
3164,
3165,1
3166,16
3167,7
3168,
3169,16
3170,
3171,
3172,1
3173,16
3174,10
3175,3
3176,2
3177,8
3178,
3179,1
3180,2
3181,1
3182,
3183,2
3184,28
3185,
3186,5
3187,
3188,1
3189,9
3190,
3191,27
3192,
3193,2
3194,
