0,132
1,293
2,111
3,224
4,112
5,67
6,223
7,164
8,254
9,137
10,222
11,231
12,205
13,236
14,49
15,229
16,7
17,230
18,185
19,56
20,132
21,262
22,210
23,198
24,251
25,155
26,156
27,35
28,188
29,84
30,82
31,203
32,98
33,175
34,46
35,18
36,36
37,146
38,335
39,162
40,25
41,90
42,244
43,140
44,267
45,35
46,18
47,109
48,116
49,69
50,155
51,195
52,213
53,178
54,65
55,88
56,99
57,61
58,238
59,166
60,170
61,76
62,69
63,281
64,289
65,52
66,72
67,107
68,227
69,43
70,191
71,255
72,231
73,20
74,72
75,167
76,87
77,103
78,108
79,198
80,179
81,152
82,124
83,260
84,64
85,302
86,170
87,210
88,119
89,194
90,268
91,61
92,156
93,56
94,46
95,217
96,55
97,70
98,139
99,222
100,171
101,131
102,64
103,50
104,262
105,218
106,289
107,230
108,202
109,105
110,67
111,95
112,234
113,144
114,170
115,99
116,312
117,271
118,136
119,103
120,121
121,241
122,142
123,273
124,95
125,237
126,116
127,197
128,173
129,69
130,150
131,272
132,90
133,65
134,153
135,266
136,89
137,217
138,62
139,205
140,125
141,135
142,190
143,178
144,28
145,44
146,124
147,269
148,63
149,310
150,41
151,215
152,237
153,98
154,229
155,26
156,64
157,200
158,137
159,141
160,248
161,91
162,88
163,96
164,293
165,231
166,199
167,206
168,124
169,267
170,56
171,250
172,87
173,273
174,79
175,270
176,182
177,243
178,544
179,256
180,210
181,243
182,241
183,81
184,280
185,241
186,253
187,218
188,168
189,145
190,243
191,104
192,99
193,35
194,268
195,210
196,657
197,17
198,64
199,106
200,64
201,164
202,28
203,116
204,168
205,52
206,92
207,239
208,135
209,87
210,111
211,252
212,130
213,146
214,238
215,222
216,117
217,227
218,81
219,158
220,139
221,175
222,200
223,234
224,122
225,204
226,16
227,76
228,172
229,114
230,83
231,90
232,206
233,108
234,62
235,90
236,237
237,181
238,107
239,84
240,159
241,73
242,222
243,143
244,34
245,209
246,183
247,10
248,197
249,181
250,197
251,157
252,104
253,142
254,124
255,134
256,89
257,182
258,114
259,57
260,200
261,58
262,288
263,223
264,128
265,170
266,38
267,217
268,81
269,74
270,199
271,204
272,176
273,38
274,82
275,272
276,56
277,229
278,42
279,139
280,25
281,260
282,355
283,234
284,145
285,139
286,58
287,148
288,311
289,165
290,161
291,257
292,53
293,228
294,86
295,120
296,170
297,138
298,241
299,147
300,159
301,100
302,147
303,124
304,104
305,96
306,199
307,210
308,45
309,122
310,140
311,81
312,115
313,218
314,253
315,52
316,173
317,201
318,137
319,215
320,137
321,163
322,177
323,104
324,64
325,50
326,153
327,229
328,69
329,70
330,100
331,204
332,72
333,181
334,138
335,152
336,102
337,106
338,67
339,183
340,234
341,233
342,77
343,178
344,100
345,91
346,156
347,239
348,223
349,74
350,29
351,80
352,103
353,35
354,37
355,280
356,178
357,144
358,157
359,55
360,34
361,158
362,163
363,86
364,152
365,197
366,136
367,116
368,162
369,140
370,53
371,51
372,91
373,79
374,214
375,39
376,204
377,78
378,158
379,82
380,263
381,250
382,262
383,70
384,134
385,60
386,480
387,224
388,301
389,256
390,136
391,75
392,59
393,8
394,205
395,118
396,75
397,226
398,170
399,33
400,211
401,214
402,211
403,273
404,177
405,81
406,83
407,111
408,246
409,206
410,43
411,80
412,58
413,177
414,137
415,41
416,70
417,102
418,88
419,194
420,128
421,126
422,163
423,65
424,92
425,102
426,69
427,235
428,146
429,182
430,240
431,55
432,196
433,72
434,77
435,143
436,35
437,44
438,202
439,119
440,206
441,111
442,250
443,189
444,121
445,606
446,109
447,78
448,190
449,219
450,34
451,242
452,114
453,241
454,167
455,236
456,179
457,29
458,229
459,270
460,66
461,125
462,19
463,204
464,35
465,235
466,54
467,252
468,237
469,245
470,85
471,87
472,124
473,177
474,268
475,110
476,253
477,173
478,156
479,237
480,80
481,148
482,236
483,134
484,63
485,139
486,232
487,280
488,244
489,89
490,91
491,133
492,228
493,284
494,252
495,63
496,150
497,63
498,241
499,109
500,242
501,143
502,272
503,296
504,63
505,208
506,108
507,325
508,223
509,75
510,116
511,225
512,250
513,236
514,135
515,101
516,30
517,268
518,36
519,107
520,105
521,232
522,21
523,188
524,105
525,42
526,180
527,30
528,168
529,269
530,92
531,107
532,212
533,248
534,103
535,206
536,103
537,66
538,251
539,190
540,88
541,86
542,72
543,45
544,248
545,241
546,239
547,220
548,24
549,149
550,222
551,91
552,155
553,118
554,130
555,128
556,111
557,172
558,176
559,226
560,70
561,170
562,83
563,176
564,68
565,296
566,260
567,154
568,78
569,80
570,204
571,126
572,272
573,80
574,150
575,255
576,75
577,207
578,270
579,104
580,121
581,254
582,69
583,175
584,201
585,188
586,213
587,132
588,242
589,196
590,219
591,137
592,250
593,40
594,189
595,188
596,60
597,236
598,272
599,170
600,120
601,284
602,201
603,34
604,177
605,264
606,257
607,39
608,72
609,47
610,7
611,104
612,181
613,282
614,93
615,58
616,157
617,252
618,238
619,74
620,72
621,140
622,82
623,196
624,223
625,125
626,75
627,27
628,202
629,230
630,218
631,119
632,136
633,109
634,117
635,158
636,269
637,163
638,28
639,266
640,159
641,142
642,85
643,117
644,249
645,19
646,214
647,92
648,164
649,226
650,192
651,261
652,63
653,233
654,141
655,65
656,158
657,143
658,242
659,85
660,116
661,267
662,169
663,87
664,222
665,135
666,81
667,39
668,105
669,85
670,168
671,171
672,92
673,82
674,214
675,211
676,272
677,118
678,46
679,55
680,98
681,232
682,71
683,79
684,104
685,167
686,133
687,269
688,189
689,248
690,265
691,285
692,257
693,73
694,45
695,123
696,187
697,294
698,246
699,108
700,210
701,110
702,170
703,130
704,218
705,134
706,37
707,60
708,325
709,77
710,64
711,235
712,57
713,128
714,78
715,116
716,76
717,164
718,55
719,95
720,111
721,254
722,110
723,202
724,204
725,173
726,148
727,87
728,117
729,304
730,244
731,185
732,199
733,73
734,277
735,271
736,267
737,70
738,152
739,243
740,96
741,80
742,158
743,150
744,88
745,199
746,275
747,181
748,44
749,260
750,198
751,37
752,49
753,100
754,95
755,63
756,204
757,73
758,241
759,263
760,148
761,164
762,156
763,97
764,123
765,62
766,206
767,63
768,256
769,49
770,269
771,82
772,59
773,151
774,129
775,294
776,182
777,224
778,38
779,79
780,124
781,229
782,87
783,266
784,109
785,211
786,183
787,41
788,225
789,144
790,250
791,137
792,131
793,110
794,64
795,202
796,154
797,201
798,226
799,88
800,174
801,135
802,39
803,70
804,160
805,118
806,114
807,174
808,189
809,245
810,251
811,120
812,126
813,146
814,183
815,84
816,100
817,110
818,284
819,183
820,209
821,60
822,128
823,247
824,272
825,183
826,46
827,187
828,77
829,128
830,234
831,282
832,128
833,100
834,101
835,171
836,168
837,234
838,132
839,118
840,55
841,360
842,242
843,89
844,51
845,95
846,111
847,94
848,59
849,220
850,181
851,76
852,56
853,123
854,244
855,99
856,222
857,91
858,93
859,37
860,62
861,239
862,278
863,96
864,114
865,169
866,238
867,129
868,269
869,172
870,74
871,48
872,142
873,65
874,127
875,228
876,221
877,67
878,185
879,82
880,72
881,237
882,117
883,266
884,167
885,124
886,17
887,55
888,42
889,264
890,174
891,297
892,60
893,193
894,180
895,217
896,265
897,288
898,173
899,224
900,225
901,145
902,66
903,157
904,20
905,83
906,166
907,134
908,47
909,111
910,65
911,208
912,176
913,122
914,264
915,272
916,101
917,250
918,119
919,219
920,201
921,108
922,228
923,34
924,34
925,239
926,88
927,176
928,40
929,241
930,181
931,147
932,38
933,64
934,224
935,89
936,274
937,22
938,241
939,123
940,167
941,283
942,24
943,161
944,156
945,137
946,56
947,181
948,218
949,240
950,150
951,269
952,269
953,275
954,102
955,266
956,133
957,223
958,209
959,188
960,240
961,52
962,230
963,168
964,128
965,265
966,141
967,94
968,191
969,124
970,155
971,110
972,214
973,67
974,235
975,225
976,119
977,123
978,59
979,69
980,140
981,35
982,198
983,228
984,226
985,306
986,244
987,140
988,112
989,126
990,190
991,238
992,42
993,136
994,243
995,254
996,73
997,141
998,103
999,203
1000,89
1001,71
1002,82
1003,109
1004,146
1005,289
1006,199
1007,147
1008,208
1009,99
1010,548
1011,36
1012,185
1013,83
1014,76
1015,226
1016,98
1017,103
1018,88
1019,206
1020,85
1021,68
1022,262
1023,41
1024,106
1025,78
1026,124
1027,196
1028,206
1029,233
1030,17
1031,88
1032,83
1033,59
1034,230
1035,279
1036,108
1037,159
1038,133
1039,272
1040,115
1041,147
1042,57
1043,197
1044,131
1045,264
1046,128
1047,144
1048,248
1049,237
1050,262
1051,1060
1052,47
1053,170
1054,78
1055,54
1056,203
1057,52
1058,90
1059,32
1060,161
1061,175
1062,205
1063,36
1064,215
1065,231
1066,167
1067,96
1068,269
1069,246
1070,75
1071,152
1072,210
1073,64
1074,298
1075,104
1076,139
1077,192
1078,71
1079,49
1080,300
1081,208
1082,179
1083,215
1084,182
1085,149
1086,32
1087,72
1088,198
1089,229
1090,133
1091,105
1092,190
1093,171
1094,284
1095,88
1096,191
1097,123
1098,71
1099,274
1100,247
1101,277
1102,117
1103,245
1104,206
1105,38
1106,238
1107,292
1108,286
1109,230
1110,238
1111,49
1112,156
1113,262
1114,107
1115,197
1116,77
1117,210
1118,192
1119,136
1120,123
1121,61
1122,195
1123,231
1124,138
1125,167
1126,56
1127,165
1128,203
1129,224
1130,63
1131,183
1132,183
1133,277
1134,36
1135,149
1136,104
1137,239
1138,114
1139,232
1140,231
1141,169
1142,35
1143,110
1144,117
1145,288
1146,242
1147,77
1148,37
1149,87
1150,202
1151,251
1152,239
1153,85
1154,256
1155,137
1156,86
1157,169
1158,38
1159,286
1160,235
1161,272
1162,31
1163,54
1164,62
1165,103
1166,143
1167,62
1168,197
1169,81
1170,285
1171,92
1172,268
1173,122
1174,39
1175,238
1176,195
1177,85
1178,165
1179,53
1180,36
1181,99
1182,230
1183,346
1184,279
1185,90
1186,233
1187,83
1188,103
1189,98
1190,127
1191,185
1192,232
1193,100
1194,277
1195,210
1196,251
1197,308
1198,26
1199,20
1200,219
1201,81
1202,166
1203,236
1204,60
1205,250
1206,38
1207,201
1208,242
1209,63
1210,133
1211,145
1212,221
1213,177
1214,248
1215,261
1216,117
1217,126
1218,604
1219,43
1220,147
1221,191
1222,79
1223,42
1224,113
1225,161
1226,241
1227,197
1228,130
1229,114
1230,221
1231,149
1232,38
1233,100
1234,257
1235,155
1236,6
1237,98
1238,190
1239,86
1240,106
1241,59
1242,207
1243,100
1244,187
1245,179
1246,245
1247,243
1248,152
1249,209
1250,182
1251,147
1252,192
1253,112
1254,56
1255,131
1256,288
1257,218
1258,63
1259,108
1260,249
1261,156
1262,130
1263,30
1264,34
1265,96
1266,245
1267,169
1268,252
1269,235
1270,106
1271,83
1272,183
1273,119
1274,229
1275,79
1276,123
1277,170
1278,65
1279,46
1280,246
1281,1324
1282,62
1283,68
1284,189
1285,92
1286,82
1287,87
1288,114
1289,286
1290,63
1291,32
1292,213
1293,78
1294,150
1295,102
1296,252
1297,171
1298,116
1299,50
1300,227
1301,99
1302,198
1303,26
1304,119
1305,283
1306,174
1307,77
1308,172
1309,42
1310,239
1311,101
1312,72
1313,56
1314,246
1315,194
1316,132
1317,156
1318,101
1319,261
1320,236
1321,78
1322,288
1323,61
1324,271
1325,79
1326,243
1327,526
1328,50
1329,98
1330,27
1331,202
1332,153
1333,55
1334,174
1335,123
1336,86
1337,83
1338,95
1339,120
1340,235
1341,78
1342,48
1343,266
1344,83
1345,94
1346,232
1347,183
1348,215
1349,267
1350,219
1351,230
1352,80
1353,66
1354,269
1355,234
1356,92
1357,146
1358,10
1359,273
1360,153
1361,74
1362,122
1363,90
1364,134
1365,54
1366,134
1367,27
1368,121
1369,186
1370,107
1371,237
1372,68
1373,122
1374,156
1375,71
1376,245
1377,115
1378,145
1379,197
1380,233
1381,179
1382,77
1383,152
1384,225
1385,17
1386,179
1387,143
1388,236
1389,60
1390,250
1391,43
1392,407
1393,92
1394,232
1395,156
1396,238
1397,207
1398,111
1399,75
1400,128
1401,83
1402,60
1403,128
1404,242
1405,141
1406,119
1407,251
1408,227
1409,220
1410,434
1411,122
1412,159
1413,85
1414,35
1415,100
1416,88
1417,173
1418,263
1419,78
1420,145
1421,152
1422,212
1423,208
1424,31
1425,226
1426,150
1427,233
1428,85
1429,244
1430,262
1431,210
1432,66
1433,277
1434,203
1435,115
1436,260
1437,72
1438,66
1439,147
1440,146
1441,171
1442,122
1443,221
1444,92
1445,61
1446,206
1447,97
1448,113
1449,81
1450,172
1451,238
1452,125
1453,122
1454,166
1455,183
1456,168
1457,111
1458,75
1459,272
1460,162
1461,172
1462,67
1463,298
1464,217
1465,116
1466,139
1467,92
1468,196
1469,241
1470,190
1471,225
1472,524
1473,86
1474,128
1475,272
1476,235
1477,233
1478,179
1479,112
1480,170
1481,210
1482,188
1483,603
1484,216
1485,243
1486,208
1487,98
1488,90
1489,19
1490,206
1491,254
1492,95
1493,171
1494,123
1495,123
1496,170
1497,273
1498,137
1499,24
1500,48
1501,179
1502,161
1503,217
1504,137
1505,166
1506,89
1507,241
1508,44
1509,259
1510,138
1511,86
1512,137
1513,290
1514,129
1515,162
1516,272
1517,161
1518,125
1519,111
1520,234
1521,269
1522,91
1523,216
1524,166
1525,66
1526,53
1527,280
1528,265
1529,93
1530,50
1531,31
1532,212
1533,211
1534,148
1535,146
1536,258
1537,145
1538,279
1539,93
1540,221
1541,116
1542,243
1543,120
1544,129
1545,26
1546,186
1547,100
1548,191
1549,272
1550,105
1551,206
1552,99
1553,27
1554,22
1555,261
1556,93
1557,72
1558,97
1559,150
1560,275
1561,149
1562,288
1563,235
1564,190
1565,105
1566,156
1567,101
1568,230
1569,268
1570,140
1571,201
1572,162
1573,123
1574,116
1575,142
1576,66
1577,36
1578,120
1579,231
1580,284
1581,253
1582,222
1583,55
1584,131
1585,45
1586,243
1587,59
1588,123
1589,261
1590,313
1591,199
1592,173
1593,219
1594,101
1595,52
1596,46
1597,114
1598,136
1599,67
1600,30
1601,192
1602,239
1603,137
1604,261
1605,157
1606,149
1607,180
1608,149
1609,217
1610,240
1611,228
1612,102
1613,125
1614,182
1615,293
1616,37
1617,208
1618,60
1619,260
1620,173
1621,116
1622,173
1623,77
1624,206
1625,116
1626,99
1627,164
1628,323
1629,267
1630,88
1631,25
1632,229
1633,53
1634,227
1635,220
1636,158
1637,92
1638,143
1639,39
1640,24
1641,84
1642,112
1643,8
1644,59
1645,226
1646,216
1647,52
1648,21
1649,79
1650,198
1651,210
1652,46
1653,265
1654,234
1655,97
1656,252
1657,212
1658,246
1659,379
1660,260
1661,111
1662,85
1663,174
1664,276
1665,186
1666,180
1667,102
1668,261
1669,79
1670,160
1671,135
1672,115
1673,96
1674,78
1675,261
1676,87
1677,187
1678,169
1679,103
1680,56
1681,187
1682,171
1683,299
1684,238
1685,78
1686,83
1687,230
1688,218
1689,160
1690,87
1691,317
1692,115
1693,150
1694,182
1695,260
1696,214
1697,81
1698,725
1699,85
1700,62
1701,56
1702,66
1703,65
1704,146
1705,118
1706,98
1707,38
1708,69
1709,231
1710,78
1711,85
1712,172
1713,187
1714,266
1715,260
1716,227
1717,134
1718,258
1719,208
1720,98
1721,37
1722,258
1723,144
1724,229
1725,79
1726,153
1727,260
1728,67
1729,111
1730,149
1731,188
1732,46
1733,123
1734,229
1735,95
1736,83
1737,253
1738,275
1739,169
1740,91
1741,141
1742,210
1743,234
1744,239
1745,119
1746,142
1747,249
1748,31
1749,180
1750,250
1751,102
1752,255
1753,133
1754,274
1755,121
1756,162
1757,227
1758,166
1759,223
1760,92
1761,96
1762,132
1763,243
1764,208
1765,56
1766,140
1767,170
1768,33
1769,95
1770,51
1771,159
1772,80
1773,94
1774,193
1775,69
1776,177
1777,306
1778,40
1779,72
1780,181
1781,309
1782,116
1783,155
1784,84
1785,74
1786,95
1787,173
1788,105
1789,205
1790,287
1791,44
1792,228
1793,78
1794,62
1795,159
1796,294
1797,203
1798,243
1799,141
1800,34
1801,234
1802,140
1803,237
1804,260
1805,211
1806,63
1807,150
1808,65
1809,111
1810,119
1811,225
1812,195
1813,94
1814,219
1815,212
1816,186
1817,154
1818,186
1819,67
1820,131
1821,229
1822,78
1823,146
1824,212
1825,215
1826,571
1827,284
1828,219
1829,100
1830,40
1831,105
1832,169
1833,117
1834,155
1835,248
1836,93
1837,52
1838,98
1839,49
1840,159
1841,50
1842,152
1843,100
1844,58
1845,151
1846,181
1847,156
1848,179
1849,264
1850,219
1851,146
1852,114
1853,72
1854,204
1855,140
1856,240
1857,58
1858,78
1859,181
1860,76
1861,140
1862,253
1863,291
1864,21
1865,229
1866,67
1867,219
1868,185
1869,44
1870,214
1871,205
1872,51
1873,75
1874,119
1875,101
1876,106
1877,128
1878,266
1879,236
1880,240
1881,115
1882,86
1883,167
1884,158
1885,94
1886,162
1887,253
1888,264
1889,98
1890,254
1891,220
1892,141
1893,81
1894,241
1895,32
1896,64
1897,249
1898,139
1899,46
1900,298
1901,187
1902,277
1903,138
1904,147
1905,14
1906,264
1907,175
1908,88
1909,105
1910,144
1911,227
1912,130
1913,275
1914,78
1915,130
1916,90
1917,203
1918,268
1919,221
1920,161
1921,236
1922,253
1923,213
1924,192
1925,183
1926,179
1927,193
1928,230
1929,205
1930,134
1931,198
1932,61
1933,247
1934,266
1935,190
1936,92
1937,178
1938,121
1939,113
1940,145
1941,131
1942,267
1943,120
1944,161
1945,62
1946,291
1947,75
1948,156
1949,56
1950,167
1951,144
1952,162
1953,209
1954,37
1955,102
1956,254
1957,163
1958,72
