0,238.0
1,158.0
2,263.0
3,210.0
4,150.0
5,222.0
6,355.0
7,148.0
8,146.0
9,20.0
10,148.0
11,173.0
12,515.0
13,836.0
14,37.0
15,158.0
16,30.0
17,148.0
18,730.0
19,100.0
20,154.0
21,1183.0
22,262.0
23,323.0
24,144.0
25,854.0
26,961.0
27,175.0
28,755.0
29,185.0
30,565.0
31,198.0
32,514.0
33,120.0
34,30.0
35,126.0
36,859.0
37,79.0
38,1381.0
39,76.0
40,154.0
41,1155.0
42,131.0
43,35.0
44,122.0
45,154.0
46,1202.0
47,1245.0
48,152.0
49,265.0
50,388.0
51,658.0
52,1430.0
53,49.0
54,71.0
55,150.0
56,152.0
57,724.0
58,16.0
59,460.0
60,77.0
61,267.0
62,187.0
63,154.0
64,131.0
65,178.0
66,166.0
67,62.0
68,502.0
69,156.0
70,456.0
71,401.0
72,653.0
73,1078.0
74,150.0
75,150.0
76,330.0
77,150.0
78,423.0
79,154.0
80,859.0
81,150.0
82,278.0
83,38.0
84,297.0
85,361.0
86,1220.0
87,1320.0
88,154.0
89,1491.0
90,55.0
91,77.0
92,1375.0
93,629.0
94,225.0
95,152.0
96,156.0
97,152.0
98,1123.0
99,1310.0
100,601.0
101,1006.0
102,393.0
103,1183.0
104,1002.0
105,32.0
106,1065.0
107,156.0
108,152.0
109,520.0
110,112.0
111,213.0
112,94.0
113,719.0
114,158.0
115,311.0
116,151.0
117,646.0
118,98.0
119,240.0
120,690.0
121,819.0
122,154.0
123,16.0
124,156.0
125,316.0
126,21.0
127,152.0
128,332.0
129,338.0
130,152.0
131,646.0
132,630.0
133,355.0
134,254.0
135,1794.0
136,75.0
137,629.0
138,383.0
139,150.0
140,619.0
141,137.0
142,601.0
143,653.0
144,1123.0
145,1305.0
146,1887.0
147,573.0
148,152.0
149,152.0
150,1480.0
151,131.0
152,125.0
153,343.0
154,234.0
155,441.0
156,827.0
157,77.0
158,819.0
159,20.0
160,784.0
161,661.0
162,377.0
163,2286.0
164,511.0
165,
166,306.0
167,693.0
168,178.0
169,156.0
170,860.0
171,24.0
172,150.0
173,1310.0
174,502.0
175,152.0
176,1065.0
177,31.0
178,156.0
179,18.0
180,653.0
181,156.0
182,1055.0
183,525.0
184,73.0
185,1202.0
186,21.0
187,2280.0
188,310.0
189,160.0
190,1305.0
191,878.0
192,43.0
193,606.0
194,1312.0
195,96.0
196,154.0
197,144.0
198,1381.0
199,67.0
200,329.0
201,492.0
202,1887.0
203,1381.0
204,1420.0
205,154.0
206,508.0
207,37.0
208,355.0
209,1389.0
210,401.0
211,231.0
212,343.0
213,154.0
214,200.0
215,
216,257.0
217,164.0
218,154.0
219,677.0
220,146.0
221,150.0
222,293.0
223,754.0
224,315.0
225,150.0
226,949.0
227,961.0
228,131.0
229,525.0
230,150.0
231,789.0
232,322.0
233,187.0
234,1245.0
235,194.0
236,176.0
237,828.0
238,322.0
239,44.0
240,531.0
241,69.0
242,383.0
243,415.0
244,693.0
245,756.0
246,837.0
247,784.0
248,15.0
249,154.0
250,474.0
251,1425.0
252,
253,178.0
254,173.0
255,20.0
256,265.0
257,837.0
258,562.0
259,184.0
260,96.0
261,77.0
262,154.0
263,502.0
264,210.0
265,282.0
266,152.0
267,55.0
268,677.0
269,401.0
270,368.0
271,1245.0
272,210.0
273,223.0
274,935.0
275,150.0
276,182.0
277,58.0
278,573.0
279,229.0
280,1005.0
281,394.0
282,456.0
283,154.0
284,121.0
285,158.0
286,675.0
287,1674.0
288,693.0
289,148.0
290,1614.0
291,44.0
292,156.0
293,223.0
294,144.0
295,623.0
296,357.0
297,69.0
298,393.0
299,71.0
300,1794.0
301,1075.0
302,170.0
303,784.0
304,16.0
305,148.0
306,18.0
307,156.0
308,158.0
309,152.0
310,21.0
311,638.0
312,492.0
313,1425.0
314,152.0
315,103.0
316,77.0
317,619.0
318,404.0
319,32.0
320,1310.0
321,293.0
322,883.0
323,74.0
324,1887.0
325,438.0
326,837.0
327,68.0
328,1425.0
329,646.0
330,511.0
331,1887.0
332,1000.0
333,156.0
334,156.0
335,77.0
336,525.0
337,152.0
338,88.0
339,71.0
340,232.0
341,1838.0
342,348.0
343,154.0
344,156.0
345,675.0
346,36.0
347,15.0
348,162.0
349,1887.0
350,356.0
351,100.0
352,338.0
353,423.0
354,94.0
355,331.0
356,784.0
357,1207.0
358,460.0
359,1289.0
360,1310.0
361,1310.0
362,32.0
363,508.0
364,315.0
365,126.0
366,89.0
367,392.0
368,152.0
369,160.0
370,1050.0
371,38.0
372,756.0
373,150.0
374,152.0
375,111.0
376,158.0
377,492.0
378,156.0
379,77.0
380,535.0
381,1220.0
382,416.0
383,152.0
384,77.0
385,837.0
386,724.0
387,234.0
388,1207.0
389,156.0
390,389.0
391,740.0
392,156.0
393,201.0
394,1055.0
395,330.0
396,591.0
397,77.0
398,562.0
399,154.0
400,591.0
401,1480.0
402,286.0
403,254.0
404,194.0
405,153.0
406,103.0
407,1674.0
408,152.0
409,152.0
410,442.0
411,77.0
412,1185.0
413,148.0
414,2857.0
415,152.0
416,797.0
417,58.0
418,798.0
419,25.0
420,154.0
421,85.0
422,1330.0
423,150.0
424,112.0
425,78.0
426,148.0
427,1887.0
428,152.0
429,158.0
430,234.0
431,508.0
432,99.0
433,173.0
434,126.0
435,146.0
436,158.0
437,395.0
438,677.0
439,158.0
440,150.0
441,67.0
442,188.0
443,519.0
444,77.0
445,150.0
446,961.0
447,591.0
448,389.0
449,1005.0
450,67.0
451,152.0
452,368.0
453,150.0
454,156.0
455,859.0
456,156.0
457,1132.0
458,150.0
459,77.0
460,338.0
461,681.0
462,460.0
463,136.0
464,222.0
465,77.0
466,1236.0
467,77.0
468,154.0
469,154.0
470,462.0
471,1806.0
472,238.0
473,348.0
474,68.0
475,2005.0
476,154.0
477,371.0
478,207.0
479,152.0
480,388.0
481,635.0
482,158.0
483,231.0
484,111.0
485,1245.0
486,1794.0
487,878.0
488,45.0
489,154.0
490,150.0
491,1653.0
492,152.0
493,1491.0
494,31.0
495,950.0
496,154.0
497,280.0
498,64.0
499,1381.0
500,280.0
501,184.0
502,152.0
503,158.0
504,793.0
505,1238.0
506,223.0
507,1305.0
508,856.0
509,147.0
510,878.0
511,859.0
512,1887.0
513,1381.0
514,152.0
515,724.0
516,403.0
517,190.0
518,1301.0
519,1202.0
520,88.0
521,35.0
522,230.0
523,343.0
524,148.0
525,405.0
526,1330.0
527,242.0
528,152.0
529,221.0
530,154.0
531,60.0
532,473.0
533,1310.0
534,233.0
535,1328.0
536,1243.0
537,1794.0
538,156.0
539,210.0
540,1385.0
541,1887.0
542,719.0
543,154.0
544,190.0
545,187.0
546,1400.0
547,154.0
548,1838.0
549,322.0
550,594.0
551,1381.0
552,164.0
553,1155.0
554,308.0
555,129.0
556,1480.0
557,827.0
558,77.0
559,363.0
560,1389.0
561,148.0
562,238.0
563,44.0
564,158.0
565,79.0
566,650.0
567,1381.0
568,148.0
569,166.0
570,784.0
571,254.0
572,77.0
573,423.0
574,428.0
575,21.0
576,330.0
577,152.0
578,80.0
579,222.0
580,115.0
581,150.0
582,619.0
583,154.0
584,77.0
585,531.0
586,262.0
587,646.0
588,196.0
589,1214.0
590,150.0
591,394.0
592,1491.0
593,121.0
594,156.0
595,24.0
596,1336.0
597,1711.0
598,79.0
599,37.0
600,2286.0
601,152.0
602,150.0
603,1055.0
604,81.0
605,77.0
606,1420.0
607,531.0
608,793.0
609,135.0
610,65.0
611,160.0
612,137.0
613,229.0
614,76.0
615,77.0
616,214.0
617,156.0
618,154.0
619,143.0
620,837.0
621,526.0
622,150.0
623,793.0
624,1330.0
625,152.0
626,682.0
627,428.0
628,415.0
629,646.0
630,84.0
631,62.0
632,112.0
633,343.0
634,113.0
635,317.0
636,156.0
637,36.0
638,1400.0
639,78.0
640,150.0
641,152.0
642,650.0
643,1375.0
644,77.0
645,630.0
646,192.0
647,77.0
648,630.0
649,646.0
650,355.0
651,152.0
652,1301.0
653,39.0
654,133.0
655,177.0
656,156.0
657,159.0
658,719.0
659,16.0
660,1055.0
661,152.0
662,44.0
663,154.0
664,1234.0
665,122.0
666,793.0
667,178.0
668,79.0
669,77.0
670,64.0
671,73.0
672,266.0
673,37.0
674,292.0
675,56.0
676,77.0
677,630.0
678,1491.0
679,20.0
680,350.0
681,152.0
682,1123.0
683,532.0
684,841.0
685,789.0
686,156.0
687,92.0
688,81.0
689,264.0
690,1078.0
691,508.0
692,152.0
693,856.0
694,653.0
695,131.0
696,1794.0
697,156.0
698,156.0
699,535.0
700,1202.0
701,646.0
702,39.0
703,393.0
704,131.0
705,51.0
706,572.0
707,1202.0
708,192.0
709,238.0
710,21.0
711,152.0
712,178.0
713,280.0
714,77.0
715,95.0
716,160.0
717,234.0
718,94.0
719,154.0
720,1478.0
721,158.0
722,124.0
723,158.0
724,137.0
725,385.0
726,158.0
727,208.0
728,76.0
729,148.0
730,432.0
731,837.0
732,837.0
733,39.0
734,156.0
735,354.0
736,129.0
737,1078.0
738,1887.0
739,784.0
740,150.0
741,52.0
742,23.0
743,77.0
744,154.0
745,1887.0
746,415.0
747,316.0
748,154.0
749,1887.0
750,152.0
751,148.0
752,422.0
753,258.0
754,393.0
755,535.0
756,1276.0
757,131.0
758,77.0
759,150.0
760,239.0
761,190.0
762,653.0
763,156.0
764,741.0
765,601.0
766,337.0
767,163.0
768,856.0
769,148.0
770,1336.0
771,282.0
772,156.0
773,93.0
774,468.0
775,508.0
776,154.0
777,38.0
778,148.0
779,309.0
780,290.0
781,740.0
782,156.0
783,372.0
784,132.0
785,181.0
786,154.0
787,1491.0
788,1480.0
789,194.0
790,154.0
791,150.0
792,229.0
793,327.0
794,1245.0
795,905.0
796,69.0
797,238.0
798,575.0
799,384.0
800,2286.0
801,150.0
802,26.0
803,229.0
804,704.0
805,1111.0
806,619.0
807,1077.0
808,38.0
809,154.0
810,156.0
811,1381.0
812,423.0
813,154.0
814,569.0
815,108.0
816,150.0
817,646.0
818,176.0
819,131.0
820,192.0
821,653.0
822,1202.0
823,21.0
824,332.0
825,913.0
826,1207.0
827,150.0
828,638.0
829,158.0
830,1006.0
831,1330.0
832,158.0
833,215.0
834,152.0
835,428.0
836,1674.0
837,693.0
838,888.0
839,137.0
840,399.0
841,1486.0
842,229.0
843,180.0
844,146.0
845,156.0
846,741.0
847,139.0
848,1281.0
849,524.0
850,150.0
851,152.0
852,154.0
853,75.0
854,112.0
855,653.0
856,984.0
857,148.0
858,572.0
859,646.0
860,670.0
861,26.0
862,40.0
863,32.0
864,1202.0
865,1006.0
866,1330.0
867,150.0
868,24.0
869,474.0
870,1400.0
871,242.0
872,150.0
873,16.0
874,166.0
875,25.0
876,94.0
877,343.0
878,1301.0
879,150.0
880,1653.0
881,152.0
882,98.0
883,444.0
884,1674.0
885,305.0
886,154.0
887,77.0
888,204.0
889,218.0
890,150.0
891,429.0
892,19.0
893,798.0
894,158.0
895,332.0
896,15.0
897,1078.0
898,197.0
899,150.0
900,719.0
901,58.0
902,1425.0
903,152.0
904,1887.0
905,168.0
906,27.0
907,430.0
908,531.0
909,223.0
910,154.0
911,638.0
912,646.0
913,132.0
914,565.0
915,890.0
916,210.0
917,146.0
918,343.0
919,701.0
920,1794.0
921,156.0
922,498.0
923,231.0
924,482.0
925,1214.0
926,486.0
927,229.0
928,1674.0
929,646.0
930,1491.0
931,837.0
932,145.0
933,152.0
934,740.0
935,935.0
936,452.0
937,156.0
938,1330.0
939,1111.0
940,1794.0
941,156.0
942,154.0
943,59.0
944,156.0
945,182.0
946,653.0
947,77.0
948,152.0
949,630.0
950,262.0
951,202.0
952,1381.0
953,107.0
954,196.0
955,643.0
956,294.0
957,502.0
958,131.0
959,1491.0
960,156.0
961,152.0
962,148.0
963,87.0
964,1202.0
965,156.0
966,225.0
967,677.0
968,305.0
969,154.0
970,1111.0
971,166.0
972,148.0
973,152.0
974,1400.0
975,1381.0
976,630.0
977,154.0
978,356.0
979,335.0
980,244.0
981,1111.0
982,
983,88.0
984,890.0
985,193.0
986,150.0
987,1101.0
988,854.0
989,225.0
990,1000.0
991,229.0
992,154.0
993,715.0
994,265.0
995,1301.0
996,88.0
997,1281.0
998,1078.0
999,124.0
1000,58.0
1001,701.0
1002,828.0
1003,569.0
1004,148.0
1005,193.0
1006,594.0
1007,1101.0
1008,281.0
1009,1078.0
1010,150.0
1011,77.0
1012,150.0
1013,148.0
1014,29.0
1015,67.0
1016,878.0
1017,1132.0
1018,121.0
1019,1206.0
1020,242.0
1021,1838.0
1022,1238.0
1023,203.0
1024,77.0
1025,162.0
1026,724.0
1027,152.0
1028,383.0
1029,784.0
1030,156.0
1031,646.0
1032,193.0
1033,155.0
1034,46.0
1035,300.0
1036,330.0
1037,77.0
1038,442.0
1039,1301.0
1040,1006.0
1041,187.0
1042,355.0
1043,1794.0
1044,154.0
1045,158.0
1046,344.0
1047,463.0
1048,1381.0
1049,121.0
1050,837.0
1051,120.0
1052,1480.0
1053,392.0
1054,1202.0
1055,80.0
1056,98.0
1057,156.0
1058,1000.0
1059,1491.0
1060,885.0
1061,156.0
1062,310.0
1063,1055.0
1064,1245.0
1065,154.0
1066,693.0
1067,14.0
1068,154.0
1069,90.0
1070,77.0
1071,1381.0
1072,216.0
1073,131.0
1074,265.0
1075,1381.0
1076,151.0
1077,519.0
1078,232.0
1079,355.0
1080,152.0
1081,45.0
1082,152.0
1083,1480.0
1084,18.0
1085,638.0
1086,185.0
1087,152.0
1088,162.0
1089,131.0
1090,58.0
1091,254.0
1092,146.0
1093,519.0
1094,77.0
1095,793.0
1096,724.0
1097,363.0
1098,789.0
1099,156.0
1100,1111.0
1101,152.0
1102,209.0
1103,160.0
1104,492.0
1105,531.0
1106,439.0
1107,155.0
1108,190.0
1109,591.0
1110,374.0
1111,450.0
1112,2286.0
1113,1491.0
1114,32.0
1115,144.0
1116,2286.0
1117,152.0
1118,1310.0
1119,223.0
1120,152.0
1121,77.0
1122,6073.0
1123,98.0
1124,1207.0
1125,225.0
1126,354.0
1127,141.0
1128,619.0
1129,37.0
1130,653.0
1131,1177.0
1132,543.0
1133,1202.0
1134,837.0
1135,756.0
1136,276.0
1137,156.0
1138,1782.0
1139,265.0
1140,78.0
1141,598.0
1142,193.0
1143,893.0
1144,156.0
1145,533.0
1146,152.0
1147,150.0
1148,88.0
1149,150.0
1150,1230.0
1151,1381.0
1152,467.0
1153,167.0
1154,160.0
1155,389.0
1156,201.0
1157,148.0
1158,455.0
1159,148.0
1160,893.0
1161,442.0
1162,152.0
1163,432.0
1164,152.0
1165,646.0
1166,650.0
1167,225.0
1168,859.0
1169,1381.0
1170,1192.0
1171,152.0
1172,275.0
1173,152.0
1174,2286.0
1175,1005.0
1176,154.0
1177,152.0
1178,201.0
1179,148.0
1180,230.0
1181,619.0
1182,154.0
1183,798.0
1184,1055.0
1185,230.0
1186,131.0
1187,16.0
1188,124.0
1189,152.0
1190,148.0
1191,107.0
1192,917.0
1193,233.0
1194,193.0
1195,
1196,271.0
1197,1585.0
1198,798.0
1199,740.0
1200,239.0
1201,670.0
1202,150.0
1203,91.0
1204,1381.0
1205,724.0
1206,79.0
1207,77.0
1208,278.0
1209,169.0
1210,856.0
1211,234.0
1212,1236.0
1213,148.0
1214,16.0
1215,719.0
1216,373.0
1217,1078.0
1218,77.0
1219,238.0
1220,1794.0
1221,42.0
1222,486.0
1223,646.0
1224,244.0
1225,208.0
1226,493.0
1227,98.0
1228,60.0
1229,719.0
1230,158.0
1231,784.0
1232,1312.0
1233,77.0
1234,460.0
1235,1794.0
1236,1198.0
1237,121.0
1238,53.0
1239,71.0
1240,100.0
1241,131.0
1242,254.0
1243,121.0
1244,535.0
1245,1214.0
1246,198.0
1247,77.0
1248,242.0
1249,368.0
1250,591.0
1251,1276.0
1252,562.0
1253,601.0
1254,15.0
1255,37.0
1256,152.0
1257,432.0
1258,1381.0
1259,330.0
1260,187.0
1261,1364.0
1262,332.0
1263,150.0
1264,185.0
1265,154.0
1266,100.0
1267,332.0
1268,77.0
1269,99.0
1270,54.0
1271,253.0
1272,462.0
1273,1040.0
1274,1202.0
1275,150.0
1276,23.0
1277,
1278,325.0
1279,2286.0
1280,784.0
1281,492.0
1282,949.0
1283,538.0
1284,1381.0
1285,1312.0
1286,259.0
1287,253.0
1288,356.0
1289,634.0
1290,621.0
1291,77.0
1292,286.0
1293,343.0
1294,168.0
1295,619.0
1296,1381.0
1297,562.0
1298,152.0
1299,1078.0
1300,154.0
1301,37.0
1302,152.0
1303,46.0
1304,1381.0
1305,229.0
1306,150.0
1307,677.0
1308,152.0
1309,531.0
1310,23.0
1311,74.0
1312,1202.0
1313,619.0
1314,37.0
1315,73.0
1316,354.0
1317,229.0
1318,223.0
1319,150.0
1320,1055.0
1321,154.0
1322,145.0
1323,150.0
1324,1245.0
1325,156.0
1326,49.0
1327,72.0
1328,158.0
1329,1078.0
1330,1653.0
1331,1075.0
1332,355.0
1333,152.0
1334,401.0
1335,16.0
1336,601.0
1337,139.0
1338,1111.0
1339,150.0
1340,52.0
1341,75.0
1342,158.0
1343,154.0
1344,148.0
1345,34.0
1346,264.0
1347,77.0
1348,369.0
1349,905.0
1350,1480.0
1351,152.0
1352,502.0
1353,646.0
1354,598.0
1355,1245.0
1356,1202.0
1357,893.0
1358,148.0
1359,99.0
1360,526.0
1361,154.0
1362,154.0
1363,316.0
1364,127.0
1365,21.0
1366,161.0
1367,154.0
1368,223.0
1369,2005.0
1370,77.0
1371,284.0
1372,88.0
1373,1794.0
1374,32.0
1375,1040.0
1376,31.0
1377,1425.0
1378,308.0
1379,158.0
1380,58.0
1381,1417.0
1382,156.0
1383,690.0
1384,156.0
1385,1206.0
1386,677.0
1387,156.0
1388,150.0
1389,244.0
1390,338.0
1391,1381.0
1392,1000.0
1393,21.0
1394,1491.0
1395,154.0
1396,187.0
1397,152.0
1398,1103.0
1399,511.0
1400,60.0
1401,150.0
1402,1887.0
1403,1005.0
1404,348.0
1405,51.0
1406,150.0
1407,1330.0
1408,315.0
1409,223.0
1410,859.0
1411,313.0
1412,524.0
1413,1330.0
1414,300.0
1415,1245.0
1416,154.0
1417,77.0
1418,16.0
1419,150.0
1420,268.0
1421,442.0
1422,701.0
1423,77.0
1424,231.0
1425,535.0
1426,1480.0
1427,176.0
1428,158.0
1429,77.0
1430,6069.0
1431,199.0
1432,1425.0
1433,148.0
1434,131.0
1435,598.0
1436,150.0
1437,152.0
1438,208.0
1439,154.0
1440,158.0
1441,856.0
1442,228.0
1443,601.0
1444,176.0
1445,148.0
1446,38.0
1447,154.0
1448,152.0
1449,1078.0
1450,591.0
1451,1274.0
1452,257.0
1453,152.0
1454,172.0
1455,441.0
1456,121.0
1457,77.0
1458,122.0
1459,394.0
1460,152.0
1461,650.0
1462,146.0
1463,394.0
1464,228.0
1465,71.0
1466,363.0
1467,1305.0
1468,148.0
1469,338.0
1470,828.0
1471,77.0
1472,
1473,154.0
1474,315.0
1475,559.0
1476,152.0
1477,1491.0
1478,115.0
1479,150.0
1480,154.0
1481,15.0
1482,382.0
1483,828.0
1484,740.0
1485,192.0
1486,682.0
1487,1301.0
1488,73.0
1489,1183.0
1490,1034.0
1491,142.0
1492,1132.0
1493,305.0
1494,978.0
1495,2063.0
1496,361.0
1497,1794.0
1498,154.0
1499,635.0
1500,156.0
1501,16.0
1502,485.0
1503,148.0
1504,154.0
1505,535.0
1506,254.0
1507,439.0
1508,222.0
1509,121.0
1510,148.0
1511,150.0
1512,1078.0
1513,1389.0
1514,1238.0
1515,2005.0
1516,1425.0
1517,756.0
1518,150.0
1519,39.0
1520,1887.0
1521,124.0
1522,275.0
1523,1245.0
1524,21.0
1525,170.0
1526,1330.0
1527,30.0
1528,258.0
1529,339.0
1530,1055.0
1531,207.0
1532,1321.0
1533,606.0
1534,375.0
1535,75.0
1536,650.0
1537,154.0
1538,152.0
1539,1674.0
1540,395.0
1541,150.0
1542,18.0
1543,38.0
1544,343.0
1545,1301.0
1546,315.0
1547,113.0
1548,856.0
1549,79.0
1550,1400.0
1551,950.0
1552,238.0
1553,385.0
1554,338.0
1555,986.0
1556,169.0
1557,878.0
1558,28.0
1559,154.0
1560,1101.0
1561,77.0
1562,154.0
1563,111.0
1564,1111.0
1565,1101.0
1566,148.0
1567,146.0
1568,784.0
1569,1381.0
1570,1794.0
1571,158.0
1572,234.0
1573,271.0
1574,552.0
1575,670.0
1576,262.0
1577,45.0
1578,150.0
1579,76.0
1580,2063.0
1581,389.0
1582,1794.0
1583,401.0
1584,150.0
1585,154.0
1586,1156.0
1587,229.0
1588,423.0
1589,36.0
1590,715.0
1591,355.0
1592,828.0
1593,74.0
1594,152.0
1595,856.0
1596,1887.0
1597,156.0
1598,156.0
1599,244.0
1600,148.0
1601,148.0
1602,485.0
1603,1207.0
1604,404.0
1605,323.0
1606,866.0
1607,1381.0
1608,316.0
1609,263.0
1610,106.0
1611,1389.0
1612,154.0
1613,
1614,316.0
1615,247.0
1616,30.0
1617,1480.0
1618,1012.0
1619,194.0
1620,1794.0
1621,77.0
1622,457.0
1623,18.0
1624,280.0
1625,150.0
1626,52.0
1627,152.0
1628,211.0
1629,1238.0
1630,789.0
1631,16.0
1632,1078.0
1633,37.0
1634,150.0
1635,96.0
1636,492.0
1637,238.0
1638,23.0
1639,77.0
1640,148.0
1641,256.0
1642,156.0
1643,394.0
1644,467.0
1645,150.0
1646,158.0
1647,36.0
1648,74.0
1649,1887.0
1650,173.0
1651,546.0
1652,285.0
1653,361.0
1654,16.0
1655,61.0
1656,77.0
1657,646.0
1658,150.0
1659,1794.0
1660,206.0
1661,202.0
1662,878.0
1663,317.0
1664,63.0
1665,77.0
1666,456.0
1667,238.0
1668,152.0
1669,
1670,77.0
1671,53.0
1672,129.0
1673,131.0
1674,90.0
1675,150.0
1676,216.0
1677,152.0
1678,1000.0
1679,1202.0
1680,263.0
1681,174.0
1682,1040.0
1683,192.0
1684,176.0
1685,156.0
1686,144.0
1687,120.0
1688,253.0
1689,827.0
1690,1381.0
1691,77.0
1692,77.0
1693,784.0
1694,1794.0
1695,154.0
1696,1235.0
1697,154.0
1698,154.0
1699,299.0
1700,156.0
1701,330.0
1702,209.0
1703,225.0
1704,193.0
1705,251.0
1706,131.0
1707,261.0
1708,1078.0
1709,1794.0
1710,193.0
1711,21.0
1712,207.0
1713,83.0
1714,
1715,178.0
1716,619.0
1717,859.0
1718,193.0
1719,653.0
1720,152.0
1721,89.0
1722,75.0
1723,41.0
1724,330.0
1725,837.0
1726,150.0
1727,192.0
1728,152.0
1729,1242.0
1730,154.0
1731,98.0
1732,16.0
1733,389.0
1734,16.0
1735,180.0
1736,158.0
1737,784.0
1738,638.0
1739,312.0
1740,297.0
1741,154.0
1742,638.0
1743,650.0
1744,126.0
1745,210.0
1746,520.0
1747,148.0
1748,567.0
1749,37.0
1750,888.0
1751,343.0
1752,242.0
1753,836.0
1754,155.0
1755,149.0
1756,1238.0
1757,866.0
1758,154.0
1759,282.0
1760,565.0
1761,280.0
1762,1202.0
1763,168.0
1764,261.0
1765,837.0
1766,
1767,158.0
1768,653.0
1769,223.0
1770,208.0
1771,156.0
1772,226.0
1773,43.0
1774,567.0
1775,148.0
1776,338.0
1777,149.0
1778,474.0
1779,180.0
1780,185.0
1781,784.0
1782,629.0
1783,1236.0
1784,1381.0
1785,242.0
1786,77.0
1787,35.0
1788,281.0
1789,643.0
1790,
1791,77.0
1792,2286.0
1793,58.0
1794,156.0
1795,190.0
1796,1400.0
1797,120.0
1798,152.0
1799,208.0
1800,39.0
1801,261.0
1802,148.0
1803,355.0
1804,949.0
1805,193.0
1806,152.0
1807,116.0
1808,325.0
1809,122.0
1810,154.0
1811,152.0
1812,619.0
1813,44.0
1814,15.0
1815,693.0
1816,1887.0
1817,229.0
1818,225.0
1819,114.0
1820,251.0
1821,1614.0
1822,557.0
1823,650.0
1824,535.0
1825,77.0
1826,150.0
1827,1123.0
1828,127.0
1829,148.0
1830,16.0
1831,1276.0
1832,146.0
1833,121.0
1834,254.0
1835,693.0
1836,154.0
1837,1132.0
1838,1400.0
1839,156.0
1840,229.0
1841,1425.0
1842,463.0
1843,856.0
1844,2286.0
1845,693.0
1846,501.0
1847,409.0
1848,196.0
1849,152.0
1850,619.0
1851,77.0
1852,860.0
1853,606.0
1854,1077.0
1855,133.0
1856,156.0
1857,568.0
1858,1491.0
1859,1002.0
1860,156.0
1861,827.0
1862,1794.0
1863,209.0
1864,917.0
1865,268.0
1866,1202.0
1867,316.0
1868,254.0
1869,677.0
1870,16.0
1871,619.0
1872,1061.0
1873,691.0
1874,442.0
1875,373.0
1876,178.0
1877,467.0
1878,152.0
1879,150.0
1880,1806.0
1881,150.0
1882,1794.0
1883,1887.0
1884,229.0
1885,1381.0
1886,266.0
1887,361.0
1888,58.0
1889,1245.0
1890,152.0
1891,318.0
1892,152.0
1893,315.0
1894,1236.0
1895,854.0
1896,350.0
1897,150.0
1898,490.0
1899,77.0
1900,462.0
1901,359.0
1902,479.0
1903,646.0
1904,322.0
1905,150.0
1906,91.0
1907,986.0
1908,158.0
1909,154.0
1910,362.0
1911,316.0
1912,49.0
1913,16.0
1914,152.0
1915,242.0
1916,48.0
1917,71.0
1918,1491.0
1919,156.0
1920,733.0
1921,18.0
1922,1320.0
1923,1336.0
1924,492.0
1925,80.0
1926,156.0
1927,254.0
1928,238.0
1929,798.0
1930,83.0
1931,30.0
1932,1887.0
1933,36.0
1934,204.0
1935,95.0
1936,77.0
1937,520.0
1938,670.0
1939,148.0
1940,77.0
1941,152.0
1942,385.0
1943,1242.0
1944,152.0
1945,827.0
1946,630.0
1947,1794.0
1948,44.0
1949,140.0
1950,1220.0
1951,86.0
1952,1101.0
1953,242.0
1954,841.0
1955,154.0
1956,856.0
1957,154.0
1958,37.0
1959,316.0
1960,1202.0
1961,1101.0
1962,646.0
1963,386.0
1964,209.0
1965,646.0
1966,152.0
1967,232.0
1968,55.0
1969,158.0
1970,650.0
1971,
1972,75.0
1973,515.0
1974,63.0
1975,1202.0
1976,19.0
1977,395.0
1978,118.0
1979,935.0
1980,244.0
1981,282.0
1982,354.0
1983,620.0
1984,511.0
1985,68.0
1986,185.0
1987,51.0
1988,158.0
1989,1005.0
1990,
1991,557.0
1992,789.0
1993,98.0
1994,460.0
1995,282.0
1996,77.0
1997,285.0
1998,59.0
1999,174.0
2000,33.0
2001,1491.0
2002,154.0
2003,619.0
2004,261.0
2005,490.0
2006,1202.0
2007,164.0
2008,1220.0
2009,1381.0
2010,384.0
2011,835.0
2012,211.0
2013,1381.0
2014,905.0
2015,1202.0
2016,154.0
2017,416.0
2018,181.0
2019,156.0
2020,244.0
2021,152.0
2022,154.0
2023,441.0
2024,150.0
2025,1055.0
2026,154.0
2027,150.0
2028,154.0
2029,193.0
2030,122.0
2031,145.0
2032,796.0
2033,154.0
2034,389.0
2035,511.0
2036,1238.0
2037,158.0
2038,106.0
2039,533.0
2040,152.0
2041,515.0
2042,427.0
2043,154.0
2044,77.0
2045,321.0
2046,315.0
2047,650.0
2048,150.0
2049,798.0
2050,83.0
2051,1078.0
2052,1245.0
2053,1055.0
2054,330.0
2055,383.0
2056,77.0
2057,154.0
2058,497.0
2059,185.0
2060,871.0
2061,150.0
2062,234.0
2063,1206.0
2064,52.0
2065,1425.0
2066,2286.0
2067,156.0
2068,93.0
2069,841.0
2070,1381.0
2071,1381.0
2072,
2073,511.0
2074,200.0
2075,234.0
2076,281.0
2077,1794.0
2078,1245.0
2079,152.0
2080,77.0
2081,1245.0
2082,562.0
2083,986.0
2084,350.0
2085,361.0
2086,150.0
2087,198.0
2088,1055.0
2089,1276.0
2090,44.0
2091,1330.0
2092,164.0
2093,1103.0
2094,444.0
2095,935.0
2096,423.0
2097,1486.0
2098,152.0
2099,690.0
2100,150.0
2101,152.0
2102,650.0
2103,108.0
2104,146.0
2105,462.0
2106,559.0
2107,330.0
2108,691.0
2109,230.0
2110,67.0
2111,885.0
2112,156.0
2113,77.0
2114,653.0
2115,1129.0
2116,601.0
2117,58.0
2118,1794.0
2119,784.0
2120,125.0
2121,280.0
2122,283.0
2123,150.0
2124,116.0
2125,263.0
2126,136.0
2127,890.0
2128,150.0
2129,152.0
2130,164.0
2131,692.0
2132,755.0
2133,1040.0
2134,1480.0
2135,1040.0
2136,525.0
2137,653.0
2138,1243.0
2139,1202.0
2140,1674.0
2141,462.0
2142,118.0
2143,152.0
2144,1330.0
2145,150.0
2146,150.0
2147,108.0
2148,152.0
2149,69.0
2150,228.0
2151,1480.0
2152,260.0
2153,355.0
2154,724.0
2155,156.0
2156,150.0
2157,1301.0
2158,154.0
2159,251.0
2160,84.0
2161,154.0
2162,150.0
2163,643.0
2164,229.0
2165,150.0
2166,1375.0
2167,630.0
2168,828.0
2169,152.0
2170,53.0
2171,56.0
2172,135.0
2173,156.0
2174,209.0
2175,330.0
2176,1491.0
2177,18.0
2178,1305.0
2179,156.0
2180,126.0
2181,67.0
2182,156.0
2183,1330.0
2184,344.0
2185,363.0
2186,77.0
2187,253.0
2188,77.0
2189,271.0
2190,377.0
2191,475.0
2192,1202.0
2193,1234.0
2194,557.0
2195,355.0
2196,20.0
2197,856.0
2198,297.0
2199,150.0
2200,91.0
2201,27.0
2202,650.0
2203,152.0
2204,147.0
2205,1381.0
2206,176.0
2207,99.0
2208,21.0
2209,77.0
2210,156.0
2211,1425.0
2212,254.0
2213,401.0
2214,263.0
2215,146.0
2216,77.0
2217,156.0
2218,44.0
2219,784.0
2220,386.0
2221,154.0
2222,389.0
2223,77.0
2224,961.0
2225,187.0
2226,131.0
2227,158.0
2228,346.0
2229,398.0
2230,156.0
2231,181.0
2232,724.0
2233,535.0
2234,646.0
2235,229.0
2236,119.0
2237,1491.0
2238,401.0
2239,315.0
2240,401.0
2241,573.0
2242,1381.0
2243,1381.0
2244,152.0
2245,64.0
2246,701.0
2247,741.0
2248,234.0
2249,1055.0
2250,168.0
2251,1794.0
2252,77.0
2253,316.0
2254,619.0
2255,1234.0
2256,526.0
2257,193.0
2258,21.0
2259,150.0
2260,160.0
2261,169.0
2262,1000.0
2263,230.0
2264,1077.0
2265,158.0
2266,1794.0
2267,532.0
2268,152.0
2269,142.0
2270,142.0
2271,614.0
2272,156.0
2273,154.0
2274,60.0
2275,818.0
2276,311.0
2277,511.0
2278,511.0
2279,168.0
2280,122.0
2281,485.0
2282,482.0
2283,1425.0
2284,841.0
2285,646.0
2286,935.0
2287,152.0
2288,827.0
2289,150.0
2290,51.0
2291,601.0
2292,565.0
2293,432.0
2294,150.0
2295,173.0
2296,73.0
2297,66.0
2298,67.0
2299,693.0
2300,519.0
2301,60.0
2302,1129.0
2303,31.0
2304,1202.0
2305,95.0
2306,1381.0
2307,1420.0
2308,150.0
2309,1230.0
2310,220.0
2311,1486.0
2312,122.0
2313,1220.0
2314,154.0
2315,98.0
2316,1123.0
2317,150.0
2318,1281.0
2319,154.0
2320,1491.0
2321,1480.0
2322,784.0
2323,35.0
2324,137.0
2325,52.0
2326,2286.0
2327,166.0
2328,218.0
2329,693.0
2330,16.0
2331,395.0
2332,724.0
2333,167.0
2334,332.0
2335,1129.0
2336,1330.0
2337,156.0
2338,1381.0
2339,592.0
2340,429.0
2341,156.0
2342,90.0
2343,17.0
2344,237.0
2345,150.0
2346,154.0
2347,116.0
2348,156.0
2349,88.0
2350,150.0
2351,225.0
2352,354.0
2353,42.0
2354,160.0
2355,181.0
2356,778.0
2357,789.0
2358,150.0
2359,146.0
2360,389.0
2361,158.0
2362,1156.0
2363,141.0
2364,1381.0
2365,784.0
2366,416.0
2367,152.0
2368,256.0
2369,152.0
2370,1132.0
2371,1301.0
2372,174.0
2373,143.0
2374,309.0
2375,92.0
2376,619.0
2377,382.0
2378,205.0
2379,34.0
2380,297.0
2381,
2382,168.0
2383,237.0
2384,1055.0
2385,256.0
2386,1118.0
2387,56.0
2388,209.0
2389,220.0
2390,268.0
2391,144.0
2392,229.0
2393,156.0
2394,836.0
2395,1301.0
2396,893.0
2397,1794.0
2398,154.0
2399,616.0
2400,195.0
2401,156.0
2402,115.0
2403,525.0
2404,122.0
2405,630.0
2406,16.0
2407,156.0
2408,150.0
2409,21.0
2410,789.0
2411,1838.0
2412,271.0
2413,150.0
2414,190.0
2415,335.0
2416,77.0
2417,313.0
2418,638.0
2419,16.0
2420,65.0
2421,150.0
2422,77.0
2423,137.0
2424,1234.0
2425,511.0
2426,162.0
2427,261.0
2428,269.0
2429,76.0
2430,1794.0
2431,719.0
2432,206.0
2433,106.0
2434,156.0
2435,401.0
2436,646.0
2437,268.0
2438,650.0
2439,1381.0
2440,841.0
2441,154.0
2442,176.0
2443,1381.0
2444,530.0
2445,1330.0
2446,538.0
2447,184.0
2448,178.0
2449,1425.0
2450,1381.0
2451,502.0
2452,152.0
2453,368.0
2454,1887.0
2455,254.0
2456,1887.0
2457,415.0
2458,154.0
2459,1276.0
2460,128.0
2461,401.0
2462,152.0
2463,562.0
2464,1794.0
2465,1480.0
2466,154.0
2467,508.0
2468,176.0
2469,18.0
2470,1111.0
2471,784.0
2472,338.0
2473,154.0
2474,382.0
2475,508.0
2476,148.0
2477,156.0
2478,77.0
2479,81.0
2480,150.0
2481,784.0
2482,854.0
2483,39.0
2484,156.0
2485,100.0
2486,156.0
2487,1425.0
2488,150.0
2489,1653.0
2490,193.0
2491,264.0
2492,95.0
2493,1077.0
2494,1055.0
2495,467.0
2496,158.0
2497,222.0
2498,290.0
2499,105.0
2500,1887.0
2501,871.0
2502,1111.0
2503,257.0
2504,693.0
2505,2286.0
2506,137.0
2507,44.0
2508,259.0
2509,341.0
2510,71.0
2511,37.0
2512,460.0
2513,535.0
2514,935.0
2515,1055.0
2516,103.0
2517,2149.0
2518,264.0
2519,200.0
2520,148.0
2521,37.0
2522,121.0
2523,77.0
2524,1005.0
2525,979.0
2526,234.0
2527,164.0
2528,208.0
2529,330.0
2530,543.0
2531,1887.0
2532,643.0
2533,294.0
2534,150.0
2535,55.0
2536,854.0
2537,152.0
2538,150.0
2539,630.0
2540,150.0
2541,131.0
2542,152.0
2543,150.0
2544,1375.0
2545,100.0
2546,159.0
2547,156.0
2548,197.0
2549,77.0
2550,77.0
2551,648.0
2552,1236.0
2553,36.0
2554,619.0
2555,538.0
2556,2005.0
2557,841.0
2558,238.0
2559,159.0
2560,828.0
2561,390.0
2562,292.0
2563,1055.0
2564,68.0
2565,154.0
2566,187.0
2567,156.0
2568,263.0
2569,1480.0
2570,259.0
2571,154.0
2572,42.0
2573,16.0
2574,2005.0
2575,1301.0
2576,77.0
2577,508.0
2578,905.0
2579,371.0
2580,1400.0
2581,619.0
2582,476.0
2583,258.0
2584,1887.0
2585,77.0
2586,371.0
2587,389.0
2588,77.0
2589,62.0
2590,1425.0
2591,280.0
2592,205.0
2593,187.0
2594,789.0
2595,121.0
2596,1381.0
2597,160.0
2598,670.0
2599,885.0
2600,166.0
2601,526.0
2602,1491.0
2603,650.0
2604,25.0
2605,90.0
2606,837.0
2607,827.0
2608,691.0
2609,442.0
2610,1887.0
2611,152.0
2612,152.0
2613,681.0
2614,1389.0
2615,646.0
2616,305.0
2617,1101.0
2618,1238.0
2619,851.0
2620,530.0
2621,187.0
2622,1480.0
2623,126.0
2624,131.0
2625,1185.0
2626,152.0
2627,156.0
2628,139.0
2629,548.0
2630,330.0
2631,77.0
2632,263.0
2633,99.0
2634,719.0
2635,16.0
2636,195.0
2637,383.0
2638,154.0
2639,158.0
2640,1794.0
2641,234.0
2642,150.0
2643,208.0
2644,139.0
2645,1078.0
2646,38.0
2647,1137.0
2648,778.0
2649,310.0
2650,315.0
2651,860.0
2652,266.0
2653,152.0
2654,152.0
2655,635.0
2656,154.0
2657,64.0
2658,346.0
2659,329.0
2660,1794.0
2661,55.0
2662,154.0
2663,514.0
2664,158.0
2665,1480.0
2666,
2667,1887.0
2668,261.0
2669,1491.0
2670,2286.0
2671,154.0
2672,158.0
2673,619.0
2674,1653.0
2675,77.0
2676,691.0
2677,25.0
2678,148.0
2679,690.0
2680,856.0
2681,150.0
2682,164.0
2683,75.0
2684,156.0
2685,343.0
2686,158.0
2687,444.0
2688,1381.0
2689,363.0
2690,295.0
2691,160.0
2692,106.0
2693,300.0
2694,394.0
2695,691.0
2696,2286.0
2697,158.0
2698,253.0
2699,1005.0
2700,131.0
2701,
2702,80.0
2703,1331.0
2704,415.0
2705,198.0
2706,619.0
2707,16.0
2708,77.0
2709,502.0
2710,226.0
2711,1381.0
2712,601.0
2713,207.0
2714,169.0
2715,150.0
2716,254.0
2717,195.0
2718,158.0
2719,154.0
2720,1491.0
2721,619.0
2722,58.0
2723,784.0
2724,1006.0
2725,1480.0
2726,150.0
2727,152.0
2728,193.0
2729,1289.0
2730,502.0
2731,389.0
2732,1400.0
2733,355.0
2734,1491.0
2735,251.0
2736,33.0
2737,58.0
2738,154.0
2739,1202.0
2740,
2741,401.0
2742,526.0
2743,793.0
2744,692.0
2745,784.0
2746,253.0
2747,156.0
2748,416.0
2749,317.0
2750,150.0
2751,66.0
2752,793.0
2753,178.0
2754,61.0
2755,1430.0
2756,77.0
2757,567.0
2758,152.0
2759,69.0
2760,383.0
2761,122.0
2762,286.0
2763,316.0
2764,498.0
2765,1794.0
2766,60.0
2767,1234.0
2768,784.0
2769,148.0
2770,1486.0
2771,150.0
2772,152.0
2773,1202.0
2774,21.0
2775,156.0
2776,152.0
2777,1320.0
2778,1202.0
2779,156.0
2780,137.0
2781,152.0
2782,234.0
2783,83.0
2784,1794.0
2785,449.0
2786,691.0
2787,154.0
2788,35.0
2789,77.0
2790,508.0
2791,150.0
2792,58.0
2793,131.0
2794,511.0
2795,152.0
2796,75.0
2797,162.0
2798,1005.0
2799,150.0
2800,130.0
2801,1005.0
2802,249.0
2803,122.0
2804,1202.0
2805,77.0
2806,48.0
2807,81.0
2808,1234.0
2809,150.0
2810,150.0
2811,492.0
2812,65.0
2813,162.0
2814,95.0
2815,917.0
2816,232.0
2817,152.0
2818,106.0
2819,166.0
2820,77.0
2821,1289.0
2822,37.0
2823,1389.0
2824,1310.0
2825,278.0
2826,1480.0
2827,467.0
2828,156.0
2829,1400.0
2830,1185.0
2831,223.0
2832,271.0
2833,1168.0
2834,152.0
2835,74.0
2836,77.0
2837,619.0
2838,486.0
2839,230.0
2840,152.0
2841,1674.0
2842,154.0
2843,152.0
2844,601.0
2845,601.0
2846,77.0
2847,452.0
2848,282.0
2849,95.0
2850,1281.0
2851,635.0
2852,144.0
2853,935.0
2854,154.0
2855,77.0
2856,286.0
2857,143.0
2858,77.0
2859,268.0
2860,71.0
2861,61.0
2862,240.0
2863,150.0
2864,827.0
2865,275.0
2866,125.0
2867,1055.0
2868,154.0
2869,257.0
2870,305.0
2871,247.0
2872,616.0
2873,1220.0
2874,885.0
2875,73.0
2876,178.0
2877,485.0
2878,715.0
2879,798.0
2880,64.0
2881,571.0
2882,20.0
2883,71.0
2884,77.0
2885,389.0
2886,156.0
2887,409.0
2888,77.0
2889,355.0
2890,653.0
2891,315.0
2892,178.0
2893,152.0
2894,78.0
2895,98.0
2896,231.0
2897,646.0
2898,152.0
2899,77.0
2900,152.0
2901,152.0
2902,837.0
2903,2063.0
2904,234.0
2905,1381.0
2906,1711.0
2907,184.0
2908,152.0
2909,156.0
2910,156.0
2911,1381.0
2912,361.0
2913,158.0
2914,183.0
2915,233.0
2916,150.0
2917,416.0
2918,21.0
2919,885.0
2920,154.0
2921,371.0
2922,267.0
2923,530.0
2924,784.0
2925,124.0
2926,344.0
2927,244.0
2928,531.0
2929,1207.0
2930,383.0
2931,64.0
2932,
2933,299.0
2934,398.0
2935,148.0
2936,154.0
2937,1674.0
2938,150.0
2939,246.0
2940,1425.0
2941,131.0
2942,152.0
2943,231.0
2944,16.0
2945,208.0
2946,152.0
2947,77.0
2948,1101.0
2949,180.0
2950,300.0
2951,280.0
2952,146.0
2953,469.0
2954,156.0
2955,77.0
2956,89.0
2957,229.0
2958,871.0
2959,1838.0
2960,153.0
2961,52.0
2962,156.0
2963,240.0
2964,2286.0
2965,223.0
2966,1177.0
2967,646.0
2968,1674.0
2969,99.0
2970,1400.0
2971,1012.0
2972,264.0
2973,371.0
2974,154.0
2975,1794.0
2976,619.0
2977,103.0
2978,395.0
2979,646.0
2980,734.0
2981,1040.0
2982,1794.0
2983,1400.0
2984,1061.0
2985,692.0
2986,1887.0
2987,244.0
2988,1425.0
2989,1330.0
2990,154.0
2991,515.0
2992,242.0
2993,646.0
2994,669.0
2995,330.0
2996,152.0
2997,152.0
2998,75.0
2999,158.0
3000,228.0
3001,229.0
3002,77.0
3003,619.0
3004,77.0
3005,152.0
3006,148.0
3007,724.0
3008,269.0
3009,156.0
3010,228.0
3011,420.0
3012,229.0
3013,395.0
3014,
3015,173.0
3016,225.0
3017,152.0
3018,39.0
3019,385.0
3020,837.0
3021,269.0
3022,866.0
3023,1478.0
3024,199.0
3025,286.0
3026,508.0
3027,1336.0
3028,158.0
3029,302.0
3030,1674.0
3031,98.0
3032,77.0
3033,148.0
3034,619.0
3035,196.0
3036,74.0
3037,1480.0
3038,156.0
3039,1289.0
3040,355.0
3041,234.0
3042,265.0
3043,166.0
3044,1381.0
3045,818.0
3046,871.0
3047,856.0
3048,1202.0
3049,77.0
3050,77.0
3051,150.0
3052,457.0
3053,267.0
3054,
3055,1236.0
3056,196.0
3057,1183.0
3058,415.0
3059,189.0
3060,1806.0
3061,643.0
3062,784.0
3063,1381.0
3064,85.0
3065,1266.0
3066,156.0
3067,151.0
3068,44.0
3069,150.0
3070,73.0
3071,160.0
3072,152.0
3073,152.0
3074,39.0
3075,314.0
3076,1420.0
3077,146.0
3078,237.0
3079,154.0
3080,100.0
3081,856.0
3082,156.0
3083,1055.0
3084,1006.0
3085,399.0
3086,154.0
3087,77.0
3088,1491.0
3089,
3090,229.0
3091,229.0
3092,269.0
3093,266.0
3094,16.0
3095,368.0
3096,1674.0
3097,152.0
3098,1425.0
3099,515.0
3100,343.0
3101,152.0
3102,187.0
3103,961.0
3104,49.0
3105,1794.0
3106,1330.0
3107,733.0
3108,905.0
3109,1206.0
3110,492.0
3111,359.0
3112,935.0
3113,150.0
3114,1564.0
3115,265.0
3116,1055.0
3117,1202.0
3118,24.0
3119,16.0
3120,1320.0
3121,244.0
3122,225.0
3123,208.0
3124,1227.0
3125,94.0
3126,154.0
3127,152.0
3128,65.0
3129,3023.0
3130,908.0
3131,2286.0
3132,253.0
3133,234.0
3134,246.0
3135,519.0
3136,77.0
3137,693.0
3138,361.0
3139,78.0
3140,154.0
3141,319.0
3142,148.0
3143,154.0
3144,154.0
3145,155.0
3146,262.0
3147,784.0
3148,152.0
3149,1156.0
3150,80.0
3151,154.0
3152,150.0
3153,77.0
3154,103.0
3155,856.0
3156,152.0
3157,150.0
3158,131.0
3159,154.0
3160,151.0
3161,356.0
3162,34.0
3163,130.0
3164,1202.0
3165,180.0
3166,1245.0
3167,793.0
3168,1389.0
3169,90.0
3170,
3171,828.0
3172,1491.0
3173,100.0
3174,691.0
3175,150.0
3176,305.0
3177,152.0
3178,601.0
3179,271.0
3180,156.0
3181,160.0
3182,222.0
3183,21.0
3184,159.0
3185,1129.0
3186,1794.0
3187,100.0
3188,594.0
3189,200.0
3190,961.0
3191,148.0
3192,266.0
3193,784.0
3194,152.0
3195,1794.0
3196,152.0
3197,254.0
3198,114.0
3199,128.0
3200,150.0
3201,310.0
3202,154.0
3203,158.0
3204,961.0
3205,292.0
3206,190.0
3207,160.0
3208,828.0
3209,452.0
3210,98.0
3211,917.0
3212,234.0
3213,150.0
3214,275.0
3215,986.0
3216,233.0
3217,343.0
3218,152.0
3219,228.0
3220,222.0
3221,1806.0
3222,1168.0
3223,206.0
3224,148.0
3225,1381.0
3226,150.0
3227,127.0
3228,175.0
3229,190.0
3230,191.0
3231,1794.0
3232,525.0
3233,225.0
3234,1794.0
3235,164.0
3236,1168.0
3237,154.0
3238,179.0
3239,16.0
3240,39.0
3241,888.0
3242,152.0
3243,1055.0
3244,78.0
3245,784.0
3246,193.0
3247,734.0
3248,616.0
3249,16.0
3250,60.0
3251,893.0
3252,148.0
3253,784.0
3254,569.0
3255,152.0
3256,152.0
3257,784.0
3258,152.0
3259,148.0
3260,156.0
3261,691.0
3262,156.0
3263,207.0
3264,330.0
3265,606.0
3266,1234.0
3267,468.0
3268,122.0
3269,152.0
3270,152.0
3271,1236.0
3272,784.0
3273,1674.0
3274,77.0
3275,401.0
3276,1177.0
3277,1310.0
3278,1310.0
3279,156.0
3280,77.0
3281,1185.0
3282,152.0
3283,1425.0
3284,531.0
3285,1320.0
3286,280.0
3287,77.0
3288,211.0
3289,315.0
3290,1055.0
3291,784.0
3292,734.0
3293,1381.0
3294,793.0
3295,403.0
3296,150.0
3297,265.0
3298,90.0
3299,16.0
3300,1310.0
3301,330.0
3302,646.0
3303,129.0
3304,33.0
3305,505.0
3306,1381.0
3307,1305.0
3308,92.0
3309,6069.0
3310,193.0
3311,30.0
3312,369.0
3313,1425.0
3314,113.0
3315,740.0
3316,160.0
3317,228.0
3318,485.0
3319,379.0
3320,146.0
3321,935.0
3322,249.0
3323,354.0
3324,29.0
3325,150.0
3326,2286.0
3327,105.0
3328,793.0
3329,1425.0
3330,18.0
3331,106.0
3332,621.0
3333,154.0
3334,755.0
3335,1245.0
3336,669.0
3337,677.0
3338,1310.0
3339,254.0
