0,25.0
1,32.0
2,50.0
3,44.0
4,46.0
5,17.0
6,21.0
7,27.0
8,39.0
9,25.0
10,42.0
11,47.0
12,34.0
13,27.0
14,92.0
15,35.0
16,59.0
17,21.0
18,47.0
19,49.0
20,30.0
21,25.0
22,72.0
23,34.0
24,47.0
25,49.0
26,62.0
27,50.0
28,82.0
29,33.0
30,30.0
31,45.0
32,33.0
33,57.0
34,53.0
35,33.0
36,44.0
37,25.0
38,111.0
39,37.0
40,44.0
41,29.0
42,168.0
43,70.0
44,63.0
45,23.0
46,67.0
47,28.0
48,26.0
49,42.0
50,50.0
51,36.0
52,45.0
53,42.0
54,
55,26.0
56,82.0
57,44.0
58,70.0
59,32.0
60,37.0
61,39.0
62,73.0
63,4.0
64,46.0
65,31.0
66,55.0
67,38.0
68,16.0
69,88.0
70,41.0
71,34.0
72,34.0
73,54.0
74,23.0
75,
76,29.0
77,104.0
78,42.0
79,83.0
80,45.0
81,97.0
82,37.0
83,39.0
84,69.0
85,90.0
86,39.0
87,57.0
88,41.0
89,8.0
90,32.0
91,60.0
92,53.0
93,43.0
94,41.0
95,49.0
96,58.0
97,82.0
98,35.0
99,47.0
100,37.0
101,37.0
102,33.0
103,34.0
104,87.0
105,28.0
106,39.0
107,42.0
108,15.0
109,44.0
110,37.0
111,40.0
112,34.0
113,48.0
114,21.0
115,50.0
116,96.0
117,111.0
118,65.0
119,38.0
120,89.0
121,26.0
122,
123,48.0
124,45.0
125,25.0
126,37.0
127,54.0
128,70.0
129,16.0
130,
131,56.0
132,37.0
133,81.0
134,44.0
135,7.0
136,72.0
137,41.0
138,53.0
139,
140,68.0
141,44.0
142,115.0
143,55.0
144,
145,
146,36.0
147,65.0
148,33.0
149,37.0
150,29.0
151,114.0
152,29.0
153,38.0
154,69.0
155,67.0
156,48.0
157,37.0
158,25.0
159,39.0
160,43.0
161,31.0
162,7.0
163,57.0
164,47.0
165,30.0
166,50.0
167,44.0
168,35.0
169,30.0
170,33.0
171,
172,37.0
173,34.0
174,39.0
175,31.0
176,34.0
177,50.0
178,31.0
179,75.0
180,
181,54.0
182,31.0
183,51.0
184,34.0
185,64.0
186,36.0
187,82.0
188,53.0
189,106.0
190,73.0
191,63.0
192,50.0
193,48.0
194,38.0
195,50.0
196,81.0
197,32.0
198,13.0
199,39.0
200,24.0
201,115.0
202,42.0
203,37.0
204,45.0
205,50.0
206,128.0
207,72.0
208,50.0
209,38.0
210,118.0
211,53.0
212,31.0
213,14.0
214,53.0
215,73.0
216,48.0
217,50.0
218,75.0
219,10.0
220,32.0
221,25.0
222,8.0
223,20.0
224,43.0
225,25.0
226,38.0
227,77.0
228,57.0
229,34.0
230,37.0
231,96.0
232,50.0
233,45.0
234,30.0
235,48.0
236,28.0
237,34.0
238,60.0
239,31.0
240,99.0
241,53.0
242,37.0
243,44.0
244,43.0
245,34.0
246,71.0
247,33.0
248,26.0
249,15.0
250,53.0
251,40.0
252,43.0
253,148.0
254,32.0
255,37.0
256,39.0
257,38.0
258,18.0
259,26.0
260,50.0
261,25.0
262,41.0
263,
264,39.0
265,22.0
266,28.0
267,39.0
268,60.0
269,35.0
270,19.0
271,56.0
272,
273,31.0
274,3.0
275,39.0
276,69.0
277,34.0
278,28.0
279,
280,43.0
281,41.0
282,145.0
283,41.0
284,34.0
285,30.0
286,
287,45.0
288,
289,25.0
290,42.0
291,23.0
292,16.0
293,27.0
294,50.0
295,48.0
296,33.0
297,114.0
298,64.0
299,37.0
300,85.0
301,61.0
302,44.0
303,37.0
304,92.0
305,33.0
306,60.0
307,31.0
308,24.0
309,12.0
310,41.0
311,23.0
312,35.0
313,52.0
314,62.0
315,11.0
316,34.0
317,35.0
318,153.0
319,31.0
320,102.0
321,
322,26.0
323,27.0
324,37.0
325,37.0
326,34.0
327,56.0
328,41.0
329,50.0
330,48.0
331,56.0
332,33.0
333,53.0
334,74.0
335,45.0
336,14.0
337,25.0
338,17.0
339,55.0
340,37.0
341,46.0
342,114.0
343,64.0
344,84.0
345,42.0
346,37.0
347,68.0
348,96.0
349,26.0
350,54.0
351,77.0
352,48.0
353,
354,32.0
355,47.0
356,37.0
357,55.0
358,35.0
359,25.0
360,36.0
361,69.0
362,
363,18.0
364,56.0
365,72.0
366,35.0
367,25.0
368,47.0
369,28.0
370,34.0
371,54.0
372,38.0
373,56.0
374,31.0
375,20.0
376,37.0
377,44.0
378,38.0
379,32.0
380,37.0
381,61.0
382,44.0
383,45.0
384,147.0
385,42.0
386,36.0
387,49.0
388,31.0
389,34.0
390,61.0
391,63.0
392,50.0
393,48.0
394,63.0
395,42.0
396,32.0
397,41.0
398,41.0
399,35.0
400,29.0
401,36.0
402,45.0
403,37.0
404,21.0
405,48.0
406,43.0
407,47.0
408,51.0
409,92.0
410,35.0
411,37.0
412,82.0
413,37.0
414,53.0
415,65.0
416,41.0
417,35.0
418,23.0
419,35.0
420,41.0
421,38.0
422,38.0
423,18.0
424,34.0
425,
426,24.0
427,33.0
428,73.0
429,53.0
430,51.0
431,98.0
432,42.0
433,54.0
434,48.0
435,37.0
436,42.0
437,53.0
438,51.0
439,37.0
440,44.0
441,65.0
442,37.0
443,53.0
444,34.0
445,31.0
446,25.0
447,26.0
448,15.0
449,37.0
450,39.0
451,37.0
452,70.0
453,31.0
454,31.0
455,51.0
456,41.0
457,32.0
458,49.0
459,26.0
460,29.0
461,34.0
462,31.0
463,26.0
464,77.0
465,21.0
466,37.0
467,65.0
468,48.0
469,
470,51.0
471,
472,44.0
473,48.0
474,35.0
475,18.0
476,45.0
477,
478,32.0
479,26.0
480,35.0
481,47.0
482,41.0
483,32.0
484,70.0
485,76.0
486,136.0
487,44.0
488,95.0
489,44.0
490,50.0
491,26.0
492,37.0
493,104.0
494,48.0
495,
496,38.0
497,72.0
498,36.0
499,104.0
500,33.0
501,21.0
502,39.0
503,70.0
504,
505,37.0
506,3.0
507,75.0
508,34.0
509,42.0
510,32.0
511,56.0
512,41.0
513,35.0
514,37.0
515,47.0
516,37.0
517,23.0
518,59.0
519,48.0
520,48.0
521,32.0
522,33.0
523,50.0
524,30.0
525,42.0
526,25.0
527,
528,41.0
529,38.0
530,44.0
531,41.0
532,48.0
533,27.0
534,32.0
535,19.0
536,18.0
537,104.0
538,81.0
539,29.0
540,37.0
541,32.0
542,
543,33.0
544,53.0
545,34.0
546,122.0
547,97.0
548,37.0
549,49.0
550,41.0
551,95.0
552,67.0
553,63.0
554,40.0
555,37.0
556,80.0
557,37.0
558,44.0
559,56.0
560,36.0
561,37.0
562,45.0
563,90.0
564,16.0
565,104.0
566,17.0
567,
568,49.0
569,26.0
570,56.0
571,54.0
572,39.0
573,28.0
574,37.0
575,30.0
576,51.0
577,33.0
578,
579,33.0
580,37.0
581,54.0
582,94.0
583,38.0
584,12.0
585,46.0
586,35.0
587,44.0
588,41.0
589,31.0
590,47.0
591,37.0
592,53.0
593,
594,35.0
595,30.0
596,41.0
597,37.0
598,39.0
599,59.0
600,32.0
601,37.0
602,48.0
603,
604,12.0
605,51.0
606,83.0
607,47.0
608,37.0
609,36.0
610,32.0
611,45.0
612,
613,
614,61.0
615,44.0
616,37.0
617,20.0
618,53.0
619,44.0
620,56.0
621,37.0
622,38.0
623,31.0
624,37.0
625,37.0
626,40.0
627,98.0
628,30.0
629,33.0
630,36.0
631,35.0
632,56.0
633,25.0
634,59.0
635,53.0
636,
637,42.0
638,72.0
639,33.0
640,69.0
641,72.0
642,39.0
643,87.0
644,31.0
645,46.0
646,34.0
647,38.0
648,56.0
649,48.0
650,54.0
651,45.0
652,33.0
653,66.0
654,41.0
655,3.0
656,35.0
657,40.0
658,22.0
659,61.0
660,9.0
661,51.0
662,
663,
664,37.0
665,31.0
666,37.0
667,53.0
668,37.0
669,
670,46.0
671,
672,28.0
673,22.0
674,50.0
675,56.0
676,39.0
677,66.0
678,41.0
679,50.0
680,51.0
681,28.0
682,37.0
683,
684,44.0
685,37.0
686,47.0
687,44.0
688,93.0
689,37.0
690,63.0
691,26.0
692,25.0
693,49.0
694,33.0
695,40.0
696,41.0
697,67.0
698,
699,47.0
700,41.0
701,45.0
702,49.0
703,65.0
704,
705,61.0
706,33.0
707,23.0
708,40.0
709,39.0
710,37.0
711,38.0
712,47.0
713,34.0
714,45.0
715,33.0
716,37.0
717,45.0
718,37.0
719,41.0
720,49.0
721,37.0
722,42.0
723,44.0
724,49.0
725,39.0
726,22.0
727,37.0
728,50.0
729,34.0
730,31.0
731,32.0
732,69.0
733,38.0
734,28.0
735,
736,65.0
737,47.0
738,28.0
739,51.0
740,65.0
741,39.0
742,41.0
743,64.0
744,44.0
745,48.0
746,32.0
747,31.0
748,23.0
749,
750,56.0
751,46.0
752,54.0
753,96.0
754,25.0
755,59.0
756,73.0
757,46.0
758,35.0
759,
760,42.0
761,35.0
762,50.0
763,43.0
764,
765,24.0
766,37.0
767,128.0
768,51.0
769,36.0
770,36.0
771,46.0
772,42.0
773,
774,53.0
775,33.0
776,81.0
777,28.0
778,41.0
779,45.0
780,41.0
781,63.0
782,92.0
783,49.0
784,51.0
785,46.0
786,47.0
787,50.0
788,53.0
789,56.0
790,69.0
791,72.0
792,37.0
793,
794,81.0
795,42.0
796,95.0
797,48.0
798,33.0
799,69.0
800,84.0
801,79.0
802,32.0
803,31.0
804,107.0
805,42.0
806,72.0
807,41.0
808,50.0
809,32.0
810,104.0
811,44.0
812,23.0
813,44.0
814,34.0
815,41.0
816,44.0
817,33.0
818,38.0
819,48.0
820,72.0
821,48.0
822,48.0
823,31.0
824,39.0
825,118.0
826,27.0
827,37.0
828,44.0
829,31.0
830,73.0
831,28.0
832,37.0
833,82.0
834,33.0
835,31.0
836,114.0
837,3.0
838,40.0
839,31.0
840,41.0
841,37.0
842,34.0
843,24.0
844,4.0
845,92.0
846,34.0
847,70.0
848,35.0
849,37.0
850,69.0
851,59.0
852,
853,69.0
854,33.0
855,33.0
856,12.0
857,64.0
858,31.0
859,37.0
860,53.0
861,34.0
862,76.0
863,50.0
864,
865,37.0
866,
867,50.0
868,85.0
869,72.0
870,51.0
871,24.0
872,42.0
873,37.0
874,26.0
875,51.0
876,56.0
877,54.0
878,27.0
879,32.0
880,101.0
881,16.0
882,3.0
883,41.0
884,35.0
885,30.0
886,37.0
887,
888,41.0
889,55.0
890,53.0
891,104.0
892,67.0
893,33.0
894,
895,32.0
896,21.0
897,67.0
898,22.0
899,41.0
900,37.0
901,33.0
902,42.0
903,38.0
904,23.0
905,32.0
906,25.0
907,15.0
908,37.0
909,37.0
910,5.0
911,32.0
912,12.0
913,
914,96.0
915,
916,44.0
917,45.0
918,63.0
919,35.0
920,50.0
921,42.0
922,51.0
923,118.0
924,97.0
925,63.0
926,31.0
927,
928,34.0
929,85.0
930,48.0
931,31.0
932,33.0
933,33.0
934,35.0
935,42.0
936,
937,
938,51.0
939,31.0
940,27.0
941,44.0
942,53.0
943,39.0
944,37.0
945,33.0
946,36.0
947,31.0
948,38.0
949,34.0
950,53.0
951,34.0
952,45.0
953,34.0
954,26.0
955,
956,42.0
957,41.0
958,
959,51.0
960,46.0
961,35.0
962,65.0
963,34.0
964,43.0
965,35.0
966,32.0
967,21.0
968,48.0
969,40.0
970,26.0
971,25.0
972,26.0
973,50.0
974,72.0
975,82.0
976,14.0
977,40.0
978,41.0
979,47.0
980,59.0
981,35.0
982,40.0
983,33.0
984,81.0
985,16.0
986,25.0
987,
988,48.0
989,34.0
990,20.0
991,51.0
992,41.0
993,37.0
994,32.0
995,53.0
996,84.0
997,50.0
998,16.0
999,26.0
1000,32.0
1001,35.0
1002,35.0
1003,56.0
1004,26.0
1005,65.0
1006,17.0
1007,34.0
1008,67.0
1009,21.0
1010,49.0
1011,60.0
1012,53.0
1013,50.0
1014,47.0
1015,69.0
1016,37.0
1017,42.0
1018,26.0
1019,3.0
1020,21.0
1021,44.0
1022,73.0
1023,59.0
1024,53.0
1025,35.0
1026,51.0
1027,25.0
1028,35.0
1029,46.0
1030,37.0
1031,84.0
1032,3.0
1033,128.0
1034,25.0
1035,25.0
1036,82.0
1037,48.0
1038,29.0
1039,37.0
1040,32.0
1041,34.0
1042,4.0
1043,45.0
1044,40.0
1045,30.0
1046,31.0
1047,33.0
1048,34.0
1049,34.0
1050,41.0
1051,31.0
1052,48.0
1053,42.0
1054,15.0
1055,37.0
1056,45.0
1057,30.0
1058,35.0
1059,64.0
1060,47.0
1061,47.0
1062,48.0
1063,31.0
1064,31.0
1065,66.0
1066,69.0
1067,104.0
1068,41.0
1069,38.0
1070,5.0
1071,34.0
1072,50.0
1073,48.0
1074,53.0
1075,50.0
1076,45.0
1077,82.0
1078,26.0
1079,27.0
1080,31.0
1081,42.0
1082,64.0
1083,72.0
1084,33.0
1085,
1086,41.0
1087,45.0
1088,18.0
1089,69.0
1090,51.0
1091,52.0
1092,44.0
1093,46.0
1094,48.0
1095,59.0
1096,37.0
1097,48.0
1098,35.0
1099,
1100,46.0
1101,44.0
1102,96.0
1103,37.0
1104,38.0
1105,30.0
1106,34.0
1107,53.0
1108,127.0
1109,29.0
1110,110.0
1111,38.0
1112,45.0
1113,65.0
1114,
1115,53.0
1116,
1117,44.0
1118,51.0
1119,37.0
1120,67.0
1121,35.0
1122,25.0
1123,36.0
1124,52.0
1125,35.0
1126,35.0
1127,65.0
1128,37.0
1129,82.0
1130,39.0
1131,
1132,43.0
1133,49.0
1134,32.0
1135,38.0
1136,37.0
1137,35.0
1138,31.0
1139,22.0
1140,48.0
1141,16.0
1142,
1143,41.0
1144,127.0
1145,50.0
1146,147.0
1147,44.0
1148,51.0
1149,240.0
1150,41.0
1151,115.0
1152,51.0
1153,39.0
1154,17.0
1155,48.0
1156,
1157,48.0
1158,84.0
1159,51.0
1160,37.0
1161,46.0
1162,72.0
1163,50.0
1164,26.0
1165,41.0
1166,47.0
1167,41.0
1168,38.0
1169,37.0
1170,39.0
1171,52.0
1172,38.0
1173,55.0
1174,24.0
1175,34.0
1176,59.0
1177,33.0
1178,38.0
1179,84.0
1180,41.0
1181,33.0
1182,66.0
1183,107.0
1184,41.0
1185,38.0
1186,63.0
1187,42.0
1188,43.0
1189,65.0
1190,38.0
1191,37.0
1192,33.0
1193,33.0
1194,34.0
1195,53.0
1196,31.0
1197,46.0
1198,59.0
1199,31.0
1200,41.0
1201,48.0
1202,43.0
1203,33.0
1204,
1205,149.0
1206,24.0
1207,38.0
1208,68.0
1209,32.0
1210,69.0
1211,39.0
1212,51.0
1213,21.0
1214,82.0
1215,85.0
1216,42.0
1217,51.0
1218,39.0
1219,
1220,3.0
1221,25.0
1222,38.0
1223,32.0
1224,97.0
1225,47.0
1226,44.0
1227,75.0
1228,62.0
1229,51.0
1230,37.0
1231,25.0
1232,59.0
1233,37.0
1234,27.0
1235,16.0
1236,
1237,35.0
1238,32.0
1239,82.0
1240,56.0
1241,26.0
1242,20.0
1243,92.0
1244,107.0
1245,32.0
1246,34.0
1247,25.0
1248,33.0
1249,34.0
1250,83.0
1251,34.0
1252,50.0
1253,37.0
1254,41.0
1255,55.0
1256,26.0
1257,34.0
1258,
1259,
1260,69.0
1261,36.0
1262,37.0
1263,61.0
1264,63.0
1265,48.0
1266,39.0
1267,67.0
1268,31.0
1269,85.0
1270,31.0
1271,39.0
1272,43.0
1273,43.0
1274,39.0
1275,30.0
1276,37.0
1277,
1278,28.0
1279,63.0
1280,43.0
1281,45.0
1282,53.0
1283,26.0
1284,82.0
1285,26.0
1286,
1287,45.0
1288,25.0
1289,56.0
1290,41.0
1291,32.0
1292,48.0
1293,37.0
1294,56.0
1295,
1296,26.0
1297,49.0
1298,34.0
1299,35.0
1300,9.0
1301,39.0
1302,34.0
1303,33.0
1304,
1305,48.0
1306,50.0
1307,33.0
1308,33.0
1309,51.0
1310,49.0
1311,18.0
1312,42.0
1313,69.0
1314,34.0
1315,72.0
1316,50.0
1317,69.0
1318,104.0
1319,41.0
1320,33.0
1321,39.0
1322,43.0
1323,51.0
1324,
1325,24.0
1326,73.0
1327,57.0
1328,56.0
1329,50.0
1330,43.0
1331,48.0
1332,54.0
1333,35.0
1334,55.0
1335,25.0
1336,82.0
1337,43.0
1338,35.0
1339,45.0
1340,65.0
1341,37.0
1342,
1343,138.0
1344,53.0
1345,
1346,33.0
1347,57.0
1348,49.0
1349,42.0
1350,31.0
1351,32.0
1352,16.0
1353,54.0
1354,
1355,111.0
1356,93.0
1357,72.0
1358,69.0
1359,38.0
1360,38.0
1361,18.0
1362,97.0
1363,
1364,37.0
1365,32.0
1366,
1367,
1368,65.0
1369,47.0
1370,44.0
1371,
1372,32.0
1373,31.0
1374,13.0
1375,66.0
1376,33.0
1377,42.0
1378,46.0
1379,36.0
1380,44.0
1381,41.0
1382,15.0
1383,
1384,53.0
1385,23.0
1386,36.0
1387,21.0
1388,43.0
1389,29.0
1390,41.0
1391,94.0
1392,49.0
1393,37.0
1394,25.0
1395,48.0
1396,31.0
1397,38.0
1398,42.0
1399,44.0
1400,41.0
1401,36.0
1402,45.0
1403,43.0
1404,48.0
1405,41.0
1406,37.0
1407,31.0
1408,48.0
1409,72.0
1410,30.0
1411,48.0
1412,58.0
1413,45.0
1414,40.0
1415,
1416,63.0
1417,25.0
1418,22.0
1419,45.0
1420,73.0
1421,31.0
1422,41.0
1423,82.0
1424,39.0
1425,16.0
1426,35.0
1427,26.0
1428,24.0
1429,30.0
1430,73.0
1431,54.0
1432,33.0
1433,35.0
1434,48.0
1435,25.0
1436,65.0
1437,165.0
1438,60.0
1439,
1440,56.0
1441,41.0
1442,41.0
1443,37.0
1444,54.0
1445,45.0
1446,30.0
1447,67.0
1448,53.0
1449,
1450,41.0
1451,109.0
1452,42.0
1453,37.0
1454,36.0
1455,48.0
1456,40.0
1457,35.0
1458,75.0
1459,39.0
1460,14.0
1461,32.0
1462,56.0
1463,27.0
1464,53.0
1465,47.0
1466,21.0
1467,83.0
1468,75.0
1469,26.0
1470,29.0
1471,55.0
1472,56.0
1473,67.0
1474,34.0
1475,
1476,50.0
1477,44.0
1478,31.0
1479,68.0
1480,33.0
1481,38.0
1482,44.0
1483,65.0
1484,27.0
1485,22.0
1486,47.0
1487,40.0
1488,35.0
1489,33.0
1490,48.0
1491,45.0
1492,69.0
1493,71.0
1494,27.0
1495,83.0
1496,21.0
1497,31.0
1498,51.0
1499,42.0
1500,46.0
1501,34.0
1502,28.0
1503,46.0
1504,38.0
1505,49.0
1506,
1507,49.0
1508,44.0
1509,72.0
1510,65.0
1511,38.0
1512,48.0
1513,29.0
1514,25.0
1515,41.0
1516,39.0
1517,54.0
1518,42.0
1519,41.0
1520,49.0
1521,51.0
1522,41.0
1523,33.0
1524,32.0
1525,
1526,
1527,32.0
1528,38.0
1529,44.0
1530,75.0
1531,
1532,70.0
1533,17.0
1534,45.0
1535,51.0
1536,38.0
1537,56.0
1538,31.0
1539,48.0
1540,
1541,23.0
1542,43.0
1543,12.0
1544,46.0
1545,44.0
1546,155.0
1547,42.0
1548,72.0
1549,37.0
1550,35.0
1551,42.0
1552,46.0
1553,35.0
1554,101.0
1555,31.0
1556,15.0
1557,23.0
1558,71.0
1559,51.0
1560,25.0
1561,54.0
1562,33.0
1563,35.0
1564,41.0
1565,73.0
1566,44.0
1567,82.0
1568,95.0
1569,41.0
1570,60.0
1571,51.0
1572,31.0
1573,
1574,34.0
1575,47.0
1576,76.0
1577,50.0
1578,32.0
1579,96.0
1580,36.0
1581,33.0
1582,35.0
1583,26.0
1584,31.0
1585,23.0
1586,104.0
1587,27.0
1588,25.0
1589,42.0
1590,
1591,38.0
1592,42.0
1593,49.0
1594,43.0
1595,82.0
1596,63.0
1597,47.0
1598,27.0
1599,69.0
1600,48.0
1601,34.0
1602,38.0
1603,53.0
1604,38.0
1605,46.0
1606,26.0
1607,44.0
1608,95.0
1609,
1610,26.0
1611,82.0
1612,37.0
1613,9.0
1614,38.0
1615,57.0
1616,38.0
1617,82.0
1618,15.0
1619,26.0
1620,
1621,26.0
1622,17.0
1623,
1624,21.0
1625,48.0
1626,37.0
1627,37.0
1628,87.0
1629,65.0
1630,34.0
1631,39.0
1632,47.0
1633,31.0
1634,49.0
1635,82.0
1636,71.0
1637,56.0
1638,38.0
1639,32.0
1640,31.0
1641,50.0
1642,26.0
1643,56.0
1644,
1645,44.0
1646,53.0
1647,36.0
1648,74.0
1649,97.0
1650,71.0
1651,50.0
1652,33.0
1653,95.0
1654,73.0
1655,46.0
1656,41.0
1657,36.0
1658,77.0
1659,34.0
1660,39.0
1661,50.0
1662,82.0
1663,36.0
1664,48.0
1665,31.0
1666,65.0
1667,38.0
1668,17.0
1669,24.0
1670,25.0
1671,30.0
1672,55.0
1673,40.0
1674,64.0
1675,22.0
1676,32.0
1677,12.0
1678,38.0
1679,53.0
1680,11.0
1681,83.0
1682,37.0
1683,74.0
1684,38.0
1685,37.0
1686,4.0
1687,
1688,49.0
1689,50.0
1690,46.0
1691,47.0
1692,30.0
1693,240.0
1694,37.0
1695,13.0
1696,22.0
1697,38.0
1698,31.0
1699,49.0
1700,35.0
1701,72.0
1702,127.0
1703,56.0
1704,47.0
1705,14.0
1706,33.0
1707,33.0
1708,37.0
1709,
1710,67.0
1711,24.0
1712,35.0
1713,
1714,38.0
1715,25.0
1716,47.0
1717,45.0
1718,39.0
1719,29.0
1720,92.0
1721,33.0
1722,43.0
1723,39.0
1724,31.0
1725,66.0
1726,36.0
1727,39.0
1728,44.0
1729,53.0
1730,14.0
1731,38.0
1732,
1733,
1734,48.0
1735,30.0
1736,41.0
1737,49.0
1738,37.0
1739,51.0
1740,3.0
1741,29.0
1742,27.0
1743,43.0
1744,35.0
1745,50.0
1746,44.0
1747,63.0
1748,65.0
1749,37.0
1750,66.0
1751,31.0
1752,72.0
1753,35.0
1754,34.0
1755,
1756,29.0
1757,51.0
1758,38.0
1759,37.0
1760,50.0
1761,38.0
1762,26.0
1763,54.0
1764,15.0
1765,9.0
1766,55.0
1767,32.0
1768,65.0
1769,41.0
1770,32.0
1771,42.0
1772,42.0
1773,66.0
1774,31.0
1775,50.0
1776,33.0
1777,33.0
1778,28.0
1779,82.0
1780,50.0
1781,41.0
1782,50.0
1783,9.0
1784,44.0
1785,32.0
1786,38.0
1787,73.0
1788,57.0
1789,95.0
1790,43.0
1791,48.0
1792,45.0
1793,82.0
1794,33.0
1795,41.0
1796,32.0
1797,44.0
1798,56.0
1799,21.0
1800,104.0
1801,53.0
1802,53.0
1803,37.0
1804,92.0
1805,25.0
1806,81.0
1807,26.0
1808,81.0
1809,33.0
1810,43.0
1811,89.0
1812,53.0
1813,93.0
1814,38.0
1815,30.0
1816,28.0
1817,39.0
1818,15.0
1819,33.0
1820,38.0
1821,42.0
1822,39.0
1823,62.0
1824,44.0
1825,36.0
1826,45.0
1827,36.0
1828,21.0
1829,31.0
1830,50.0
1831,36.0
1832,28.0
1833,5.0
1834,31.0
1835,40.0
1836,44.0
1837,47.0
1838,24.0
1839,44.0
1840,114.0
1841,49.0
1842,128.0
1843,31.0
1844,53.0
1845,48.0
1846,44.0
1847,32.0
1848,44.0
1849,42.0
1850,32.0
1851,28.0
1852,147.0
1853,41.0
1854,37.0
1855,30.0
1856,36.0
1857,55.0
1858,32.0
1859,31.0
1860,65.0
1861,31.0
1862,
1863,44.0
1864,
1865,65.0
1866,51.0
1867,33.0
1868,72.0
1869,
1870,
1871,85.0
1872,25.0
1873,83.0
1874,34.0
1875,50.0
1876,36.0
1877,85.0
1878,49.0
1879,72.0
1880,40.0
1881,84.0
1882,34.0
1883,12.0
1884,50.0
1885,97.0
1886,37.0
1887,47.0
1888,41.0
1889,9.0
1890,32.0
1891,64.0
1892,41.0
1893,35.0
1894,39.0
1895,82.0
1896,34.0
1897,42.0
1898,37.0
1899,31.0
1900,
1901,40.0
1902,33.0
1903,49.0
1904,84.0
1905,37.0
1906,41.0
1907,31.0
1908,51.0
1909,35.0
1910,16.0
1911,49.0
1912,32.0
1913,
1914,33.0
1915,70.0
1916,7.0
1917,31.0
1918,18.0
1919,47.0
1920,9.0
1921,44.0
1922,26.0
1923,38.0
1924,34.0
1925,74.0
1926,37.0
1927,53.0
1928,41.0
1929,48.0
1930,45.0
1931,36.0
1932,41.0
1933,45.0
1934,43.0
1935,95.0
1936,26.0
1937,31.0
1938,53.0
1939,13.0
1940,41.0
1941,44.0
1942,34.0
1943,12.0
1944,16.0
1945,51.0
1946,47.0
1947,16.0
1948,6.0
1949,39.0
1950,30.0
1951,30.0
1952,34.0
1953,
1954,35.0
1955,50.0
1956,44.0
1957,
1958,25.0
