0,14.0
1,21.0
2,10.0
3,25.0
4,44.0
5,2.0
6,11.0
7,9.0
8,37.0
9,14.0
10,4.0
11,11.0
12,37.0
13,
14,37.0
15,14.0
16,13.0
17,9.0
18,12.0
19,26.0
20,1.0
21,14.0
22,22.0
23,15.0
24,
25,51.0
26,14.0
27,2.0
28,45.0
29,45.0
30,15.0
31,42.0
32,49.0
33,37.0
34,17.0
35,8.0
36,24.0
37,15.0
38,17.0
39,51.0
40,29.0
41,17.0
42,40.0
43,31.0
44,16.0
45,3.0
46,17.0
47,
48,15.0
49,13.0
50,20.0
51,3.0
52,35.0
53,7.0
54,15.0
55,49.0
56,45.0
57,8.0
58,58.0
59,2.0
60,52.0
61,8.0
62,2.0
63,27.0
64,11.0
65,47.0
66,7.0
67,19.0
68,
69,51.0
70,30.0
71,56.0
72,12.0
73,38.0
74,8.0
75,9.0
76,56.0
77,50.0
78,14.0
79,42.0
80,52.0
81,50.0
82,37.0
83,11.0
84,
85,19.0
86,37.0
87,7.0
88,21.0
89,29.0
90,14.0
91,19.0
92,
93,36.0
94,18.0
95,5.0
96,32.0
97,45.0
98,
99,26.0
100,6.0
101,18.0
102,8.0
103,
104,
105,16.0
106,32.0
107,9.0
108,26.0
109,37.0
110,33.0
111,
112,45.0
113,39.0
114,12.0
115,20.0
116,3.0
117,17.0
118,
119,34.0
120,42.0
121,14.0
122,11.0
123,43.0
124,14.0
125,14.0
126,
127,8.0
128,61.0
129,
130,5.0
131,18.0
132,33.0
133,25.0
134,60.0
135,2.0
136,22.0
137,37.0
138,
139,44.0
140,40.0
141,45.0
142,34.0
143,
144,
145,7.0
146,34.0
147,13.0
148,6.0
149,32.0
150,13.0
151,23.0
152,10.0
153,37.0
154,11.0
155,17.0
156,42.0
157,37.0
158,9.0
159,4.0
160,5.0
161,8.0
162,8.0
163,
164,12.0
165,46.0
166,
167,55.0
168,23.0
169,10.0
170,8.0
171,
172,11.0
173,46.0
174,
175,17.0
176,49.0
177,11.0
178,
179,16.0
180,
181,5.0
182,41.0
183,13.0
184,20.0
185,53.0
186,8.0
187,45.0
188,12.0
189,35.0
190,15.0
191,55.0
192,25.0
193,9.0
194,1.0
195,20.0
196,19.0
197,19.0
198,17.0
199,24.0
200,9.0
201,9.0
202,1.0
203,8.0
204,3.0
205,20.0
206,
207,22.0
208,13.0
209,6.0
210,35.0
211,10.0
212,41.0
213,
214,48.0
215,20.0
216,43.0
217,23.0
218,16.0
219,
220,5.0
221,14.0
222,29.0
223,14.0
224,5.0
225,4.0
226,28.0
227,13.0
228,11.0
229,48.0
230,14.0
231,3.0
232,20.0
233,14.0
234,14.0
235,39.0
236,
237,49.0
238,25.0
239,36.0
240,15.0
241,3.0
242,23.0
243,
244,14.0
245,11.0
246,15.0
247,8.0
248,49.0
249,26.0
250,27.0
251,19.0
252,36.0
253,46.0
254,67.0
255,16.0
256,
257,38.0
258,
259,49.0
260,34.0
261,11.0
262,
263,5.0
264,54.0
265,10.0
266,34.0
267,11.0
268,25.0
269,12.0
270,43.0
271,53.0
272,
273,36.0
274,21.0
275,37.0
276,44.0
277,23.0
278,18.0
279,23.0
280,36.0
281,46.0
282,50.0
283,6.0
284,49.0
285,15.0
286,13.0
287,6.0
288,
289,14.0
290,7.0
291,6.0
292,11.0
293,23.0
294,15.0
295,43.0
296,43.0
297,23.0
298,53.0
299,5.0
300,3.0
301,27.0
302,50.0
303,33.0
304,37.0
305,18.0
306,47.0
307,14.0
308,9.0
309,33.0
310,48.0
311,25.0
312,17.0
313,13.0
314,35.0
315,7.0
316,
317,26.0
318,52.0
319,47.0
320,1.0
321,1.0
322,49.0
323,18.0
324,59.0
325,33.0
326,49.0
327,53.0
328,13.0
329,34.0
330,39.0
331,53.0
332,8.0
333,12.0
334,9.0
335,27.0
336,52.0
337,14.0
338,
339,38.0
340,26.0
341,8.0
342,49.0
343,14.0
344,
345,9.0
346,45.0
347,47.0
348,3.0
349,49.0
350,
351,25.0
352,24.0
353,10.0
354,17.0
355,53.0
356,23.0
357,51.0
358,23.0
359,13.0
360,30.0
361,10.0
362,12.0
363,14.0
364,
365,22.0
366,40.0
367,6.0
368,45.0
369,16.0
370,
371,54.0
372,56.0
373,53.0
374,
375,9.0
376,5.0
377,8.0
378,39.0
379,10.0
380,51.0
381,28.0
382,36.0
383,52.0
384,31.0
385,38.0
386,50.0
387,29.0
388,15.0
389,49.0
390,54.0
391,55.0
392,24.0
393,54.0
394,55.0
395,9.0
396,6.0
397,
398,27.0
399,50.0
400,14.0
401,13.0
402,27.0
403,11.0
404,8.0
405,11.0
406,9.0
407,13.0
408,45.0
409,37.0
410,
411,5.0
412,45.0
413,46.0
414,4.0
415,6.0
416,9.0
417,31.0
418,12.0
419,15.0
420,37.0
421,14.0
422,34.0
423,
424,15.0
425,
426,9.0
427,47.0
428,46.0
429,42.0
430,25.0
431,4.0
432,13.0
433,15.0
434,15.0
435,14.0
436,13.0
437,12.0
438,18.0
439,25.0
440,9.0
441,14.0
442,16.0
443,27.0
444,
445,
446,14.0
447,2.0
448,16.0
449,6.0
450,9.0
451,10.0
452,6.0
453,36.0
454,36.0
455,39.0
456,13.0
457,20.0
458,8.0
459,49.0
460,42.0
461,48.0
462,36.0
463,
464,48.0
465,35.0
466,52.0
467,
468,43.0
469,4.0
470,39.0
471,16.0
472,47.0
473,13.0
474,12.0
475,10.0
476,55.0
477,
478,37.0
479,15.0
480,23.0
481,43.0
482,7.0
483,18.0
484,13.0
485,62.0
486,23.0
487,14.0
488,55.0
489,29.0
490,35.0
491,54.0
492,10.0
493,50.0
494,29.0
495,7.0
496,56.0
497,22.0
498,13.0
499,11.0
500,5.0
501,4.0
502,37.0
503,58.0
504,7.0
505,18.0
506,4.0
507,51.0
508,8.0
509,30.0
510,18.0
511,18.0
512,13.0
513,41.0
514,23.0
515,50.0
516,10.0
517,6.0
518,46.0
519,42.0
520,43.0
521,14.0
522,8.0
523,20.0
524,18.0
525,
526,14.0
527,
528,
529,1.0
530,37.0
531,4.0
532,2.0
533,12.0
534,18.0
535,43.0
536,
537,11.0
538,63.0
539,13.0
540,15.0
541,17.0
542,10.0
543,6.0
544,
545,53.0
546,
547,51.0
548,5.0
549,7.0
550,37.0
551,13.0
552,17.0
553,57.0
554,
555,10.0
556,56.0
557,10.0
558,37.0
559,53.0
560,10.0
561,14.0
562,
563,8.0
564,6.0
565,50.0
566,51.0
567,
568,13.0
569,49.0
570,
571,18.0
572,37.0
573,
574,10.0
575,2.0
576,13.0
577,43.0
578,6.0
579,8.0
580,10.0
581,18.0
582,39.0
583,56.0
584,33.0
585,41.0
586,12.0
587,4.0
588,18.0
589,24.0
590,12.0
591,30.0
592,12.0
593,8.0
594,36.0
595,27.0
596,2.0
597,33.0
598,4.0
599,13.0
600,14.0
601,7.0
602,
603,7.0
604,19.0
605,13.0
606,13.0
607,
608,6.0
609,
610,17.0
611,
612,8.0
613,
614,27.0
615,29.0
616,13.0
617,12.0
618,24.0
619,24.0
620,53.0
621,17.0
622,56.0
623,36.0
624,52.0
625,3.0
626,5.0
627,1.0
628,45.0
629,30.0
630,12.0
631,
632,59.0
633,14.0
634,13.0
635,12.0
636,
637,13.0
638,14.0
639,30.0
640,11.0
641,22.0
642,9.0
643,12.0
644,14.0
645,6.0
646,22.0
647,
648,53.0
649,13.0
650,8.0
651,14.0
652,8.0
653,57.0
654,11.0
655,26.0
656,40.0
657,50.0
658,41.0
659,54.0
660,
661,45.0
662,13.0
663,16.0
664,26.0
665,6.0
666,33.0
667,3.0
668,11.0
669,14.0
670,11.0
671,14.0
672,47.0
673,10.0
674,20.0
675,11.0
676,37.0
677,15.0
678,48.0
679,35.0
680,13.0
681,
682,14.0
683,7.0
684,5.0
685,21.0
686,
687,7.0
688,
689,10.0
690,12.0
691,1.0
692,14.0
693,59.0
694,8.0
695,15.0
696,53.0
697,39.0
698,4.0
699,53.0
700,53.0
701,20.0
702,49.0
703,45.0
704,8.0
705,25.0
706,
707,3.0
708,22.0
709,
710,33.0
711,28.0
712,43.0
713,
714,20.0
715,50.0
716,
717,5.0
718,33.0
719,
720,49.0
721,34.0
722,2.0
723,60.0
724,14.0
725,34.0
726,47.0
727,9.0
728,20.0
729,45.0
730,47.0
731,10.0
732,17.0
733,24.0
734,10.0
735,
736,43.0
737,32.0
738,32.0
739,45.0
740,10.0
741,9.0
742,18.0
743,14.0
744,29.0
745,14.0
746,58.0
747,26.0
748,3.0
749,
750,53.0
751,24.0
752,15.0
753,3.0
754,4.0
755,40.0
756,1.0
757,24.0
758,41.0
759,12.0
760,13.0
761,24.0
762,20.0
763,14.0
764,20.0
765,49.0
766,53.0
767,56.0
768,45.0
769,30.0
770,28.0
771,11.0
772,1.0
773,
774,4.0
775,
776,5.0
777,
778,
779,14.0
780,12.0
781,13.0
782,37.0
783,59.0
784,
785,16.0
786,53.0
787,34.0
788,27.0
789,18.0
790,18.0
791,22.0
792,2.0
793,10.0
794,5.0
795,9.0
796,55.0
797,14.0
798,12.0
799,44.0
800,
801,48.0
802,17.0
803,36.0
804,2.0
805,7.0
806,8.0
807,27.0
808,16.0
809,14.0
810,11.0
811,37.0
812,6.0
813,5.0
814,54.0
815,18.0
816,10.0
817,
818,43.0
819,6.0
820,22.0
821,24.0
822,24.0
823,47.0
824,37.0
825,35.0
826,18.0
827,4.0
828,9.0
829,8.0
830,46.0
831,47.0
832,10.0
833,45.0
834,4.0
835,41.0
836,23.0
837,57.0
838,50.0
839,8.0
840,5.0
841,37.0
842,37.0
843,49.0
844,14.0
845,37.0
846,43.0
847,5.0
848,2.0
849,14.0
850,11.0
851,13.0
852,
853,16.0
854,44.0
855,10.0
856,
857,53.0
858,3.0
859,33.0
860,17.0
861,20.0
862,8.0
863,
864,10.0
865,15.0
866,6.0
867,20.0
868,46.0
869,22.0
870,
871,49.0
872,13.0
873,33.0
874,14.0
875,32.0
876,53.0
877,15.0
878,
879,17.0
880,10.0
881,
882,57.0
883,55.0
884,50.0
885,20.0
886,33.0
887,
888,13.0
889,
890,12.0
891,50.0
892,17.0
893,54.0
894,7.0
895,11.0
896,14.0
897,39.0
898,41.0
899,7.0
900,37.0
901,13.0
902,9.0
903,9.0
904,12.0
905,18.0
906,14.0
907,26.0
908,15.0
909,33.0
910,10.0
911,12.0
912,9.0
913,
914,3.0
915,
916,37.0
917,52.0
918,19.0
919,14.0
920,20.0
921,
922,18.0
923,35.0
924,47.0
925,17.0
926,14.0
927,51.0
928,11.0
929,
930,39.0
931,41.0
932,8.0
933,49.0
934,54.0
935,1.0
936,
937,6.0
938,16.0
939,15.0
940,4.0
941,36.0
942,3.0
943,42.0
944,7.0
945,45.0
946,13.0
947,39.0
948,2.0
949,49.0
950,12.0
951,8.0
952,40.0
953,8.0
954,11.0
955,44.0
956,26.0
957,48.0
958,8.0
959,28.0
960,9.0
961,
962,18.0
963,11.0
964,
965,14.0
966,20.0
967,4.0
968,39.0
969,2.0
970,54.0
971,14.0
972,15.0
973,34.0
974,22.0
975,45.0
976,43.0
977,19.0
978,18.0
979,
980,17.0
981,19.0
982,
983,50.0
984,63.0
985,54.0
986,14.0
987,1.0
988,29.0
989,37.0
990,30.0
991,13.0
992,3.0
993,37.0
994,3.0
995,51.0
996,
997,2.0
998,6.0
999,22.0
1000,29.0
1001,15.0
1002,14.0
1003,53.0
1004,49.0
1005,47.0
1006,51.0
1007,12.0
1008,17.0
1009,10.0
1010,
1011,56.0
1012,48.0
1013,20.0
1014,9.0
1015,44.0
1016,13.0
1017,7.0
1018,12.0
1019,
1020,35.0
1021,2.0
1022,46.0
1023,1.0
1024,42.0
1025,14.0
1026,14.0
1027,34.0
1028,14.0
1029,8.0
1030,22.0
1031,
1032,26.0
1033,56.0
1034,14.0
1035,14.0
1036,45.0
1037,8.0
1038,56.0
1039,10.0
1040,18.0
1041,37.0
1042,5.0
1043,27.0
1044,7.0
1045,19.0
1046,14.0
1047,48.0
1048,13.0
1049,18.0
1050,
1051,
1052,11.0
1053,54.0
1054,26.0
1055,
1056,6.0
1057,34.0
1058,12.0
1059,16.0
1060,9.0
1061,13.0
1062,24.0
1063,16.0
1064,41.0
1065,15.0
1066,18.0
1067,50.0
1068,12.0
1069,10.0
1070,4.0
1071,15.0
1072,20.0
1073,13.0
1074,51.0
1075,20.0
1076,5.0
1077,45.0
1078,49.0
1079,18.0
1080,42.0
1081,
1082,53.0
1083,57.0
1084,13.0
1085,7.0
1086,53.0
1087,16.0
1088,14.0
1089,11.0
1090,21.0
1091,12.0
1092,50.0
1093,56.0
1094,43.0
1095,1.0
1096,9.0
1097,43.0
1098,7.0
1099,4.0
1100,
1101,9.0
1102,3.0
1103,7.0
1104,8.0
1105,6.0
1106,36.0
1107,4.0
1108,22.0
1109,14.0
1110,40.0
1111,56.0
1112,
1113,26.0
1114,7.0
1115,11.0
1116,
1117,44.0
1118,9.0
1119,53.0
1120,39.0
1121,26.0
1122,14.0
1123,10.0
1124,57.0
1125,10.0
1126,20.0
1127,1.0
1128,24.0
1129,45.0
1130,
1131,
1132,2.0
1133,59.0
1134,17.0
1135,56.0
1136,12.0
1137,28.0
1138,47.0
1139,47.0
1140,13.0
1141,15.0
1142,25.0
1143,52.0
1144,54.0
1145,20.0
1146,31.0
1147,24.0
1148,
1149,22.0
1150,
1151,9.0
1152,45.0
1153,9.0
1154,
1155,13.0
1156,38.0
1157,6.0
1158,
1159,19.0
1160,32.0
1161,12.0
1162,32.0
1163,34.0
1164,49.0
1165,14.0
1166,43.0
1167,
1168,32.0
1169,9.0
1170,26.0
1171,13.0
1172,34.0
1173,16.0
1174,49.0
1175,45.0
1176,13.0
1177,
1178,1.0
1179,36.0
1180,30.0
1181,8.0
1182,57.0
1183,13.0
1184,12.0
1185,56.0
1186,5.0
1187,30.0
1188,4.0
1189,19.0
1190,37.0
1191,
1192,55.0
1193,45.0
1194,
1195,12.0
1196,32.0
1197,1.0
1198,40.0
1199,47.0
1200,46.0
1201,39.0
1202,7.0
1203,
1204,10.0
1205,72.0
1206,49.0
1207,19.0
1208,3.0
1209,17.0
1210,16.0
1211,8.0
1212,39.0
1213,4.0
1214,45.0
1215,49.0
1216,3.0
1217,
1218,46.0
1219,
1220,6.0
1221,18.0
1222,
1223,19.0
1224,52.0
1225,43.0
1226,37.0
1227,16.0
1228,35.0
1229,39.0
1230,37.0
1231,14.0
1232,13.0
1233,32.0
1234,7.0
1235,
1236,3.0
1237,23.0
1238,18.0
1239,45.0
1240,53.0
1241,15.0
1242,12.0
1243,35.0
1244,38.0
1245,13.0
1246,14.0
1247,14.0
1248,
1249,
1250,28.0
1251,49.0
1252,32.0
1253,32.0
1254,
1255,7.0
1256,49.0
1257,36.0
1258,7.0
1259,
1260,16.0
1261,12.0
1262,12.0
1263,5.0
1264,5.0
1265,
1266,2.0
1267,57.0
1268,47.0
1269,46.0
1270,36.0
1271,24.0
1272,2.0
1273,6.0
1274,11.0
1275,6.0
1276,16.0
1277,15.0
1278,16.0
1279,53.0
1280,6.0
1281,55.0
1282,24.0
1283,54.0
1284,45.0
1285,54.0
1286,10.0
1287,1.0
1288,14.0
1289,10.0
1290,38.0
1291,17.0
1292,43.0
1293,
1294,35.0
1295,16.0
1296,49.0
1297,2.0
1298,18.0
1299,50.0
1300,
1301,
1302,14.0
1303,8.0
1304,
1305,
1306,10.0
1307,8.0
1308,
1309,19.0
1310,18.0
1311,8.0
1312,7.0
1313,44.0
1314,49.0
1315,11.0
1316,15.0
1317,11.0
1318,50.0
1319,2.0
1320,9.0
1321,5.0
1322,50.0
1323,19.0
1324,44.0
1325,49.0
1326,12.0
1327,
1328,59.0
1329,2.0
1330,
1331,29.0
1332,
1333,52.0
1334,27.0
1335,14.0
1336,45.0
1337,19.0
1338,11.0
1339,12.0
1340,1.0
1341,30.0
1342,10.0
1343,
1344,3.0
1345,7.0
1346,45.0
1347,41.0
1348,49.0
1349,13.0
1350,47.0
1351,9.0
1352,15.0
1353,15.0
1354,4.0
1355,17.0
1356,5.0
1357,22.0
1358,
1359,56.0
1360,30.0
1361,14.0
1362,52.0
1363,
1364,
1365,17.0
1366,
1367,7.0
1368,10.0
1369,50.0
1370,37.0
1371,
1372,67.0
1373,36.0
1374,8.0
1375,27.0
1376,64.0
1377,13.0
1378,38.0
1379,13.0
1380,19.0
1381,40.0
1382,8.0
1383,3.0
1384,55.0
1385,8.0
1386,13.0
1387,9.0
1388,11.0
1389,17.0
1390,23.0
1391,39.0
1392,
1393,18.0
1394,
1395,30.0
1396,14.0
1397,56.0
1398,54.0
1399,55.0
1400,30.0
1401,3.0
1402,
1403,26.0
1404,43.0
1405,
1406,16.0
1407,11.0
1408,55.0
1409,22.0
1410,21.0
1411,24.0
1412,
1413,6.0
1414,36.0
1415,16.0
1416,13.0
1417,14.0
1418,41.0
1419,
1420,
1421,14.0
1422,30.0
1423,45.0
1424,1.0
1425,50.0
1426,12.0
1427,49.0
1428,49.0
1429,10.0
1430,46.0
1431,5.0
1432,8.0
1433,
1434,43.0
1435,14.0
1436,14.0
1437,19.0
1438,25.0
1439,
1440,4.0
1441,
1442,13.0
1443,15.0
1444,34.0
1445,18.0
1446,29.0
1447,57.0
1448,
1449,7.0
1450,52.0
1451,32.0
1452,14.0
1453,47.0
1454,10.0
1455,15.0
1456,19.0
1457,23.0
1458,12.0
1459,37.0
1460,52.0
1461,12.0
1462,53.0
1463,19.0
1464,48.0
1465,
1466,13.0
1467,28.0
1468,27.0
1469,49.0
1470,14.0
1471,7.0
1472,26.0
1473,17.0
1474,16.0
1475,26.0
1476,
1477,48.0
1478,20.0
1479,
1480,45.0
1481,56.0
1482,37.0
1483,15.0
1484,7.0
1485,47.0
1486,53.0
1487,27.0
1488,13.0
1489,8.0
1490,29.0
1491,47.0
1492,44.0
1493,19.0
1494,12.0
1495,13.0
1496,9.0
1497,49.0
1498,6.0
1499,9.0
1500,29.0
1501,49.0
1502,43.0
1503,16.0
1504,56.0
1505,
1506,10.0
1507,49.0
1508,37.0
1509,22.0
1510,53.0
1511,56.0
1512,24.0
1513,14.0
1514,14.0
1515,4.0
1516,37.0
1517,21.0
1518,14.0
1519,47.0
1520,15.0
1521,5.0
1522,18.0
1523,12.0
1524,
1525,10.0
1526,
1527,13.0
1528,30.0
1529,37.0
1530,12.0
1531,5.0
1532,61.0
1533,51.0
1534,
1535,2.0
1536,23.0
1537,53.0
1538,47.0
1539,32.0
1540,10.0
1541,21.0
1542,29.0
1543,33.0
1544,8.0
1545,23.0
1546,61.0
1547,7.0
1548,
1549,14.0
1550,19.0
1551,9.0
1552,24.0
1553,23.0
1554,10.0
1555,7.0
1556,22.0
1557,25.0
1558,19.0
1559,48.0
1560,14.0
1561,18.0
1562,55.0
1563,13.0
1564,41.0
1565,5.0
1566,37.0
1567,45.0
1568,55.0
1569,12.0
1570,47.0
1571,5.0
1572,
1573,7.0
1574,48.0
1575,45.0
1576,2.0
1577,15.0
1578,17.0
1579,3.0
1580,7.0
1581,55.0
1582,17.0
1583,49.0
1584,
1585,3.0
1586,50.0
1587,18.0
1588,13.0
1589,26.0
1590,1.0
1591,34.0
1592,9.0
1593,14.0
1594,14.0
1595,45.0
1596,2.0
1597,43.0
1598,23.0
1599,44.0
1600,11.0
1601,49.0
1602,56.0
1603,12.0
1604,43.0
1605,10.0
1606,10.0
1607,50.0
1608,55.0
1609,11.0
1610,14.0
1611,45.0
1612,46.0
1613,
1614,34.0
1615,37.0
1616,24.0
1617,45.0
1618,
1619,13.0
1620,33.0
1621,49.0
1622,43.0
1623,10.0
1624,19.0
1625,24.0
1626,46.0
1627,3.0
1628,
1629,47.0
1630,18.0
1631,9.0
1632,12.0
1633,17.0
1634,24.0
1635,45.0
1636,24.0
1637,53.0
1638,56.0
1639,17.0
1640,3.0
1641,13.0
1642,54.0
1643,8.0
1644,8.0
1645,29.0
1646,46.0
1647,38.0
1648,42.0
1649,52.0
1650,24.0
1651,20.0
1652,8.0
1653,55.0
1654,20.0
1655,6.0
1656,52.0
1657,3.0
1658,11.0
1659,
1660,37.0
1661,32.0
1662,45.0
1663,10.0
1664,39.0
1665,14.0
1666,32.0
1667,56.0
1668,13.0
1669,49.0
1670,7.0
1671,11.0
1672,27.0
1673,19.0
1674,53.0
1675,47.0
1676,
1677,33.0
1678,12.0
1679,42.0
1680,7.0
1681,2.0
1682,9.0
1683,4.0
1684,43.0
1685,37.0
1686,2.0
1687,10.0
1688,59.0
1689,17.0
1690,
1691,11.0
1692,18.0
1693,10.0
1694,5.0
1695,5.0
1696,41.0
1697,56.0
1698,
1699,4.0
1700,50.0
1701,34.0
1702,54.0
1703,53.0
1704,26.0
1705,52.0
1706,8.0
1707,8.0
1708,55.0
1709,8.0
1710,17.0
1711,49.0
1712,
1713,
1714,23.0
1715,45.0
1716,12.0
1717,
1718,10.0
1719,3.0
1720,37.0
1721,8.0
1722,59.0
1723,32.0
1724,53.0
1725,41.0
1726,10.0
1727,4.0
1728,37.0
1729,3.0
1730,43.0
1731,56.0
1732,16.0
1733,16.0
1734,29.0
1735,18.0
1736,3.0
1737,4.0
1738,52.0
1739,33.0
1740,4.0
1741,42.0
1742,7.0
1743,48.0
1744,8.0
1745,20.0
1746,9.0
1747,16.0
1748,
1749,18.0
1750,6.0
1751,14.0
1752,22.0
1753,24.0
1754,7.0
1755,
1756,
1757,36.0
1758,56.0
1759,37.0
1760,24.0
1761,11.0
1762,2.0
1763,5.0
1764,26.0
1765,
1766,7.0
1767,14.0
1768,6.0
1769,59.0
1770,14.0
1771,7.0
1772,7.0
1773,27.0
1774,15.0
1775,20.0
1776,4.0
1777,8.0
1778,52.0
1779,45.0
1780,47.0
1781,48.0
1782,1.0
1783,
1784,10.0
1785,18.0
1786,34.0
1787,9.0
1788,41.0
1789,55.0
1790,14.0
1791,
1792,52.0
1793,45.0
1794,8.0
1795,18.0
1796,
1797,55.0
1798,18.0
1799,12.0
1800,50.0
1801,
1802,12.0
1803,52.0
1804,29.0
1805,14.0
1806,42.0
1807,49.0
1808,
1809,6.0
1810,25.0
1811,
1812,
1813,45.0
1814,30.0
1815,15.0
1816,11.0
1817,9.0
1818,26.0
1819,45.0
1820,56.0
1821,3.0
1822,
1823,35.0
1824,55.0
1825,10.0
1826,52.0
1827,46.0
1828,4.0
1829,47.0
1830,13.0
1831,3.0
1832,43.0
1833,
1834,8.0
1835,
1836,29.0
1837,45.0
1838,49.0
1839,55.0
1840,23.0
1841,24.0
1842,56.0
1843,38.0
1844,3.0
1845,24.0
1846,50.0
1847,52.0
1848,28.0
1849,9.0
1850,12.0
1851,45.0
1852,31.0
1853,48.0
1854,10.0
1855,10.0
1856,12.0
1857,7.0
1858,67.0
1859,41.0
1860,
1861,14.0
1862,
1863,31.0
1864,7.0
1865,
1866,19.0
1867,4.0
1868,22.0
1869,
1870,
1871,11.0
1872,16.0
1873,16.0
1874,49.0
1875,20.0
1876,10.0
1877,6.0
1878,26.0
1879,11.0
1880,44.0
1881,
1882,37.0
1883,5.0
1884,20.0
1885,53.0
1886,11.0
1887,10.0
1888,2.0
1889,
1890,3.0
1891,16.0
1892,37.0
1893,23.0
1894,43.0
1895,45.0
1896,
1897,7.0
1898,53.0
1899,14.0
1900,60.0
1901,16.0
1902,13.0
1903,47.0
1904,
1905,33.0
1906,14.0
1907,34.0
1908,
1909,20.0
1910,5.0
1911,26.0
1912,18.0
1913,
1914,43.0
1915,13.0
1916,
1917,53.0
1918,
1919,12.0
1920,
1921,41.0
1922,49.0
1923,56.0
1924,37.0
1925,54.0
1926,12.0
1927,12.0
1928,
1929,12.0
1930,27.0
1931,10.0
1932,13.0
1933,55.0
1934,29.0
1935,55.0
1936,49.0
1937,17.0
1938,3.0
1939,17.0
1940,52.0
1941,25.0
1942,23.0
1943,33.0
1944,5.0
1945,
1946,53.0
1947,13.0
1948,2.0
1949,9.0
1950,
1951,13.0
1952,8.0
1953,14.0
1954,1.0
1955,48.0
1956,50.0
1957,
1958,16.0
