0,70.0
1,200.0
2,200.0
3,200.0
4,200.0
5,198.0
6,200.0
7,10.0
8,200.0
9,100.0
10,82.0
11,70.0
12,200.0
13,200.0
14,200.0
15,200.0
16,199.0
17,110.0
18,200.0
19,199.0
20,190.0
21,200.0
22,200.0
23,200.0
24,10.0
25,196.0
26,200.0
27,200.0
28,197.0
29,200.0
30,200.0
31,200.0
32,200.0
33,200.0
34,198.0
35,200.0
36,200.0
37,199.0
38,197.0
39,
40,100.0
41,200.0
42,200.0
43,200.0
44,181.0
45,80.0
46,198.0
47,200.0
48,68.0
49,200.0
50,200.0
51,200.0
52,200.0
53,200.0
54,200.0
55,199.0
56,140.0
57,200.0
58,200.0
59,200.0
60,60.0
61,200.0
62,200.0
63,199.0
64,200.0
65,200.0
66,60.0
67,200.0
68,200.0
69,200.0
70,200.0
71,200.0
72,199.0
73,199.0
74,197.0
75,187.0
76,199.0
77,187.0
78,197.0
79,160.0
80,200.0
81,194.0
82,50.0
83,200.0
84,200.0
85,200.0
86,200.0
87,200.0
88,70.0
89,200.0
90,200.0
91,110.0
92,200.0
93,200.0
94,200.0
95,80.0
96,40.0
97,190.0
98,199.0
99,195.0
100,200.0
101,200.0
102,200.0
103,200.0
104,200.0
105,200.0
106,200.0
107,193.0
108,80.0
109,200.0
110,199.0
111,40.0
112,200.0
113,199.0
114,199.0
115,200.0
116,200.0
117,199.0
118,
119,200.0
120,200.0
121,200.0
122,195.0
123,110.0
124,200.0
125,200.0
126,150.0
127,10.0
128,199.0
129,200.0
130,189.0
131,199.0
132,200.0
133,200.0
134,200.0
135,196.0
136,110.0
137,200.0
138,200.0
139,189.0
140,199.0
141,200.0
142,200.0
143,199.0
144,199.0
145,198.0
146,200.0
147,200.0
148,200.0
149,130.0
150,200.0
151,200.0
152,200.0
153,200.0
154,200.0
155,200.0
156,200.0
157,200.0
158,200.0
159,200.0
160,200.0
161,200.0
162,20.0
163,200.0
164,200.0
165,
166,200.0
167,200.0
168,200.0
169,18.0
170,199.0
171,200.0
172,
173,195.0
174,200.0
175,
176,200.0
177,196.0
178,127.0
179,200.0
180,199.0
181,200.0
182,200.0
183,200.0
184,10.0
185,198.0
186,200.0
187,199.0
188,200.0
189,194.0
190,198.0
191,200.0
192,200.0
193,200.0
194,197.0
195,200.0
196,128.0
197,200.0
198,197.0
199,198.0
200,200.0
201,198.0
202,200.0
203,197.0
204,200.0
205,183.0
206,200.0
207,200.0
208,200.0
209,197.0
210,200.0
211,148.0
212,200.0
213,
214,198.0
215,9.0
216,199.0
217,116.0
218,200.0
219,200.0
220,9.0
221,158.0
222,200.0
223,50.0
224,199.0
225,200.0
226,200.0
227,200.0
228,200.0
229,200.0
230,199.0
231,199.0
232,170.0
233,200.0
234,200.0
235,20.0
236,200.0
237,200.0
238,170.0
239,196.0
240,196.0
241,80.0
242,200.0
243,198.0
244,200.0
245,200.0
246,198.0
247,200.0
248,200.0
249,
250,200.0
251,200.0
252,155.0
253,200.0
254,180.0
255,170.0
256,200.0
257,198.0
258,200.0
259,200.0
260,200.0
261,200.0
262,199.0
263,200.0
264,200.0
265,200.0
266,197.0
267,200.0
268,200.0
269,200.0
270,200.0
271,200.0
272,200.0
273,200.0
274,200.0
275,187.0
276,120.0
277,200.0
278,200.0
279,200.0
280,200.0
281,200.0
282,120.0
283,70.0
284,200.0
285,200.0
286,200.0
287,200.0
288,200.0
289,200.0
290,200.0
291,200.0
292,200.0
293,200.0
294,49.0
295,197.0
296,200.0
297,200.0
298,200.0
299,200.0
300,196.0
301,198.0
302,40.0
303,200.0
304,10.0
305,79.0
306,165.0
307,200.0
308,200.0
309,198.0
310,88.0
311,199.0
312,200.0
313,200.0
314,
315,198.0
316,200.0
317,199.0
318,149.0
319,200.0
320,195.0
321,185.0
322,199.0
323,129.0
324,200.0
325,199.0
326,200.0
327,140.0
328,200.0
329,199.0
330,200.0
331,200.0
332,200.0
333,200.0
334,200.0
335,30.0
336,200.0
337,110.0
338,199.0
339,200.0
340,200.0
341,200.0
342,200.0
343,200.0
344,138.0
345,197.0
346,200.0
347,200.0
348,30.0
349,200.0
350,199.0
351,199.0
352,200.0
353,197.0
354,196.0
355,123.0
356,200.0
357,198.0
358,200.0
359,200.0
360,195.0
361,195.0
362,200.0
363,200.0
364,199.0
365,200.0
366,200.0
367,50.0
368,10.0
369,50.0
370,200.0
371,200.0
372,200.0
373,
374,199.0
375,50.0
376,200.0
377,200.0
378,10.0
379,40.0
380,200.0
381,200.0
382,200.0
383,9.0
384,80.0
385,200.0
386,200.0
387,200.0
388,198.0
389,30.0
390,200.0
391,199.0
392,186.0
393,200.0
394,200.0
395,199.0
396,200.0
397,200.0
398,30.0
399,60.0
400,200.0
401,200.0
402,200.0
403,200.0
404,200.0
405,200.0
406,200.0
407,200.0
408,110.0
409,200.0
410,200.0
411,164.0
412,200.0
413,
414,150.0
415,39.0
416,70.0
417,200.0
418,200.0
419,197.0
420,200.0
421,200.0
422,200.0
423,100.0
424,199.0
425,82.0
426,199.0
427,200.0
428,200.0
429,40.0
430,190.0
431,200.0
432,200.0
433,110.0
434,200.0
435,54.0
436,107.0
437,200.0
438,200.0
439,40.0
440,199.0
441,200.0
442,198.0
443,198.0
444,200.0
445,200.0
446,200.0
447,200.0
448,200.0
449,200.0
450,198.0
451,
452,200.0
453,
454,70.0
455,200.0
456,50.0
457,200.0
458,181.0
459,200.0
460,200.0
461,200.0
462,200.0
463,200.0
464,199.0
465,200.0
466,200.0
467,123.0
468,110.0
469,181.0
470,199.0
471,199.0
472,190.0
473,200.0
474,200.0
475,196.0
476,10.0
477,200.0
478,141.0
479,30.0
480,200.0
481,200.0
482,200.0
483,200.0
484,200.0
485,200.0
486,196.0
487,200.0
488,200.0
489,20.0
490,60.0
491,196.0
492,150.0
493,200.0
494,199.0
495,199.0
496,190.0
497,200.0
498,30.0
499,197.0
500,200.0
501,200.0
502,
503,40.0
504,200.0
505,200.0
506,133.0
507,198.0
508,200.0
509,200.0
510,200.0
511,196.0
512,200.0
513,197.0
514,200.0
515,200.0
516,200.0
517,40.0
518,200.0
519,198.0
520,200.0
521,200.0
522,200.0
523,200.0
524,79.0
525,120.0
526,200.0
527,200.0
528,60.0
529,160.0
530,100.0
531,200.0
532,
533,195.0
534,200.0
535,196.0
536,187.0
537,196.0
538,125.0
539,130.0
540,185.0
541,200.0
542,199.0
543,30.0
544,200.0
545,200.0
546,197.0
547,197.0
548,200.0
549,200.0
550,200.0
551,197.0
552,200.0
553,200.0
554,200.0
555,199.0
556,200.0
557,200.0
558,80.0
559,20.0
560,197.0
561,173.0
562,200.0
563,200.0
564,186.0
565,
566,200.0
567,197.0
568,200.0
569,193.0
570,200.0
571,200.0
572,200.0
573,197.0
574,200.0
575,200.0
576,199.0
577,80.0
578,200.0
579,200.0
580,200.0
581,200.0
582,199.0
583,190.0
584,120.0
585,196.0
586,200.0
587,199.0
588,198.0
589,199.0
590,187.0
591,200.0
592,200.0
593,200.0
594,
595,10.0
596,200.0
597,10.0
598,9.0
599,200.0
600,200.0
601,124.0
602,200.0
603,200.0
604,200.0
605,10.0
606,200.0
607,196.0
608,200.0
609,110.0
610,200.0
611,200.0
612,200.0
613,200.0
614,110.0
615,110.0
616,126.0
617,200.0
618,199.0
619,196.0
620,198.0
621,200.0
622,194.0
623,200.0
624,200.0
625,80.0
626,200.0
627,200.0
628,198.0
629,199.0
630,199.0
631,200.0
632,199.0
633,200.0
634,172.0
635,200.0
636,70.0
637,200.0
638,197.0
639,200.0
640,200.0
641,200.0
642,200.0
643,200.0
644,200.0
645,200.0
646,199.0
647,200.0
648,200.0
649,199.0
650,200.0
651,199.0
652,200.0
653,200.0
654,200.0
655,60.0
656,10.0
657,200.0
658,199.0
659,200.0
660,200.0
661,10.0
662,200.0
663,20.0
664,199.0
665,181.0
666,200.0
667,
668,9.0
669,107.0
670,30.0
671,10.0
672,200.0
673,200.0
674,200.0
675,199.0
676,20.0
677,200.0
678,200.0
679,200.0
680,200.0
681,90.0
682,199.0
683,200.0
684,196.0
685,199.0
686,186.0
687,200.0
688,200.0
689,200.0
690,199.0
691,200.0
692,199.0
693,200.0
694,199.0
695,200.0
696,196.0
697,198.0
698,200.0
699,200.0
700,198.0
701,199.0
702,199.0
703,200.0
704,200.0
705,138.0
706,200.0
707,198.0
708,199.0
709,200.0
710,140.0
711,110.0
712,199.0
713,200.0
714,
715,200.0
716,186.0
717,200.0
718,196.0
719,10.0
720,196.0
721,183.0
722,200.0
723,50.0
724,200.0
725,200.0
726,200.0
727,200.0
728,200.0
729,10.0
730,200.0
731,198.0
732,198.0
733,200.0
734,186.0
735,200.0
736,200.0
737,199.0
738,200.0
739,200.0
740,10.0
741,200.0
742,200.0
743,
744,199.0
745,200.0
746,198.0
747,200.0
748,
749,200.0
750,200.0
751,190.0
752,200.0
753,177.0
754,200.0
755,200.0
756,200.0
757,200.0
758,60.0
759,200.0
760,30.0
761,200.0
762,199.0
763,
764,200.0
765,200.0
766,200.0
767,200.0
768,200.0
769,191.0
770,200.0
771,200.0
772,200.0
773,200.0
774,200.0
775,200.0
776,
777,200.0
778,200.0
779,200.0
780,200.0
781,199.0
782,74.0
783,40.0
784,200.0
785,130.0
786,60.0
787,200.0
788,200.0
789,200.0
790,20.0
791,200.0
792,200.0
793,179.0
794,200.0
795,196.0
796,200.0
797,200.0
798,200.0
799,200.0
800,200.0
801,133.0
802,200.0
803,200.0
804,
805,200.0
806,199.0
807,199.0
808,200.0
809,110.0
810,127.0
811,197.0
812,197.0
813,70.0
814,200.0
815,200.0
816,199.0
817,199.0
818,200.0
819,200.0
820,199.0
821,199.0
822,198.0
823,140.0
824,199.0
825,183.0
826,198.0
827,184.0
828,199.0
829,
830,200.0
831,200.0
832,84.0
833,200.0
834,
835,200.0
836,200.0
837,200.0
838,200.0
839,200.0
840,200.0
841,198.0
842,200.0
843,200.0
844,50.0
845,110.0
846,200.0
847,200.0
848,199.0
849,200.0
850,194.0
851,80.0
852,191.0
853,91.0
854,199.0
855,199.0
856,200.0
857,164.0
858,200.0
859,199.0
860,199.0
861,128.0
862,40.0
863,200.0
864,198.0
865,200.0
866,200.0
867,200.0
868,200.0
869,200.0
870,197.0
871,200.0
872,154.0
873,193.0
874,200.0
875,197.0
876,200.0
877,200.0
878,200.0
879,
880,196.0
881,10.0
882,200.0
883,200.0
884,200.0
885,200.0
886,50.0
887,200.0
888,200.0
889,90.0
890,186.0
891,200.0
892,200.0
893,200.0
894,200.0
895,199.0
896,200.0
897,199.0
898,200.0
899,30.0
900,199.0
901,200.0
902,200.0
903,96.0
904,200.0
905,195.0
906,10.0
907,200.0
908,196.0
909,200.0
910,20.0
911,199.0
912,199.0
913,70.0
914,200.0
915,200.0
916,200.0
917,137.0
918,165.0
919,200.0
920,196.0
921,200.0
922,200.0
923,200.0
924,200.0
925,199.0
926,200.0
927,200.0
928,200.0
929,199.0
930,200.0
931,198.0
932,30.0
933,177.0
934,199.0
935,200.0
936,200.0
937,159.0
938,200.0
939,200.0
940,196.0
941,40.0
942,195.0
943,200.0
944,198.0
945,110.0
946,199.0
947,10.0
948,200.0
949,200.0
950,111.0
951,190.0
952,197.0
953,200.0
954,198.0
955,200.0
956,200.0
957,200.0
958,200.0
959,200.0
960,50.0
961,
962,10.0
963,200.0
964,198.0
965,200.0
966,200.0
967,200.0
968,200.0
969,20.0
970,197.0
971,150.0
972,200.0
973,90.0
974,197.0
975,197.0
976,200.0
977,40.0
978,200.0
979,160.0
980,200.0
981,200.0
982,
983,198.0
984,200.0
985,199.0
986,193.0
987,200.0
988,196.0
989,200.0
990,200.0
991,200.0
992,140.0
993,200.0
994,200.0
995,200.0
996,200.0
997,199.0
998,199.0
999,196.0
1000,200.0
1001,200.0
1002,200.0
1003,200.0
1004,200.0
1005,199.0
1006,200.0
1007,200.0
1008,200.0
1009,199.0
1010,200.0
1011,200.0
1012,20.0
1013,50.0
1014,200.0
1015,200.0
1016,200.0
1017,200.0
1018,200.0
1019,199.0
1020,200.0
1021,200.0
1022,200.0
1023,200.0
1024,200.0
1025,10.0
1026,200.0
1027,200.0
1028,200.0
1029,200.0
1030,200.0
1031,199.0
1032,200.0
1033,200.0
1034,50.0
1035,200.0
1036,199.0
1037,200.0
1038,200.0
1039,200.0
1040,200.0
1041,200.0
1042,200.0
1043,196.0
1044,10.0
1045,10.0
1046,191.0
1047,198.0
1048,197.0
1049,200.0
1050,198.0
1051,200.0
1052,200.0
1053,200.0
1054,198.0
1055,30.0
1056,200.0
1057,200.0
1058,200.0
1059,200.0
1060,200.0
1061,30.0
1062,200.0
1063,200.0
1064,200.0
1065,195.0
1066,200.0
1067,200.0
1068,200.0
1069,199.0
1070,200.0
1071,197.0
1072,199.0
1073,200.0
1074,200.0
1075,197.0
1076,200.0
1077,198.0
1078,130.0
1079,200.0
1080,60.0
1081,200.0
1082,146.0
1083,200.0
1084,200.0
1085,199.0
1086,50.0
1087,20.0
1088,140.0
1089,200.0
1090,196.0
1091,200.0
1092,200.0
1093,198.0
1094,20.0
1095,200.0
1096,200.0
1097,200.0
1098,199.0
1099,200.0
1100,200.0
1101,200.0
1102,60.0
1103,70.0
1104,200.0
1105,196.0
1106,200.0
1107,200.0
1108,70.0
1109,200.0
1110,200.0
1111,200.0
1112,200.0
1113,200.0
1114,200.0
1115,10.0
1116,200.0
1117,
1118,195.0
1119,200.0
1120,188.0
1121,200.0
1122,200.0
1123,200.0
1124,198.0
1125,200.0
1126,200.0
1127,200.0
1128,199.0
1129,200.0
1130,199.0
1131,200.0
1132,200.0
1133,198.0
1134,200.0
1135,200.0
1136,40.0
1137,
1138,200.0
1139,200.0
1140,199.0
1141,199.0
1142,200.0
1143,200.0
1144,200.0
1145,200.0
1146,194.0
1147,199.0
1148,80.0
1149,
1150,200.0
1151,197.0
1152,199.0
1153,10.0
1154,200.0
1155,200.0
1156,200.0
1157,82.0
1158,200.0
1159,129.0
1160,200.0
1161,200.0
1162,184.0
1163,200.0
1164,200.0
1165,199.0
1166,200.0
1167,200.0
1168,200.0
1169,197.0
1170,200.0
1171,126.0
1172,200.0
1173,200.0
1174,200.0
1175,200.0
1176,28.0
1177,183.0
1178,200.0
1179,196.0
1180,200.0
1181,199.0
1182,199.0
1183,200.0
1184,200.0
1185,200.0
1186,200.0
1187,30.0
1188,200.0
1189,200.0
1190,183.0
1191,200.0
1192,200.0
1193,200.0
1194,200.0
1195,
1196,200.0
1197,197.0
1198,200.0
1199,199.0
1200,30.0
1201,199.0
1202,110.0
1203,200.0
1204,197.0
1205,200.0
1206,199.0
1207,200.0
1208,50.0
1209,200.0
1210,200.0
1211,200.0
1212,200.0
1213,200.0
1214,200.0
1215,199.0
1216,200.0
1217,199.0
1218,200.0
1219,200.0
1220,196.0
1221,200.0
1222,200.0
1223,199.0
1224,100.0
1225,200.0
1226,200.0
1227,200.0
1228,200.0
1229,199.0
1230,186.0
1231,200.0
1232,197.0
1233,167.0
1234,200.0
1235,196.0
1236,199.0
1237,200.0
1238,197.0
1239,200.0
1240,199.0
1241,200.0
1242,200.0
1243,200.0
1244,200.0
1245,199.0
1246,200.0
1247,36.0
1248,20.0
1249,200.0
1250,200.0
1251,200.0
1252,200.0
1253,200.0
1254,50.0
1255,200.0
1256,200.0
1257,200.0
1258,197.0
1259,199.0
1260,200.0
1261,200.0
1262,199.0
1263,108.0
1264,199.0
1265,140.0
1266,200.0
1267,199.0
1268,200.0
1269,200.0
1270,200.0
1271,192.0
1272,199.0
1273,199.0
1274,198.0
1275,190.0
1276,200.0
1277,
1278,196.0
1279,200.0
1280,200.0
1281,200.0
1282,200.0
1283,200.0
1284,197.0
1285,197.0
1286,200.0
1287,200.0
1288,200.0
1289,200.0
1290,199.0
1291,200.0
1292,200.0
1293,200.0
1294,180.0
1295,199.0
1296,197.0
1297,200.0
1298,177.0
1299,199.0
1300,189.0
1301,200.0
1302,200.0
1303,50.0
1304,197.0
1305,200.0
1306,184.0
1307,200.0
1308,30.0
1309,196.0
1310,200.0
1311,192.0
1312,198.0
1313,199.0
1314,200.0
1315,200.0
1316,200.0
1317,200.0
1318,200.0
1319,186.0
1320,200.0
1321,50.0
1322,30.0
1323,194.0
1324,200.0
1325,200.0
1326,200.0
1327,200.0
1328,117.0
1329,199.0
1330,196.0
1331,198.0
1332,200.0
1333,100.0
1334,200.0
1335,80.0
1336,200.0
1337,200.0
1338,200.0
1339,100.0
1340,200.0
1341,91.0
1342,10.0
1343,189.0
1344,200.0
1345,
1346,200.0
1347,40.0
1348,200.0
1349,196.0
1350,200.0
1351,200.0
1352,200.0
1353,199.0
1354,199.0
1355,200.0
1356,198.0
1357,200.0
1358,200.0
1359,200.0
1360,200.0
1361,180.0
1362,133.0
1363,197.0
1364,200.0
1365,88.0
1366,190.0
1367,38.0
1368,200.0
1369,196.0
1370,200.0
1371,40.0
1372,189.0
1373,196.0
1374,200.0
1375,199.0
1376,200.0
1377,200.0
1378,187.0
1379,200.0
1380,200.0
1381,198.0
1382,200.0
1383,200.0
1384,
1385,199.0
1386,200.0
1387,133.0
1388,200.0
1389,200.0
1390,200.0
1391,197.0
1392,200.0
1393,70.0
1394,200.0
1395,87.0
1396,200.0
1397,135.0
1398,200.0
1399,200.0
1400,200.0
1401,200.0
1402,200.0
1403,200.0
1404,200.0
1405,169.0
1406,200.0
1407,200.0
1408,200.0
1409,200.0
1410,200.0
1411,200.0
1412,200.0
1413,200.0
1414,200.0
1415,200.0
1416,10.0
1417,200.0
1418,120.0
1419,151.0
1420,150.0
1421,200.0
1422,200.0
1423,200.0
1424,200.0
1425,200.0
1426,200.0
1427,200.0
1428,30.0
1429,200.0
1430,193.0
1431,70.0
1432,200.0
1433,200.0
1434,200.0
1435,199.0
1436,20.0
1437,120.0
1438,40.0
1439,
1440,40.0
1441,200.0
1442,200.0
1443,200.0
1444,200.0
1445,200.0
1446,200.0
1447,182.0
1448,200.0
1449,199.0
1450,200.0
1451,198.0
1452,119.0
1453,60.0
1454,90.0
1455,200.0
1456,200.0
1457,
1458,200.0
1459,200.0
1460,187.0
1461,200.0
1462,30.0
1463,200.0
1464,200.0
1465,200.0
1466,200.0
1467,200.0
1468,199.0
1469,200.0
1470,200.0
1471,193.0
1472,
1473,
1474,200.0
1475,152.0
1476,190.0
1477,200.0
1478,200.0
1479,181.0
1480,200.0
1481,70.0
1482,200.0
1483,200.0
1484,199.0
1485,30.0
1486,200.0
1487,200.0
1488,200.0
1489,200.0
1490,10.0
1491,200.0
1492,200.0
1493,200.0
1494,200.0
1495,198.0
1496,200.0
1497,196.0
1498,140.0
1499,200.0
1500,200.0
1501,120.0
1502,200.0
1503,79.0
1504,183.0
1505,200.0
1506,200.0
1507,200.0
1508,199.0
1509,200.0
1510,10.0
1511,
1512,199.0
1513,197.0
1514,200.0
1515,196.0
1516,200.0
1517,200.0
1518,66.0
1519,200.0
1520,200.0
1521,200.0
1522,200.0
1523,200.0
1524,70.0
1525,40.0
1526,200.0
1527,200.0
1528,177.0
1529,200.0
1530,200.0
1531,200.0
1532,200.0
1533,200.0
1534,200.0
1535,186.0
1536,200.0
1537,130.0
1538,188.0
1539,200.0
1540,200.0
1541,186.0
1542,199.0
1543,200.0
1544,200.0
1545,200.0
1546,200.0
1547,200.0
1548,200.0
1549,9.0
1550,197.0
1551,199.0
1552,200.0
1553,200.0
1554,200.0
1555,200.0
1556,200.0
1557,200.0
1558,198.0
1559,191.0
1560,200.0
1561,10.0
1562,200.0
1563,200.0
1564,200.0
1565,200.0
1566,10.0
1567,137.0
1568,200.0
1569,197.0
1570,196.0
1571,84.0
1572,200.0
1573,195.0
1574,197.0
1575,199.0
1576,200.0
1577,200.0
1578,199.0
1579,110.0
1580,198.0
1581,200.0
1582,196.0
1583,200.0
1584,160.0
1585,118.0
1586,199.0
1587,200.0
1588,200.0
1589,200.0
1590,200.0
1591,200.0
1592,200.0
1593,200.0
1594,200.0
1595,200.0
1596,200.0
1597,200.0
1598,200.0
1599,110.0
1600,75.0
1601,30.0
1602,200.0
1603,198.0
1604,149.0
1605,200.0
1606,200.0
1607,197.0
1608,197.0
1609,200.0
1610,46.0
1611,197.0
1612,196.0
1613,
1614,200.0
1615,200.0
1616,198.0
1617,200.0
1618,200.0
1619,199.0
1620,196.0
1621,200.0
1622,190.0
1623,200.0
1624,200.0
1625,60.0
1626,200.0
1627,112.0
1628,200.0
1629,200.0
1630,199.0
1631,10.0
1632,199.0
1633,
1634,200.0
1635,200.0
1636,47.0
1637,70.0
1638,199.0
1639,50.0
1640,47.0
1641,200.0
1642,40.0
1643,200.0
1644,199.0
1645,154.0
1646,189.0
1647,200.0
1648,196.0
1649,200.0
1650,200.0
1651,200.0
1652,200.0
1653,200.0
1654,60.0
1655,191.0
1656,200.0
1657,199.0
1658,66.0
1659,196.0
1660,200.0
1661,200.0
1662,200.0
1663,200.0
1664,200.0
1665,
1666,120.0
1667,200.0
1668,195.0
1669,125.0
1670,60.0
1671,197.0
1672,179.0
1673,200.0
1674,200.0
1675,200.0
1676,200.0
1677,200.0
1678,200.0
1679,198.0
1680,200.0
1681,200.0
1682,199.0
1683,30.0
1684,200.0
1685,50.0
1686,200.0
1687,200.0
1688,200.0
1689,200.0
1690,197.0
1691,
1692,200.0
1693,200.0
1694,196.0
1695,20.0
1696,199.0
1697,10.0
1698,199.0
1699,200.0
1700,119.0
1701,199.0
1702,200.0
1703,200.0
1704,200.0
1705,200.0
1706,160.0
1707,200.0
1708,199.0
1709,196.0
1710,199.0
1711,200.0
1712,141.0
1713,200.0
1714,
1715,199.0
1716,199.0
1717,200.0
1718,200.0
1719,199.0
1720,198.0
1721,200.0
1722,182.0
1723,200.0
1724,199.0
1725,200.0
1726,181.0
1727,199.0
1728,
1729,10.0
1730,181.0
1731,200.0
1732,110.0
1733,200.0
1734,80.0
1735,200.0
1736,90.0
1737,200.0
1738,199.0
1739,200.0
1740,200.0
1741,
1742,199.0
1743,200.0
1744,200.0
1745,200.0
1746,200.0
1747,70.0
1748,200.0
1749,200.0
1750,200.0
1751,200.0
1752,200.0
1753,200.0
1754,200.0
1755,200.0
1756,200.0
1757,200.0
1758,172.0
1759,200.0
1760,200.0
1761,200.0
1762,198.0
1763,195.0
1764,200.0
1765,198.0
1766,191.0
1767,200.0
1768,199.0
1769,200.0
1770,150.0
1771,200.0
1772,200.0
1773,191.0
1774,200.0
1775,20.0
1776,200.0
1777,196.0
1778,200.0
1779,200.0
1780,200.0
1781,200.0
1782,200.0
1783,200.0
1784,197.0
1785,200.0
1786,55.0
1787,200.0
1788,200.0
1789,198.0
1790,
1791,186.0
1792,200.0
1793,200.0
1794,186.0
1795,70.0
1796,197.0
1797,200.0
1798,109.0
1799,200.0
1800,200.0
1801,200.0
1802,
1803,200.0
1804,200.0
1805,199.0
1806,96.0
1807,200.0
1808,196.0
1809,199.0
1810,200.0
1811,20.0
1812,199.0
1813,200.0
1814,70.0
1815,200.0
1816,200.0
1817,200.0
1818,200.0
1819,200.0
1820,200.0
1821,200.0
1822,200.0
1823,200.0
1824,200.0
1825,200.0
1826,190.0
1827,199.0
1828,200.0
1829,
1830,110.0
1831,200.0
1832,200.0
1833,200.0
1834,200.0
1835,200.0
1836,60.0
1837,200.0
1838,197.0
1839,20.0
1840,200.0
1841,200.0
1842,198.0
1843,200.0
1844,200.0
1845,200.0
1846,200.0
1847,200.0
1848,198.0
1849,200.0
1850,199.0
1851,200.0
1852,199.0
1853,200.0
1854,199.0
1855,200.0
1856,200.0
1857,200.0
1858,200.0
1859,200.0
1860,50.0
1861,200.0
1862,196.0
1863,30.0
1864,200.0
1865,150.0
1866,198.0
1867,197.0
1868,200.0
1869,200.0
1870,180.0
1871,199.0
1872,20.0
1873,200.0
1874,200.0
1875,200.0
1876,199.0
1877,199.0
1878,195.0
1879,199.0
1880,199.0
1881,199.0
1882,196.0
1883,200.0
1884,200.0
1885,197.0
1886,186.0
1887,200.0
1888,200.0
1889,200.0
1890,110.0
1891,200.0
1892,178.0
1893,200.0
1894,200.0
1895,196.0
1896,200.0
1897,197.0
1898,199.0
1899,200.0
1900,199.0
1901,200.0
1902,190.0
1903,199.0
1904,200.0
1905,184.0
1906,200.0
1907,200.0
1908,200.0
1909,170.0
1910,200.0
1911,197.0
1912,200.0
1913,110.0
1914,187.0
1915,200.0
1916,200.0
1917,200.0
1918,200.0
1919,30.0
1920,200.0
1921,199.0
1922,200.0
1923,200.0
1924,200.0
1925,30.0
1926,200.0
1927,200.0
1928,200.0
1929,200.0
1930,200.0
1931,198.0
1932,200.0
1933,95.0
1934,200.0
1935,108.0
1936,200.0
1937,200.0
1938,199.0
1939,200.0
1940,167.0
1941,200.0
1942,200.0
1943,10.0
1944,188.0
1945,200.0
1946,200.0
1947,196.0
1948,80.0
1949,160.0
1950,200.0
1951,128.0
1952,200.0
1953,200.0
1954,196.0
1955,185.0
1956,200.0
1957,100.0
1958,200.0
1959,200.0
1960,198.0
1961,200.0
1962,199.0
1963,200.0
1964,30.0
1965,199.0
1966,192.0
1967,200.0
1968,200.0
1969,84.0
1970,200.0
1971,
1972,182.0
1973,200.0
1974,200.0
1975,198.0
1976,200.0
1977,200.0
1978,200.0
1979,200.0
1980,200.0
1981,200.0
1982,200.0
1983,200.0
1984,200.0
1985,200.0
1986,199.0
1987,138.0
1988,184.0
1989,200.0
1990,
1991,200.0
1992,199.0
1993,195.0
1994,200.0
1995,40.0
1996,200.0
1997,200.0
1998,200.0
1999,200.0
2000,200.0
2001,200.0
2002,10.0
2003,199.0
2004,200.0
2005,199.0
2006,198.0
2007,50.0
2008,200.0
2009,197.0
2010,200.0
2011,200.0
2012,190.0
2013,197.0
2014,196.0
2015,198.0
2016,187.0
2017,200.0
2018,199.0
2019,38.0
2020,200.0
2021,200.0
2022,200.0
2023,200.0
2024,186.0
2025,200.0
2026,60.0
2027,
2028,133.0
2029,200.0
2030,199.0
2031,30.0
2032,20.0
2033,140.0
2034,200.0
2035,200.0
2036,200.0
2037,187.0
2038,170.0
2039,200.0
2040,200.0
2041,200.0
2042,10.0
2043,183.0
2044,130.0
2045,190.0
2046,200.0
2047,200.0
2048,200.0
2049,200.0
2050,200.0
2051,199.0
2052,200.0
2053,200.0
2054,199.0
2055,200.0
2056,60.0
2057,10.0
2058,180.0
2059,195.0
2060,200.0
2061,10.0
2062,200.0
2063,199.0
2064,200.0
2065,200.0
2066,200.0
2067,200.0
2068,100.0
2069,196.0
2070,197.0
2071,197.0
2072,
2073,200.0
2074,198.0
2075,200.0
2076,200.0
2077,196.0
2078,200.0
2079,191.0
2080,167.0
2081,200.0
2082,200.0
2083,200.0
2084,200.0
2085,200.0
2086,
2087,20.0
2088,200.0
2089,200.0
2090,196.0
2091,200.0
2092,50.0
2093,200.0
2094,200.0
2095,200.0
2096,197.0
2097,198.0
2098,9.0
2099,200.0
2100,185.0
2101,60.0
2102,200.0
2103,200.0
2104,19.0
2105,199.0
2106,152.0
2107,199.0
2108,200.0
2109,200.0
2110,200.0
2111,200.0
2112,198.0
2113,50.0
2114,199.0
2115,200.0
2116,200.0
2117,200.0
2118,196.0
2119,200.0
2120,200.0
2121,200.0
2122,130.0
2123,132.0
2124,200.0
2125,194.0
2126,200.0
2127,200.0
2128,200.0
2129,166.0
2130,200.0
2131,200.0
2132,197.0
2133,199.0
2134,200.0
2135,199.0
2136,200.0
2137,199.0
2138,187.0
2139,198.0
2140,200.0
2141,199.0
2142,200.0
2143,200.0
2144,200.0
2145,
2146,200.0
2147,200.0
2148,
2149,200.0
2150,190.0
2151,200.0
2152,190.0
2153,200.0
2154,200.0
2155,200.0
2156,198.0
2157,200.0
2158,191.0
2159,200.0
2160,199.0
2161,200.0
2162,
2163,198.0
2164,200.0
2165,200.0
2166,200.0
2167,200.0
2168,200.0
2169,120.0
2170,197.0
2171,181.0
2172,110.0
2173,30.0
2174,30.0
2175,199.0
2176,200.0
2177,200.0
2178,198.0
2179,70.0
2180,200.0
2181,200.0
2182,200.0
2183,200.0
2184,191.0
2185,200.0
2186,80.0
2187,200.0
2188,200.0
2189,200.0
2190,20.0
2191,200.0
2192,198.0
2193,199.0
2194,200.0
2195,200.0
2196,70.0
2197,200.0
2198,200.0
2199,160.0
2200,200.0
2201,193.0
2202,200.0
2203,30.0
2204,200.0
2205,197.0
2206,200.0
2207,200.0
2208,150.0
2209,10.0
2210,200.0
2211,200.0
2212,200.0
2213,200.0
2214,194.0
2215,200.0
2216,200.0
2217,200.0
2218,80.0
2219,200.0
2220,145.0
2221,200.0
2222,200.0
2223,200.0
2224,200.0
2225,200.0
2226,200.0
2227,200.0
2228,200.0
2229,200.0
2230,
2231,130.0
2232,200.0
2233,200.0
2234,199.0
2235,200.0
2236,200.0
2237,200.0
2238,200.0
2239,199.0
2240,200.0
2241,200.0
2242,197.0
2243,197.0
2244,
2245,200.0
2246,200.0
2247,20.0
2248,200.0
2249,200.0
2250,198.0
2251,196.0
2252,200.0
2253,200.0
2254,199.0
2255,199.0
2256,200.0
2257,200.0
2258,88.0
2259,30.0
2260,200.0
2261,200.0
2262,200.0
2263,200.0
2264,199.0
2265,183.0
2266,196.0
2267,200.0
2268,160.0
2269,200.0
2270,200.0
2271,200.0
2272,200.0
2273,140.0
2274,200.0
2275,30.0
2276,200.0
2277,200.0
2278,200.0
2279,195.0
2280,200.0
2281,200.0
2282,200.0
2283,200.0
2284,196.0
2285,199.0
2286,200.0
2287,120.0
2288,200.0
2289,130.0
2290,50.0
2291,200.0
2292,200.0
2293,200.0
2294,140.0
2295,100.0
2296,199.0
2297,197.0
2298,200.0
2299,200.0
2300,198.0
2301,200.0
2302,200.0
2303,30.0
2304,198.0
2305,200.0
2306,197.0
2307,200.0
2308,198.0
2309,200.0
2310,200.0
2311,198.0
2312,181.0
2313,200.0
2314,60.0
2315,200.0
2316,199.0
2317,132.0
2318,199.0
2319,64.0
2320,200.0
2321,200.0
2322,200.0
2323,200.0
2324,200.0
2325,200.0
2326,200.0
2327,60.0
2328,70.0
2329,200.0
2330,
2331,200.0
2332,200.0
2333,200.0
2334,199.0
2335,200.0
2336,200.0
2337,200.0
2338,197.0
2339,200.0
2340,200.0
2341,200.0
2342,200.0
2343,117.0
2344,199.0
2345,200.0
2346,200.0
2347,200.0
2348,119.0
2349,200.0
2350,200.0
2351,200.0
2352,200.0
2353,178.0
2354,121.0
2355,199.0
2356,200.0
2357,199.0
2358,60.0
2359,200.0
2360,200.0
2361,40.0
2362,199.0
2363,200.0
2364,197.0
2365,200.0
2366,200.0
2367,39.0
2368,200.0
2369,120.0
2370,200.0
2371,200.0
2372,198.0
2373,200.0
2374,200.0
2375,200.0
2376,199.0
2377,200.0
2378,200.0
2379,200.0
2380,200.0
2381,
2382,60.0
2383,200.0
2384,200.0
2385,200.0
2386,200.0
2387,200.0
2388,30.0
2389,199.0
2390,150.0
2391,
2392,200.0
2393,181.0
2394,
2395,200.0
2396,
2397,196.0
2398,181.0
2399,196.0
2400,200.0
2401,200.0
2402,200.0
2403,200.0
2404,188.0
2405,200.0
2406,120.0
2407,200.0
2408,60.0
2409,200.0
2410,199.0
2411,200.0
2412,199.0
2413,199.0
2414,200.0
2415,160.0
2416,200.0
2417,196.0
2418,199.0
2419,120.0
2420,200.0
2421,190.0
2422,160.0
2423,200.0
2424,199.0
2425,200.0
2426,10.0
2427,70.0
2428,200.0
2429,
2430,196.0
2431,199.0
2432,200.0
2433,60.0
2434,189.0
2435,200.0
2436,199.0
2437,150.0
2438,200.0
2439,197.0
2440,196.0
2441,18.0
2442,200.0
2443,197.0
2444,200.0
2445,200.0
2446,200.0
2447,200.0
2448,200.0
2449,200.0
2450,197.0
2451,200.0
2452,39.0
2453,200.0
2454,200.0
2455,200.0
2456,200.0
2457,198.0
2458,90.0
2459,200.0
2460,199.0
2461,200.0
2462,177.0
2463,200.0
2464,196.0
2465,200.0
2466,150.0
2467,200.0
2468,200.0
2469,199.0
2470,200.0
2471,200.0
2472,200.0
2473,200.0
2474,200.0
2475,200.0
2476,185.0
2477,186.0
2478,20.0
2479,200.0
2480,20.0
2481,200.0
2482,196.0
2483,200.0
2484,181.0
2485,199.0
2486,200.0
2487,200.0
2488,199.0
2489,196.0
2490,200.0
2491,19.0
2492,200.0
2493,199.0
2494,200.0
2495,199.0
2496,99.0
2497,199.0
2498,200.0
2499,200.0
2500,200.0
2501,200.0
2502,200.0
2503,119.0
2504,200.0
2505,200.0
2506,200.0
2507,196.0
2508,100.0
2509,200.0
2510,200.0
2511,200.0
2512,200.0
2513,200.0
2514,200.0
2515,200.0
2516,200.0
2517,200.0
2518,200.0
2519,198.0
2520,30.0
2521,200.0
2522,200.0
2523,170.0
2524,200.0
2525,200.0
2526,200.0
2527,189.0
2528,200.0
2529,199.0
2530,200.0
2531,200.0
2532,200.0
2533,200.0
2534,185.0
2535,200.0
2536,196.0
2537,200.0
2538,186.0
2539,200.0
2540,190.0
2541,200.0
2542,30.0
2543,20.0
2544,200.0
2545,199.0
2546,200.0
2547,
2548,200.0
2549,199.0
2550,200.0
2551,200.0
2552,200.0
2553,200.0
2554,199.0
2555,200.0
2556,196.0
2557,196.0
2558,200.0
2559,200.0
2560,200.0
2561,199.0
2562,200.0
2563,200.0
2564,200.0
2565,200.0
2566,200.0
2567,200.0
2568,200.0
2569,200.0
2570,200.0
2571,200.0
2572,200.0
2573,120.0
2574,196.0
2575,200.0
2576,10.0
2577,200.0
2578,196.0
2579,200.0
2580,197.0
2581,199.0
2582,200.0
2583,177.0
2584,200.0
2585,200.0
2586,90.0
2587,200.0
2588,80.0
2589,200.0
2590,200.0
2591,200.0
2592,60.0
2593,200.0
2594,199.0
2595,200.0
2596,197.0
2597,200.0
2598,199.0
2599,200.0
2600,140.0
2601,200.0
2602,200.0
2603,200.0
2604,50.0
2605,200.0
2606,198.0
2607,200.0
2608,200.0
2609,200.0
2610,200.0
2611,185.0
2612,200.0
2613,200.0
2614,197.0
2615,199.0
2616,200.0
2617,200.0
2618,200.0
2619,200.0
2620,200.0
2621,200.0
2622,200.0
2623,200.0
2624,200.0
2625,200.0
2626,70.0
2627,
2628,198.0
2629,197.0
2630,199.0
2631,198.0
2632,194.0
2633,200.0
2634,199.0
2635,
2636,200.0
2637,200.0
2638,199.0
2639,
2640,196.0
2641,200.0
2642,190.0
2643,200.0
2644,200.0
2645,199.0
2646,200.0
2647,200.0
2648,200.0
2649,200.0
2650,200.0
2651,199.0
2652,186.0
2653,80.0
2654,200.0
2655,200.0
2656,80.0
2657,30.0
2658,186.0
2659,200.0
2660,196.0
2661,160.0
2662,199.0
2663,200.0
2664,200.0
2665,200.0
2666,
2667,200.0
2668,200.0
2669,200.0
2670,200.0
2671,183.0
2672,200.0
2673,199.0
2674,196.0
2675,200.0
2676,200.0
2677,197.0
2678,197.0
2679,200.0
2680,200.0
2681,200.0
2682,200.0
2683,74.0
2684,200.0
2685,200.0
2686,200.0
2687,200.0
2688,197.0
2689,200.0
2690,200.0
2691,30.0
2692,60.0
2693,200.0
2694,200.0
2695,200.0
2696,200.0
2697,
2698,200.0
2699,200.0
2700,160.0
2701,180.0
2702,30.0
2703,196.0
2704,198.0
2705,200.0
2706,199.0
2707,200.0
2708,
2709,200.0
2710,163.0
2711,197.0
2712,200.0
2713,200.0
2714,200.0
2715,10.0
2716,200.0
2717,200.0
2718,
2719,133.0
2720,200.0
2721,199.0
2722,200.0
2723,200.0
2724,200.0
2725,200.0
2726,136.0
2727,120.0
2728,200.0
2729,200.0
2730,200.0
2731,200.0
2732,197.0
2733,200.0
2734,200.0
2735,200.0
2736,200.0
2737,200.0
2738,160.0
2739,198.0
2740,
2741,200.0
2742,200.0
2743,200.0
2744,200.0
2745,200.0
2746,200.0
2747,29.0
2748,200.0
2749,200.0
2750,70.0
2751,200.0
2752,200.0
2753,200.0
2754,200.0
2755,200.0
2756,20.0
2757,200.0
2758,184.0
2759,200.0
2760,200.0
2761,199.0
2762,200.0
2763,200.0
2764,200.0
2765,196.0
2766,200.0
2767,199.0
2768,200.0
2769,200.0
2770,198.0
2771,158.0
2772,170.0
2773,198.0
2774,70.0
2775,10.0
2776,199.0
2777,200.0
2778,198.0
2779,10.0
2780,200.0
2781,200.0
2782,200.0
2783,200.0
2784,196.0
2785,200.0
2786,200.0
2787,199.0
2788,200.0
2789,200.0
2790,200.0
2791,10.0
2792,200.0
2793,200.0
2794,200.0
2795,160.0
2796,129.0
2797,192.0
2798,200.0
2799,199.0
2800,200.0
2801,200.0
2802,200.0
2803,199.0
2804,198.0
2805,200.0
2806,111.0
2807,200.0
2808,199.0
2809,186.0
2810,200.0
2811,200.0
2812,140.0
2813,200.0
2814,200.0
2815,200.0
2816,130.0
2817,200.0
2818,170.0
2819,147.0
2820,200.0
2821,200.0
2822,200.0
2823,197.0
2824,195.0
2825,50.0
2826,200.0
2827,199.0
2828,10.0
2829,197.0
2830,200.0
2831,200.0
2832,199.0
2833,197.0
2834,177.0
2835,27.0
2836,200.0
2837,199.0
2838,200.0
2839,200.0
2840,30.0
2841,200.0
2842,198.0
2843,193.0
2844,200.0
2845,200.0
2846,200.0
2847,200.0
2848,200.0
2849,70.0
2850,199.0
2851,200.0
2852,84.0
2853,200.0
2854,200.0
2855,200.0
2856,200.0
2857,200.0
2858,198.0
2859,150.0
2860,200.0
2861,200.0
2862,200.0
2863,20.0
2864,200.0
2865,10.0
2866,200.0
2867,200.0
2868,30.0
2869,199.0
2870,200.0
2871,200.0
2872,196.0
2873,200.0
2874,200.0
2875,199.0
2876,20.0
2877,200.0
2878,200.0
2879,200.0
2880,200.0
2881,200.0
2882,200.0
2883,200.0
2884,10.0
2885,200.0
2886,
2887,200.0
2888,200.0
2889,200.0
2890,199.0
2891,200.0
2892,
2893,200.0
2894,
2895,195.0
2896,40.0
2897,199.0
2898,68.0
2899,198.0
2900,200.0
2901,100.0
2902,198.0
2903,198.0
2904,200.0
2905,197.0
2906,10.0
2907,200.0
2908,10.0
2909,200.0
2910,10.0
2911,197.0
2912,200.0
2913,200.0
2914,200.0
2915,200.0
2916,200.0
2917,200.0
2918,150.0
2919,200.0
2920,60.0
2921,90.0
2922,200.0
2923,200.0
2924,200.0
2925,200.0
2926,191.0
2927,200.0
2928,196.0
2929,198.0
2930,99.0
2931,200.0
2932,
2933,200.0
2934,200.0
2935,199.0
2936,200.0
2937,200.0
2938,46.0
2939,125.0
2940,200.0
2941,160.0
2942,199.0
2943,79.0
2944,110.0
2945,200.0
2946,200.0
2947,200.0
2948,200.0
2949,200.0
2950,200.0
2951,200.0
2952,200.0
2953,200.0
2954,60.0
2955,200.0
2956,136.0
2957,200.0
2958,200.0
2959,200.0
2960,200.0
2961,200.0
2962,20.0
2963,200.0
2964,200.0
2965,200.0
2966,200.0
2967,199.0
2968,200.0
2969,200.0
2970,197.0
2971,200.0
2972,19.0
2973,90.0
2974,18.0
2975,196.0
2976,199.0
2977,110.0
2978,200.0
2979,199.0
2980,197.0
2981,199.0
2982,196.0
2983,197.0
2984,20.0
2985,200.0
2986,200.0
2987,200.0
2988,200.0
2989,200.0
2990,192.0
2991,200.0
2992,60.0
2993,199.0
2994,200.0
2995,199.0
2996,140.0
2997,120.0
2998,186.0
2999,158.0
3000,200.0
3001,200.0
3002,200.0
3003,199.0
3004,200.0
3005,160.0
3006,200.0
3007,200.0
3008,200.0
3009,200.0
3010,200.0
3011,200.0
3012,198.0
3013,200.0
3014,
3015,200.0
3016,200.0
3017,20.0
3018,200.0
3019,200.0
3020,200.0
3021,200.0
3022,200.0
3023,196.0
3024,200.0
3025,200.0
3026,200.0
3027,200.0
3028,70.0
3029,200.0
3030,200.0
3031,200.0
3032,200.0
3033,60.0
3034,199.0
3035,200.0
3036,192.0
3037,200.0
3038,200.0
3039,200.0
3040,200.0
3041,200.0
3042,200.0
3043,200.0
3044,197.0
3045,30.0
3046,200.0
3047,200.0
3048,198.0
3049,19.0
3050,200.0
3051,181.0
3052,197.0
3053,200.0
3054,
3055,200.0
3056,198.0
3057,200.0
3058,198.0
3059,193.0
3060,199.0
3061,198.0
3062,200.0
3063,197.0
3064,200.0
3065,186.0
3066,196.0
3067,200.0
3068,196.0
3069,186.0
3070,150.0
3071,9.0
3072,194.0
3073,130.0
3074,200.0
3075,200.0
3076,200.0
3077,137.0
3078,199.0
3079,199.0
3080,200.0
3081,200.0
3082,200.0
3083,200.0
3084,200.0
3085,200.0
3086,200.0
3087,200.0
3088,200.0
3089,
3090,200.0
3091,200.0
3092,200.0
3093,196.0
3094,60.0
3095,200.0
3096,200.0
3097,160.0
3098,200.0
3099,200.0
3100,200.0
3101,200.0
3102,200.0
3103,200.0
3104,200.0
3105,196.0
3106,200.0
3107,200.0
3108,196.0
3109,199.0
3110,200.0
3111,162.0
3112,200.0
3113,78.0
3114,200.0
3115,200.0
3116,200.0
3117,198.0
3118,200.0
3119,200.0
3120,200.0
3121,200.0
3122,197.0
3123,200.0
3124,130.0
3125,196.0
3126,
3127,30.0
3128,200.0
3129,199.0
3130,150.0
3131,200.0
3132,10.0
3133,200.0
3134,151.0
3135,198.0
3136,200.0
3137,200.0
3138,200.0
3139,181.0
3140,199.0
3141,197.0
3142,29.0
3143,
3144,30.0
3145,200.0
3146,200.0
3147,200.0
3148,
3149,199.0
3150,200.0
3151,110.0
3152,196.0
3153,200.0
3154,200.0
3155,200.0
3156,70.0
3157,173.0
3158,200.0
3159,20.0
3160,200.0
3161,200.0
3162,200.0
3163,200.0
3164,198.0
3165,200.0
3166,200.0
3167,200.0
3168,197.0
3169,199.0
3170,
3171,200.0
3172,200.0
3173,199.0
3174,200.0
3175,70.0
3176,200.0
3177,169.0
3178,200.0
3179,199.0
3180,200.0
3181,80.0
3182,29.0
3183,200.0
3184,200.0
3185,200.0
3186,196.0
3187,199.0
3188,200.0
3189,9.0
3190,200.0
3191,50.0
3192,186.0
3193,200.0
3194,50.0
3195,196.0
3196,185.0
3197,200.0
3198,200.0
3199,120.0
3200,194.0
3201,200.0
3202,193.0
3203,182.0
3204,200.0
3205,200.0
3206,200.0
3207,30.0
3208,200.0
3209,200.0
3210,200.0
3211,200.0
3212,200.0
3213,199.0
3214,197.0
3215,200.0
3216,200.0
3217,50.0
3218,
3219,200.0
3220,29.0
3221,199.0
3222,197.0
3223,200.0
3224,184.0
3225,197.0
3226,173.0
3227,200.0
3228,200.0
3229,200.0
3230,200.0
3231,196.0
3232,200.0
3233,199.0
3234,196.0
3235,50.0
3236,197.0
3237,200.0
3238,200.0
3239,80.0
3240,200.0
3241,200.0
3242,160.0
3243,200.0
3244,189.0
3245,200.0
3246,200.0
3247,197.0
3248,196.0
3249,200.0
3250,200.0
3251,200.0
3252,60.0
3253,200.0
3254,200.0
3255,194.0
3256,200.0
3257,200.0
3258,186.0
3259,200.0
3260,186.0
3261,200.0
3262,
3263,200.0
3264,199.0
3265,200.0
3266,199.0
3267,200.0
3268,199.0
3269,56.0
3270,200.0
3271,200.0
3272,200.0
3273,200.0
3274,200.0
3275,200.0
3276,200.0
3277,195.0
3278,195.0
3279,193.0
3280,55.0
3281,200.0
3282,177.0
3283,200.0
3284,196.0
3285,200.0
3286,200.0
3287,200.0
3288,190.0
3289,200.0
3290,200.0
3291,200.0
3292,197.0
3293,197.0
3294,200.0
3295,200.0
3296,200.0
3297,200.0
3298,200.0
3299,200.0
3300,195.0
3301,199.0
3302,199.0
3303,200.0
3304,200.0
3305,198.0
3306,197.0
3307,198.0
3308,200.0
3309,193.0
3310,200.0
3311,109.0
3312,200.0
3313,200.0
3314,200.0
3315,199.0
3316,189.0
3317,160.0
3318,200.0
3319,200.0
3320,30.0
3321,200.0
3322,200.0
3323,200.0
3324,200.0
3325,100.0
3326,200.0
3327,197.0
3328,200.0
3329,200.0
3330,200.0
3331,200.0
3332,199.0
3333,80.0
3334,197.0
3335,200.0
3336,200.0
3337,200.0
3338,195.0
3339,200.0
