0,79.0
1,2.0
2,
3,5.0
4,9.0
5,
6,
7,9.0
8,7.0
9,79.0
10,
11,76.0
12,21.0
13,62.0
14,16.0
15,
16,29.0
17,
18,21.0
19,8.0
20,15.0
21,79.0
22,44.0
23,
24,5.0
25,
26,
27,58.0
28,11.0
29,3.0
30,
31,8.0
32,2.0
33,9.0
34,8.0
35,56.0
36,13.0
37,2.0
38,3.0
39,97.0
40,4.0
41,71.0
42,
43,
44,9.0
45,37.0
46,58.0
47,3.0
48,2.0
49,97.0
50,36.0
51,2.0
52,1.0
53,64.0
54,
55,8.0
56,11.0
57,1.0
58,3.0
59,2.0
60,91.0
61,
62,2.0
63,9.0
64,5.0
65,19.0
66,63.0
67,2.0
68,2.0
69,2.0
70,16.0
71,
72,5.0
73,8.0
74,
75,9.0
76,20.0
77,493.0
78,3.0
79,
80,8.0
81,26.0
82,21.0
83,1.0
84,3.0
85,47.0
86,2.0
87,2.0
88,3.0
89,19.0
90,8.0
91,
92,38.0
93,31.0
94,39.0
95,1.0
96,2.0
97,11.0
98,10.0
99,76.0
100,
101,
102,56.0
103,4.0
104,3.0
105,
106,1.0
107,155.0
108,78.0
109,
110,5.0
111,1.0
112,40.0
113,10.0
114,
115,36.0
116,111.0
117,3.0
118,
119,15.0
120,2.0
121,7.0
122,
123,258.0
124,6.0
125,79.0
126,
127,
128,5.0
129,
130,1.0
131,6.0
132,5.0
133,3.0
134,14.0
135,1.0
136,44.0
137,20.0
138,
139,9.0
140,10.0
141,20.0
142,
143,7.0
144,
145,43.0
146,6.0
147,13.0
148,3.0
149,1.0
150,1.0
151,24.0
152,
153,2.0
154,4.0
155,58.0
156,31.0
157,17.0
158,
159,8.0
160,1.0
161,
162,3.0
163,2.0
164,21.0
165,
166,
167,25.0
168,7.0
169,
170,56.0
171,
172,2.0
173,1.0
174,31.0
175,
176,90.0
177,3.0
178,7.0
179,2.0
180,11.0
181,
182,13.0
183,
184,195.0
185,43.0
186,
187,11.0
188,16.0
189,
190,10.0
191,15.0
192,
193,12.0
194,1.0
195,36.0
196,
197,5.0
198,
199,2.0
200,10.0
201,2.0
202,7.0
203,4.0
204,
205,36.0
206,
207,44.0
208,
209,1.0
210,17.0
211,1.0
212,13.0
213,1.0
214,32.0
215,
216,258.0
217,
218,2.0
219,1.0
220,
221,79.0
222,19.0
223,1.0
224,4.0
225,1.0
226,6.0
227,2.0
228,4.0
229,12.0
230,
231,111.0
232,36.0
233,3.0
234,
235,10.0
236,
237,90.0
238,6.0
239,537.0
240,1.0
241,12.0
242,
243,1.0
244,16.0
245,17.0
246,2.0
247,56.0
248,8.0
249,78.0
250,57.0
251,9.0
252,31.0
253,7.0
254,45.0
255,4.0
256,31.0
257,4.0
258,3.0
259,8.0
260,2.0
261,5.0
262,17.0
263,
264,44.0
265,14.0
266,1.0
267,1.0
268,6.0
269,
270,7.0
271,32.0
272,
273,537.0
274,3.0
275,7.0
276,118.0
277,4.0
278,9.0
279,
280,31.0
281,19.0
282,2.0
283,
284,90.0
285,2.0
286,
287,3.0
288,
289,3.0
290,64.0
291,9.0
292,
293,4.0
294,34.0
295,258.0
296,17.0
297,24.0
298,43.0
299,76.0
300,7.0
301,1.0
302,3.0
303,5.0
304,16.0
305,
306,15.0
307,8.0
308,10.0
309,16.0
310,41.0
311,7.0
312,6.0
313,23.0
314,28.0
315,9.0
316,4.0
317,6.0
318,5.0
319,19.0
320,8.0
321,5.0
322,8.0
323,22.0
324,7.0
325,5.0
326,90.0
327,32.0
328,11.0
329,36.0
330,10.0
331,32.0
332,56.0
333,16.0
334,
335,8.0
336,2.0
337,79.0
338,
339,3.0
340,2.0
341,
342,1.0
343,11.0
344,46.0
345,155.0
346,9.0
347,7.0
348,111.0
349,8.0
350,2.0
351,2.0
352,10.0
353,148.0
354,5.0
355,2.0
356,13.0
357,3.0
358,7.0
359,
360,68.0
361,10.0
362,
363,13.0
364,1.0
365,44.0
366,45.0
367,1.0
368,10.0
369,
370,4.0
371,9.0
372,21.0
373,32.0
374,
375,3.0
376,2.0
377,1.0
378,4.0
379,
380,97.0
381,1.0
382,7.0
383,8.0
384,3.0
385,20.0
386,
387,36.0
388,14.0
389,90.0
390,2.0
391,15.0
392,2.0
393,5.0
394,15.0
395,155.0
396,1.0
397,5.0
398,1.0
399,15.0
400,5.0
401,159.0
402,8.0
403,1.0
404,
405,3.0
406,1.0
407,20.0
408,32.0
409,16.0
410,
411,76.0
412,11.0
413,39.0
414,6.0
415,2.0
416,8.0
417,1.0
418,
419,28.0
420,20.0
421,3.0
422,
423,3.0
424,
425,9.0
426,10.0
427,12.0
428,14.0
429,16.0
430,1.0
431,
432,97.0
433,91.0
434,3.0
435,2.0
436,97.0
437,
438,1.0
439,23.0
440,1.0
441,2.0
442,8.0
443,57.0
444,1.0
445,7.0
446,79.0
447,6.0
448,
449,11.0
450,4.0
451,15.0
452,
453,537.0
454,537.0
455,73.0
456,
457,36.0
458,8.0
459,8.0
460,12.0
461,
462,537.0
463,
464,22.0
465,3.0
466,91.0
467,
468,258.0
469,323.0
470,73.0
471,11.0
472,3.0
473,1.0
474,88.0
475,
476,16.0
477,
478,
479,2.0
480,7.0
481,11.0
482,29.0
483,7.0
484,4.0
485,3.0
486,4.0
487,47.0
488,9.0
489,4.0
490,1.0
491,58.0
492,15.0
493,493.0
494,3.0
495,43.0
496,21.0
497,44.0
498,159.0
499,5.0
500,
501,33.0
502,7.0
503,3.0
504,43.0
505,
506,13.0
507,3.0
508,1.0
509,
510,7.0
511,6.0
512,1.0
513,3.0
514,13.0
515,6.0
516,3.0
517,9.0
518,
519,31.0
520,258.0
521,4.0
522,56.0
523,36.0
524,
525,
526,79.0
527,2.0
528,
529,1.0
530,125.0
531,1.0
532,
533,5.0
534,7.0
535,7.0
536,1.0
537,5.0
538,2.0
539,1.0
540,74.0
541,5.0
542,148.0
543,3.0
544,38.0
545,2.0
546,
547,9.0
548,76.0
549,1.0
550,20.0
551,10.0
552,58.0
553,1.0
554,2.0
555,15.0
556,
557,15.0
558,125.0
559,32.0
560,16.0
561,
562,9.0
563,5.0
564,6.0
565,493.0
566,9.0
567,
568,3.0
569,8.0
570,
571,35.0
572,7.0
573,
574,10.0
575,
576,
577,17.0
578,1.0
579,56.0
580,10.0
581,35.0
582,2.0
583,21.0
584,16.0
585,1.0
586,
587,8.0
588,36.0
589,3.0
590,21.0
591,
592,16.0
593,14.0
594,24.0
595,
596,1.0
597,5.0
598,8.0
599,29.0
600,8.0
601,15.0
602,
603,43.0
604,10.0
605,5.0
606,22.0
607,
608,
609,
610,5.0
611,9.0
612,
613,9.0
614,1.0
615,4.0
616,
617,20.0
618,2.0
619,29.0
620,32.0
621,8.0
622,21.0
623,537.0
624,91.0
625,1.0
626,31.0
627,1.0
628,
629,2.0
630,3.0
631,31.0
632,5.0
633,5.0
634,29.0
635,16.0
636,
637,97.0
638,2.0
639,14.0
640,4.0
641,44.0
642,1.0
643,6.0
644,8.0
645,9.0
646,24.0
647,2.0
648,32.0
649,1.0
650,
651,16.0
652,56.0
653,14.0
654,7.0
655,1.0
656,45.0
657,4.0
658,19.0
659,2.0
660,37.0
661,32.0
662,3.0
663,11.0
664,2.0
665,
666,5.0
667,12.0
668,8.0
669,1.0
670,
671,3.0
672,6.0
673,14.0
674,36.0
675,2.0
676,7.0
677,2.0
678,14.0
679,1.0
680,5.0
681,25.0
682,
683,43.0
684,4.0
685,4.0
686,
687,1.0
688,2.0
689,15.0
690,22.0
691,9.0
692,79.0
693,27.0
694,56.0
695,7.0
696,18.0
697,14.0
698,323.0
699,2.0
700,18.0
701,1.0
702,2.0
703,
704,
705,1.0
706,2.0
707,37.0
708,
709,
710,5.0
711,6.0
712,11.0
713,2.0
714,
715,21.0
716,
717,3.0
718,5.0
719,7.0
720,1.0
721,3.0
722,
723,14.0
724,
725,11.0
726,60.0
727,2.0
728,36.0
729,40.0
730,19.0
731,2.0
732,13.0
733,
734,29.0
735,
736,6.0
737,2.0
738,1.0
739,
740,13.0
741,4.0
742,36.0
743,
744,4.0
745,
746,4.0
747,
748,37.0
749,5.0
750,32.0
751,24.0
752,91.0
753,111.0
754,2.0
755,12.0
756,10.0
757,24.0
758,3.0
759,
760,97.0
761,
762,36.0
763,16.0
764,
765,170.0
766,50.0
767,4.0
768,
769,68.0
770,4.0
771,
772,7.0
773,4.0
774,11.0
775,1.0
776,6.0
777,25.0
778,
779,16.0
780,
781,11.0
782,16.0
783,27.0
784,15.0
785,2.0
786,2.0
787,36.0
788,57.0
789,27.0
790,2.0
791,44.0
792,4.0
793,5.0
794,6.0
795,155.0
796,9.0
797,
798,3.0
799,118.0
800,46.0
801,11.0
802,5.0
803,537.0
804,
805,64.0
806,99.0
807,32.0
808,2.0
809,4.0
810,5.0
811,125.0
812,9.0
813,4.0
814,4.0
815,36.0
816,4.0
817,21.0
818,86.0
819,4.0
820,44.0
821,10.0
822,10.0
823,19.0
824,7.0
825,17.0
826,22.0
827,
828,1.0
829,9.0
830,14.0
831,6.0
832,15.0
833,11.0
834,
835,13.0
836,24.0
837,4.0
838,4.0
839,9.0
840,10.0
841,21.0
842,21.0
843,170.0
844,
845,16.0
846,1.0
847,2.0
848,
849,2.0
850,4.0
851,29.0
852,2.0
853,10.0
854,16.0
855,
856,7.0
857,43.0
858,13.0
859,5.0
860,8.0
861,195.0
862,7.0
863,
864,148.0
865,
866,11.0
867,36.0
868,2.0
869,44.0
870,
871,170.0
872,
873,5.0
874,5.0
875,3.0
876,32.0
877,
878,62.0
879,5.0
880,2.0
881,
882,4.0
883,2.0
884,15.0
885,
886,5.0
887,
888,
889,
890,16.0
891,493.0
892,58.0
893,7.0
894,43.0
895,4.0
896,
897,14.0
898,19.0
899,29.0
900,21.0
901,5.0
902,155.0
903,5.0
904,31.0
905,7.0
906,79.0
907,78.0
908,11.0
909,5.0
910,
911,
912,1.0
913,9.0
914,111.0
915,9.0
916,125.0
917,8.0
918,7.0
919,29.0
920,36.0
921,1.0
922,1.0
923,17.0
924,3.0
925,
926,1.0
927,
928,17.0
929,9.0
930,10.0
931,13.0
932,56.0
933,2.0
934,3.0
935,7.0
936,
937,
938,1.0
939,14.0
940,
941,7.0
942,12.0
943,8.0
944,8.0
945,3.0
946,159.0
947,1.0
948,13.0
949,90.0
950,16.0
951,1.0
952,59.0
953,1.0
954,
955,18.0
956,1.0
957,
958,9.0
959,7.0
960,
961,
962,3.0
963,1.0
964,
965,7.0
966,
967,33.0
968,10.0
969,1.0
970,58.0
971,79.0
972,2.0
973,36.0
974,44.0
975,11.0
976,44.0
977,9.0
978,39.0
979,1.0
980,
981,4.0
982,
983,21.0
984,2.0
985,17.0
986,79.0
987,
988,3.0
989,21.0
990,1.0
991,5.0
992,21.0
993,21.0
994,6.0
995,2.0
996,46.0
997,58.0
998,6.0
999,4.0
1000,24.0
1001,
1002,17.0
1003,32.0
1004,8.0
1005,9.0
1006,9.0
1007,5.0
1008,58.0
1009,21.0
1010,25.0
1011,8.0
1012,32.0
1013,36.0
1014,2.0
1015,118.0
1016,1.0
1017,64.0
1018,
1019,
1020,3.0
1021,8.0
1022,14.0
1023,9.0
1024,16.0
1025,17.0
1026,
1027,3.0
1028,
1029,11.0
1030,5.0
1031,46.0
1032,1.0
1033,4.0
1034,5.0
1035,79.0
1036,11.0
1037,
1038,20.0
1039,15.0
1040,7.0
1041,21.0
1042,
1043,8.0
1044,10.0
1045,1.0
1046,7.0
1047,
1048,4.0
1049,2.0
1050,
1051,7.0
1052,2.0
1053,
1054,78.0
1055,
1056,11.0
1057,7.0
1058,4.0
1059,5.0
1060,1.0
1061,1.0
1062,10.0
1063,
1064,13.0
1065,2.0
1066,2.0
1067,493.0
1068,10.0
1069,1.0
1070,
1071,
1072,36.0
1073,2.0
1074,2.0
1075,36.0
1076,
1077,11.0
1078,8.0
1079,22.0
1080,15.0
1081,26.0
1082,43.0
1083,12.0
1084,2.0
1085,43.0
1086,
1087,1.0
1088,13.0
1089,4.0
1090,6.0
1091,1.0
1092,3.0
1093,14.0
1094,258.0
1095,9.0
1096,2.0
1097,258.0
1098,1.0
1099,323.0
1100,1.0
1101,3.0
1102,111.0
1103,
1104,
1105,2.0
1106,7.0
1107,6.0
1108,9.0
1109,5.0
1110,
1111,21.0
1112,
1113,3.0
1114,43.0
1115,12.0
1116,
1117,
1118,
1119,50.0
1120,14.0
1121,31.0
1122,79.0
1123,16.0
1124,
1125,
1126,3.0
1127,9.0
1128,1.0
1129,11.0
1130,31.0
1131,
1132,1.0
1133,27.0
1134,5.0
1135,21.0
1136,
1137,3.0
1138,19.0
1139,60.0
1140,1.0
1141,
1142,2.0
1143,10.0
1144,3.0
1145,1.0
1146,3.0
1147,29.0
1148,2.0
1149,2.0
1150,
1151,2.0
1152,32.0
1153,4.0
1154,
1155,1.0
1156,4.0
1157,4.0
1158,46.0
1159,90.0
1160,4.0
1161,
1162,19.0
1163,36.0
1164,8.0
1165,2.0
1166,11.0
1167,
1168,3.0
1169,3.0
1170,5.0
1171,
1172,15.0
1173,2.0
1174,170.0
1175,40.0
1176,29.0
1177,2.0
1178,2.0
1179,5.0
1180,16.0
1181,56.0
1182,
1183,14.0
1184,5.0
1185,21.0
1186,16.0
1187,
1188,1.0
1189,1.0
1190,2.0
1191,
1192,186.0
1193,3.0
1194,
1195,1.0
1196,1.0
1197,23.0
1198,12.0
1199,19.0
1200,19.0
1201,10.0
1202,3.0
1203,
1204,148.0
1205,3.0
1206,170.0
1207,2.0
1208,1.0
1209,5.0
1210,10.0
1211,1.0
1212,73.0
1213,33.0
1214,11.0
1215,22.0
1216,48.0
1217,
1218,
1219,1.0
1220,3.0
1221,
1222,
1223,5.0
1224,40.0
1225,11.0
1226,125.0
1227,2.0
1228,28.0
1229,73.0
1230,21.0
1231,79.0
1232,29.0
1233,4.0
1234,25.0
1235,1.0
1236,
1237,6.0
1238,7.0
1239,11.0
1240,32.0
1241,
1242,20.0
1243,11.0
1244,1.0
1245,
1246,3.0
1247,79.0
1248,3.0
1249,4.0
1250,1.0
1251,90.0
1252,26.0
1253,4.0
1254,1.0
1255,63.0
1256,8.0
1257,31.0
1258,
1259,2.0
1260,10.0
1261,8.0
1262,
1263,2.0
1264,
1265,2.0
1266,2.0
1267,32.0
1268,19.0
1269,2.0
1270,537.0
1271,2.0
1272,1.0
1273,
1274,1.0
1275,2.0
1276,4.0
1277,2.0
1278,
1279,2.0
1280,4.0
1281,16.0
1282,4.0
1283,58.0
1284,11.0
1285,58.0
1286,1.0
1287,3.0
1288,79.0
1289,
1290,11.0
1291,5.0
1292,258.0
1293,1.0
1294,58.0
1295,4.0
1296,8.0
1297,1.0
1298,2.0
1299,15.0
1300,37.0
1301,
1302,5.0
1303,56.0
1304,
1305,
1306,15.0
1307,56.0
1308,21.0
1309,90.0
1310,
1311,
1312,64.0
1313,118.0
1314,90.0
1315,17.0
1316,34.0
1317,4.0
1318,493.0
1319,9.0
1320,1.0
1321,
1322,7.0
1323,90.0
1324,18.0
1325,170.0
1326,2.0
1327,28.0
1328,5.0
1329,58.0
1330,
1331,3.0
1332,
1333,
1334,12.0
1335,79.0
1336,11.0
1337,2.0
1338,4.0
1339,
1340,9.0
1341,
1342,44.0
1343,6.0
1344,12.0
1345,43.0
1346,3.0
1347,8.0
1348,2.0
1349,97.0
1350,19.0
1351,
1352,
1353,91.0
1354,323.0
1355,3.0
1356,1.0
1357,44.0
1358,3.0
1359,21.0
1360,12.0
1361,13.0
1362,40.0
1363,
1364,
1365,5.0
1366,3.0
1367,43.0
1368,13.0
1369,6.0
1370,125.0
1371,
1372,45.0
1373,537.0
1374,
1375,
1376,25.0
1377,97.0
1378,9.0
1379,159.0
1380,4.0
1381,
1382,
1383,
1384,12.0
1385,
1386,159.0
1387,1.0
1388,
1389,71.0
1390,12.0
1391,2.0
1392,25.0
1393,
1394,2.0
1395,
1396,8.0
1397,21.0
1398,
1399,25.0
1400,16.0
1401,2.0
1402,12.0
1403,4.0
1404,258.0
1405,7.0
1406,4.0
1407,1.0
1408,
1409,44.0
1410,
1411,10.0
1412,4.0
1413,
1414,1.0
1415,11.0
1416,11.0
1417,79.0
1418,19.0
1419,1.0
1420,2.0
1421,8.0
1422,16.0
1423,11.0
1424,62.0
1425,10.0
1426,
1427,8.0
1428,170.0
1429,21.0
1430,14.0
1431,7.0
1432,56.0
1433,3.0
1434,258.0
1435,79.0
1436,1.0
1437,1.0
1438,6.0
1439,11.0
1440,
1441,17.0
1442,11.0
1443,74.0
1444,
1445,
1446,11.0
1447,32.0
1448,1.0
1449,43.0
1450,10.0
1451,1.0
1452,3.0
1453,11.0
1454,16.0
1455,3.0
1456,
1457,6.0
1458,4.0
1459,7.0
1460,2.0
1461,
1462,32.0
1463,1.0
1464,32.0
1465,5.0
1466,
1467,1.0
1468,6.0
1469,8.0
1470,
1471,63.0
1472,6.0
1473,58.0
1474,5.0
1475,3.0
1476,3.0
1477,2.0
1478,
1479,4.0
1480,3.0
1481,21.0
1482,125.0
1483,
1484,25.0
1485,60.0
1486,2.0
1487,6.0
1488,3.0
1489,56.0
1490,33.0
1491,5.0
1492,118.0
1493,2.0
1494,19.0
1495,
1496,14.0
1497,
1498,5.0
1499,155.0
1500,
1501,90.0
1502,19.0
1503,
1504,21.0
1505,23.0
1506,148.0
1507,2.0
1508,125.0
1509,44.0
1510,1.0
1511,21.0
1512,10.0
1513,5.0
1514,79.0
1515,1.0
1516,7.0
1517,2.0
1518,3.0
1519,
1520,
1521,
1522,36.0
1523,3.0
1524,1.0
1525,148.0
1526,
1527,2.0
1528,12.0
1529,
1530,4.0
1531,
1532,5.0
1533,9.0
1534,2.0
1535,1.0
1536,19.0
1537,32.0
1538,19.0
1539,
1540,44.0
1541,6.0
1542,1.0
1543,16.0
1544,11.0
1545,10.0
1546,10.0
1547,64.0
1548,15.0
1549,1.0
1550,4.0
1551,155.0
1552,24.0
1553,6.0
1554,2.0
1555,10.0
1556,34.0
1557,7.0
1558,2.0
1559,25.0
1560,79.0
1561,35.0
1562,186.0
1563,3.0
1564,1.0
1565,3.0
1566,125.0
1567,11.0
1568,9.0
1569,5.0
1570,15.0
1571,
1572,
1573,1.0
1574,
1575,10.0
1576,2.0
1577,34.0
1578,5.0
1579,111.0
1580,
1581,186.0
1582,6.0
1583,8.0
1584,4.0
1585,37.0
1586,493.0
1587,22.0
1588,
1589,7.0
1590,5.0
1591,15.0
1592,155.0
1593,2.0
1594,16.0
1595,11.0
1596,2.0
1597,11.0
1598,
1599,118.0
1600,2.0
1601,90.0
1602,21.0
1603,
1604,86.0
1605,
1606,1.0
1607,3.0
1608,9.0
1609,
1610,7.0
1611,11.0
1612,1.0
1613,37.0
1614,15.0
1615,9.0
1616,
1617,11.0
1618,
1619,18.0
1620,
1621,8.0
1622,6.0
1623,148.0
1624,
1625,10.0
1626,39.0
1627,1.0
1628,
1629,9.0
1630,2.0
1631,4.0
1632,21.0
1633,
1634,28.0
1635,1.0
1636,13.0
1637,32.0
1638,21.0
1639,5.0
1640,
1641,2.0
1642,58.0
1643,
1644,
1645,4.0
1646,1.0
1647,
1648,7.0
1649,40.0
1650,13.0
1651,36.0
1652,56.0
1653,9.0
1654,
1655,5.0
1656,10.0
1657,2.0
1658,22.0
1659,
1660,7.0
1661,26.0
1662,11.0
1663,16.0
1664,10.0
1665,8.0
1666,
1667,21.0
1668,
1669,170.0
1670,1.0
1671,
1672,12.0
1673,9.0
1674,43.0
1675,60.0
1676,1.0
1677,16.0
1678,7.0
1679,16.0
1680,9.0
1681,11.0
1682,
1683,3.0
1684,86.0
1685,21.0
1686,
1687,1.0
1688,27.0
1689,1.0
1690,1.0
1691,76.0
1692,5.0
1693,2.0
1694,76.0
1695,
1696,19.0
1697,21.0
1698,7.0
1699,1.0
1700,15.0
1701,4.0
1702,3.0
1703,32.0
1704,2.0
1705,2.0
1706,56.0
1707,56.0
1708,2.0
1709,1.0
1710,58.0
1711,170.0
1712,
1713,
1714,19.0
1715,5.0
1716,21.0
1717,9.0
1718,
1719,3.0
1720,16.0
1721,56.0
1722,3.0
1723,22.0
1724,46.0
1725,13.0
1726,16.0
1727,8.0
1728,125.0
1729,12.0
1730,44.0
1731,21.0
1732,11.0
1733,11.0
1734,3.0
1735,
1736,21.0
1737,14.0
1738,91.0
1739,1.0
1740,
1741,12.0
1742,3.0
1743,
1744,
1745,36.0
1746,3.0
1747,9.0
1748,2.0
1749,
1750,13.0
1751,1.0
1752,44.0
1753,9.0
1754,11.0
1755,9.0
1756,
1757,7.0
1758,21.0
1759,21.0
1760,7.0
1761,
1762,6.0
1763,
1764,78.0
1765,37.0
1766,63.0
1767,1.0
1768,2.0
1769,26.0
1770,
1771,64.0
1772,64.0
1773,
1774,14.0
1775,36.0
1776,1.0
1777,
1778,
1779,11.0
1780,9.0
1781,41.0
1782,
1783,37.0
1784,4.0
1785,7.0
1786,15.0
1787,6.0
1788,8.0
1789,9.0
1790,16.0
1791,10.0
1792,12.0
1793,11.0
1794,56.0
1795,36.0
1796,13.0
1797,25.0
1798,6.0
1799,1.0
1800,493.0
1801,38.0
1802,16.0
1803,91.0
1804,2.0
1805,79.0
1806,65.0
1807,8.0
1808,
1809,3.0
1810,37.0
1811,
1812,38.0
1813,2.0
1814,12.0
1815,2.0
1816,
1817,
1818,78.0
1819,3.0
1820,21.0
1821,48.0
1822,
1823,28.0
1824,25.0
1825,2.0
1826,12.0
1827,18.0
1828,33.0
1829,19.0
1830,2.0
1831,2.0
1832,19.0
1833,1.0
1834,9.0
1835,
1836,4.0
1837,10.0
1838,170.0
1839,25.0
1840,24.0
1841,6.0
1842,4.0
1843,9.0
1844,12.0
1845,10.0
1846,3.0
1847,8.0
1848,1.0
1849,155.0
1850,
1851,18.0
1852,3.0
1853,14.0
1854,15.0
1855,
1856,3.0
1857,63.0
1858,45.0
1859,13.0
1860,2.0
1861,8.0
1862,9.0
1863,2.0
1864,43.0
1865,
1866,90.0
1867,
1868,44.0
1869,
1870,3.0
1871,
1872,
1873,6.0
1874,90.0
1875,36.0
1876,16.0
1877,
1878,8.0
1879,17.0
1880,
1881,46.0
1882,21.0
1883,
1884,36.0
1885,1.0
1886,2.0
1887,
1888,9.0
1889,37.0
1890,6.0
1891,5.0
1892,20.0
1893,6.0
1894,8.0
1895,11.0
1896,
1897,64.0
1898,50.0
1899,1.0
1900,
1901,
1902,1.0
1903,
1904,46.0
1905,5.0
1906,1.0
1907,
1908,
1909,
1910,3.0
1911,8.0
1912,
1913,
1914,17.0
1915,4.0
1916,
1917,46.0
1918,1.0
1919,21.0
1920,37.0
1921,3.0
1922,8.0
1923,21.0
1924,21.0
1925,1.0
1926,2.0
1927,16.0
1928,17.0
1929,1.0
1930,8.0
1931,16.0
1932,11.0
1933,16.0
1934,1.0
1935,9.0
1936,8.0
1937,
1938,12.0
1939,
1940,22.0
1941,5.0
1942,4.0
1943,16.0
1944,3.0
1945,
1946,2.0
1947,
1948,16.0
1949,2.0
1950,9.0
1951,
1952,1.0
1953,
1954,
1955,9.0
1956,1.0
1957,
1958,3.0
